-3.929270873007540743e+00 -2.284720696536274076e+00 -4.712713724909339472e-03 -2.176402305569069107e+00 -2.248140029055354816e+00 -3.121390568350009609e+00
-3.929270873007540743e+00 -2.284720696536274076e+00 -4.712713724909339472e-03 -2.176402305569069107e+00 -2.248140029055354816e+00 -3.121390568350009609e+00
-3.929238284279365168e+00 -2.284725399516062794e+00 -4.364677830254118894e-03 -2.176404609003699697e+00 -2.248138847907211968e+00 -3.121362609296769453e+00
-3.929173120381623807e+00 -2.284734811659606901e+00 -3.684354233303794614e-03 -2.176408685237078977e+00 -2.248136478653528503e+00 -3.121306823032091060e+00
-3.929075391310240306e+00 -2.284748906018799985e+00 -2.687127002071903938e-03 -2.176414005945957353e+00 -2.248132914481614897e+00 -3.121223341207402857e+00
-3.928945103858084931e+00 -2.284767624542877407e+00 -1.388016692987600843e-03 -2.176420045146957083e+00 -2.248128148635438084e+00 -3.121112295283783311e+00
-3.928782262007226134e+00 -2.284790880044328620e+00 1.983186966744887765e-04 -2.176426279223478311e+00 -2.248122174328900158e+00 -3.120973816531970257e+00
-3.928586867344988409e+00 -2.284818558102743147e+00 2.057582452747869217e-03 -2.176432186952306669e+00 -2.248114984660452453e+00 -3.120808036032359123e+00
-3.928358919495901436e+00 -2.284850518908024153e+00 4.175837560172267031e-03 -2.176437249529938889e+00 -2.248106572529046776e+00 -3.120615084674987827e+00
-3.928098416562476380e+00 -2.284886599044329003e+00 6.539504826308852742e-03 -2.176440950598646840e+00 -2.248096930551430006e+00 -3.120395093159507471e+00
-3.927805355568532608e+00 -2.284926613216052615e+00 9.135360726458848293e-03 -2.176442776272304425e+00 -2.248086050980778960e+00 -3.120148191995142817e+00
-3.927479732899534781e+00 -2.284970355917088636e+00 1.195053498608779005e-02 -2.176442215161997762e+00 -2.248073925626683511e+00 -3.119874511500637659e+00
-3.927121544735105552e+00 -2.285017603044522616e+00 1.497250791387632826e-02 -2.176438758401431528e+00 -2.248060545776479291e+00 -3.119574181804190438e+00
-3.926730787469504769e+00 -2.285068113457839889e+00 1.818910749934013471e-02 -2.176431899672156778e+00 -2.248045902117925543e+00 -3.119247332843374743e+00
-3.926307458116474081e+00 -2.285121630484644673e+00 2.158850628838625968e-02 -2.176421135228630455e+00 -2.248029984663240111e+00 -3.118894094365050051e+00
-3.925851554695392487e+00 -2.285177883373820329e+00 2.515921804980153498e-02 -2.176405963923133235e+00 -2.248012782674485344e+00 -3.118514595925258259e+00
-3.925363076596211087e+00 -2.285236588696982984e+00 2.889009424530070494e-02 -2.176385887230556815e+00 -2.247994284590307146e+00 -3.118108966889109102e+00
-3.924842024921084693e+00 -2.285297451699022542e+00 3.277032031539772045e-02 -2.176360409273077945e+00 -2.247974477954034267e+00 -3.117677336430654922e+00
-3.924288402801080267e+00 -2.285360167598472714e+00 3.678941179300357356e-02 -2.176329036844722342e+00 -2.247953349343127183e+00 -3.117219833532749895e+00
-3.923702215686708072e+00 -2.285424422838395753e+00 4.093721025629833143e-02 -2.176291279435862869e+00 -2.247930884299991217e+00 -3.116736586986900814e+00
-3.923083471611405582e+00 -2.285489896288434242e+00 4.520387913207354891e-02 -2.176246649257639998e+00 -2.247907067264143244e+00 -3.116227725393105885e+00
-3.922432181427419895e+00 -2.285556260398659223e+00 4.957989936039450957e-02 -2.176194661266324992e+00 -2.247881881505736423e+00 -3.115693377159678867e+00
-3.921748359013835561e+00 -2.285623182305799972e+00 5.405606493108953275e-02 -2.176134833187638673e+00 -2.247855309060445173e+00 -3.115133670503065666e+00
-3.921032021456761107e+00 -2.285690324892455383e+00 5.862347830223622186e-02 -2.176066685541044876e+00 -2.247827330665704615e+00 -3.114548733447647155e+00
-3.920283189201919871e+00 -2.285757347799858064e+00 6.327354571048238174e-02 -2.175989741664032362e+00 -2.247797925698313826e+00 -3.113938693825530457e+00
-3.919501886180112749e+00 -2.285823908394771120e+00 6.799797238271178268e-02 -2.175903527736359866e+00 -2.247767072113389553e+00 -3.113303679276330449e+00
-3.918688139906196799e+00 -2.285889662691108271e+00 7.278875765824288635e-02 -2.175807572804335788e+00 -2.247734746384682403e+00 -3.112643817246939282e+00
-3.917841981552387054e+00 -2.285954266226876808e+00 7.763819003043140321e-02 -2.175701408805083226e+00 -2.247700923446246168e+00 -3.111959234991283463e+00
-3.916963445996833659e+00 -2.286017374897055809e+00 8.253884211623599421e-02 -2.175584570590852529e+00 -2.247665576635465623e+00 -3.111250059570072946e+00
-3.916052571848537944e+00 -2.286078645743060633e+00 8.748356556200004297e-02 -2.175456595953337846e+00 -2.247628677637434347e+00 -3.110516417850536453e+00
-3.915109401449774928e+00 -2.286137737699445616e+00 9.246548589340139457e-02 -2.175317025648054514e+00 -2.247590196430691911e+00 -3.109758436506147916e+00
-3.914133980857264383e+00 -2.286194312298554188e+00 9.747799731722593675e-02 -2.175165403418736432e+00 -2.247550101234307540e+00 -3.108976242016340485e+00
-3.913126359803404508e+00 -2.286248034333829615e+00 1.025147574823315894e-01 -2.175001276021785390e+00 -2.247508358456318689e+00 -3.108169960666211651e+00
-3.912086591638919586e+00 -2.286298572482553748e+00 1.075696822068841346e-01 -2.174824193250774584e+00 -2.247464932643516988e+00 -3.107339718546216822e+00
-3.911014733258315612e+00 -2.286345599888798930e+00 1.126369401786675717e-01 -2.174633707961005857e+00 -2.247419786432579780e+00 -3.106485641551851806e+00
-3.909910845009547220e+00 -2.286388794707415961e+00 1.177109476349978978e-01 -2.174429376094133559e+00 -2.247372880502550796e+00 -3.105607855383326399e+00
-3.908774990589320986e+00 -2.286427840609923656e+00 1.227863630285020158e-01 -2.174210756702849245e+00 -2.247324173528663316e+00 -3.104706485545226879e+00
-3.907607236925443317e+00 -2.286462427253178387e+00 1.278580816847599000e-01 -2.173977411975611229e+00 -2.247273622137500926e+00 -3.103781657346167844e+00
-3.906407654047615807e+00 -2.286492250711752217e+00 1.329212304575526638e-01 -2.173728907261503807e+00 -2.247221180863505197e+00 -3.102833495898435157e+00
-3.905176314948056948e+00 -2.286517013874965976e+00 1.379711623872076909e-01 -2.173464811095061844e+00 -2.247166802106810302e+00 -3.101862126117617802e+00
-3.903913295433298902e+00 -2.286536426809552935e+00 1.430034513672865382e-01 -2.173184695221196616e+00 -2.247110436092417451e+00 -3.100867672722229518e+00
-3.902618673968472951e+00 -2.286550207088956288e+00 1.480138868246209660e-01 -2.172888134620151401e+00 -2.247052030830696712e+00 -3.099850260233321997e+00
-3.901292531515355044e+00 -2.286558080090285383e+00 1.529984684174689469e-01 -2.172574707532569427e+00 -2.246991532079217091e+00 -3.098810012974087869e+00
-3.899934951365389146e+00 -2.286559779259971226e+00 1.579534007563328235e-01 -2.172243995484513857e+00 -2.246928883305901792e+00 -3.097747055069453026e+00
-3.898546018968865212e+00 -2.286555046349185272e+00 1.628750881517588844e-01 -2.171895583312532185e+00 -2.246864025653497965e+00 -3.096661510445660070e+00
-3.897125821761360687e+00 -2.286543631620094441e+00 1.677601293932202420e-01 -2.171529059188683775e+00 -2.246796897905364965e+00 -3.095553502829842429e+00
-3.895674448988506899e+00 -2.286525294024037258e+00 1.726053125629726237e-01 -2.171144014645615794e+00 -2.246727436452571780e+00 -3.094423155749588705e+00
-3.894191991530072450e+00 -2.286499801352715799e+00 1.774076098885646879e-01 -2.170740044601611185e+00 -2.246655575262304527e+00 -3.093270592532498586e+00
-3.892678541724299723e+00 -2.286466930363497241e+00 1.821641726374845505e-01 -2.170316747385494516e+00 -2.246581245847564912e+00 -3.092095936305727655e+00
-3.891134193193361845e+00 -2.286426466879932562e+00 1.868723260572274503e-01 -2.169873724761532952e+00 -2.246504377238171202e+00 -3.090899309995525979e+00
-3.889559040670754086e+00 -2.286378205868578650e+00 1.915295643638789957e-01 -2.169410581954119621e+00 -2.246424895953039069e+00 -3.089680836326763824e+00
-3.887953179831348471e+00 -2.286321951493230920e+00 1.961335457821226091e-01 -2.168926927672251814e+00 -2.246342725973737853e+00 -3.088440637822452928e+00
-3.886316707124811032e+00 -2.286257517147642915e+00 2.006820876394002362e-01 -2.168422374133778696e+00 -2.246257788719319137e+00 -3.087178836803254445e+00
-3.884649719612976337e+00 -2.286184725467819145e+00 2.051731615167800560e-01 -2.167896537089355924e+00 -2.246170003022402106e+00 -3.085895555386982014e+00
-3.882952314811753958e+00 -2.286103408324941633e+00 2.096048884589147010e-01 -2.167349035845882010e+00 -2.246079285106498347e+00 -3.084590915488093721e+00
-3.881224590538049135e+00 -2.286013406799982661e+00 2.139755342453092124e-01 -2.166779493289455960e+00 -2.245985548564568557e+00 -3.083265038817176507e+00
-3.879466644762141314e+00 -2.285914571141043350e+00 2.182835047249588323e-01 -2.166187535907596384e+00 -2.245888704338786734e+00 -3.081918046880421258e+00
-3.877678575465897115e+00 -2.285806760704429230e+00 2.225273412162598052e-01 -2.165572793810655927e+00 -2.245788660701495854e+00 -3.080550060979090787e+00
-3.875860480507145489e+00 -2.285689843880464700e+00 2.267057159739490624e-01 -2.164934900752057523e+00 -2.245685323237317732e+00 -3.079161202208978487e+00
-3.874012457490485506e+00 -2.285563698005016686e+00 2.308174277246781703e-01 -2.164273494147150867e+00 -2.245578594826393104e+00 -3.077751591459858993e+00
-3.872134603644757256e+00 -2.285428209257684085e+00 2.348613972727009724e-01 -2.163588215090489264e+00 -2.245468375628712820e+00 -3.076321349414932182e+00
-3.870227015707340179e+00 -2.285283272547577571e+00 2.388366631769983373e-01 -2.162878708370853165e+00 -2.245354563069483333e+00 -3.074870596550256963e+00
-3.868289789815424484e+00 -2.285128791387589509e+00 2.427423775010463525e-01 -2.162144622483460843e+00 -2.245237051825455410e+00 -3.073399453134177506e+00
-3.866323021404332483e+00 -2.284964677758033247e+00 2.465778016363039948e-01 -2.161385609638640570e+00 -2.245115733812133030e+00 -3.071908039226744158e+00
-3.864326805112945795e+00 -2.284790851960496472e+00 2.503423022003752885e-01 -2.160601325765920677e+00 -2.244990498171753668e+00 -3.070396474679123244e+00
-3.862301234696250862e+00 -2.284607242462727061e+00 2.540353470106814227e-01 -2.159791430512380206e+00 -2.244861231261899626e+00 -3.068864879133002432e+00
-3.860246402944978339e+00 -2.284413785735345925e+00 2.576565011343676659e-01 -2.158955587233431839e+00 -2.244727816644541463e+00 -3.067313372019985440e+00
-3.858162401612285297e+00 -2.284210426081144885e+00 2.612054230150583911e-01 -2.158093462974027599e+00 -2.244590135075285708e+00 -3.065742072560981857e+00
-3.856049321347397640e+00 -2.283997115457703675e+00 2.646818606769755777e-01 -2.157204728437537966e+00 -2.244448064492501338e+00 -3.064151099765588970e+00
-3.853907251636103481e+00 -2.283773813294031729e+00 2.680856480068270487e-01 -2.156289057939322351e+00 -2.244301480005967964e+00 -3.062540572431465602e+00
-3.851736280747963370e+00 -2.283540486301907535e+00 2.714167011137800789e-01 -2.155346129342522232e+00 -2.244150253884666046e+00 -3.060910609143700167e+00
-3.849536495690086380e+00 -2.283297108282557275e+00 2.746750147677444187e-01 -2.154375623975579579e+00 -2.243994255543478644e+00 -3.059261328274169855e+00
-3.847307982167293972e+00 -2.283043659929298475e+00 2.778606589161028984e-01 -2.153377226539946676e+00 -2.243833351529281650e+00 -3.057592847980894923e+00
-3.845050824548485124e+00 -2.282780128626727301e+00 2.809737752789411291e-01 -2.152350625039001208e+00 -2.243667405508898760e+00 -3.055905286207384997e+00
-3.842765105838993112e+00 -2.282506508247013066e+00 2.840145740227709714e-01 -2.151295510817890833e+00 -2.243496278266809085e+00 -3.054198760681978264e+00
-3.840450907658716329e+00 -2.282222798943834619e+00 2.869833305126311407e-01 -2.150211578929852596e+00 -2.243319827732597638e+00 -3.052473388917175345e+00
-3.838108310225798903e+00 -2.281929006944457328e+00 2.898803821423644456e-01 -2.149098529256386225e+00 -2.243137909079750969e+00 -3.050729288208964718e+00
-3.835737392345614616e+00 -2.281625144340436950e+00 2.927061252426838567e-01 -2.147956068947022068e+00 -2.242950374955383186e+00 -3.048966575636143705e+00
-3.833338231404813889e+00 -2.281311228877395347e+00 2.954610120663909711e-01 -2.146783916302245299e+00 -2.242757075866765426e+00 -3.047185368059631472e+00
-3.830910903370182030e+00 -2.280987283744302374e+00 2.981455478500160128e-01 -2.145581805030111866e+00 -2.242557860639637912e+00 -3.045385782121777574e+00
-3.828455482792050724e+00 -2.280653337362665400e+00 3.007602879514217897e-01 -2.144349487359608286e+00 -2.242352576807076225e+00 -3.043567934245663409e+00
-3.825972042812010532e+00 -2.280309423176007044e+00 3.033058350673801806e-01 -2.143086705570037775e+00 -2.242141067923989706e+00 -3.041731940634399667e+00
-3.823460655174657941e+00 -2.279955579439981062e+00 3.057828365248203561e-01 -2.141793206571552588e+00 -2.241923174934728813e+00 -3.039877917270418450e+00
-3.820921390243126048e+00 -2.279591849013462568e+00 3.081919816471008211e-01 -2.140468741933172048e+00 -2.241698736190072427e+00 -3.038005979914759624e+00
-3.818354317018136879e+00 -2.279218279150922566e+00 3.105339991946569067e-01 -2.139113067910531907e+00 -2.241467587465375999e+00 -3.036116244106352724e+00
-3.815759503160318644e+00 -2.278834921296381655e+00 3.128096548793117271e-01 -2.137725945473346378e+00 -2.241229561979859231e+00 -3.034208825161292644e+00
-3.813137015015541920e+00 -2.278441830879214702e+00 3.150197489514982574e-01 -2.136307140332980303e+00 -2.240984490417081254e+00 -3.032283838172111778e+00
-3.810486917643016724e+00 -2.278039067112050287e+00 3.171651138596001673e-01 -2.134856422969731327e+00 -2.240732200946544239e+00 -3.030341398007047715e+00
-3.807809274845919134e+00 -2.277626692791013152e+00 3.192466119805811298e-01 -2.133373568659805652e+00 -2.240472519246420546e+00 -3.028381619309305162e+00
-3.805104149204296515e+00 -2.277204774098509077e+00 3.212651334210397946e-01 -2.131858357502099732e+00 -2.240205268527404758e+00 -3.026404616496313427e+00
-3.802371602110032001e+00 -2.276773380408767533e+00 3.232215938877914252e-01 -2.130310574444900240e+00 -2.239930269557697695e+00 -3.024410503758980795e+00
-3.799611693803636392e+00 -2.276332584096309564e+00 3.251169326270457738e-01 -2.128730009312310045e+00 -2.239647340689095323e+00 -3.022399395060943128e+00
-3.796824483412648110e+00 -2.275882460347521619e+00 3.269521104312276272e-01 -2.127116456830497437e+00 -2.239356297884178559e+00 -3.020371404137809801e+00
-3.794010028991438244e+00 -2.275423086975479681e+00 3.287281077124541984e-01 -2.125469716653604291e+00 -2.239056954744585326e+00 -3.018326644496404310e+00
-3.791168387562211972e+00 -2.274954544238166232e+00 3.304459226416637252e-01 -2.123789593389330488e+00 -2.238749122540352410e+00 -3.016265229414003102e+00
-3.788299615157014966e+00 -2.274476914660204407e+00 3.321065693523685414e-01 -2.122075896624333602e+00 -2.238432610240336462e+00 -3.014187271937567747e+00
-3.785403766860558239e+00 -2.273990282858222134e+00 3.337110762079818493e-01 -2.120328440949371451e+00 -2.238107224543701257e+00 -3.012092884882976218e+00
-3.782480896853684715e+00 -2.273494735369946618e+00 3.352604841316530471e-01 -2.118547045984262578e+00 -2.237772769912462767e+00 -3.009982180834248844e+00
-3.779531058457310522e+00 -2.272990360487120665e+00 3.367558449975310286e-01 -2.116731536402479463e+00 -2.237429048605074744e+00 -3.007855272142772485e+00
-3.776554304176675814e+00 -2.272477248092314994e+00 3.381982200823557272e-01 -2.114881741955168426e+00 -2.237075860711005504e+00 -3.005712270926521157e+00
-3.773550685745763911e+00 -2.271955489499708492e+00 3.395886785762718962e-01 -2.112997497495188171e+00 -2.236713004186379194e+00 -3.003553289069271326e+00
-3.770520254171735086e+00 -2.271425177299892795e+00 3.409282961517451360e-01 -2.111078643000495525e+00 -2.236340274890585178e+00 -3.001378438219818978e+00
-3.767463059779248891e+00 -2.270886405208748737e+00 3.422181535894519566e-01 -2.109125023597280268e+00 -2.235957466623895051e+00 -2.999187829791188253e+00
-3.764379152254551997e+00 -2.270339267920440829e+00 3.434593354600048443e-01 -2.107136489582818850e+00 -2.235564371166080644e+00 -2.996981574959843186e+00
-3.761268580689204111e+00 -2.269783860964552868e+00 3.446529288603751850e-01 -2.105112896448081194e+00 -2.235160778316021446e+00 -2.994759784664891455e+00
-3.758131393623347805e+00 -2.269220280567395776e+00 3.458000222038601912e-01 -2.103054104899856558e+00 -2.234746475932268606e+00 -2.992522569607290350e+00
-3.754967639088411691e+00 -2.268648623517502294e+00 3.469017040624542969e-01 -2.100959980882452616e+00 -2.234321249974555279e+00 -2.990270040249047856e+00
-3.751777364649161228e+00 -2.268068987035318340e+00 3.479590620604564588e-01 -2.098830395599109000e+00 -2.233884884546266658e+00 -2.988002306812421960e+00
-3.748560617445009679e+00 -2.267481468647092324e+00 3.489731818181738832e-01 -2.096665225533018706e+00 -2.233437161937849247e+00 -2.985719479279119071e+00
-3.745317444230514603e+00 -2.266886166062963781e+00 3.499451459445651058e-01 -2.094464352467998669e+00 -2.232977862671147395e+00 -2.983421667389488885e+00
-3.742047891414989724e+00 -2.266283177059237097e+00 3.508760330776703462e-01 -2.092227663509102165e+00 -2.232506765544715055e+00 -2.981108980641720585e+00
-3.738752005101170894e+00 -2.265672599364832784e+00 3.517669169716826638e-01 -2.089955051102703631e+00 -2.232023647680013489e+00 -2.978781528291032821e+00
-3.735429831122878852e+00 -2.265054530551887879e+00 3.526188656295118906e-01 -2.087646413056519545e+00 -2.231528284568564668e+00 -2.976439419348867688e+00
-3.732081415081633491e+00 -2.264429067930491257e+00 3.534329404797194596e-01 -2.085301652978745590e+00 -2.231020450189919568e+00 -2.974082762582078932e+00
-3.728706802382175667e+00 -2.263796308447516559e+00 3.542101955966736604e-01 -2.082920680287192461e+00 -2.230499917062950477e+00 -2.971711666512121486e+00
-3.725306038266857023e+00 -2.263156348589524747e+00 3.549516769627977242e-01 -2.080503410218590421e+00 -2.229966456298061228e+00 -2.969326239414239677e+00
-3.721879167848872960e+00 -2.262509284289695888e+00 3.556584217717905227e-01 -2.078049763838304198e+00 -2.229419837650358893e+00 -2.966926589316654539e+00
-3.718426236144309449e+00 -2.261855210838753294e+00 3.563314577717069387e-01 -2.075559668049875128e+00 -2.228859829573678564e+00 -2.964512823999749358e+00
-3.714947288102984135e+00 -2.261194222799830289e+00 3.569718026467973426e-01 -2.073033055605780106e+00 -2.228286199275705481e+00 -2.962085050995256985e+00
-3.711442368638069311e+00 -2.260526413927237410e+00 3.575804634370126078e-01 -2.070469865118861108e+00 -2.227698712774105694e+00 -2.959643377585444934e+00
-3.707911522654482095e+00 -2.259851877089075423e+00 3.581584359940880313e-01 -2.067870041074800547e+00 -2.227097134953741620e+00 -2.957187910802300923e+00
-3.704354795076039597e+00 -2.259170704193642631e+00 3.587067044731381826e-01 -2.065233533845942215e+00 -2.226481229625041358e+00 -2.954718757426718856e+00
-3.700772230871372859e+00 -2.258482986119580538e+00 3.592262408586992528e-01 -2.062560299707213218e+00 -2.225850759583672733e+00 -2.952236023987683922e+00
-3.697163875078606221e+00 -2.257788812649698329e+00 3.597180045241727964e-01 -2.059850300854707328e+00 -2.225205486671674837e+00 -2.949739816761459021e+00
-3.693529772828802127e+00 -2.257088272408414475e+00 3.601829418236345282e-01 -2.057103505426161494e+00 -2.224545171839915181e+00 -2.947230241770771197e+00
-3.689869969368185121e+00 -2.256381452802757259e+00 3.606219857149886576e-01 -2.054319887524540533e+00 -2.223869575212163330e+00 -2.944707404783998506e+00
-3.686184510079149934e+00 -2.255668439966853622e+00 3.610360554134534050e-01 -2.051499427244381835e+00 -2.223178456150736615e+00 -2.942171411314357332e+00
-3.682473440500075856e+00 -2.254949318709843276e+00 3.614260560743874917e-01 -2.048642110702043162e+00 -2.222471573324009686e+00 -2.939622366619091931e+00
-3.678736806343956278e+00 -2.254224172467151011e+00 3.617928785044766116e-01 -2.045747930067872478e+00 -2.221748684775439742e+00 -2.937060375698664405e+00
-3.674974653515870493e+00 -2.253493083255043494e+00 3.621373989003133231e-01 -2.042816883601183076e+00 -2.221009547994318822e+00 -2.934485543295944243e+00
-3.671187028129311525e+00 -2.252756131628405711e+00 3.624604786134204004e-01 -2.039848975686897159e+00 -2.220253919988070201e+00 -2.931897973895402743e+00
-3.667373976521396628e+00 -2.252013396641660226e+00 3.627629639407821127e-01 -2.036844216872568225e+00 -2.219481557355841961e+00 -2.929297771722305210e+00
-3.663535545266989324e+00 -2.251264955812758206e+00 3.630456859399655567e-01 -2.033802623904583662e+00 -2.218692216363147285e+00 -2.926685040741908050e+00
-3.659671781191748963e+00 -2.250510885090172053e+00 3.633094602679259877e-01 -2.030724219762296556e+00 -2.217885653017277914e+00 -2.924059884658655850e+00
-3.655782731384147777e+00 -2.249751258822807465e+00 3.635550870426186854e-01 -2.027609033689373952e+00 -2.217061623143291804e+00 -2.921422406915381131e+00
-3.651868443206472747e+00 -2.248986149732768780e+00 3.637833507265361699e-01 -2.024457101221117661e+00 -2.216219882460269908e+00 -2.918772710692506767e+00
-3.647928964304851362e+00 -2.248215628890893214e+00 3.639950200313201156e-01 -2.021268464206944060e+00 -2.215360186657580499e+00 -2.916110898907248838e+00
-3.643964342618324359e+00 -2.247439765694987823e+00 3.641908478426099105e-01 -2.018043170827434452e+00 -2.214482291470947217e+00 -2.913437074212825273e+00
-3.639974626387003642e+00 -2.246658627850683043e+00 3.643715711643045196e-01 -2.014781275606716715e+00 -2.213585952758408748e+00 -2.910751338997664472e+00
-3.635959864159341137e+00 -2.245872281354833522e+00 3.645379110814360724e-01 -2.011482839420313251e+00 -2.212670926576115971e+00 -2.908053795384617946e+00
-3.631920104798541882e+00 -2.245080790481386313e+00 3.646905727408670250e-01 -2.008147929499140449e+00 -2.211736969254064711e+00 -2.905344545230176490e+00
-3.627855397488157774e+00 -2.244284217769640932e+00 3.648302453494045583e-01 -2.004776610995615993e+00 -2.210783835441244349e+00 -2.902623690123688149e+00
-3.623765791736890396e+00 -2.243482624014824012e+00 3.649576021877821708e-01 -2.001368953771150760e+00 -2.209811279738350898e+00 -2.899891331386580173e+00
-3.619651337382635337e+00 -2.242676068260899491e+00 3.650733006402123726e-01 -1.997925032394985312e+00 -2.208819056754635302e+00 -2.897147570071584965e+00
-3.615512084595802644e+00 -2.241864607795547748e+00 3.651779822387785646e-01 -1.994444926142022290e+00 -2.207806921164948921e+00 -2.894392506961969147e+00
-3.611348083881945392e+00 -2.241048298147227058e+00 3.652722727219600007e-01 -1.990928718990820023e+00 -2.206774627767266406e+00 -2.891626242570763949e+00
-3.607159386083726105e+00 -2.240227193084247226e+00 3.653567821066124321e-01 -1.987376499620802983e+00 -2.205721931540442160e+00 -2.888848877140003601e+00
-3.602946042382254355e+00 -2.239401344615785217e+00 3.654321047727296934e-01 -1.983788361408938439e+00 -2.204648587702256357e+00 -2.886060510639963272e+00
-3.598708104297827060e+00 -2.238570802994758413e+00 3.654988195603422474e-01 -1.980164402426243475e+00 -2.203554351767828656e+00 -2.883261242768403232e+00
-3.594445623690103453e+00 -2.237735616722488441e+00 3.655574898779058723e-01 -1.976504725433581688e+00 -2.202438979608259295e+00 -2.880451172949816563e+00
-3.590158652757740487e+00 -2.236895832555083619e+00 3.656086638215690354e-01 -1.972809437876800853e+00 -2.201302227509493115e+00 -2.877630400334682204e+00
-3.585847244037523751e+00 -2.236051495511462761e+00 3.656528743047064434e-01 -1.969078651881621900e+00 -2.200143852231509545e+00 -2.874799023798719322e+00
-3.581511450403020547e+00 -2.235202648882953724e+00 3.656906391971475045e-01 -1.965312484247813130e+00 -2.198963611067706214e+00 -2.871957141942148795e+00
-3.577151325062781329e+00 -2.234349334244391638e+00 3.657224614735241075e-01 -1.961511056443063783e+00 -2.197761261904572549e+00 -2.869104853088958684e+00
-3.572766921558125919e+00 -2.233491591466650661e+00 3.657488293701707249e-01 -1.957674494596193915e+00 -2.196536563281553001e+00 -2.866242255286174156e+00
-3.568358293760526934e+00 -2.232629458730539973e+00 3.657702165500515967e-01 -1.953802929490056517e+00 -2.195289274451186934e+00 -2.863369446303131394e+00
-3.563925495868632609e+00 -2.231762972541996071e+00 3.657870822751923545e-01 -1.949896496553935377e+00 -2.194019155439456803e+00 -2.860486523630758171e+00
-3.559468582404941461e+00 -2.230892167748499855e+00 3.657998715861040528e-01 -1.945955335855435786e+00 -2.192725967106347706e+00 -2.857593584480857096e+00
-3.554987608212164307e+00 -2.230017077556663896e+00 3.658090154877159939e-01 -1.941979592091693352e+00 -2.191409471206546389e+00 -2.854690725785397287e+00
-3.550482628449287859e+00 -2.229137733550914380e+00 3.658149311413312899e-01 -1.937969414580243521e+00 -2.190069430450374721e+00 -2.851778044195807826e+00
-3.545953698587370528e+00 -2.228254165713208668e+00 3.658180220621513601e-01 -1.933924957168230208e+00 -2.188705608540699732e+00 -2.848855636082279652e+00
-3.541400874405087329e+00 -2.227366402443728077e+00 3.658186783219189442e-01 -1.929846378222808134e+00 -2.187317770233345282e+00 -2.845923597533070115e+00
-3.536824211984050947e+00 -2.226474470582482823e+00 3.658172767562493100e-01 -1.925733840620959425e+00 -2.185905681397633415e+00 -2.842982024353816417e+00
-3.532223767703921435e+00 -2.225578395431769607e+00 3.658141811762327666e-01 -1.921587511739224041e+00 -2.184469109077203264e+00 -2.840031012066851268e+00
-3.527599598237335154e+00 -2.224678200779422355e+00 3.658097425838638950e-01 -1.917407562715077729e+00 -2.183007821324578046e+00 -2.837070655910527872e+00
-3.522951760544660527e+00 -2.223773908922802800e+00 3.658042993909451646e-01 -1.913194168441844312e+00 -2.181521587254748429e+00 -2.834101050838548908e+00
-3.518280311868608567e+00 -2.222865540693470532e+00 3.657981776410942354e-01 -1.908947507562130941e+00 -2.180010177098560931e+00 -2.831122291519301282e+00
-3.513585309728706640e+00 -2.221953115482480978e+00 3.657916912344975069e-01 -1.904667762461545344e+00 -2.178473362256443391e+00 -2.828134472335197991e+00
-3.508866811915661188e+00 -2.221036651266257156e+00 3.657851421550503135e-01 -1.900355119262083115e+00 -2.176910915352284093e+00 -2.825137687382027529e+00
-3.504124876485617435e+00 -2.220116164632982780e+00 3.657788206995614688e-01 -1.896009767814866631e+00 -2.175322610287351299e+00 -2.822132030468305963e+00
-3.499359561754335601e+00 -2.219191670809468331e+00 3.657730057086881481e-01 -1.891631901692756079e+00 -2.173708222294419734e+00 -2.819117595114640107e+00
-3.494570926291293400e+00 -2.218263183688438556e+00 3.657679647992884142e-01 -1.887221718182380936e+00 -2.172067527991948577e+00 -2.816094474553092919e+00
-3.489759028913737016e+00 -2.217330715856193457e+00 3.657639545979166629e-01 -1.882779418276064209e+00 -2.170400305438467736e+00 -2.813062761726559557e+00
-3.484923928680682792e+00 -2.216394278620600566e+00 3.657612209751529009e-01 -1.878305206663339666e+00 -2.168706334187067153e+00 -2.810022549288146543e+00
-3.480065684886888278e+00 -2.215453882039367883e+00 3.657599992805022904e-01 -1.873799291721703897e+00 -2.166985395339859455e+00 -2.806973929600561579e+00
-3.475184357056801066e+00 -2.214509534948557512e+00 3.657605145775628119e-01 -1.869261885079536833e+00 -2.165237271453924084e+00 -2.803916994735506041e+00
-3.470280004938501417e+00 -2.213561244991297805e+00 3.657629818792588194e-01 -1.864693201609932238e+00 -2.163461746591441859e+00 -2.800851836473079004e+00
-3.465352688497639555e+00 -2.212609018646650050e+00 3.657676063828846358e-01 -1.860093459424300821e+00 -2.161658606369975200e+00 -2.797778546301185276e+00
-3.460402467911386282e+00 -2.211652861258597724e+00 3.657745837047332582e-01 -1.855462879865745762e+00 -2.159827638012881135e+00 -2.794697215414951863e+00
-3.455429403562398250e+00 -2.210692777065106807e+00 3.657841001140873516e-01 -1.850801687501835602e+00 -2.157968630399726973e+00 -2.791607934716151540e+00
-3.450433556032816096e+00 -2.209728769227238931e+00 3.657963327663727449e-01 -1.846110110117487935e+00 -2.156081374116959548e+00 -2.788510794812633975e+00
-3.445414986098288335e+00 -2.208760839858263214e+00 3.658114499352718152e-01 -1.841388378707113915e+00 -2.154165661508523399e+00 -2.785405886017765287e+00
-3.440373754722043653e+00 -2.207788990052746314e+00 3.658296112435974190e-01 -1.836636727466728125e+00 -2.152221286726674343e+00 -2.782293298349872046e+00
-3.435309923049008951e+00 -2.206813219915582991e+00 3.658509678927818198e-01 -1.831855393785828401e+00 -2.150248045782923167e+00 -2.779173121531697710e+00
-3.430223552399981557e+00 -2.205833528590934289e+00 3.658756628907752773e-01 -1.827044618238796936e+00 -2.148245736599015299e+00 -2.776045444989862165e+00
-3.425114704265861842e+00 -2.204849914291046709e+00 3.659038312782094682e-01 -1.822204644576516541e+00 -2.146214159058199566e+00 -2.772910357854332375e+00
-3.419983440301952005e+00 -2.203862374324921269e+00 3.659356003526728629e-01 -1.817335719717050990e+00 -2.144153115056364189e+00 -2.769767948957899240e+00
-3.414829822322325459e+00 -2.202870905126807610e+00 3.659710898909550592e-01 -1.812438093736184586e+00 -2.142062408553318420e+00 -2.766618306835663788e+00
-3.409653912294267730e+00 -2.201875502284492025e+00 3.660104123691306222e-01 -1.807512019857921537e+00 -2.139941845624274919e+00 -2.763461519724529580e+00
-3.404455772332801722e+00 -2.200876160567361239e+00 3.660536731803527011e-01 -1.802557754444506388e+00 -2.137791234511356997e+00 -2.760297675562704889e+00
-3.399235464695290254e+00 -2.199872873954213492e+00 3.661009708502281912e-01 -1.797575556985956613e+00 -2.135610385675120515e+00 -2.757126861989213307e+00
-3.393993051776128311e+00 -2.198865635660793849e+00 3.661523972496754653e-01 -1.792565690089340302e+00 -2.133399111846184582e+00 -2.753949166343411470e+00
-3.388728596101519663e+00 -2.197854438167037294e+00 3.662080378051606466e-01 -1.787528419468060070e+00 -2.131157228077070975e+00 -2.750764675664516101e+00
-3.383442160324352521e+00 -2.196839273243995194e+00 3.662679717062152784e-01 -1.782464013930423086e+00 -2.128884551793964519e+00 -2.747573476691138605e+00
-3.378133807219157791e+00 -2.195820131980425582e+00 3.663322721101418544e-01 -1.777372745368011930e+00 -2.126580902848600907e+00 -2.744375655860829433e+00
-3.372803599677176134e+00 -2.194797004809035279e+00 3.664010063438218889e-01 -1.772254888744029033e+00 -2.124246103570350375e+00 -2.741171299309631770e+00
-3.367451600701511616e+00 -2.193769881532348975e+00 3.664742361025584705e-01 -1.767110722081033147e+00 -2.121879978818256518e+00 -2.737960492871640561e+00
-3.362077873402390615e+00 -2.192738751348195958e+00 3.665520176459147184e-01 -1.761940526448191546e+00 -2.119482356033079551e+00 -2.734743322078574401e+00
-3.356682480992522422e+00 -2.191703602874797152e+00 3.666344019904140272e-01 -1.756744585948555315e+00 -2.117053065289554503e+00 -2.731519872159354545e+00
-3.351265486782555758e+00 -2.190664424175439162e+00 3.667214350990979921e-01 -1.751523187706002016e+00 -2.114591939348716032e+00 -2.728290228039692344e+00
-3.345826954176642776e+00 -2.189621202782721987e+00 3.668131580678496428e-01 -1.746276621794298212e+00 -2.112098813685047816e+00 -2.725054474341686461e+00
-3.340366946668106074e+00 -2.188573925722371527e+00 3.669096073084747722e-01 -1.741005181223591380e+00 -2.109573526538143895e+00 -2.721812695383429404e+00
-3.334885527835206087e+00 -2.187522579536601341e+00 3.670108147284750766e-01 -1.735709161926680233e+00 -2.107015918964472601e+00 -2.718564975178623389e+00
-3.329382761337018160e+00 -2.186467150307020990e+00 3.671168079074972890e-01 -1.730388862744639544e+00 -2.104425834889057878e+00 -2.715311397436205088e+00
-3.323858710909406877e+00 -2.185407623677076305e+00 3.672276102704155054e-01 -1.725044585412934373e+00 -2.101803121157580279e+00 -2.712052045559979252e+00
-3.318313440361111866e+00 -2.184343984874012712e+00 3.673432412570399319e-01 -1.719676634546544847e+00 -2.099147627588243470e+00 -2.708787002648263442e+00
-3.312747013569932175e+00 -2.183276218730362039e+00 3.674637164883958751e-01 -1.714285317624955063e+00 -2.096459207023778859e+00 -2.705516351493540750e+00
-3.307159494479019912e+00 -2.182204309704939060e+00 3.675890479295957913e-01 -1.708870944976891737e+00 -2.093737715383541698e+00 -2.702240174582122734e+00
-3.301550947093270683e+00 -2.181128241903345977e+00 3.677192440492592640e-01 -1.703433829764862129e+00 -2.090983011715721318e+00 -2.698958554093822126e+00
-3.295921435475825945e+00 -2.180047999097977751e+00 3.678543099754524315e-01 -1.697974287912263236e+00 -2.088194958222540532e+00 -2.695671571901634866e+00
-3.290271023744668621e+00 -2.178963564747527393e+00 3.679942476482079283e-01 -1.692492638087381929e+00 -2.085373420311710468e+00 -2.692379309571432344e+00
-3.284599776069328847e+00 -2.177874922015986758e+00 3.681390559685717156e-01 -1.686989201687286055e+00 -2.082518266648037741e+00 -2.689081848361663862e+00
-3.278907756667686524e+00 -2.176782053791140648e+00 3.682887309441998935e-01 -1.681464302821157997e+00 -2.079629369204965883e+00 -2.685779269223068422e+00
-3.273195029802872913e+00 -2.175684942702547531e+00 3.684432658314913400e-01 -1.675918268293352220e+00 -2.076706603316188726e+00 -2.682471652798396722e+00
-3.267461659780277472e+00 -2.174583571139018012e+00 3.686026512742677785e-01 -1.670351427370052821e+00 -2.073749847620485198e+00 -2.679159079422143375e+00
-3.261707710944646621e+00 -2.173477921265575041e+00 3.687668754390162063e-01 -1.664764111763508803e+00 -2.070758984110760537e+00 -2.675841629120289333e+00
-3.255933247677284648e+00 -2.172367975039909194e+00 3.689359241467293216e-01 -1.659156655494010035e+00 -2.067733898121835612e+00 -2.672519381610054534e+00
-3.250138334393348316e+00 -2.171253714228321474e+00 3.691097810012800018e-01 -1.653529394501493055e+00 -2.064674478189010287e+00 -2.669192416299660753e+00
-3.244323035539237399e+00 -2.170135120421159414e+00 3.692884275144319717e-01 -1.647882666431910170e+00 -2.061580615988311216e+00 -2.665860812288104675e+00
-3.238487415590080687e+00 -2.169012175047746460e+00 3.694718432275284070e-01 -1.642216810624194334e+00 -2.058452206376050864e+00 -2.662524648364941626e+00
-3.232631539047312152e+00 -2.167884859390805552e+00 3.696600058298516456e-01 -1.636532168096951345e+00 -2.055289147428387864e+00 -2.659184003010079955e+00
-3.226755470436339923e+00 -2.166753154600385312e+00 3.698528912736659402e-01 -1.630829081534872493e+00 -2.052091340480893145e+00 -2.655838954393584750e+00
-3.220859274304306741e+00 -2.165617041707282198e+00 3.700504738859564657e-01 -1.625107895216301612e+00 -2.048858690137192351e+00 -2.652489580375494427e+00
-3.214943015217937461e+00 -2.164476501635975048e+00 3.702527264769632787e-01 -1.619368954742176570e+00 -2.045591104170794150e+00 -2.649135958505643984e+00
-3.209006757761474038e+00 -2.163331515217062684e+00 3.704596204454658204e-01 -1.613612607023045431e+00 -2.042288493559980989e+00 -2.645778166023503353e+00
-3.203050566628386608e+00 -2.162182063224121986e+00 3.706711258807411924e-01 -1.607839200254822742e+00 -2.038950772517479137e+00 -2.642416279857979777e+00
-3.197074506646218950e+00 -2.161028126393714555e+00 3.708872116606806713e-01 -1.602049083674097041e+00 -2.035577858424322262e+00 -2.639050376626226324e+00
-3.191078642801308263e+00 -2.159869685447023624e+00 3.711078455462173409e-01 -1.596242607562389004e+00 -2.032169671870038385e+00 -2.635680532632342921e+00
-3.185063040257228195e+00 -2.158706721108646143e+00 3.713329942727087163e-01 -1.590420123103339467e+00 -2.028726136611705755e+00 -2.632306823866427337e+00
-3.179027764354306562e+00 -2.157539214117486281e+00 3.715626236412153394e-01 -1.584581981839568332e+00 -2.025247179307703593e+00 -2.628929326003658584e+00
-3.172972880578809551e+00 -2.156367145225146054e+00 3.717966985969384797e-01 -1.578728536530465965e+00 -2.021732730028281910e+00 -2.625548114402327826e+00
-3.166898454595303392e+00 -2.155190495218571645e+00 3.720351833119984186e-01 -1.572860139784921341e+00 -2.018182721523007039e+00 -2.622163264102589597e+00
-3.160804552235592535e+00 -2.154009244925312316e+00 3.722780412639097314e-01 -1.566977142220457475e+00 -2.014597088187454421e+00 -2.618774849824237361e+00
-3.154691239563060634e+00 -2.152823375247800985e+00 3.725252353132691985e-01 -1.561079893605282543e+00 -2.010975766707307599e+00 -2.615382945965282424e+00
-3.148558582857033716e+00 -2.151632867166032526e+00 3.727767277869748486e-01 -1.555168740602277389e+00 -2.007318694754349764e+00 -2.611987626601264267e+00
-3.142406648596728580e+00 -2.150437701739561724e+00 3.730324805507099217e-01 -1.549244028052903621e+00 -2.003625811703474646e+00 -2.608588965484677669e+00
-3.136235503452525997e+00 -2.149237860111911758e+00 3.732924550787750650e-01 -1.543306098112845248e+00 -1.999897058111192338e+00 -2.605187036044531279e+00
-3.130045214283227573e+00 -2.148033323516884252e+00 3.735566125211441935e-01 -1.537355290037611510e+00 -1.996132375560532024e+00 -2.601781911385950607e+00
-3.123835848138888149e+00 -2.146824073286638157e+00 3.738249137677928657e-01 -1.531391940027413412e+00 -1.992331706536136782e+00 -2.598373664289748142e+00
-3.117607472268807189e+00 -2.145610090861387764e+00 3.740973195103823867e-01 -1.525416381152732814e+00 -1.988494994344048639e+00 -2.594962367211871346e+00
-3.111360154134251488e+00 -2.144391357800570219e+00 3.743737903012304691e-01 -1.519428943226134088e+00 -1.984622182996582662e+00 -2.591548092282658811e+00
-3.105093961425470894e+00 -2.143167855795340859e+00 3.746542866095832203e-01 -1.513429952626891062e+00 -1.980713217064769438e+00 -2.588130911305828175e+00
-3.098808962010924262e+00 -2.141939566654027960e+00 3.749387688722558010e-01 -1.507419732104825272e+00 -1.976768041513640384e+00 -2.584710895755675253e+00
-3.092505223911945045e+00 -2.140706472297231322e+00 3.752271975423550066e-01 -1.501398601091953555e+00 -1.972786601847926313e+00 -2.581288116774618224e+00
-3.086182815275979596e+00 -2.139468554751975393e+00 3.755195331361549926e-01 -1.495366876033842995e+00 -1.968768844276856500e+00 -2.577862645171187683e+00
-3.079841804415492046e+00 -2.138225796171364657e+00 3.758157362788511202e-01 -1.489324870368432752e+00 -1.964714715663422595e+00 -2.574434551418527395e+00
-3.073482259807370109e+00 -2.136978178838385034e+00 3.761157677481135053e-01 -1.483272894552157606e+00 -1.960624163502880712e+00 -2.571003905652881727e+00
-3.067104250092385520e+00 -2.135725685169400645e+00 3.764195885154839050e-01 -1.477211256085926738e+00 -1.956497135901279272e+00 -2.567570777672071980e+00
-3.060707844074701534e+00 -2.134468297717357910e+00 3.767271597857042020e-01 -1.471140259540979933e+00 -1.952333581554021258e+00 -2.564135236933954509e+00
-3.054293110721423510e+00 -2.133205999174704104e+00 3.770384430340097404e-01 -1.465060206584315239e+00 -1.948133449724268829e+00 -2.560697352554868633e+00
-3.047860119162202341e+00 -2.131938772376031022e+00 3.773534000414547895e-01 -1.458971396004096865e+00 -1.943896690221443846e+00 -2.557257193308067222e+00
-3.041408938688916486e+00 -2.130666600300465063e+00 3.776719929282639221e-01 -1.452874123732962097e+00 -1.939623253378456313e+00 -2.553814827622134853e+00
-3.034939638755968616e+00 -2.129389466074034232e+00 3.779941841854977946e-01 -1.446768682556673458e+00 -1.935313089819284738e+00 -2.550370323579445930e+00
-3.028452288977723228e+00 -2.128107352970707300e+00 3.783199367063005414e-01 -1.440655362111231241e+00 -1.930966150412373628e+00 -2.546923748914695640e+00
-3.021946959138311684e+00 -2.126820244418449857e+00 3.786492138175942546e-01 -1.434534448873104218e+00 -1.926582386217448040e+00 -2.543475171014363490e+00
-3.015423719211825393e+00 -2.125528124009715913e+00 3.789819793117457647e-01 -1.428406226344708818e+00 -1.922161748560866634e+00 -2.540024656917739154e+00
-3.008882639409209414e+00 -2.124230975526234300e+00 3.793181974758620401e-01 -1.422270975419781092e+00 -1.917704189233149892e+00 -2.536572273318023374e+00
-3.002323790207835685e+00 -2.122928782952095972e+00 3.796578331166045595e-01 -1.416128974720451072e+00 -1.913209660677399171e+00 -2.533118086562627713e+00
-2.995747242312821523e+00 -2.121621530458253080e+00 3.800008515792881458e-01 -1.409980500789049351e+00 -1.908678116088820431e+00 -2.529662162651768131e+00
-2.989153066565076955e+00 -2.120309202365234569e+00 3.803472187625395184e-01 -1.403825828034822809e+00 -1.904109509350738305e+00 -2.526204567235103227e+00
-2.982541333909606962e+00 -2.118991783129820838e+00 3.806969011298125261e-01 -1.397665228843618435e+00 -1.899503795095453196e+00 -2.522745365608436430e+00
-2.975912115366343258e+00 -2.117669257320469622e+00 3.810498657190827809e-01 -1.391498973667739447e+00 -1.894860928744365625e+00 -2.519284622710379118e+00
-2.969265482010249535e+00 -2.116341609608311636e+00 3.814060801509928100e-01 -1.385327331107887971e+00 -1.890180866542584548e+00 -2.515822403119025719e+00
-2.962601504960646004e+00 -2.115008824763052964e+00 3.817655126355856132e-01 -1.379150567997748933e+00 -1.885463565597153668e+00 -2.512358771048653683e+00
-2.955920255375433570e+00 -2.113670887650126673e+00 3.821281319777552477e-01 -1.372968949472979538e+00 -1.880708983905853060e+00 -2.508893790346474972e+00
-2.949221804451098716e+00 -2.112327783229495104e+00 3.824939075815489975e-01 -1.366782739029158256e+00 -1.875917080379480906e+00 -2.505427524489418190e+00
-2.942506223462765913e+00 -2.110979496570333680e+00 3.828628094550519667e-01 -1.360592198649203777e+00 -1.871087814916339909e+00 -2.501960036581202917e+00
-2.935773583849282442e+00 -2.109626012890746694e+00 3.832348082251383348e-01 -1.354397588402904251e+00 -1.866221148085054793e+00 -2.498491389351226388e+00
-2.929023957207796514e+00 -2.108267317567745991e+00 3.836098751499225079e-01 -1.348199165851976744e+00 -1.861317040652788579e+00 -2.495021645153165490e+00
-2.922257415365836053e+00 -2.106903396165983100e+00 3.839879821319765463e-01 -1.341997185745036791e+00 -1.856375453294491829e+00 -2.491550865965983075e+00
-2.915474030405482253e+00 -2.105534234446881037e+00 3.843691017310510438e-01 -1.335791899818405071e+00 -1.851396346392679693e+00 -2.488079113395722963e+00
-2.908673874664067238e+00 -2.104159818367918433e+00 3.847532071751309513e-01 -1.329583556707650160e+00 -1.846379679923854544e+00 -2.484606448677039836e+00
-2.901857020699841527e+00 -2.102780134067062434e+00 3.851402723664661409e-01 -1.323372402297564809e+00 -1.841325413681294876e+00 -2.481132932673979941e+00
-2.895023541282881752e+00 -2.101395167857934343e+00 3.855302718868417466e-01 -1.317158680076095933e+00 -1.836233507509008600e+00 -2.477658625880592158e+00
-2.888173509361895874e+00 -2.100004906212719291e+00 3.859231810003359020e-01 -1.310942631072161024e+00 -1.831103921219947805e+00 -2.474183588421243751e+00
-2.881306998050180201e+00 -2.098609335748811588e+00 3.863189756544085363e-01 -1.304724493853339773e+00 -1.825936614561994187e+00 -2.470707880049713090e+00
-2.874424080624787159e+00 -2.097208443225941465e+00 3.867176324801671061e-01 -1.298504504558354533e+00 -1.820731547208836343e+00 -2.467231560147541636e+00
-2.867524830526760660e+00 -2.095802215544407598e+00 3.871191287918405721e-01 -1.292282896919676904e+00 -1.815488678739626049e+00 -2.463754687722317982e+00
-2.860609321361474056e+00 -2.094390639743284321e+00 3.875234425857469467e-01 -1.286059901572477848e+00 -1.810207968041832371e+00 -2.460277321405935247e+00
-2.853677626899028041e+00 -2.092973702998592866e+00 3.879305525385943199e-01 -1.279835746066160684e+00 -1.804889373261503227e+00 -2.456799519452862679e+00
-2.846729821075008715e+00 -2.091551392621620931e+00 3.883404380051240223e-01 -1.273610654871867753e+00 -1.799532851746513451e+00 -2.453321339738489648e+00
-2.839765977995301505e+00 -2.090123696064106973e+00 3.887530790153448379e-01 -1.267384849409662451e+00 -1.794138360001690913e+00 -2.449842839757819135e+00
-2.832786171952193399e+00 -2.088690600926463858e+00 3.891684562739924358e-01 -1.261158549050882094e+00 -1.788705854442131926e+00 -2.446364076626775130e+00
-2.825790477469390272e+00 -2.087252094975415417e+00 3.895865511406490511e-01 -1.254931971630411702e+00 -1.783235291767789832e+00 -2.442885107083019314e+00
-2.818778969238224796e+00 -2.085808166095233229e+00 3.900073456017970064e-01 -1.248705334531151401e+00 -1.777726629867931507e+00 -2.439405987483290961e+00
-2.811751721872392196e+00 -2.084358802189890891e+00 3.904308222917649562e-01 -1.242478856741969118e+00 -1.772179829572744003e+00 -2.435926773809105494e+00
-2.804708810047688239e+00 -2.082903991251726428e+00 3.908569644956303990e-01 -1.236252757069603359e+00 -1.766594853164137779e+00 -2.432447521667091106e+00
-2.797650308426763655e+00 -2.081443721326929452e+00 3.912857561358257796e-01 -1.230027254513766488e+00 -1.760971664707795092e+00 -2.428968286286877998e+00
-2.790576291665366693e+00 -2.079977980516416913e+00 3.917171817656689981e-01 -1.223802567642788830e+00 -1.755310229527398125e+00 -2.425489122520902097e+00
-2.783486834412854272e+00 -2.078506756973345748e+00 3.921512265619246929e-01 -1.217578914481496355e+00 -1.749610514108419945e+00 -2.422010084844216760e+00
-2.776382011312708009e+00 -2.077030038900616216e+00 3.925878763175162378e-01 -1.211356512792949536e+00 -1.743872486343693406e+00 -2.418531227354312918e+00
-2.769261897003050699e+00 -2.075547814548367231e+00 3.930271174340824181e-01 -1.205135580076195145e+00 -1.738096115537084430e+00 -2.415052603770946771e+00
-2.762126566117170778e+00 -2.074060072211472594e+00 3.934689369141184390e-01 -1.198916333605249296e+00 -1.732281372443873924e+00 -2.411574267435972807e+00
-2.754976093284049909e+00 -2.072566800227028327e+00 3.939133223527505057e-01 -1.192698990844759610e+00 -1.726428229649603630e+00 -2.408096271313188375e+00
-2.747810553128889222e+00 -2.071067986971852903e+00 3.943602619292636002e-01 -1.186483769416484035e+00 -1.720536661557321434e+00 -2.404618667988182690e+00
-2.740630020273643552e+00 -2.069563620859986131e+00 3.948097443983444865e-01 -1.180270887065924201e+00 -1.714606644374226274e+00 -2.401141509668193841e+00
-2.733434569337552134e+00 -2.068053690340203143e+00 3.952617590811076109e-01 -1.174060561629044486e+00 -1.708638156097651795e+00 -2.397664848181975117e+00
-2.726224274937672831e+00 -2.066538183893539937e+00 3.957162958558979038e-01 -1.167853010999355012e+00 -1.702631176500627230e+00 -2.394188734979668443e+00
-2.718999211689415496e+00 -2.065017090030834002e+00 3.961733451488647084e-01 -1.161648453141146176e+00 -1.696585687159458011e+00 -2.390713221132684474e+00
-2.711759454207076203e+00 -2.063490397290286271e+00 3.966328979244192476e-01 -1.155447106055909057e+00 -1.690501671438345177e+00 -2.387238357333591132e+00
-2.704505077104371047e+00 -2.061958094235040839e+00 3.970949456755371587e-01 -1.149249187749044943e+00 -1.684379114473491423e+00 -2.383764193896011463e+00
-2.697236154994968160e+00 -2.060420169450792649e+00 3.975594804139410687e-01 -1.143054916199658377e+00 -1.678218003159339666e+00 -2.380290780754527269e+00
-2.689952762493017069e+00 -2.058876611543417390e+00 3.980264946601979603e-01 -1.136864509419356573e+00 -1.672018326218930762e+00 -2.376818167464590736e+00
-2.682654974213679822e+00 -2.057327409136631147e+00 3.984959814337171724e-01 -1.130678185418408699e+00 -1.665780074187610094e+00 -2.373346403202446719e+00
-2.675342864773655904e+00 -2.055772550869679360e+00 3.989679342427003284e-01 -1.124496162333727511e+00 -1.659503239552293952e+00 -2.369875536765059465e+00
-2.668016508791707153e+00 -2.054212025395059538e+00 3.994423470739994486e-01 -1.118318658393373077e+00 -1.653187816736295890e+00 -2.366405616570049997e+00
-2.660675980889177339e+00 -2.052645821376275048e+00 3.999192143809113809e-01 -1.112145892779678569e+00 -1.646833802963791449e+00 -2.362936690655640604e+00
-2.653321355690509975e+00 -2.051073927485639992e+00 4.003985310730141522e-01 -1.105978084735895539e+00 -1.640441197421141029e+00 -2.359468806680607322e+00
-2.645952707823755468e+00 -2.049496332402121368e+00 4.008802925060273581e-01 -1.099815453531197695e+00 -1.634010001241068544e+00 -2.356002011924240858e+00
-2.638570111921081818e+00 -2.047913024809219884e+00 4.013644944717033591e-01 -1.093658218426377227e+00 -1.627540217486708851e+00 -2.352536353286315940e+00
-2.631173642619274222e+00 -2.046323993392885843e+00 4.018511331877983039e-01 -1.087506598640494371e+00 -1.621031851135793733e+00 -2.349071877287069565e+00
-2.623763374560237338e+00 -2.044729226839480773e+00 4.023402052880916679e-01 -1.081360813317944869e+00 -1.614484909064470397e+00 -2.345608630067186340e+00
-2.616339382391486446e+00 -2.043128713833772814e+00 4.028317078124894479e-01 -1.075221081496833708e+00 -1.607899400031649328e+00 -2.342146657387792263e+00
-2.608901740766640387e+00 -2.041522443056979164e+00 4.033256381972235016e-01 -1.069087622078612965e+00 -1.601275334663891492e+00 -2.338686004630458726e+00
-2.601450524345903847e+00 -2.039910403184844956e+00 4.038219942651832262e-01 -1.062960653798423305e+00 -1.594612725440287093e+00 -2.335226716797213165e+00
-2.593985807796550525e+00 -2.038292582885766535e+00 4.043207742163592022e-01 -1.056840395196733784e+00 -1.587911586677963172e+00 -2.331768838510558606e+00
-2.586507665793396527e+00 -2.036668970818958257e+00 4.048219766184319446e-01 -1.050727064592363424e+00 -1.581171934518353250e+00 -2.328312414013502085e+00
-2.579016173019271996e+00 -2.035039555632657038e+00 4.053256003974819999e-01 -1.044620880057131496e+00 -1.574393786914536797e+00 -2.324857487169592396e+00
-2.571511404165488734e+00 -2.033404325962372639e+00 4.058316448288977751e-01 -1.038522059391834285e+00 -1.567577163619384262e+00 -2.321404101462963609e+00
-2.563993433932298061e+00 -2.031763270429178814e+00 4.063401095281347630e-01 -1.032430821253068842e+00 -1.560722087406980041e+00 -2.317952299998391030e+00
-2.556462337029347776e+00 -2.030116377638048863e+00 4.068509944419864688e-01 -1.026347384018656106e+00 -1.553828582894987154e+00 -2.314502125501352481e+00
-2.548918188176134692e+00 -2.028463636176231155e+00 4.073642998400425763e-01 -1.020271965767971967e+00 -1.546896676537359294e+00 -2.311053620318101132e+00
-2.541361062102448720e+00 -2.026805034611666390e+00 4.078800263063608322e-01 -1.014204784264154169e+00 -1.539926396618696902e+00 -2.307606826415744994e+00
-2.533791033548814298e+00 -2.025140561491445279e+00 4.083981747242516613e-01 -1.008146058568686998e+00 -1.532917775047504039e+00 -2.304161785382336625e+00
-2.526208177266918931e+00 -2.023470205340359929e+00 4.089187462683793184e-01 -1.002096007423393997e+00 -1.525870845623814809e+00 -2.300718538426971715e+00
-2.518612568020029308e+00 -2.021793954659490744e+00 4.094417423970803105e-01 -9.960548492388261455e-01 -1.518785644040933303e+00 -2.297277126379896117e+00
-2.511004280583410520e+00 -2.020111797924838193e+00 4.099671648449750849e-01 -9.900228020849792809e-01 -1.511662207889703069e+00 -2.293837589692621748e+00
-2.503383389744737730e+00 -2.018423723585985208e+00 4.104950156158344576e-01 -9.840000836842244247e-01 -1.504500576665277922e+00 -2.290399968438052714e+00
-2.495749970304504295e+00 -2.016729720064799558e+00 4.110252969757247632e-01 -9.779869114068775460e-01 -1.497300791776988937e+00 -2.286964302310619868e+00
-2.488104097076426768e+00 -2.015029775754168639e+00 4.115580114464187922e-01 -9.719835022697302929e-01 -1.490062896561802575e+00 -2.283530630626423807e+00
-2.480445844887845475e+00 -2.013323879016769347e+00 4.120931617991363538e-01 -9.659900729369406136e-01 -1.482786936300828584e+00 -2.280098992323388529e+00
-2.472775288580122854e+00 -2.011612018183865924e+00 4.126307510485449637e-01 -9.600068397236796169e-01 -1.475472958239452570e+00 -2.276669425961422633e+00
-2.465092503009039149e+00 -2.009894181554142456e+00 4.131707824471239077e-01 -9.540340186022591151e-01 -1.468121011610922233e+00 -2.273241969722591183e+00
-2.457397563045186750e+00 -2.008170357392559335e+00 4.137132594797926499e-01 -9.480718252112121380e-01 -1.460731147664074747e+00 -2.269816661411296899e+00
-2.449690543574360557e+00 -2.006440533929238601e+00 4.142581858588803012e-01 -9.421204748668690065e-01 -1.453303419694826903e+00 -2.266393538454468448e+00
-2.441971519497946996e+00 -2.004704699358372366e+00 4.148055655194500813e-01 -9.361801825778393038e-01 -1.445837883082061737e+00 -2.262972637901761619e+00
-2.434240565733314821e+00 -2.002962841837153896e+00 4.153554026149480216e-01 -9.302511630620462491e-01 -1.438334595327649623e+00 -2.259553996425767153e+00
-2.426497757214202355e+00 -2.001214949484730443e+00 4.159077015132516264e-01 -9.243336307660929840e-01 -1.430793616100496379e+00 -2.256137650322229238e+00
-2.418743168891105633e+00 -1.999461010381169856e+00 4.164624667930191815e-01 -9.184277998873267013e-01 -1.423215007285208777e+00 -2.252723635510272882e+00
-2.410976875731667857e+00 -1.997701012566448497e+00 4.170197032404768245e-01 -9.125338843981736225e-01 -1.415598833035025539e+00 -2.249311987532642387e+00
-2.403198952721068871e+00 -1.995934944039445380e+00 4.175794158465533368e-01 -9.066520980728522972e-01 -1.407945159829294246e+00 -2.245902741555946491e+00
-2.395409474862416843e+00 -1.994162792756952740e+00 4.181416098044162810e-01 -9.007826545163515330e-01 -1.400254056535522373e+00 -2.242495932370916822e+00
-2.387608517177142176e+00 -1.992384546632691489e+00 4.187062905074051544e-01 -8.949257671953241289e-01 -1.392525594475720219e+00 -2.239091594392673024e+00
-2.379796154705396738e+00 -1.990600193536329554e+00 4.192734635473848170e-01 -8.890816494708917439e-01 -1.384759847497178509e+00 -2.235689761660999419e+00
-2.371972462506451329e+00 -1.988809721292507549e+00 4.198431347135298530e-01 -8.832505146332358947e-01 -1.376956892047673797e+00 -2.232290467840631010e+00
-2.364137515659102462e+00 -1.987013117679857110e+00 4.204153099915160507e-01 -8.774325759351297993e-01 -1.369116807251593793e+00 -2.228893746221548788e+00
-2.356291389262084035e+00 -1.985210370430019688e+00 4.209899955631575819e-01 -8.716280466289119122e-01 -1.361239674992807736e+00 -2.225499629719285277e+00
-2.348434158434483443e+00 -1.983401467226655557e+00 4.215671978065539949e-01 -8.658371400046518396e-01 -1.353325580001592865e+00 -2.222108150875242050e+00
-2.340565898316166127e+00 -1.981586395704441284e+00 4.221469232966537644e-01 -8.600600694295803539e-01 -1.345374609945844568e+00 -2.218719341857013028e+00
-2.332686684068204563e+00 -1.979765143448054321e+00 4.227291788072564116e-01 -8.542970470079149781e-01 -1.337386853702404732e+00 -2.215333234458721989e+00
-2.324796590873325464e+00 -1.977937697991130284e+00 4.233139713134939086e-01 -8.485482836244437888e-01 -1.329362401407834238e+00 -2.211949860101368071e+00
-2.316895693936359191e+00 -1.976104046815191584e+00 4.239013079948750762e-01 -8.428139889892540815e-01 -1.321301344512739728e+00 -2.208569249833182813e+00
-2.308984068484709162e+00 -1.974264177348541649e+00 4.244911962388311921e-01 -8.370943716826284575e-01 -1.313203775838458931e+00 -2.205191434329995204e+00
-2.301061789768832799e+00 -1.972418076965120726e+00 4.250836436448681699e-01 -8.313896392001385305e-01 -1.305069789636201794e+00 -2.201816443895609154e+00
-2.293128933062734909e+00 -1.970565732983320162e+00 4.256786580291478383e-01 -8.256999982110031500e-01 -1.296899481940319454e+00 -2.198444308462190744e+00
-2.285185573664483272e+00 -1.968707132664748727e+00 4.262762474296748483e-01 -8.200256545988631185e-01 -1.288692950634359402e+00 -2.195075057590663903e+00
-2.277231786896735777e+00 -1.966842263212947639e+00 4.268764201120631152e-01 -8.143668135013344411e-01 -1.280450295517761905e+00 -2.191708720471119420e+00
-2.269267648107290647e+00 -1.964971111772051415e+00 4.274791845759108866e-01 -8.087236793488150610e-01 -1.272171618373840740e+00 -2.188345325923231499e+00
-2.261293232669654429e+00 -1.963093665425383882e+00 4.280845495617890961e-01 -8.030964559025610683e-01 -1.263857023039096639e+00 -2.184984902396686302e+00
-2.253308615983634411e+00 -1.961209911193991573e+00 4.286925240588437269e-01 -7.974853462917634861e-01 -1.255506615473490850e+00 -2.181627477971619822e+00
-2.245313873475952349e+00 -1.959319836035102735e+00 4.293031173130409384e-01 -7.918905530495308209e-01 -1.247120503831550264e+00 -2.178273080359067748e+00
-2.237309080600882183e+00 -1.957423426840511294e+00 4.299163388360932037e-01 -7.863122781473930178e-01 -1.238698798533746759e+00 -2.174921736901424651e+00
-2.229294312840919723e+00 -1.955520670434877095e+00 4.305321984149839687e-01 -7.807507230283787791e-01 -1.230241612338197177e+00 -2.171573474572912943e+00
-2.221269645707471874e+00 -1.953611553573937787e+00 4.311507061222365489e-01 -7.752060886384697369e-01 -1.221749060412375076e+00 -2.168228319980065155e+00
-2.213235154741584942e+00 -1.951696062942628096e+00 4.317718723268632042e-01 -7.696785754561417114e-01 -1.213221260404367285e+00 -2.164886299362214217e+00
-2.205190915514697370e+00 -1.949774185153098305e+00 4.323957077060120446e-01 -7.641683835202095487e-01 -1.204658332513941277e+00 -2.161547438591994830e+00
-2.197137003629432428e+00 -1.947845906742625477e+00 4.330222232573331387e-01 -7.586757124557008680e-01 -1.196060399562968612e+00 -2.158211763175856834e+00
-2.189073494720421564e+00 -1.945911214171413661e+00 4.336514303120338476e-01 -7.532007614978499799e-01 -1.187427587065277068e+00 -2.154879298254589237e+00
-2.181000464455167709e+00 -1.943970093820275968e+00 4.342833405487451781e-01 -7.477437295114497395e-01 -1.178760023291693493e+00 -2.151550068603853116e+00
-2.172917988534947220e+00 -1.942022531988189415e+00 4.349179660081032850e-01 -7.423048150103011000e-01 -1.170057839337255823e+00 -2.148224098634728296e+00
-2.164826142695756239e+00 -1.940068514889720541e+00 4.355553191081371067e-01 -7.368842161745499109e-01 -1.161321169187266911e+00 -2.144901412394268014e+00
-2.156725002709297456e+00 -1.938108028652310244e+00 4.361954126604258297e-01 -7.314821308661250132e-01 -1.152550149782437527e+00 -2.141582033566068244e+00
-2.148614644384013950e+00 -1.936141059313413404e+00 4.368382598870274025e-01 -7.260987566418253270e-01 -1.143744921082348265e+00 -2.138265985470844122e+00
-2.140495143566174541e+00 -1.934167592817487513e+00 4.374838744380454836e-01 -7.207342910797580604e-01 -1.134905626622414454e+00 -2.134953291067020587e+00
-2.132366576141007553e+00 -1.932187615012820991e+00 4.381322704100569232e-01 -7.153889317815600446e-01 -1.126032413578481828e+00 -2.131643972951332788e+00
-2.124229018033884753e+00 -1.930201111648197188e+00 4.387834623653202870e-01 -7.100628763722676151e-01 -1.117125432829406462e+00 -2.128338053359438486e+00
-2.116082545211566135e+00 -1.928208068369385186e+00 4.394374653518313689e-01 -7.047563224872972487e-01 -1.108184839000603050e+00 -2.125035554166541552e+00
-2.107927233683501100e+00 -1.926208470715450538e+00 4.400942949242342972e-01 -6.994694677683115369e-01 -1.099210790522883396e+00 -2.121736496888026124e+00
-2.099763159503186039e+00 -1.924202304114877693e+00 4.407539671653618041e-01 -6.942025103090183613e-01 -1.090203450425098364e+00 -2.118440902680104543e+00
-2.091590398769592074e+00 -1.922189553881498369e+00 4.414164987087063063e-01 -6.889556486374910360e-01 -1.081162986395558523e+00 -2.115148792340474149e+00
-2.083409027628654098e+00 -1.920170205210218750e+00 4.420819067617144937e-01 -6.837290816962311446e-01 -1.072089570841021633e+00 -2.111860186308988308e+00
-2.075219122274828631e+00 -1.918144243172537511e+00 4.427502091299700959e-01 -6.785230088202300891e-01 -1.062983380943553158e+00 -2.108575104668337641e+00
-2.067020758952724080e+00 -1.916111652711844471e+00 4.434214242422613861e-01 -6.733376297128632615e-01 -1.053844598714871239e+00 -2.105293567144743694e+00
-2.058814013958807365e+00 -1.914072418638496309e+00 4.440955711765531833e-01 -6.681731444198917291e-01 -1.044673411048517853e+00 -2.102015593108664593e+00
-2.050598963643182060e+00 -1.912026525624657358e+00 4.447726696868642970e-01 -6.630297532253877080e-01 -1.035470009640089506e+00 -2.098741201575514026e+00
-2.042375684411454895e+00 -1.909973958198899258e+00 4.454527402310520245e-01 -6.579076566244819180e-01 -1.026234591035165566e+00 -2.095470411206389549e+00
-2.034144252726680868e+00 -1.907914700740550584e+00 4.461358039995164115e-01 -6.528070552933815662e-01 -1.016967356673351475e+00 -2.092203240308816437e+00
-2.025904745111394956e+00 -1.905848737473788912e+00 4.468218829448720175e-01 -6.477281500582376950e-01 -1.007668512931001459e+00 -2.088939706837501742e+00
-2.017657238149738852e+00 -1.903776052461465307e+00 4.475109998124704447e-01 -6.426711418623869410e-01 -9.983382711617228011e-01 -2.085679828395102131e+00
-2.009401808489674757e+00 -1.901696629598655486e+00 4.482031781718573415e-01 -6.376362317325232620e-01 -9.889768477355422860e-01 -2.082423622233003258e+00
-2.001138532845303963e+00 -1.899610452605926536e+00 4.488984424492240000e-01 -6.326236207427866631e-01 -9.795844640748641030e-01 -2.079171105252112906e+00
-1.992867487999276710e+00 -1.897517505022313866e+00 4.495968179607539583e-01 -6.276335099779828397e-01 -9.701613466892573534e-01 -2.075922294003665236e+00
-1.984588750805314605e+00 -1.895417770197996177e+00 4.502983309469785200e-01 -6.226661004953351064e-01 -9.607077272079285191e-01 -2.072677204690040131e+00
-1.976302398190835863e+00 -1.893311231286662455e+00 4.510030086080417666e-01 -6.177215932849697833e-01 -9.512238424101495671e-01 -2.069435853165594086e+00
-1.968008507159693776e+00 -1.891197871237562556e+00 4.517108791398658507e-01 -6.128001892290622088e-01 -9.417099342534112072e-01 -2.066198254937503975e+00
-1.959707154795029771e+00 -1.889077672787230711e+00 4.524219717712965605e-01 -6.079020890598207938e-01 -9.321662498995311186e-01 -2.062964425166624149e+00
-1.951398418262245693e+00 -1.886950618450877082e+00 4.531363168022056187e-01 -6.030274933152759420e-01 -9.225930417366994263e-01 -2.059734378668357735e+00
-1.943082374812098889e+00 -1.884816690513435145e+00 4.538539456425143559e-01 -5.981766022952477169e-01 -9.129905674017433359e-01 -2.056508129913539928e+00
-1.934759101783923851e+00 -1.882675871020258684e+00 4.545748908521397569e-01 -5.933496160167712752e-01 -9.033590898012584525e-01 -2.053285693029334613e+00
-1.926428676608984869e+00 -1.880528141767459527e+00 4.552991861819338237e-01 -5.885467341681354103e-01 -8.936988771299581025e-01 -2.050067081800145630e+00
-1.918091176813963905e+00 -1.878373484291878004e+00 4.560268666155087303e-01 -5.837681560630290090e-01 -8.840102028889886832e-01 -2.046852309668539593e+00
-1.909746680024587029e+00 -1.876211879860676834e+00 4.567579684120332550e-01 -5.790140805936139223e-01 -8.742933459019328613e-01 -2.043641389736185587e+00
-1.901395263969393401e+00 -1.874043309460550866e+00 4.574925291499342683e-01 -5.742847061834639444e-01 -8.645485903302372321e-01 -2.040434334764804625e+00
-1.893037006483653695e+00 -1.871867753786544464e+00 4.582305877715130982e-01 -5.695802307313126978e-01 -8.547762256702025052e-01 -2.037231157177135099e+00
-1.884671985513437953e+00 -1.869685193230467668e+00 4.589721846284731122e-01 -5.649008515242883721e-01 -8.449765466883194520e-01 -2.034031869057912445e+00
-1.876300279119841541e+00 -1.867495607868904450e+00 4.597173615283449699e-01 -5.602467651911489099e-01 -8.351498534331751600e-01 -2.030836482154861233e+00
-1.867921965483369640e+00 -1.865298977450805529e+00 4.604661617818263109e-01 -5.556181676548028747e-01 -8.252964512455160939e-01 -2.027645007879701922e+00
-1.859537122908489160e+00 -1.863095281384654855e+00 4.612186302508925473e-01 -5.510152540852113479e-01 -8.154166507686200216e-01 -2.024457457309171371e+00
-1.851145829828347633e+00 -1.860884498725206004e+00 4.619748133978321403e-01 -5.464382188520533479e-01 -8.055107679577344637e-01 -2.021273841186058462e+00
-1.842748164809667077e+00 -1.858666608159780242e+00 4.627347593351699429e-01 -5.418872554773137562e-01 -7.955791240888883120e-01 -2.018094169920252590e+00
-1.834344206557817714e+00 -1.856441587994116960e+00 4.634985178764065017e-01 -5.373625565879529553e-01 -7.856220457673837032e-01 -2.014918453589806813e+00
-1.825934033922073318e+00 -1.854209416137771571e+00 4.642661405875397329e-01 -5.328643138685169589e-01 -7.756398649356732733e-01 -2.011746701942015214e+00
-1.817517725901054426e+00 -1.851970070089051790e+00 4.650376808394174888e-01 -5.283927180141601010e-01 -7.656329188816117792e-01 -2.008578924394505805e+00
-1.809095361648366040e+00 -1.849723526919488936e+00 4.658131938608401357e-01 -5.239479586862851868e-01 -7.556015502518189653e-01 -2.005415130036345417e+00
-1.800667020478432079e+00 -1.847469763257834074e+00 4.665927367924175839e-01 -5.195302244656705426e-01 -7.455461070593762951e-01 -2.002255327629161474e+00
-1.792232781872530989e+00 -1.845208755273575418e+00 4.673763687411196521e-01 -5.151397028059785388e-01 -7.354669426918718500e-01 -1.999099525608276195e+00
-1.783792725485040087e+00 -1.842940478659971681e+00 4.681641508355513515e-01 -5.107765799883574598e-01 -7.253644159213845644e-01 -1.995947732083857451e+00
-1.775346931149890839e+00 -1.840664908616592488e+00 4.689561462819312188e-01 -5.064410410520676642e-01 -7.152388908611528873e-01 -1.992799954842082277e+00
-1.766895478887241744e+00 -1.838382019831364733e+00 4.697524204206993681e-01 -5.021332697498805953e-01 -7.050907369748173892e-01 -1.989656201346316600e+00
-1.758438448910372820e+00 -1.836091786462115572e+00 4.705530407837458240e-01 -4.978534485047463320e-01 -6.949203290881598161e-01 -1.986516478738308500e+00
-1.749975921632806575e+00 -1.833794182117612026e+00 4.713580771521980184e-01 -4.936017583668179665e-01 -6.847280474014114660e-01 -1.983380793839397471e+00
-1.741507977675661234e+00 -1.831489179838088344e+00 4.721676016148020905e-01 -4.893783789713352927e-01 -6.745142775033232674e-01 -1.980249153151737218e+00
-1.733034697875241559e+00 -1.829176752075260648e+00 4.729816886268177201e-01 -4.851834884969736805e-01 -6.642794103861868749e-01 -1.977121562859533999e+00
-1.724556163290869026e+00 -1.826856870671824451e+00 4.738004150693581051e-01 -4.810172636255833911e-01 -6.540238424640258952e-01 -1.973998028830299845e+00
-1.716072455212962033e+00 -1.824529506840430138e+00 4.746238603091825770e-01 -4.768798795022302084e-01 -6.437479755915698210e-01 -1.970878556616120658e+00
-1.707583655171365233e+00 -1.822194631142136423e+00 4.754521062588991653e-01 -4.727715096966509378e-01 -6.334522170866987434e-01 -1.967763151454938964e+00
-1.699089844943937333e+00 -1.819852213464339119e+00 4.762852374375101672e-01 -4.686923261652293782e-01 -6.231369797544159539e-01 -1.964651818271852646e+00
-1.690591106565400459e+00 -1.817502222998171657e+00 4.771233410312413215e-01 -4.646424992138535881e-01 -6.128026819133021164e-01 -1.961544561680427234e+00
-1.682087522336456864e+00 -1.815144628215377809e+00 4.779665069546753520e-01 -4.606221973961837080e-01 -6.024497472656529240e-01 -1.958441385984024619e+00
-1.673579174833176086e+00 -1.812779396844656388e+00 4.788148279120185147e-01 -4.566315874792987728e-01 -5.920786049261874684e-01 -1.955342295177146195e+00
-1.665066146916661882e+00 -1.810406495847477037e+00 4.796683994585692612e-01 -4.526708344065371037e-01 -5.816896894444738564e-01 -1.952247292946791113e+00
-1.656548521742998492e+00 -1.808025891393368001e+00 4.805273200622738328e-01 -4.487401012656568877e-01 -5.712834408410014664e-01 -1.949156382673830068e+00
-1.648026382773485121e+00 -1.805637548834676087e+00 4.813916911653153274e-01 -4.448395492583914201e-01 -5.608603046477635967e-01 -1.946069567434394409e+00
-1.639499813785162630e+00 -1.803241432680802836e+00 4.822616172456895001e-01 -4.409693376712084945e-01 -5.504207319531118081e-01 -1.942986850001279908e+00
-1.630968898881635987e+00 -1.800837506571916657e+00 4.831372058786654322e-01 -4.371296238471984452e-01 -5.399651794509259251e-01 -1.939908232845365621e+00
-1.622433722504200926e+00 -1.798425733252146941e+00 4.840185677980902157e-01 -4.333205631595207219e-01 -5.294941094954317418e-01 -1.936833718137049187e+00
-1.613894369443273469e+00 -1.796006074542260356e+00 4.849058169574947397e-01 -4.295423089858596555e-01 -5.190079901605502144e-01 -1.933763307747696336e+00
-1.605350924850133865e+00 -1.793578491311829337e+00 4.857990705908658557e-01 -4.257950126840408522e-01 -5.085072953044100785e-01 -1.930697003251105714e+00
-1.596803474248985388e+00 -1.791142943450892311e+00 4.866984492730135337e-01 -4.220788235691097512e-01 -4.979925046401063593e-01 -1.927634805924990147e+00
-1.588252103549334660e+00 -1.788699389841117648e+00 4.876040769796016749e-01 -4.183938888909506382e-01 -4.874641038105691493e-01 -1.924576716752471883e+00
-1.579696899058695703e+00 -1.786247788326472241e+00 4.885160811465947828e-01 -4.147403538136282819e-01 -4.769225844709590323e-01 -1.921522736423593836e+00
-1.571137947495626630e+00 -1.783788095683408903e+00 4.894345927290350562e-01 -4.111183613959026317e-01 -4.663684443774964716e-01 -1.918472865336846134e+00
-1.562575336003097615e+00 -1.781320267590576378e+00 4.903597462591645639e-01 -4.075280525727076331e-01 -4.558021874824931263e-01 -1.915427103600708447e+00
-1.554009152162200813e+00 -1.778844258598065942e+00 4.912916799037430615e-01 -4.039695661376854208e-01 -4.452243240361763998e-01 -1.912385451035206962e+00
-1.545439484006200903e+00 -1.776360022096201252e+00 4.922305355204861788e-01 -4.004430387267230440e-01 -4.346353706955179419e-01 -1.909347907173487568e+00
-1.536866420034933789e+00 -1.773867510283887228e+00 4.931764587135443190e-01 -3.969486047999295497e-01 -4.240358506331731725e-01 -1.906314471263403254e+00
-1.528290049229557024e+00 -1.771366674136527930e+00 4.941295988879164658e-01 -3.934863966265125246e-01 -4.134262936592909554e-01 -1.903285142269118824e+00
-1.519710461067654617e+00 -1.768857463373528560e+00 4.950901093027062494e-01 -3.900565442704704289e-01 -4.028072363508847786e-01 -1.900259918872729159e+00
-1.511127745538701550e+00 -1.766339826425393333e+00 4.960581471230805506e-01 -3.866591755699946287e-01 -3.921792221683935153e-01 -1.897238799475894355e+00
-1.502541993159892009e+00 -1.763813710400440771e+00 4.970338734708422135e-01 -3.832944161238325265e-01 -3.815428015977686549e-01 -1.894221782201489068e+00
-1.493953294992331760e+00 -1.761279061051149508e+00 4.980174534735488656e-01 -3.799623892770875866e-01 -3.708985322971420917e-01 -1.891208864895268738e+00
-1.485361742657603124e+00 -1.758735822740151722e+00 4.990090563120529454e-01 -3.766632161070182505e-01 -3.602469792499924939e-01 -1.888200045127549576e+00
-1.476767428354700762e+00 -1.756183938405897704e+00 5.000088552663781716e-01 -3.733970154088464000e-01 -3.495887149251992732e-01 -1.885195320194905655e+00
-1.468170444877345826e+00 -1.753623349528008246e+00 5.010170277597442157e-01 -3.701639036801911420e-01 -3.389243194400961556e-01 -1.882194687121880650e+00
-1.459570885631678472e+00 -1.751053996092337250e+00 5.020337554006849556e-01 -3.669639951042347192e-01 -3.282543807269890923e-01 -1.879198142662714677e+00
-1.450968844654331402e+00 -1.748475816555768780e+00 5.030592240225414402e-01 -3.637974018311684876e-01 -3.175794956436002181e-01 -1.876205683303087346e+00
-1.442364416630889323e+00 -1.745888747810778074e+00 5.040936237207686021e-01 -3.606642339479178005e-01 -3.069002701517091758e-01 -1.873217305261875909e+00
-1.433757696914731650e+00 -1.743292725149777400e+00 5.051371488879935479e-01 -3.575645994452798515e-01 -2.962173194954753619e-01 -1.870233004492928952e+00
-1.425148781546262899e+00 -1.740687682229281830e+00 5.061899982466865344e-01 -3.544986041813968924e-01 -2.855312683758801651e-01 -1.867252776686854965e+00
-1.416537767272534332e+00 -1.738073551033913144e+00 5.072523748793348330e-01 -3.514663518415848120e-01 -2.748427511210578267e-01 -1.864276617272827341e+00
-1.407924751567256827e+00 -1.735450261840278952e+00 5.083244862559597177e-01 -3.484679438933029338e-01 -2.641524118481777261e-01 -1.861304521420404479e+00
-1.399309832651204566e+00 -1.732817743180752768e+00 5.094065442589795767e-01 -3.455034795358231658e-01 -2.534609046148195155e-01 -1.858336484041364534e+00
-1.390693109513015724e+00 -1.730175921807188377e+00 5.104987652051675706e-01 -3.425730556436512586e-01 -2.427688935558949268e-01 -1.855372499791556384e+00
-1.382074681930388405e+00 -1.727524722654600220e+00 5.116013698646701968e-01 -3.396767667025837323e-01 -2.320770530013267496e-01 -1.852412563072766138e+00
-1.373454650491671369e+00 -1.724864068804845330e+00 5.127145834769444299e-01 -3.368147047376899295e-01 -2.213860675707142178e-01 -1.849456668034598295e+00
-1.364833116617853115e+00 -1.722193881450341024e+00 5.138386357635177371e-01 -3.339869592316815350e-01 -2.106966322380623424e-01 -1.846504808576372225e+00
-1.356210182584948853e+00 -1.719514079857855426e+00 5.149737609375225622e-01 -3.311936170330309626e-01 -2.000094523622792941e-01 -1.843556978349035091e+00
-1.347585951546784067e+00 -1.716824581332407451e+00 5.161201977098036631e-01 -3.284347622524299570e-01 -1.893252436761003743e-01 -1.840613170757088080e+00
-1.338960527558176405e+00 -1.714125301181315786e+00 5.172781892915050417e-01 -3.257104761462950027e-01 -1.786447322259254733e-01 -1.837673378960529513e+00
-1.330334015598515940e+00 -1.711416152678436386e+00 5.184479833930992765e-01 -3.230208369864973061e-01 -1.679686542562155438e-01 -1.834737595876812621e+00
-1.321706521595739758e+00 -1.708697047028630900e+00 5.196298322197241415e-01 -3.203659199153605641e-01 -1.572977560311086265e-01 -1.831805814182817738e+00
-1.313078152450704916e+00 -1.705967893332504870e+00 5.208239924626582029e-01 -3.177457967865151556e-01 -1.466327935911388991e-01 -1.828878026316840044e+00
-1.304449016061955291e+00 -1.703228598551464135e+00 5.220307252869147430e-01 -3.151605359886815449e-01 -1.359745324294796553e-01 -1.825954224480592192e+00
-1.295819221350881456e+00 -1.700479067473128936e+00 5.232502963148214503e-01 -3.126102022538612690e-01 -1.253237470877825999e-01 -1.823034400641221131e+00
-1.287188878287272686e+00 -1.697719202677155259e+00 5.244829756054971703e-01 -3.100948564504992788e-01 -1.146812206681686597e-01 -1.820118546533340709e+00
-1.278558097915256653e+00 -1.694948904501506703e+00 5.257290376299518231e-01 -3.076145553625366791e-01 -1.040477442591045687e-01 -1.817206653661077587e+00
-1.269926992379628139e+00 -1.692168071009229724e+00 5.269887612417276657e-01 -3.051693514571498511e-01 -9.342411628021984882e-02 -1.814298713300132704e+00
-1.261295674952559231e+00 -1.689376597955779324e+00 5.282624296429566657e-01 -3.027592926436513121e-01 -8.281114175030390712e-02 -1.811394716499856061e+00
-1.252664260060688761e+00 -1.686574378756946713e+00 5.295503303454898170e-01 -3.003844220274292098e-01 -7.220963148889447680e-02 -1.808494654085336162e+00
-1.244032863312586557e+00 -1.683761304457447316e+00 5.308527551270025846e-01 -2.980447776633745605e-01 -6.162040126517398519e-02 -1.805598516659503217e+00
-1.235401601526587179e+00 -1.680937263700219564e+00 5.321699999816839055e-01 -2.957403923136623369e-01 -5.104427091091601199e-02 -1.802706294605246784e+00
-1.226770592758985590e+00 -1.678102142696497046e+00 5.335023650653132332e-01 -2.934712932153027420e-01 -4.048206341809779119e-02 -1.799817978087545622e+00
-1.218139956332587648e+00 -1.675255825196714232e+00 5.348501546347025348e-01 -2.912375018573518659e-01 -2.993460401998859766e-02 -1.796933557055612196e+00
-1.209509812865607437e+00 -1.672398192462307476e+00 5.362136769805091463e-01 -2.890390337825683442e-01 -1.940271931915527048e-02 -1.794053021245049839e+00
-1.200880284300900325e+00 -1.669529123238480572e+00 5.375932443533392169e-01 -2.868758984125603373e-01 -8.887236462431502559e-03 -1.791176360180023241e+00
-1.192251493935520656e+00 -1.666648493728007496e+00 5.389891728827920225e-01 -2.847480988993660311e-01 1.611017619750132468e-03 -1.788303563175440702e+00
-1.183623566450589415e+00 -1.663756177566143579e+00 5.404017824891313992e-01 -2.826556320056374805e-01 1.209121689414782708e-02 -1.785434619339150153e+00
-1.174996627941457206e+00 -1.660852045796726184e+00 5.418313967870694858e-01 -2.805984880132923465e-01 2.255253681923630182e-02 -1.782569517574146500e+00
-1.166370805948148348e+00 -1.657935966849543252e+00 5.432783429814665999e-01 -2.785766506608391424e-01 3.299415484495460404e-02 -1.779708246580791409e+00
-1.157746229486063871e+00 -1.655007806519051883e+00 5.447429517544986055e-01 -2.765900971072869918e-01 4.341525081920494245e-02 -1.776850794859044402e+00
-1.149123029076924762e+00 -1.652067427944540423e+00 5.462255571439996737e-01 -2.746387979205495711e-01 5.381500730289134893e-02 -1.773997150710706405e+00
-1.140501336779936370e+00 -1.649114691591813342e+00 5.477264964125954094e-01 -2.727227170873247619e-01 6.419260980001650907e-02 -1.771147302241673271e+00
-1.131881286223144212e+00 -1.646149455236502579e+00 5.492461099074281705e-01 -2.708418120413975672e-01 7.454724691030945039e-02 -1.768301237364201084e+00
-1.123263012634962088e+00 -1.643171573949091302e+00 5.507847409101173097e-01 -2.689960337072745400e-01 8.487811041285464597e-02 -1.765458943799182556e+00
-1.114646652875838306e+00 -1.640180900081753546e+00 5.523427354767996844e-01 -2.671853265551524803e-01 9.518439529476729888e-02 -1.762620409078432537e+00
-1.106032345470034706e+00 -1.637177283257103655e+00 5.539204422678457584e-01 -2.654096286654601400e-01 1.054652997289755589e-01 -1.759785620546985063e+00
-1.097420230637486505e+00 -1.634160570358961007e+00 5.555182123670909800e-01 -2.636688717998483256e-01 1.157200250127861096e-01 -1.756954565365399956e+00
-1.088810450325707002e+00 -1.631130605525230592e+00 5.571363990903015484e-01 -2.619629814763180242e-01 1.259477754758999701e-01 -1.754127230512078528e+00
-1.080203148241701605e+00 -1.628087230143006936e+00 5.587753577827284657e-01 -2.602918770466515763e-01 1.361477583649617351e-01 -1.751303602785589941e+00
-1.071598469883855653e+00 -1.625030282846004148e+00 5.604354456054508882e-01 -2.586554717744593557e-01 1.463191837117441274e-01 -1.748483668807005120e+00
-1.062996562573751191e+00 -1.621959599514424255e+00 5.621170213103440227e-01 -2.570536729126271513e-01 1.564612641902498602e-01 -1.745667415022241320e+00
-1.054397575487872274e+00 -1.618875013277368158e+00 5.638204450034283166e-01 -2.554863817791566127e-01 1.665732149674599150e-01 -1.742854827704414022e+00
-1.045801659689152618e+00 -1.615776354517906022e+00 5.655460778964160884e-01 -2.539534938306122758e-01 1.766542535517503509e-01 -1.740045892956197493e+00
-1.037208968158318090e+00 -1.612663450880913008e+00 5.672942820462369973e-01 -2.524548987326482585e-01 1.867035996419601496e-01 -1.737240596712194218e+00
-1.028619655824972057e+00 -1.609536127283786033e+00 5.690654200823465070e-01 -2.509904804272429235e-01 1.967204749795068430e-01 -1.734438924741311450e+00
-1.020033879598368109e+00 -1.606394205930155916e+00 5.708598549215875284e-01 -2.495601171964345610e-01 2.067041032052672200e-01 -1.731640862649144852e+00
-1.011451798397817736e+00 -1.603237506326708139e+00 5.726779494704616891e-01 -2.481636817224621705e-01 2.166537097224385811e-01 -1.728846395880371034e+00
-1.002873573182668565e+00 -1.600065845303229262e+00 5.745200663145615394e-01 -2.468010411442180807e-01 2.265685215667363472e-01 -1.726055509721145631e+00
-9.942993669817923319e-01 -1.596879037035994653e+00 5.763865673949899460e-01 -2.454720571100916793e-01 2.364477672843570133e-01 -1.723268189301508491e+00
-9.857293449225155157e-01 -1.593676893074613243e+00 5.782778136715750472e-01 -2.441765858271804923e-01 2.462906768188179996e-01 -1.720484419597796188e+00
-9.771636742589211444e-01 -1.590459222372451187e+00 5.801941647726893692e-01 -2.429144781071679304e-01 2.560964814058364070e-01 -1.717704185435059427e+00
-9.686025243994493827e-01 -1.587225831320744796e+00 5.821359786314910245e-01 -2.416855794088825782e-01 2.658644134771401824e-01 -1.714927471489487099e+00
-9.600460669337200770e-01 -1.583976523786529755e+00 5.841036111084045857e-01 -2.404897298778285730e-01 2.755937065723954582e-01 -1.712154262290835671e+00
-9.514944756584928776e-01 -1.580711101154497200e+00 5.860974155996616641e-01 -2.393267643827348135e-01 2.852835952599535041e-01 -1.709384542224864134e+00
-9.429479266026827844e-01 -1.577429362372898769e+00 5.881177426317180101e-01 -2.381965125494014401e-01 2.949333150655868430e-01 -1.706618295535773377e+00
-9.344065980513387437e-01 -1.574131104003617221e+00 5.901649394404626658e-01 -2.370987989800914519e-01 3.045421010328257516e-01 -1.703855506328650904e+00
-9.258706705684898175e-01 -1.570816120276528283e+00 5.922393495359489224e-01 -2.360334432676669536e-01 3.141091876620918377e-01 -1.701096158571918870e+00
-9.173403270187594494e-01 -1.567484203148273636e+00 5.943413122525635917e-01 -2.350002600075913328e-01 3.236338088567829452e-01 -1.698340236099787237e+00
-9.088157525876430221e-01 -1.564135142365554287e+00 5.964711622844310890e-01 -2.339990588080409495e-01 3.331151978753807974e-01 -1.695587722614709802e+00
-9.002971348003461216e-01 -1.560768725533069112e+00 5.986292292059441911e-01 -2.330296442982640048e-01 3.425525872893371293e-01 -1.692838601689843792e+00
-8.917846635390640486e-01 -1.557384738186202711e+00 6.008158369772993446e-01 -2.320918161353795472e-01 3.519452089459922384e-01 -1.690092856771512109e+00
-8.832785310585888894e-01 -1.553982963868585143e+00 6.030313034349104040e-01 -2.311853690097471770e-01 3.612922939361808972e-01 -1.687350471181668254e+00
-8.747789320001215785e-01 -1.550563184214626133e+00 6.052759397653361129e-01 -2.303100928323107421e-01 3.705930710008247253e-01 -1.684611428120363463e+00
-8.662860634031530616e-01 -1.547125179037149412e+00 6.075500499638804008e-01 -2.294657727211439902e-01 3.798467664976707958e-01 -1.681875710668215618e+00
-8.578001247152862163e-01 -1.543668726420232895e+00 6.098539302777662430e-01 -2.286521889869319590e-01 3.890526043710895721e-01 -1.679143301788878828e+00
-8.493213177998550911e-01 -1.540193602817356844e+00 6.121878686338166897e-01 -2.278691171176101538e-01 3.982098061233689812e-01 -1.676414184331514790e+00
-8.408498469412002407e-01 -1.536699583154967463e+00 6.145521440505696820e-01 -2.271163277621479626e-01 4.073175907878971991e-01 -1.673688341033263915e+00
-8.323859188474482806e-01 -1.533186440941551876e+00 6.169470260348148827e-01 -2.263935867137214508e-01 4.163751749021296078e-01 -1.670965754521716251e+00
-8.239297426506402289e-01 -1.529653948382320383e+00 6.193727739624766970e-01 -2.257006548922553257e-01 4.253817724805668554e-01 -1.668246407317382829e+00
-8.154815299040496512e-01 -1.526101876499591725e+00 6.218296364438375967e-01 -2.250372883264644130e-01 4.343365949863620123e-01 -1.665530281836163917e+00
-8.070414945765209680e-01 -1.522529995258966595e+00 6.243178506731603683e-01 -2.244032381354421624e-01 4.432388513008729269e-01 -1.662817360391818156e+00
-7.986098530436538390e-01 -1.518938073701378677e+00 6.268376417629727415e-01 -2.237982504379725235e-01 4.520877484690881687e-01 -1.660107625198427028e+00
-7.901868240756617645e-01 -1.515325880081096699e+00 6.293892220627707035e-01 -2.232220663437924912e-01 4.608824916406932815e-01 -1.657401058372858449e+00
-7.817726288217139441e-01 -1.511693182009755887e+00 6.319727904621763592e-01 -2.226744219443062001e-01 4.696222840048003278e-01 -1.654697641937225683e+00
-7.733674907905747631e-01 -1.508039746606488762e+00 6.345885316786552544e-01 -2.221550483027672218e-01 4.783063267169271882e-01 -1.651997357821342716e+00
-7.649716358273406236e-01 -1.504365340654220340e+00 6.372366155298515578e-01 -2.216636714439528255e-01 4.869338188164240577e-01 -1.649300187865174738e+00
-7.565852920860778319e-01 -1.500669730762187903e+00 6.399171961898656447e-01 -2.212000124273061363e-01 4.955039560649292518e-01 -1.646606113821283524e+00
-7.482086899981457151e-01 -1.496952683534743755e+00 6.426304114295154912e-01 -2.207637874083021590e-01 5.040159297288462348e-01 -1.643915117357266364e+00
-7.398420622359913601e-01 -1.493213965746498673e+00 6.453763818416908826e-01 -2.203547076032805752e-01 5.124689264515347453e-01 -1.641227180058187907e+00
-7.314856436721952626e-01 -1.489453344523841150e+00 6.481552100519590853e-01 -2.199724792535959761e-01 5.208621281079683918e-01 -1.638542283429004653e+00
-7.231396713335476178e-01 -1.485670587532869291e+00 6.509669799146741154e-01 -2.196168035889645154e-01 5.291947116395374628e-01 -1.635860408896980367e+00
-7.148043843499212180e-01 -1.481865463173757114e+00 6.538117556948437326e-01 -2.192873767899046200e-01 5.374658488656840483e-01 -1.633181537814092588e+00
-7.064800238977104740e-01 -1.478037740781573683e+00 6.566895812352717687e-01 -2.189838900085083750e-01 5.456747053181851825e-01 -1.630505651459428051e+00
-6.981668331375932013e-01 -1.474187190833566863e+00 6.596004791094709496e-01 -2.187060293486793316e-01 5.538204394885068993e-01 -1.627832731041567005e+00
-6.898650571463718073e-01 -1.470313585162919878e+00 6.625444497608916627e-01 -2.184534758240941343e-01 5.619022022859612164e-01 -1.625162757700955307e+00
-6.815749428426416401e-01 -1.466416697178969608e+00 6.655214706290545346e-01 -2.182259052997717053e-01 5.699191366614995147e-01 -1.622495712512261878e+00
-6.732967389060378061e-01 -1.462496302093870604e+00 6.685314952628333973e-01 -2.180229884336966073e-01 5.778703771310418347e-01 -1.619831576486722602e+00
-6.650306956898037747e-01 -1.458552177155677310e+00 6.715744524197084786e-01 -2.178443906398768171e-01 5.857550487302169984e-01 -1.617170330574467574e+00
-6.567770651264130954e-01 -1.454584101887820946e+00 6.746502451535282274e-01 -2.176897720076351739e-01 5.935722666096583389e-01 -1.614511955666830367e+00
-6.485361006259910965e-01 -1.450591858334928208e+00 6.777587498913254516e-01 -2.175587872162856318e-01 6.013211356110264028e-01 -1.611856432598640199e+00
-6.403080569672661149e-01 -1.446575231314918941e+00 6.808998154994186924e-01 -2.174510854502436086e-01 6.090007496935769815e-01 -1.609203742150492111e+00
-6.320931901807926856e-01 -1.442534008677314183e+00 6.840732623385341604e-01 -2.173663103141800779e-01 6.166101911597130503e-01 -1.606553865050996510e+00
-6.238917574241722441e-01 -1.438467981567671750e+00 6.872788813081934789e-01 -2.173040997391650908e-01 6.241485298436564300e-01 -1.603906781979005824e+00
-6.157040167512981554e-01 -1.434376944583610758e+00 6.905164328667868778e-01 -2.172640859672090308e-01 6.316148198661646340e-01 -1.601262473566361200e+00
-6.075302269708413583e-01 -1.430260696049017177e+00 6.937856460398905689e-01 -2.172458954149032451e-01 6.390080986671242691e-01 -1.598620920400633860e+00
-5.993706474968134579e-01 -1.426119038294936914e+00 6.970862174219686347e-01 -2.172491484956007302e-01 6.463273870703112323e-01 -1.595982103027833165e+00
-5.912255381900268780e-01 -1.421951777946274476e+00 7.004178101723677052e-01 -2.172734594355545390e-01 6.535716896248153773e-01 -1.593346001955077362e+00
-5.830951591901967213e-01 -1.417758726214151777e+00 7.037800530065799753e-01 -2.173184360868416487e-01 6.607399952906658491e-01 -1.590712597653225924e+00
-5.749797707384236567e-01 -1.413539699193755883e+00 7.071725391837963004e-01 -2.173836797414927524e-01 6.678312785184479239e-01 -1.588081870559468811e+00
-5.668796329898118103e-01 -1.409294518167493404e+00 7.105948254918200702e-01 -2.174687849526351080e-01 6.748445007438323984e-01 -1.585453801079873326e+00
-5.587950058159716349e-01 -1.405023009913262122e+00 7.140464312304807271e-01 -2.175733393695218343e-01 6.817786122702500506e-01 -1.582828369591881668e+00
-5.507261485971741699e-01 -1.400725007017622925e+00 7.175268371947468582e-01 -2.176969235934380631e-01 6.886325544603693061e-01 -1.580205556446760973e+00
-5.426733200039235427e-01 -1.396400348193652885e+00 7.210354846587992972e-01 -2.178391110604789294e-01 6.954052621056856509e-01 -1.577585341971997845e+00
-5.346367777677305533e-01 -1.392048878603241668e+00 7.245717743623721896e-01 -2.179994679550043557e-01 7.020956658116106475e-01 -1.574967706473639595e+00
-5.266167784408759545e-01 -1.387670450183571935e+00 7.281350655007586825e-01 -2.181775531546112923e-01 7.087026942288257025e-01 -1.572352630238574411e+00
-5.186135771449640330e-01 -1.383264921977526374e+00 7.317246747198896673e-01 -2.183729182043361305e-01 7.152252759874766497e-01 -1.569740093536750702e+00
-5.106274273080888548e-01 -1.378832160467730050e+00 7.353398751180089121e-01 -2.185851073152360602e-01 7.216623412390559267e-01 -1.567130076623330703e+00
-5.026585803904342065e-01 -1.374372039913939858e+00 7.389798952554932354e-01 -2.188136573809948970e-01 7.280128227686368803e-01 -1.564522559740776586e+00
-4.947072855981642370e-01 -1.369884442693468429e+00 7.426439181744398654e-01 -2.190580980058913774e-01 7.342756566962704845e-01 -1.561917523120863738e+00
-4.867737895854604702e-01 -1.365369259644321431e+00 7.463310804297030865e-01 -2.193179515381733502e-01 7.404497828244096524e-01 -1.559314946986619654e+00
-4.788583361445946096e-01 -1.360826390410713627e+00 7.500404711331211116e-01 -2.195927331042306641e-01 7.465341447133022612e-01 -1.556714811554184674e+00
-4.709611658839407689e-01 -1.356255743790613089e+00 7.537711310127672704e-01 -2.198819506405527147e-01 7.525276895726102921e-01 -1.554117097034590556e+00
-4.630825158938507435e-01 -1.351657238084958301e+00 7.575220514890902423e-01 -2.201851049219816225e-01 7.584293680515257208e-01 -1.551521783635454899e+00
-4.552226194003501369e-01 -1.347030801448170667e+00 7.612921737698737923e-01 -2.205016895860731907e-01 7.642381339994108735e-01 -1.548928851562585196e+00
-4.473817054066255849e-01 -1.342376372239588944e+00 7.650803879660542650e-01 -2.208311911543305861e-01 7.699529442524148948e-01 -1.546338281021492955e+00
-4.395599983223132945e-01 -1.337693899375424156e+00 7.688855322300375272e-01 -2.211730890374885572e-01 7.755727579049787046e-01 -1.543750052218810120e+00
-4.317577175806190937e-01 -1.332983342680843730e+00 7.727063919191250463e-01 -2.215268555494009917e-01 7.810965362693855774e-01 -1.541164145363608462e+00
-4.239750772433343862e-01 -1.328244673241772311e+00 7.765416987842727048e-01 -2.218919558398193548e-01 7.865232401354376179e-01 -1.538580540668614383e+00
-4.162122855938390487e-01 -1.323477873756004453e+00 7.803901301885062258e-01 -2.222678478858928219e-01 7.918518299690266993e-01 -1.535999218351319806e+00
-4.084695447182253858e-01 -1.318682938883210198e+00 7.842503083573767464e-01 -2.226539824901025977e-01 7.970812662362676271e-01 -1.533420158634981822e+00
-4.007470500747092323e-01 -1.313859875593393678e+00 7.881207996639616464e-01 -2.230498032864132174e-01 8.022105098490599495e-01 -1.530843341749510866e+00
-3.930449900515422534e-01 -1.309008703513377281e+00 7.920001139509427190e-01 -2.234547467561796008e-01 8.072385227236935634e-01 -1.528268747932241878e+00
-3.853635455136732446e-01 -1.304129455270863769e+00 7.958867038924042348e-01 -2.238682422549258533e-01 8.121642684379102306e-01 -1.525696357428588001e+00
-3.777028893384506425e-01 -1.299222176835636899e+00 7.997789643980657281e-01 -2.242897120506677222e-01 8.169867129678141104e-01 -1.523126150492569941e+00
-3.700631859407028657e-01 -1.294286927857454028e+00 8.036752320627464918e-01 -2.247185713736343793e-01 8.217048254760772608e-01 -1.520558107387222968e+00
-3.624445907875846196e-01 -1.289323782000184160e+00 8.075737846639358120e-01 -2.251542284763505819e-01 8.263175791152419514e-01 -1.517992208384875141e+00
-3.548472499036137151e-01 -1.284332827271745137e+00 8.114728407104351282e-01 -2.255960847016036386e-01 8.308239517951667708e-01 -1.515428433767296523e+00
-3.472712993663882308e-01 -1.279314166349396320e+00 8.153705590448077078e-01 -2.260435345337763469e-01 8.352229264823956001e-01 -1.512866763825715610e+00
-3.397168647935138175e-01 -1.274267916899944009e+00 8.192650385029852655e-01 -2.264959656640268548e-01 8.395134916816879844e-01 -1.510307178860703869e+00
-3.321840608213277868e-01 -1.269194211894425051e+00 8.231543176341433732e-01 -2.269527590437463438e-01 8.436946416311243979e-01 -1.507749659181923718e+00
-3.246729905760674662e-01 -1.264093199916830335e+00 8.270363744840160125e-01 -2.274132889151878612e-01 8.477653761047423409e-01 -1.505194185107740168e+00
-3.171837451381778195e-01 -1.258965045466446053e+00 8.309091264448308367e-01 -2.278769228067010211e-01 8.517246997233907102e-01 -1.502640736964695245e+00
-3.097164030005243873e-01 -1.253809929253389521e+00 8.347704301750688005e-01 -2.283430214807637970e-01 8.555716207114518745e-01 -1.500089295086842744e+00
-3.022710295213224541e-01 -1.248628048486929654e+00 8.386180815921767673e-01 -2.288109388266565958e-01 8.593051491043963708e-01 -1.497539839814945761e+00
-2.948476763726652905e-01 -1.243419617156193757e+00 8.424498159413650322e-01 -2.292800216962236348e-01 8.629242945006261323e-01 -1.494992351495532334e+00
-2.874463809855920537e-01 -1.238184866302870279e+00 8.462633079434589423e-01 -2.297496096901585627e-01 8.664280635473331493e-01 -1.492446810479813424e+00
-2.800671659926958768e-01 -1.232924044285532483e+00 8.500561720246689879e-01 -2.302190349106389977e-01 8.698154574134933092e-01 -1.489903197122459444e+00
-2.727100386693392942e-01 -1.227637417035224887e+00 8.538259626308809525e-01 -2.306876217011251118e-01 8.730854695087364448e-01 -1.487361491780238465e+00
-2.653749903746009942e-01 -1.222325268301968748e+00 8.575701746288011407e-01 -2.311546863944520247e-01 8.762370836552313413e-01 -1.484821674810514081e+00
-2.580619959931449436e-01 -1.216987899891863956e+00 8.612862437958633821e-01 -2.316195370853715296e-01 8.792692728190609763e-01 -1.482283726569604276e+00
-2.507710134552350034e-01 -1.211625632023999533e+00 8.649715474140248217e-01 -2.320814736373377762e-01 8.821810007291044364e-01 -1.479747627410801236e+00
