-1.111644487966059885e-01 9.184448900471753330e-01 -1.399371768487877699e+00 2.750760227877002695e-02 -8.818346970850015065e-01 1.617180135232217708e+00
-1.111644487966059885e-01 9.184448900471753330e-01 -1.399371768487877699e+00 2.750760227877002695e-02 -8.818346970850015065e-01 1.617180135232217708e+00
-1.111855899607440967e-01 9.184877469956316265e-01 -1.609463545550757546e+00 2.752579241323694151e-02 -8.818081409264687531e-01 1.617112237948744369e+00
-1.111981753565594033e-01 9.185479734313967137e-01 -1.840081046068418713e+00 2.756210070254149630e-02 -8.817553370035331461e-01 1.616977087342456487e+00
-1.111914273244719864e-01 9.186119858309098607e-01 -2.013769403512059242e+00 2.761646027670263542e-02 -8.816765966282502642e-01 1.616775325485989123e+00
-1.111677623781994473e-01 9.186737873812151900e-01 -2.117203495138255676e+00 2.768880918940909083e-02 -8.815722340388085776e-01 1.616507592559711659e+00
-1.111330166003226261e-01 9.187329189156292486e-01 -2.165051090922177401e+00 2.777909023347318457e-02 -8.814425664098320956e-01 1.616174526847452553e+00
-1.110923672037869431e-01 9.187910823157393603e-01 -2.178452783038084206e+00 2.788725075767459205e-02 -8.812879138645948185e-01 1.615776764732180570e+00
-1.110493953599377415e-01 9.188499501530817959e-01 -2.175066979369259634e+00 2.801324248495222838e-02 -8.811085994889862327e-01 1.615314940691640944e+00
-1.110062108857746976e-01 9.189104253878374040e-01 -2.166281560165066455e+00 2.815702133190339101e-02 -8.809049493470662018e-01 1.614789687293934017e+00
-1.109638594110104598e-01 9.189726992279122486e-01 -2.157918271403035160e+00 2.831854722954895570e-02 -8.806772924980422745e-01 1.614201635193034612e+00
-1.109227506344325070e-01 9.190365368223333276e-01 -2.152060537950415409e+00 2.849778394532613557e-02 -8.804259610145546144e-01 1.613551413124248990e+00
-1.108829992214280524e-01 9.191015239954174465e-01 -2.148793440652555731e+00 2.869469890626880418e-02 -8.801512900020954655e-01 1.612839647899598772e+00
-1.108446423908866774e-01 9.191672129258164903e-01 -2.147422378559136202e+00 2.890926302333788472e-02 -8.798536176194285963e-01 1.612066964403132241e+00
-1.108077474121450662e-01 9.192331855306152821e-01 -2.147152704539254664e+00 2.914145051686519577e-02 -8.795332850998990315e-01 1.611233985586164597e+00
-1.107724447150119085e-01 9.192990682296838800e-01 -2.147374841542881718e+00 2.939123874307763770e-02 -8.791906367735426997e-01 1.610341332462435382e+00
-1.107389224323950261e-01 9.193645245999219062e-01 -2.147720204116476239e+00 2.965860802166440241e-02 -8.788260200898068142e-01 1.609389624103186645e+00
-1.107074076845537131e-01 9.194292419346811185e-01 -2.148014746987695123e+00 2.994354146435718872e-02 -8.784397856408509009e-01 1.608379477632152721e+00
-1.106781482309408954e-01 9.194929194062868572e-01 -2.148206824536814441e+00 3.024602480448744871e-02 -8.780322871851937716e-01 1.607311508220472307e+00
-1.106513995760603081e-01 9.195552602620477023e-01 -2.148305570629986061e+00 3.056604622749435965e-02 -8.776038816717161017e-01 1.606186329081521702e+00
-1.106274178685229398e-01 9.196159677926744047e-01 -2.148340542935716968e+00 3.090359620235482233e-02 -8.771549292639037043e-01 1.605004551465655682e+00
-1.106064570362049748e-01 9.196747438671969421e-01 -2.148340730311706803e+00 3.125866731390597453e-02 -8.766857933641692968e-01 1.603766784654862221e+00
-1.105887683389570747e-01 9.197312888292331623e-01 -2.148326772380958705e+00 3.163125409603419202e-02 -8.761968406381530627e-01 1.602473635957340603e+00
-1.105746009523065482e-01 9.197853019093122917e-01 -2.148310358918806173e+00 3.202135286571063111e-02 -8.756884410390233242e-01 1.601125710701992721e+00
-1.105642027628695456e-01 9.198364816941380084e-01 -2.148296513329333468e+00 3.242896155785073009e-02 -8.751609678317117114e-01 1.599723612232827996e+00
-1.105578210084909446e-01 9.198845264726521753e-01 -2.148286326285053338e+00 3.285407956097227689e-02 -8.746147976168747729e-01 1.598267941903292133e+00
-1.105557026726166764e-01 9.199291344336549825e-01 -2.148279092847150018e+00 3.329670755363030310e-02 -8.740503103544013941e-01 1.596759299070509286e+00
-1.105580946717101137e-01 9.199700037524990437e-01 -2.148273624454477559e+00 3.375684734161950307e-02 -8.734678893866786309e-01 1.595198281089459380e+00
-1.105652439109327256e-01 9.200068326146917386e-01 -2.148268880829867555e+00 3.423450169592160558e-02 -8.728679214613275228e-01 1.593585483307084383e+00
-1.105773972744675815e-01 9.200393192127638287e-01 -2.148264167389577484e+00 3.472967419138561773e-02 -8.722507967534113282e-01 1.591921499056311307e+00
-1.105948015938768292e-01 9.200671617373064048e-01 -2.148259112951737215e+00 3.524236904612332300e-02 -8.716169088869039072e-01 1.590206919650003270e+00
-1.106177036165929412e-01 9.200900583710557301e-01 -2.148253570639075516e+00 3.577259096161911761e-02 -8.709666549557054660e-01 1.588442334374827070e+00
-1.106463499823687330e-01 9.201077072878759422e-01 -2.148247517397870787e+00 3.632034496353243186e-02 -8.703004355437020667e-01 1.586628330485084337e+00
-1.106809872079779211e-01 9.201198066556179889e-01 -2.148240981324896826e+00 3.688563624319189660e-02 -8.696186547440616366e-01 1.584765493196463426e+00
-1.107218616777233267e-01 9.201260546411632602e-01 -2.148233999807758199e+00 3.746846999977036102e-02 -8.689217201774660504e-01 1.582854405679721577e+00
-1.107692196370698851e-01 9.201261494163835986e-01 -2.148226601088917054e+00 3.806885128314280858e-02 -8.682100430096419963e-01 1.580895649054310237e+00
-1.108233071874396430e-01 9.201197891643615456e-01 -2.148218799798809364e+00 3.868678483742103019e-02 -8.674840379678229185e-01 1.578889802381939100e+00
-1.108843702811400517e-01 9.201066720855619607e-01 -2.148210599217257322e+00 3.932227494516083582e-02 -8.667441233563278891e-01 1.576837442660117494e+00
-1.109526547159369603e-01 9.200864964040386118e-01 -2.148201995326316283e+00 3.997532527224159637e-02 -8.659907210707841196e-01 1.574739144815630487e+00
-1.110284061292477892e-01 9.200589603736701871e-01 -2.148192980341899094e+00 4.064593871341976028e-02 -8.652242566111135735e-01 1.572595481697974806e+00
-1.111118699920032038e-01 9.200237622845074403e-01 -2.148183544965188041e+00 4.133411723856382503e-02 -8.644451590933682761e-01 1.570407024072774327e+00
-1.112032916021986617e-01 9.199806004693522610e-01 -2.148173679889796794e+00 4.203986173957360850e-02 -8.636538612601862841e-01 1.568174340615133833e+00
-1.113029160783115951e-01 9.199291733104659752e-01 -2.148163376221617238e+00 4.276317187799098807e-02 -8.628507994900002087e-01 1.565897997902956140e+00
-1.114109883525725569e-01 9.198691792464371852e-01 -2.148152625569226704e+00 4.350404593331052422e-02 -8.620364138046789915e-01 1.563578560410236573e+00
-1.115277531640838787e-01 9.198003167792452306e-01 -2.148141420005535984e+00 4.426248065199617221e-02 -8.612111478763957439e-01 1.561216590500298373e+00
-1.116534550518313296e-01 9.197222844814620935e-01 -2.148129751932449594e+00 4.503847109721714759e-02 -8.603754490323578530e-01 1.558812648419037661e+00
-1.117883383475763853e-01 9.196347810035944148e-01 -2.148117613812672300e+00 4.583201049932478233e-02 -8.595297682578703080e-01 1.556367292288098003e+00
-1.119326471685802016e-01 9.195375050815852713e-01 -2.148104998172942093e+00 4.664309010706671477e-02 -8.586745601984917542e-01 1.553881078098051427e+00
-1.120866254102205889e-01 9.194301555444266416e-01 -2.148091897480826074e+00 4.747169903956817427e-02 -8.578102831601482903e-01 1.551354559701602742e+00
-1.122505167385010882e-01 9.193124313218457022e-01 -2.148078304181586518e+00 4.831782413908602969e-02 -8.569373991080204700e-01 1.548788288806736135e+00
-1.124245645824333700e-01 9.191840314521343425e-01 -2.148064210622603998e+00 4.918144982457818559e-02 -8.560563736629859255e-01 1.546182814969806474e+00
-1.126090121262390137e-01 9.190446550901496536e-01 -2.148049609341136090e+00 5.006255794608174825e-02 -8.551676760968019986e-01 1.543538685588724535e+00
-1.128041023015331074e-01 9.188940015154045682e-01 -2.148034492992923372e+00 5.096112763992166617e-02 -8.542717793259946291e-01 1.540856445896082505e+00
-1.130100777793366928e-01 9.187317701403490133e-01 -2.148018854062449190e+00 5.187713518479424024e-02 -8.533691599033187414e-01 1.538136638952292357e+00
-1.132271809619263409e-01 9.185576605187065757e-01 -2.148002684992759370e+00 5.281055385874097730e-02 -8.524602980073938685e-01 1.535379805638770412e+00
-1.134556539745710524e-01 9.183713723539701501e-01 -2.147985978296055087e+00 5.376135379702343814e-02 -8.515456774309071442e-01 1.532586484651093262e+00
-1.136957386571530587e-01 9.181726055080647875e-01 -2.147968726295347075e+00 5.472950185094760389e-02 -8.506257855667063161e-01 1.529757212492054430e+00
-1.139476765556584476e-01 9.179610600100157614e-01 -2.147950921671417213e+00 5.571496144765535757e-02 -8.497011133920565618e-01 1.526892523464871587e+00
-1.142117089136789748e-01 9.177364360648397890e-01 -2.147932557160398659e+00 5.671769245090647893e-02 -8.487721554509071176e-01 1.523992949666435948e+00
-1.144880766637534769e-01 9.174984340624899870e-01 -2.147913625281741457e+00 5.773765102290796813e-02 -8.478394098340298335e-01 1.521059020980447096e+00
-1.147770204185095538e-01 9.172467545868688843e-01 -2.147894118600089719e+00 5.877478948718687507e-02 -8.469033781574203390e-01 1.518091265070696805e+00
-1.150787804617019461e-01 9.169810984250882369e-01 -2.147874029725073353e+00 5.982905619256673885e-02 -8.459645655384820939e-01 1.515090207374325537e+00
-1.153935967391694628e-01 9.167011665768026729e-01 -2.147853351268095068e+00 6.090039537828229738e-02 -8.450234805701758445e-01 1.512056371095044982e+00
-1.157217088497027452e-01 9.164066602635926317e-01 -2.147832076002097690e+00 6.198874704020398974e-02 -8.440806352939762558e-01 1.508990277196491592e+00
-1.160633560358367983e-01 9.160972809385302673e-01 -2.147810196308023833e+00 6.309404679830538099e-02 -8.431365451699921465e-01 1.505892444395491525e+00
-1.164187771743389610e-01 9.157727302957053839e-01 -2.147787704645384821e+00 6.421622576538359162e-02 -8.421917290447562543e-01 1.502763389155381768e+00
-1.167882107667002484e-01 9.154327102800347005e-01 -2.147764593868659144e+00 6.535521041699444977e-02 -8.412467091178924550e-01 1.499603625679523544e+00
-1.171718949297394646e-01 9.150769230971587120e-01 -2.147740856960894451e+00 6.651092246271406161e-02 -8.403020109063932264e-01 1.496413665904684498e+00
-1.175700673859923773e-01 9.147050712234208181e-01 -2.147716486625909305e+00 6.768327871877105606e-02 -8.393581632065089115e-01 1.493194019494591851e+00
-1.179829654538736977e-01 9.143168574157619632e-01 -2.147691475332729194e+00 6.887219098206831536e-02 -8.384156980536371373e-01 1.489945193833386083e+00
-1.184108260376243310e-01 9.139119847218438730e-01 -2.147665815812189294e+00 7.007756590567489063e-02 -8.374751506796243028e-01 1.486667694019215169e+00
-1.188538856174444214e-01 9.134901564903398219e-01 -2.147639500712612115e+00 7.129930487570612652e-02 -8.365370594690835215e-01 1.483362022857848572e+00
-1.193123802393435823e-01 9.130510763812552666e-01 -2.147612522549138703e+00 7.253730388973546328e-02 -8.356019659132970512e-01 1.480028680856446011e+00
-1.197865455048341132e-01 9.125944483763575032e-01 -2.147584874044514258e+00 7.379145343685350467e-02 -8.346704145610422954e-01 1.476668166217236511e+00
-1.202766165607771498e-01 9.121199767896853716e-01 -2.147556547965403073e+00 7.506163837921518700e-02 -8.337429529687242491e-01 1.473280974831281398e+00
-1.207828280890707040e-01 9.116273662781162468e-01 -2.147527536874278997e+00 7.634773783533152502e-02 -8.328201316472620963e-01 1.469867600272264374e+00
-1.213054142960020426e-01 9.111163218520570428e-01 -2.147497833438191339e+00 7.764962506495881600e-02 -8.319025040078911193e-01 1.466428533790470334e+00
-1.218446089017760636e-01 9.105865488862002755e-01 -2.147467431034648655e+00 7.896716735577719026e-02 -8.309906263052407871e-01 1.462964264306862550e+00
-1.224006451302519366e-01 9.100377531307801693e-01 -2.147436322686197663e+00 8.030022591184675373e-02 -8.300850575785144736e-01 1.459475278407029952e+00
-1.229737556980496499e-01 9.094696407223739065e-01 -2.147404501037554869e+00 8.164865574385306302e-02 -8.291863595908621765e-01 1.455962060335403097e+00
-1.235641728034636844e-01 9.088819181947896952e-01 -2.147371958202862530e+00 8.301230556135989758e-02 -8.282950967655745567e-01 1.452425091989260952e+00
-1.241721281151995648e-01 9.082742924898462578e-01 -2.147338686806374852e+00 8.439101766678390459e-02 -8.274118361219662265e-01 1.448864852913077650e+00
-1.247978527616534633e-01 9.076464709687972476e-01 -2.147304680145401878e+00 8.578462785142249025e-02 -8.265371472084256377e-01 1.445281820292853459e+00
-1.254415773203342022e-01 9.069981614238974421e-01 -2.147269931454782732e+00 8.719296529363564086e-02 -8.256716020323716654e-01 1.441676468950517487e+00
-1.261035318066888733e-01 9.063290720897185793e-01 -2.147234433430889045e+00 8.861585245883732420e-02 -8.248157749902361724e-01 1.438049271338514012e+00
-1.267839456625079186e-01 9.056389116542242768e-01 -2.147198178380818501e+00 9.005310500177528266e-02 -8.239702427940218676e-01 1.434400697534284896e+00
-1.274830477442204513e-01 9.049273892700765431e-01 -2.147161159098534000e+00 9.150453167096792018e-02 -8.231355843959721197e-01 1.430731215234796183e+00
-1.282010663118352267e-01 9.041942145664219055e-01 -2.147123368136192756e+00 9.296993421512013411e-02 -8.223123809128790596e-01 1.427041289751477926e+00
-1.289382290171896539e-01 9.034390976604230739e-01 -2.147084798454527821e+00 9.444910729177120878e-02 -8.215012155484880951e-01 1.423331384005029454e+00
-1.296947628926918838e-01 9.026617491691950601e-01 -2.147045443027086886e+00 9.594183837854312891e-02 -8.207026735117994853e-01 1.419601958520232188e+00
-1.304708943396319376e-01 9.018618802217002184e-01 -2.147005294665765618e+00 9.744790768653183166e-02 -8.199173419349671255e-01 1.415853471421156140e+00
-1.312668491163592188e-01 9.010392024704445557e-01 -2.146964346613152941e+00 9.896708807609415348e-02 -8.191458097892753143e-01 1.412086378426025357e+00
-1.320828523269685084e-01 9.001934281035542940e-01 -2.146922591551886583e+00 1.004991449752645066e-01 -8.183886677980811708e-01 1.408301132842266323e+00
-1.329191284089291103e-01 8.993242698563634896e-01 -2.146880021968361696e+00 1.020438363002555138e-01 -8.176465083504566023e-01 1.404498185562014667e+00
-1.337759011209739834e-01 8.984314410232241421e-01 -2.146836630985843986e+00 1.036009123786775232e-01 -8.169199254117992526e-01 1.400677985057479757e+00
-1.346533935316537867e-01 8.975146554701016743e-01 -2.146792411794602895e+00 1.051701158753544224e-01 -8.162095144326073637e-01 1.396840977376262449e+00
-1.355518280073968462e-01 8.965736276467345389e-01 -2.146747357212747787e+00 1.067511817204091495e-01 -8.155158722574288310e-01 1.392987606137076728e+00
-1.364714261999606382e-01 8.956080725986065305e-01 -2.146701460375088022e+00 1.083438370404548462e-01 -8.148395970295965185e-01 1.389118312525391641e+00
-1.374124090345441862e-01 8.946177059794575559e-01 -2.146654713494406508e+00 1.099478010923418403e-01 -8.141812880952016274e-01 1.385233535289067230e+00
-1.383749966966302258e-01 8.936022440626681940e-01 -2.146607108956825272e+00 1.115627851995217856e-01 -8.135415459061988708e-01 1.381333710734215403e+00
-1.393594086197972315e-01 8.925614037536324652e-01 -2.146558639818426872e+00 1.131884926912094386e-01 -8.129209719218418728e-01 1.377419272721294607e+00
-1.403658634739519129e-01 8.914949026028305967e-01 -2.146509299287174599e+00 1.148246188443766275e-01 -8.123201685085785773e-01 1.373490652661181644e+00
-1.413945791530080154e-01 8.904024588185229794e-01 -2.146459080714232304e+00 1.164708508285874078e-01 -8.117397388385962920e-01 1.369548279511351163e+00
-1.424457727626331494e-01 8.892837912793285504e-01 -2.146407976608257329e+00 1.181268676540163376e-01 -8.111802867855959498e-01 1.365592579772134441e+00
-1.435196606067450920e-01 8.881386195459077815e-01 -2.146355979434793948e+00 1.197923401218275868e-01 -8.106424168220863757e-01 1.361623977483142012e+00
-1.446164581748202449e-01 8.869666638734187147e-01 -2.146303081946036251e+00 1.214669307776802265e-01 -8.101267339145699076e-01 1.357642894219631025e+00
-1.457363801295479266e-01 8.857676452243488097e-01 -2.146249277398225797e+00 1.231502938681953291e-01 -8.096338434176032495e-01 1.353649749089297583e+00
-1.468796402947740998e-01 8.845412852816754157e-01 -2.146194559011175063e+00 1.248420753006178469e-01 -8.091643509659981470e-01 1.349644958728971833e+00
-1.480464516428082467e-01 8.832873064614058523e-01 -2.146138919896558139e+00 1.265419126057548693e-01 -8.087188623649756991e-01 1.345628937301318606e+00
-1.492370262814900483e-01 8.820054319252186303e-01 -2.146082352863382781e+00 1.282494349037576198e-01 -8.082979834805523733e-01 1.341602096491758100e+00
-1.504515754407703965e-01 8.806953855931332065e-01 -2.146024850740459566e+00 1.299642628726222215e-01 -8.079023201306237967e-01 1.337564845505729405e+00
-1.516903094597552570e-01 8.793568921563943430e-01 -2.145966406164191653e+00 1.316860087203006180e-01 -8.075324779731403169e-01 1.333517591065697561e+00
-1.529534377737073736e-01 8.779896770896475910e-01 -2.145907011400057574e+00 1.334142761600705107e-01 -8.071890623930565445e-01 1.329460737408506121e+00
-1.542411689003539144e-01 8.765934666634385142e-01 -2.145846659172800930e+00 1.351486603886531412e-01 -8.068726783904767164e-01 1.325394686282971524e+00
-1.555537104275555582e-01 8.751679879574317811e-01 -2.145785342532593454e+00 1.368887480678363522e-01 -8.065839304668782628e-01 1.321319836947286275e+00
-1.568912690004577726e-01 8.737129688740369327e-01 -2.145723054688803533e+00 1.386341173097129786e-01 -8.063234225092722474e-01 1.317236586166491863e+00
-1.582540503087879191e-01 8.722281381513097287e-01 -2.145659788700675641e+00 1.403843376638003737e-01 -8.060917576791873929e-01 1.313145328210869156e+00
-1.596422590735039337e-01 8.707132253757349227e-01 -2.145595537905680139e+00 1.421389701090051971e-01 -8.058895382950375108e-01 1.309046454853611374e+00
-1.610560990342192467e-01 8.691679609953333330e-01 -2.145530294915323655e+00 1.438975670483322866e-01 -8.057173657162569613e-01 1.304940355368714888e+00
-1.624957729347039637e-01 8.675920763319027174e-01 -2.145464052046816228e+00 1.456596723068047106e-01 -8.055758402274376673e-01 1.300827416529210634e+00
-1.639614825091669503e-01 8.659853035934578225e-01 -2.145396802096462441e+00 1.474248211330346781e-01 -8.054655609210612521e-01 1.296708022605425503e+00
-1.654534284696574653e-01 8.643473758879108848e-01 -2.145328537133870839e+00 1.491925402038408177e-01 -8.053871255810455265e-01 1.292582555363473551e+00
-1.669718104914189594e-01 8.626780272350911272e-01 -2.145259250829601783e+00 1.509623476323264935e-01 -8.053411305657892649e-01 1.288451394064000999e+00
-1.685168272020660107e-01 8.609769925823557157e-01 -2.145188936263052959e+00 1.527337529799868976e-01 -8.053281706888771874e-01 1.284314915460470274e+00
-1.700886761673787717e-01 8.592440078166520001e-01 -2.145117586657242281e+00 1.545062572710211024e-01 -8.053488391038543526e-01 1.280173493798415940e+00
-1.716875538782760002e-01 8.574788097777049645e-01 -2.145045194571392866e+00 1.562793530108577689e-01 -8.054037271862010128e-01 1.276027500814179483e+00
-1.733136557360589469e-01 8.556811362703299340e-01 -2.144971752649152297e+00 1.580525242078373027e-01 -8.054934244162028634e-01 1.271877305734008923e+00
-1.749671760390100195e-01 8.538507260776846408e-01 -2.144897252951694089e+00 1.598252463983689808e-01 -8.056185182617544571e-01 1.267723275273292982e+00
-1.766483079680016832e-01 8.519873189730354790e-01 -2.144821688183253805e+00 1.615969866755134765e-01 -8.057795940613395880e-01 1.263565773635932032e+00
-1.783572435739900763e-01 8.500906557340364156e-01 -2.144745051148833515e+00 1.633672037215248007e-01 -8.059772349055700502e-01 1.259405162513820287e+00
-1.800941737645426199e-01 8.481604781562303019e-01 -2.144667335702091560e+00 1.651353478433189026e-01 -8.062120215207249085e-01 1.255241801086487419e+00
-1.818592882924826570e-01 8.461965290678264973e-01 -2.144588535037633470e+00 1.669008610105874590e-01 -8.064845321550470070e-01 1.251076046020971111e+00
-1.836527757410775508e-01 8.441985523419039961e-01 -2.144508641672727034e+00 1.686631768981312340e-01 -8.067953424629277226e-01 1.246908251471930074e+00
-1.854748235090660780e-01 8.421662929084625659e-01 -2.144427648277734910e+00 1.704217209315546933e-01 -8.071450253897991534e-01 1.242738769081507488e+00
-1.873256177974849668e-01 8.400994967675688985e-01 -2.144345547660607476e+00 1.721759103365659016e-01 -8.075341510570749337e-01 1.238567947979457795e+00
-1.892053435961075225e-01 8.379979110030345568e-01 -2.144262332082298883e+00 1.739251541912590349e-01 -8.079632866489374621e-01 1.234396134783549703e+00
-1.911141846688340085e-01 8.358612837941833407e-01 -2.144177993811033467e+00 1.756688534813729552e-01 -8.084329963010246090e-01 1.230223673600278067e+00
-1.930523235398366455e-01 8.336893644290777061e-01 -2.144092525475853162e+00 1.774064011600336166e-01 -8.089438409866491764e-01 1.226050906025440312e+00
-1.950199414807737286e-01 8.314819033180799179e-01 -2.144005920191697001e+00 1.791371822105979061e-01 -8.094963784047198851e-01 1.221878171144887615e+00
-1.970172184982080799e-01 8.292386520078813827e-01 -2.143918170786038857e+00 1.808605737129436453e-01 -8.100911628683894472e-01 1.217705805535129970e+00
-1.990443333193671616e-01 8.269593631940076461e-01 -2.143829270130620301e+00 1.825759449115761102e-01 -8.107287451987648108e-01 1.213534143264772380e+00
-2.011014633784428685e-01 8.246437907342185625e-01 -2.143739210788445870e+00 1.842826572900628512e-01 -8.114096726114502500e-01 1.209363515895303998e+00
-2.031887848022015386e-01 8.222916896609502313e-01 -2.143647985809911116e+00 1.859800646463043994e-01 -8.121344886110003491e-01 1.205194252482744588e+00
-2.053064723973924699e-01 8.199028161954301508e-01 -2.143555587102230042e+00 1.876675131710232314e-01 -8.129037328866048906e-01 1.201026679579359602e+00
-2.074546996346056105e-01 8.174769277579075899e-01 -2.143462007364694166e+00 1.893443415308617706e-01 -8.137179412053948679e-01 1.196861121234947589e+00
-2.096336386361211113e-01 8.150137829827273084e-01 -2.143367238882187387e+00 1.910098809549887477e-01 -8.145776453063933165e-01 1.192697898998511086e+00
-2.118434601611351442e-01 8.125131417305060388e-01 -2.143271274245212243e+00 1.926634553242441428e-01 -8.154833727976413815e-01 1.188537331920118900e+00
-2.140843335928133973e-01 8.099747651017166206e-01 -2.143174107346287993e+00 1.943043812634876466e-01 -8.164356470546919597e-01 1.184379736552908735e+00
-2.163564269282444164e-01 8.073984154522536594e-01 -2.143075730635065845e+00 1.959319682370702087e-01 -8.174349871206649798e-01 1.180225426955006318e+00
-2.186599067610545122e-01 8.047838564034326403e-01 -2.142976136749671134e+00 1.975455186486748116e-01 -8.184819076048155395e-01 1.176074714691426770e+00
-2.209949382681553054e-01 8.021308528554029760e-01 -2.142875317407523461e+00 1.991443279425883506e-01 -8.195769185867991524e-01 1.171927908836825738e+00
-2.233616851933365732e-01 7.994391709982769934e-01 -2.142773265120604176e+00 2.007276847091818139e-01 -8.207205255198575244e-01 1.167785315977975857e+00
-2.257603098356982529e-01 7.967085783266932841e-01 -2.142669972652089250e+00 2.022948707912199939e-01 -8.219132291408813851e-01 1.163647240216888257e+00
-2.281909730369288403e-01 7.939388436528971305e-01 -2.142565432368990219e+00 2.038451613956470954e-01 -8.231555253762982138e-01 1.159513983173345197e+00
-2.306538341665309022e-01 7.911297371186961636e-01 -2.142459636969224590e+00 2.053778252066649490e-01 -8.244479052536169972e-01 1.155385843988247618e+00
-2.331490511087704887e-01 7.882810302095853983e-01 -2.142352578422006548e+00 2.068921245033188694e-01 -8.257908548111542180e-01 1.151263119326533690e+00
-2.356767802470590145e-01 7.853924957656089889e-01 -2.142244249594170036e+00 2.083873152792358741e-01 -8.271848550113840570e-01 1.147146103380474846e+00
-2.382371764527260183e-01 7.824639079965810540e-01 -2.142134643248546855e+00 2.098626473655440527e-01 -8.286303816554747570e-01 1.143035087873116584e+00
-2.408303930713174279e-01 7.794950424944158129e-01 -2.142023751876583670e+00 2.113173645571580772e-01 -8.301279052986061391e-01 1.138930362061666424e+00
-2.434565819081174198e-01 7.764856762453380412e-01 -2.141911567554660056e+00 2.127507047404175178e-01 -8.316778911704774124e-01 1.134832212741307966e+00
-2.461158932136403577e-01 7.734355876409760855e-01 -2.141798082895863597e+00 2.141619000241027082e-01 -8.332807990963633227e-01 1.130740924248831325e+00
-2.488084756716028023e-01 7.703445564925130995e-01 -2.141683289996090256e+00 2.155501768722861144e-01 -8.349370834220384285e-01 1.126656778467149511e+00
-2.515344763835526409e-01 7.672123640422769952e-01 -2.141567180974164319e+00 2.169147562410224384e-01 -8.366471929382179873e-01 1.122580054829587670e+00
-2.542940408554872356e-01 7.640387929761617292e-01 -2.141449748177527646e+00 2.182548537160635960e-01 -8.384115708104730169e-01 1.118511030324292221e+00
-2.570873129851191097e-01 7.608236274367025098e-01 -2.141330985205168957e+00 2.195696796557909114e-01 -8.402306545057249831e-01 1.114449979498203902e+00
-2.599144350524233982e-01 7.575666530392444198e-01 -2.141210883066309023e+00 2.208584393349815045e-01 -8.421048757244840033e-01 1.110397174462029568e+00
-2.627755476977310378e-01 7.542676568773498680e-01 -2.141089433558347022e+00 2.221203330916039220e-01 -8.440346603341358778e-01 1.106352884894613142e+00
-2.656707899106079407e-01 7.509264275374742947e-01 -2.140966629380622877e+00 2.233545564736291733e-01 -8.460204283093947231e-01 1.102317378048284890e+00
-2.686002990193235296e-01 7.475427551140618743e-01 -2.140842463606340562e+00 2.245603003901889272e-01 -8.480625936708797719e-01 1.098290918753880741e+00
-2.715642106790935872e-01 7.441164312227402933e-01 -2.140716928770691307e+00 2.257367512666959564e-01 -8.501615644227927815e-01 1.094273769425643694e+00
-2.745626588568678139e-01 7.406472490113522600e-01 -2.140590016714515986e+00 2.268830911993103272e-01 -8.523177424987417039e-01 1.090266190066774499e+00
-2.775957758154397048e-01 7.371350031704799743e-01 -2.140461718328228180e+00 2.279984981140178169e-01 -8.545315237051643864e-01 1.086268438274478720e+00
-2.806636920966604776e-01 7.335794899427693361e-01 -2.140332025751064293e+00 2.290821459267994575e-01 -8.568032976692990799e-01 1.082280769245800522e+00
-2.837665365127148842e-01 7.299805071384102284e-01 -2.140200931284192531e+00 2.301332047058635422e-01 -8.591334477896507282e-01 1.078303435783330544e+00
-2.869044361333243365e-01 7.263378541480747241e-01 -2.140068427201876400e+00 2.311508408379020219e-01 -8.615223511851961558e-01 1.074336688300650655e+00
-2.900775162725035550e-01 7.226513319549612291e-01 -2.139934504909991819e+00 2.321342171921299824e-01 -8.639703786550234632e-01 1.070380774828566084e+00
-2.932859004723409324e-01 7.189207431439477158e-01 -2.139799156872300490e+00 2.330824932876178202e-01 -8.664778946377251767e-01 1.066435941021522948e+00
-2.965297104935295525e-01 7.151458919173645512e-01 -2.139662376010635914e+00 2.339948254656526172e-01 -8.690452571675066906e-01 1.062502430163159151e+00
-2.998090663043200821e-01 7.113265841083542540e-01 -2.139524155431992369e+00 2.348703670622060147e-01 -8.716728178360532153e-01 1.058580483172973263e+00
-3.031240860686187366e-01 7.074626271932079602e-01 -2.139384487187779627e+00 2.357082685779959552e-01 -8.743609217643918408e-01 1.054670338613597158e+00
-3.064748861290218507e-01 7.035538302999584381e-01 -2.139243361596255166e+00 2.365076778562329729e-01 -8.771099075664350320e-01 1.050772232696602915e+00
-3.098615809869513238e-01 6.996000042144601139e-01 -2.139100770184768852e+00 2.372677402599201457e-01 -8.799201073188659405e-01 1.046886399289328695e+00
-3.132842832941199473e-01 6.956009613963085592e-01 -2.138956705663083380e+00 2.379875988505666395e-01 -8.827918465339748000e-01 1.043013069921812086e+00
-3.167431038442565239e-01 6.915565159948129370e-01 -2.138811159531409878e+00 2.386663945682359622e-01 -8.857254441353346053e-01 1.039152473793599318e+00
-3.202381515553950342e-01 6.874664838566764136e-01 -2.138664124280373446e+00 2.393032664130160247e-01 -8.887212124360757137e-01 1.035304837781095166e+00
-3.237695334612585296e-01 6.833306825408458351e-01 -2.138515592059013315e+00 2.398973516274229834e-01 -8.917794571205335252e-01 1.031470386445101584e+00
-3.273373546973816217e-01 6.791489313287093488e-01 -2.138365552849186724e+00 2.404477858818096503e-01 -8.949004772256180518e-01 1.027649342038160718e+00
-3.309417184790326982e-01 6.749210512282689534e-01 -2.138213998184812503e+00 2.409537034585625959e-01 -8.980845651289676157e-01 1.023841924512491230e+00
-3.345827260948672777e-01 6.706468649909484991e-01 -2.138060920823493749e+00 2.414142374372641453e-01 -9.013320065399994530e-01 1.020048351528147990e+00
-3.382604768993409117e-01 6.663261971278673368e-01 -2.137906312391752106e+00 2.418285198817719250e-01 -9.046430804921602453e-01 1.016268838461328095e+00
-3.419750682955498000e-01 6.619588739169632863e-01 -2.137750164625026095e+00 2.421956820348450945e-01 -9.080180593272866307e-01 1.012503598411085282e+00
-3.457265957232648623e-01 6.575447234146418740e-01 -2.137592468763281683e+00 2.425148545055622606e-01 -9.114572086960847086e-01 1.008752842207997658e+00
-3.495151526441154788e-01 6.530835754654595871e-01 -2.137433216409410974e+00 2.427851674586869180e-01 -9.149607875593763762e-01 1.005016778422701984e+00
-3.533408305306898201e-01 6.485752617147949595e-01 -2.137272399370206521e+00 2.430057508056711058e-01 -9.185290481906729365e-01 1.001295613374653115e+00
-3.572037188554769704e-01 6.440196156202895317e-01 -2.137110009984229286e+00 2.431757343981942321e-01 -9.221622361785617450e-01 9.975895511404274663e-01
-3.611039050807555162e-01 6.394164724655437837e-01 -2.136946039658436547e+00 2.432942482216909064e-01 -9.258605904329009206e-01 9.938987935627459080e-01
-3.650414746420832524e-01 6.347656693677909967e-01 -2.136780479831757784e+00 2.433604225908845009e-01 -9.296243431915306443e-01 9.902235402588256408e-01
-3.690165109365997065e-01 6.300670452884861161e-01 -2.136613319980688264e+00 2.433733883429663181e-01 -9.334537200342062357e-01 9.865639886300898720e-01
-3.730290953013838395e-01 6.253204410366046684e-01 -2.136444550513347806e+00 2.433322770336818763e-01 -9.373489398953311902e-01 9.829203338710705840e-01
-3.770793070054014318e-01 6.205256992832000051e-01 -2.136274163795822023e+00 2.432362211324166634e-01 -9.413102150814941504e-01 9.792927689791772750e-01
-3.811672232467666621e-01 6.156826645801904974e-01 -2.136102153624221511e+00 2.430843542208216967e-01 -9.453377512869156618e-01 9.756814847633016319e-01
-3.852929191481298532e-01 6.107911833771071386e-01 -2.135928511712881672e+00 2.428758111890330640e-01 -9.494317476154733315e-01 9.720866698535373107e-01
-3.894564677352604365e-01 6.058511040231580047e-01 -2.135753227464134874e+00 2.426097284374984508e-01 -9.535923965974317795e-01 9.685085107097184398e-01
-3.936579399136064805e-01 6.008622767685818378e-01 -2.135576291221986445e+00 2.422852440706539934e-01 -9.578198842210848829e-01 9.649471916317025055e-01
-3.978974044609422389e-01 5.958245537789839119e-01 -2.135397695683838748e+00 2.419014980961131100e-01 -9.621143899588575632e-01 9.614028947692486726e-01
-4.021749280273826388e-01 5.907377891560277039e-01 -2.135217432542502625e+00 2.414576326243978166e-01 -9.664760867952610912e-01 9.578758001317790871e-01
-4.064905751187692928e-01 5.856018389440835747e-01 -2.135035492749135067e+00 2.409527920625645636e-01 -9.709051412661101610e-01 9.543660855995726999e-01
-4.108444080808492660e-01 5.804165611382301471e-01 -2.134851866928681563e+00 2.403861233068197711e-01 -9.754017135011304740e-01 9.508739269358781332e-01
-4.152364870860333346e-01 5.751818156931958193e-01 -2.134666545558233874e+00 2.397567759410388633e-01 -9.799659572603514057e-01 9.473994977980794152e-01
-4.196668701207285634e-01 5.698974645335104228e-01 -2.134479518576062329e+00 2.390639024376441379e-01 -9.845980199694213120e-01 9.439429697468387781e-01
-4.241356129708370726e-01 5.645633715615085979e-01 -2.134290778790697729e+00 2.383066583616926526e-01 -9.892980427525148723e-01 9.405045122581980888e-01
-4.286427692260690869e-01 5.591794026797640704e-01 -2.134100316529139452e+00 2.374842025625675812e-01 -9.940661604845220101e-01 9.370842927334649408e-01
-4.331883902552174925e-01 5.537454257909260047e-01 -2.133908121999002816e+00 2.365956973766453753e-01 -9.989025018297339464e-01 9.336824765107454294e-01
-4.377725251939392770e-01 5.482613108075313768e-01 -2.133714185954307396e+00 2.356403088213868124e-01 -1.003807189294001034e+00 9.302992268756214989e-01
-4.423952209367733035e-01 5.427269296641492602e-01 -2.133518499010082170e+00 2.346172068035736191e-01 -1.008780339259372605e+00 9.269347050713069303e-01
-4.470565221219591767e-01 5.371421563293684587e-01 -2.133321052090797476e+00 2.335255652997566822e-01 -1.013822062055641737e+00 9.235890703196273366e-01
-4.517564711219819173e-01 5.315068668175457756e-01 -2.133121835248772413e+00 2.323645625566341799e-01 -1.018932462008340201e+00 9.202624798335423684e-01
-4.564951080276175577e-01 5.258209391949043576e-01 -2.132920839887716635e+00 2.311333812883951400e-01 -1.024111637492076454e+00 9.169550888278503731e-01
-4.612724706450447298e-01 5.200842535954461887e-01 -2.132718058573691344e+00 2.298312088782019924e-01 -1.029359680979702318e+00 9.136670505307372681e-01
-4.660885944920876156e-01 5.142966922364171634e-01 -2.132513482571281482e+00 2.284572375661539367e-01 -1.034676679110346775e+00 9.103985161931050785e-01
-4.709435127803319743e-01 5.084581394220512029e-01 -2.132307100896138508e+00 2.270106646481736545e-01 -1.040062712743879070e+00 9.071496351014033399e-01
-4.758372563912520725e-01 5.025684815426813001e-01 -2.132098902895195103e+00 2.254906926706284898e-01 -1.045517857021989405e+00 9.039205545891693117e-01
-4.807698538679313072e-01 4.966276070848490987e-01 -2.131888879802941617e+00 2.238965296227852231e-01 -1.051042181432700007e+00 9.007114200499848344e-01
-4.857413314151852735e-01 4.906354066508559209e-01 -2.131677020953218982e+00 2.222273891333341189e-01 -1.056635749870451502e+00 8.975223749498199011e-01
-4.907517128783432381e-01 4.845917729581754596e-01 -2.131463317076484731e+00 2.204824906603687074e-01 -1.062298620705015129e+00 8.943535608399550974e-01
-4.958010197411531483e-01 4.784966008560017636e-01 -2.131247757644800345e+00 2.186610596946564344e-01 -1.068030846834239656e+00 8.912051173695973993e-01
-5.008892711073995585e-01 4.723497873291633287e-01 -2.131030333322848858e+00 2.167623279516351364e-01 -1.073832475751522297e+00 8.880771822977628904e-01
-5.060164836984258896e-01 4.661512315128459316e-01 -2.130811035250264052e+00 2.147855335543663313e-01 -1.079703549624727366e+00 8.849698915039126978e-01
-5.111826718463201580e-01 4.599008347041875777e-01 -2.130589853113713072e+00 2.127299212288751296e-01 -1.085644105359821143e+00 8.818833790023155039e-01
-5.163878474747698455e-01 4.535985003645108260e-01 -2.130366778545714990e+00 2.105947424852183669e-01 -1.091654174682194611e+00 8.788177769534872841e-01
-5.216320201015303137e-01 4.472441341385665625e-01 -2.130141801298948590e+00 2.083792558133596151e-01 -1.097733784199759643e+00 8.757732156783547550e-01
-5.269151968170120437e-01 4.408376438538632591e-01 -2.129914909615954866e+00 2.060827268681424684e-01 -1.103882955479373873e+00 8.727498236720744318e-01
-5.322373822645838359e-01 4.343789395218446425e-01 -2.129686093503872613e+00 2.037044286469909260e-01 -1.110101705131677274e+00 8.697477276166616367e-01
-5.375985786421535462e-01 4.278679333558834119e-01 -2.129455342886204861e+00 2.012436416881866197e-01 -1.116390044870957388e+00 8.667670523979701391e-01
-5.429987856919380462e-01 4.213045397801848391e-01 -2.129222646791843587e+00 1.986996542523339349e-01 -1.122747981595017430e+00 8.638079211153338877e-01
-5.484380006850725353e-01 4.146886754338680037e-01 -2.128987995913874443e+00 1.960717625035597877e-01 -1.129175517464720446e+00 8.608704550976223890e-01
-5.539162184231543051e-01 4.080202591888756336e-01 -2.128751382057739949e+00 1.933592706922791227e-01 -1.135672649981121385e+00 8.579547739183913668e-01
-5.594334312363822281e-01 4.012992121654915811e-01 -2.128512795045151673e+00 1.905614913414909184e-01 -1.142239372057962887e+00 8.550609954104206878e-01
-5.649896289617868383e-01 3.945254577298156207e-01 -2.128272222639487232e+00 1.876777454167944670e-01 -1.148875672112380952e+00 8.521892356789821932e-01
-5.705847989196628500e-01 3.876989214915983473e-01 -2.128029652771373126e+00 1.847073625065897562e-01 -1.155581534142876343e+00 8.493396091145342108e-01
-5.762189259050505274e-01 3.808195313138207361e-01 -2.127785074774860785e+00 1.816496810029912257e-01 -1.162356937805584689e+00 8.465122284081821880e-01
-5.818919921884236901e-01 3.738872173286349465e-01 -2.127538479639957014e+00 1.785040482781978799e-01 -1.169201858494858470e+00 8.437072045669896658e-01
-5.876039775187328340e-01 3.669019119548896368e-01 -2.127289857339095924e+00 1.752698208521330236e-01 -1.176116267432666174e+00 8.409246469280060587e-01
-5.933548591072173028e-01 3.598635499020417239e-01 -2.127039197642231372e+00 1.719463645806641183e-01 -1.183100131733688887e+00 8.381646631745041098e-01
-5.991446116177283621e-01 3.527720681770888378e-01 -2.126786491391451150e+00 1.685330548295263242e-01 -1.190153414485608740e+00 8.354273593503985795e-01
-6.049732071664015720e-01 3.456274060985411456e-01 -2.126531727020389173e+00 1.650292766297305758e-01 -1.197276074848531158e+00 8.327128398790815123e-01
-6.108406152955947466e-01 3.384295052916791446e-01 -2.126274890653294225e+00 1.614344248460522768e-01 -1.204468068138337955e+00 8.300212075770916353e-01
-6.167468029482582326e-01 3.311783096835971829e-01 -2.126015972201687809e+00 1.577479043612753096e-01 -1.211729345891309206e+00 8.273525636685760132e-01
-6.226917344866372828e-01 3.238737655333751020e-01 -2.125754962190929742e+00 1.539691302481564494e-01 -1.219059855941122539e+00 8.247070078006614180e-01
-6.286753716886257504e-01 3.165158214442224116e-01 -2.125491848942509421e+00 1.500975279275800212e-01 -1.226459542509328760e+00 8.220846380630858485e-01
-6.346976737238383404e-01 3.091044283582321528e-01 -2.125226621396829607e+00 1.461325333385583014e-01 -1.233928346281268684e+00 8.194855510024149359e-01
-6.407585971495827204e-01 3.016395395687614389e-01 -2.124959268169836157e+00 1.420735930978623829e-01 -1.241466204491491476e+00 8.169098416394001694e-01
-6.468580959010358233e-01 2.941211107256719304e-01 -2.124689779286755176e+00 1.379201646500540501e-01 -1.249073051017621339e+00 8.143576034844627332e-01
-6.529961212935470050e-01 2.865490998526069033e-01 -2.124418142602380488e+00 1.336717164414173153e-01 -1.256748816446636052e+00 8.118289285544357803e-01
-6.591726219985384327e-01 2.789234673415907917e-01 -2.124144347012891565e+00 1.293277280713633348e-01 -1.264493428163436795e+00 8.093239073907340098e-01
-6.653875440431923360e-01 2.712441759678235753e-01 -2.123868381656123461e+00 1.248876904605566024e-01 -1.272306810419706391e+00 8.068426290766277376e-01
-6.716408308049988118e-01 2.635111908987286533e-01 -2.123590235644615021e+00 1.203511059975689024e-01 -1.280188884423440587e+00 8.043851812546808366e-01
-6.779324230044413424e-01 2.557244797011049009e-01 -2.123309895652069734e+00 1.157174886996784197e-01 -1.288139568411427183e+00 8.019516501466994463e-01
-6.842622586778636107e-01 2.478840123344216995e-01 -2.123027348146916626e+00 1.109863643615570800e-01 -1.296158777732253409e+00 7.995421205685466770e-01
-6.906302731674542894e-01 2.399897611578305501e-01 -2.122742581236359616e+00 1.061572707185194087e-01 -1.304246424911970070e+00 7.971566759483924569e-01
-6.970363991267977122e-01 2.320417009475411740e-01 -2.122455585927564226e+00 1.012297575863377597e-01 -1.312402419741711013e+00 7.947953983460472882e-01
-7.034805665373784489e-01 2.240398089223092359e-01 -2.122166349783860539e+00 9.620338701219563471e-02 -1.320626669351462779e+00 7.924583684714440190e-01
-7.099627026740535918e-01 2.159840647295895311e-01 -2.121874861374134280e+00 9.107773342320582555e-02 -1.328919078283944621e+00 7.901456657043679499e-01
-7.164827321058735432e-01 2.078744504598174503e-01 -2.121581110417774862e+00 8.585238377987181035e-02 -1.337279548561032705e+00 7.878573681133550499e-01
-7.230405766986635063e-01 1.997109506614824781e-01 -2.121285085233455270e+00 8.052693771900407138e-02 -1.345707979758441031e+00 7.855935524765806921e-01
-7.296361555968368107e-01 1.914935523398741957e-01 -2.120986773730997754e+00 7.510100768859899467e-02 -1.354204269085911294e+00 7.833542943015009419e-01
-7.362693852141970474e-01 1.832222449602581849e-01 -2.120686163062451168e+00 6.957421908716490688e-02 -1.362768311460211601e+00 7.811396678416479000e-01
-7.429401792197548593e-01 1.748970204518310867e-01 -2.120383241536880625e+00 6.394621040786012400e-02 -1.371399999570576789e+00 7.789497461215467711e-01
-7.496484485408525522e-01 1.665178732220913282e-01 -2.120077995291162143e+00 5.821663336726111415e-02 -1.380099223956680277e+00 7.767846009564497445e-01
-7.563941013382854406e-01 1.580848001494077337e-01 -2.119770409204969397e+00 5.238515305194875460e-02 -1.388865873066162271e+00 7.746443029710312622e-01
-7.631770429884779938e-01 1.495978005817315548e-01 -2.119460471579903249e+00 4.645144805320668147e-02 -1.397699833321141227e+00 7.725289216202114728e-01
-7.699971761052709640e-01 1.410568763671734560e-01 -2.119148169974952811e+00 4.041521059835023744e-02 -1.406600989185101902e+00 7.704385252101398907e-01
-7.768544005283669618e-01 1.324620318544210695e-01 -2.118833493702346082e+00 3.427614667796094472e-02 -1.415569223230851659e+00 7.683731809198894869e-01
-7.837486133322882909e-01 1.238132739117149272e-01 -2.118516431543504552e+00 2.803397618174266817e-02 -1.424604416196958656e+00 7.663329548230488619e-01
-7.906797088166499510e-01 1.151106119293489050e-01 -2.118196970025005399e+00 2.168843301146868019e-02 -1.433706447063377798e+00 7.643179119069507532e-01
-7.976475784805076019e-01 1.063540578111817902e-01 -2.117875095443478184e+00 1.523926521720064993e-02 -1.442875193101397890e+00 7.623281160962434022e-01
-8.046521110140079092e-01 9.754362597976429239e-02 -2.117550794547104154e+00 8.686235118683365702e-03 -1.452110529934711236e+00 7.603636302764621435e-01
-8.116931922963036561e-01 8.867933338601718951e-02 -2.117224055675696270e+00 2.029119421282876007e-03 -1.461412331602488290e+00 7.584245163149871960e-01
-8.187707054034283338e-01 7.976119952765381438e-02 -2.116894867024286420e+00 -4.732290644655287593e-03 -1.470780470596930289e+00 7.565108350873207543e-01
-8.258845306024242827e-01 7.078924645329065513e-02 -2.116563214234166601e+00 -1.159818921917037116e-02 -1.480214817930647353e+00 7.546226464991545591e-01
-8.330345453230566521e-01 6.176349875035358483e-02 -2.116229083663933697e+00 -1.856875568391443132e-02 -1.489715243177768933e+00 7.527600095066409036e-01
-8.402206241583871638e-01 5.268398355637660124e-02 -2.115892461332306240e+00 -2.564415454734145922e-02 -1.499281614524940354e+00 7.509229821420654316e-01
-8.474426388556670631e-01 4.355073056307445789e-02 -2.115553332512254414e+00 -3.282453531540035357e-02 -1.508913798805312068e+00 7.491116215407628287e-01
-8.547004583047240756e-01 3.436377201553098004e-02 -2.115211684085887445e+00 -4.011003239083382743e-02 -1.518611661556053871e+00 7.473259839634041057e-01
-8.619939485466708851e-01 2.512314273039784052e-02 -2.114867503019934425e+00 -4.750076496156387107e-02 -1.528375067061946702e+00 7.455661248207557934e-01
-8.693229727695765963e-01 1.582888010229310805e-02 -2.114520776559122073e+00 -5.499683687666129250e-02 -1.538203878384050594e+00 7.438320986981411531e-01
-8.766873913065033053e-01 6.481024110789768145e-03 -2.114171493334094265e+00 -6.259833654597568575e-02 -1.548097957406871172e+00 7.421239593814068503e-01
-8.840870616444588270e-01 -2.920382664800880157e-03 -2.113819638637456588e+00 -7.030533683185349880e-02 -1.558057164874520506e+00 7.404417598820289825e-01
-8.915218383880832986e-01 -1.237529506410306457e-02 -2.113465197595841616e+00 -7.811789495052254284e-02 -1.568081360432087124e+00 7.387855524640574156e-01
-8.989915732534198289e-01 -2.188366534266616981e-02 -2.113108155362537044e+00 -8.603605236731057260e-02 -1.578170402657686155e+00 7.371553886704580449e-01
-9.064961150628174646e-01 -3.144544316634689807e-02 -2.112748498210108128e+00 -9.405983469390244434e-02 -1.588324149092630311e+00 7.355513193507381420e-01
-9.140353097507788460e-01 -4.106057559802245294e-02 -2.112386213381903577e+00 -1.021892515796988810e-01 -1.598542456262656675e+00 7.339733946860939051e-01
-9.216090003690446952e-01 -5.072900708576799644e-02 -2.112021287062787689e+00 -1.104242965992594527e-01 -1.608825179691970364e+00 7.324216642146502698e-01
-9.292170270732630355e-01 -6.045067946804461023e-02 -2.111653704206067239e+00 -1.187649471733050743e-01 -1.619172173943797421e+00 7.308961768604070874e-01
-9.368592271058374665e-01 -7.022553197747394282e-02 -2.111283449900500653e+00 -1.272111644490494797e-01 -1.629583292620485180e+00 7.293969809629966550e-01
-9.445354347933497818e-01 -8.005350123680754493e-02 -2.110910507791960988e+00 -1.357628932300569136e-01 -1.640058388404396661e+00 7.279241243077615442e-01
-9.522454815277593410e-01 -8.993452126575962602e-02 -2.110534863686475138e+00 -1.444200618666255931e-01 -1.650597313059413596e+00 7.264776541554944789e-01
-9.599891957830369860e-01 -9.986852346022812021e-02 -2.110156504093434915e+00 -1.531825821648987451e-01 -1.661199917445548291e+00 7.250576172695780697e-01
-9.677664031186543614e-01 -1.098554365836659219e-01 -2.109775414064837928e+00 -1.620503492944966040e-01 -1.671866051528279939e+00 7.236640599456177769e-01
-9.755769261611388909e-01 -1.198951867744892930e-01 -2.109391579317024590e+00 -1.710232417006083416e-01 -1.682595564387919573e+00 7.222970280422751355e-01
-9.834205846075415591e-01 -1.299876975386016209e-01 -2.109004984974679697e+00 -1.801011210185501921e-01 -1.693388304227195551e+00 7.209565670109212565e-01
-9.912971952161332423e-01 -1.401328897512634786e-01 -2.108615616433667128e+00 -1.892838319848333395e-01 -1.704244118371781580e+00 7.196427219269339037e-01
-9.992065718063253277e-01 -1.503306816530654011e-01 -2.108223460582425268e+00 -1.985712023480581401e-01 -1.715162853266799292e+00 7.183555375182955061e-01
-1.007148525270920691e+00 -1.605809888357536686e-01 -2.107828500890203127e+00 -2.079630427920649005e-01 -1.726144354480055210e+00 7.170950581979826932e-01
-1.015122863537312625e+00 -1.708837242655310007e-01 -2.107430720543916891e+00 -2.174591468384881598e-01 -1.737188466683279753e+00 7.158613280951011681e-01
-1.023129391562127122e+00 -1.812387982852146084e-01 -2.107030103388748188e+00 -2.270592907712626340e-01 -1.748295033648538332e+00 7.146543910862975801e-01
-1.031167911334456511e+00 -1.916461186067008882e-01 -2.106626635621454469e+00 -2.367632335609238803e-01 -1.759463898240466673e+00 7.134742908288219665e-01
-1.039238221899170034e+00 -2.021055902931032655e-01 -2.106220301312143661e+00 -2.465707167929859778e-01 -1.770694902407937921e+00 7.123210707942649877e-01
-1.047340119331016117e+00 -2.126171157723104610e-01 -2.105811085270428595e+00 -2.564814645713166530e-01 -1.781987887150012551e+00 7.111947743053441684e-01
-1.055473396740599146e+00 -2.231805948311988974e-01 -2.105398971760427784e+00 -2.664951834576049228e-01 -1.793342692509195757e+00 7.100954445671162629e-01
-1.063637844266183796e+00 -2.337959246187659712e-01 -2.104983944734732937e+00 -2.766115623880951446e-01 -1.804759157540933412e+00 7.090231247037824813e-01
-1.071833249068504745e+00 -2.444629996484142254e-01 -2.104565989069120402e+00 -2.868302725983898349e-01 -1.816237120286125606e+00 7.079778577916209237e-01
-1.080059395338719863e+00 -2.551817117901749032e-01 -2.104145089056675300e+00 -2.971509675499796610e-01 -1.827776417741003190e+00 7.069596868956663505e-01
-1.088316064291749319e+00 -2.659519502771268140e-01 -2.103721226467168304e+00 -3.075732828620630355e-01 -1.839376885827542107e+00 7.059686551042839708e-01
-1.096603034137145105e+00 -2.767736017260027381e-01 -2.103294385219486529e+00 -3.180968362393128412e-01 -1.851038359356310448e+00 7.050048055701069183e-01
-1.104920080101548852e+00 -2.876465501212983611e-01 -2.102864550366305263e+00 -3.287212274078722962e-01 -1.862760671992384154e+00 7.040681815424401080e-01
-1.113266974440283441e+00 -2.985706768068328021e-01 -2.102431704190715234e+00 -3.394460380463367177e-01 -1.874543656212838805e+00 7.031588264088882712e-01
-1.121643486407336354e+00 -3.095458605114040918e-01 -2.101995830424475908e+00 -3.502708317465100807e-01 -1.886387143285516599e+00 7.022767837301288063e-01
-1.130049382270617464e+00 -3.205719773379975823e-01 -2.101556914549712829e+00 -3.611951539277111212e-01 -1.898290963204208648e+00 7.014220972775613294e-01
-1.138484425331040439e+00 -3.316489007501235431e-01 -2.101114940594728253e+00 -3.722185317687536354e-01 -1.910254944634933061e+00 7.005948110772918236e-01
-1.146948375906964301e+00 -3.427765015857835440e-01 -2.100669891577823467e+00 -3.833404741501587609e-01 -1.922278914866925259e+00 6.997949694492174855e-01
-1.155440991324031330e+00 -3.539546480690356489e-01 -2.100221749451669506e+00 -3.945604715981238519e-01 -1.934362699761107196e+00 6.990226170421465213e-01
-1.163962025903816366e+00 -3.651832058214490306e-01 -2.099770497970536276e+00 -4.058779962228756255e-01 -1.946506123689718759e+00 6.982777988761299515e-01
-1.172511230984969899e+00 -3.764620378492868902e-01 -2.099316118765786054e+00 -4.172925016616287897e-01 -1.958709009475912088e+00 6.975605603910965957e-01
-1.181088354900867055e+00 -3.877910045646255632e-01 -2.098858594134513034e+00 -4.288034230299819227e-01 -1.970971178336659246e+00 6.968709474868935994e-01
-1.189693142989123098e+00 -3.991699637835199876e-01 -2.098397907003595186e+00 -4.404101768547062923e-01 -1.983292449806035140e+00 6.962090065663822935e-01
-1.198325337600598228e+00 -4.105987707232299222e-01 -2.097934041300587804e+00 -4.521121610096798249e-01 -1.995672641657347146e+00 6.955747845780538841e-01
-1.206984678114708665e+00 -4.220772779987567169e-01 -2.097466979977735235e+00 -4.639087546892944891e-01 -2.008111569852764511e+00 6.949683290615438214e-01
-1.215670900929324283e+00 -4.336053356308087192e-01 -2.096996705767044666e+00 -4.757993183343548482e-01 -2.020609048449411915e+00 6.943896881944948696e-01
-1.224383739462376885e+00 -4.451827910519328135e-01 -2.096523201208739362e+00 -4.877831935979615174e-01 -2.033164889535102660e+00 6.938389108349243273e-01
-1.233122924153092992e+00 -4.568094891109033551e-01 -2.096046449432518610e+00 -4.998597032821948671e-01 -2.045778903135950344e+00 6.933160465701954100e-01
-1.241888182473011693e+00 -4.684852720705037221e-01 -2.095566430250075829e+00 -5.120281512899601539e-01 -2.058450897132961366e+00 6.928211457640204296e-01
-1.250679238892094647e+00 -4.802099796400289833e-01 -2.095083126239546623e+00 -5.242878225831500982e-01 -2.071180677180162188e+00 6.923542596030769491e-01
-1.259495814915043921e+00 -4.919834489526266896e-01 -2.094596521138067047e+00 -5.366379831202977568e-01 -2.083968046601994750e+00 6.919154401436570234e-01
-1.268337629101522257e+00 -5.038055145589641626e-01 -2.094106598176591838e+00 -5.490778798276767514e-01 -2.096812806314966249e+00 6.915047403616797483e-01
-1.277204397065174302e+00 -5.156760084315932247e-01 -2.093613339840976195e+00 -5.616067405348788011e-01 -2.109714754716302654e+00 6.911222142011345104e-01
-1.286095831471161466e+00 -5.275947599730010928e-01 -2.093116727043248027e+00 -5.742237739453766032e-01 -2.122673687598026326e+00 6.907679166277920224e-01
-1.295011642024866294e+00 -5.395615960319031235e-01 -2.092616740302597478e+00 -5.869281695916483965e-01 -2.135689398044770648e+00 6.904419036763532747e-01
-1.303951535472531287e+00 -5.515763409046812171e-01 -2.092113359459242261e+00 -5.997190978016336826e-01 -2.148761676337703541e+00 6.901442325038394943e-01
-1.312915215599112617e+00 -5.636388163394174811e-01 -2.091606565716808142e+00 -6.125957096481519093e-01 -2.161890309840790891e+00 6.898749614428232313e-01
-1.321902383251746249e+00 -5.757488415214493394e-01 -2.091096342385774687e+00 -6.255571369178554164e-01 -2.175075082900022938e+00 6.896341500527163326e-01
-1.330912736373225158e+00 -5.879062330514965851e-01 -2.090582669745515432e+00 -6.386024920768050839e-01 -2.188315776736430074e+00 6.894218591746662517e-01
-1.339945969973689532e+00 -6.001108049686263435e-01 -2.090065529810856582e+00 -6.517308682322168201e-01 -2.201612169332783697e+00 6.892381509853237054e-01
-1.349001776161499855e+00 -6.123623687310848496e-01 -2.089544906183211204e+00 -6.649413391108688343e-01 -2.214964035330823755e+00 6.890830890478893966e-01
-1.358079844170958062e+00 -6.246607331931250950e-01 -2.089020780076571437e+00 -6.782329589938633774e-01 -2.228371145889362026e+00 6.889567383690694546e-01
-1.367179860341706688e+00 -6.370057046162000969e-01 -2.088493132095594174e+00 -6.916047626896504319e-01 -2.241833268570877280e+00 6.888591654584963475e-01
-1.376301508121841710e+00 -6.493970866657954311e-01 -2.087961943414397670e+00 -7.050557655219991116e-01 -2.255350167237419434e+00 6.887904383814351661e-01
-1.385444468082911884e+00 -6.618346803906867137e-01 -2.087427194469482661e+00 -7.185849632783949392e-01 -2.268921601910757868e+00 6.887506268142284949e-01
-1.394608417920570442e+00 -6.743182842147685818e-01 -2.086888866218543193e+00 -7.321913321905262340e-01 -2.282547328656071350e+00 6.887398021014817795e-01
-1.403793032470937785e+00 -6.868476939148351335e-01 -2.086346939871398298e+00 -7.458738289085220519e-01 -2.296227099457474718e+00 6.887580373101573894e-01
-1.412997983725172713e+00 -6.994227026005854775e-01 -2.085801393790113867e+00 -7.596313905048974746e-01 -2.309960662114913355e+00 6.888054072839148168e-01
-1.422222940803157032e+00 -7.120431007170291426e-01 -2.085252208621726222e+00 -7.734629344370710369e-01 -2.323747760104107662e+00 6.888819887034522971e-01
-1.431467569990891864e+00 -7.247086759953467183e-01 -2.084699363752273271e+00 -7.873673585218168292e-01 -2.337588132443495059e+00 6.889878601398148339e-01
-1.440731534735052444e+00 -7.374192134362114182e-01 -2.084142840260175156e+00 -8.013435409270238674e-01 -2.351481513572390103e+00 6.891231021120873823e-01
-1.450014495674035286e+00 -7.501744952604385563e-01 -2.083582619625095944e+00 -8.153903401568011189e-01 -2.365427633220897885e+00 6.892877971420185990e-01
-1.459316110651632137e+00 -7.629743008659339853e-01 -2.083018681424575025e+00 -8.295065950292943580e-01 -2.379426216270852379e+00 6.894820298124451075e-01
-1.468636034702733628e+00 -7.758184068050375526e-01 -2.082451005330209881e+00 -8.436911246793625807e-01 -2.393476982634455297e+00 6.897058868223115979e-01
-1.477973920062714663e+00 -7.887065867366063188e-01 -2.081879571245531135e+00 -8.579427285601887165e-01 -2.407579647129062028e+00 6.899594570394971260e-01
-1.487329416178542196e+00 -8.016386113725926243e-01 -2.081304358937443588e+00 -8.722601864405883365e-01 -2.421733919345461672e+00 6.902428315563847727e-01
-1.496702169714377195e+00 -8.146142484224037084e-01 -2.080725348986626422e+00 -8.866422584100638327e-01 -2.435939503519598759e+00 6.905561037400020918e-01
-1.506091824568657200e+00 -8.276332625228282058e-01 -2.080142519202712759e+00 -9.010876849016006274e-01 -2.450196098415807988e+00 6.908993692819405119e-01
-1.515498021843799670e+00 -8.406954151957006793e-01 -2.079555848684103925e+00 -9.155951867073814920e-01 -2.464503397201148083e+00 6.912727262482588619e-01
-1.524920399867087939e+00 -8.538004647604022779e-01 -2.078965317454251505e+00 -9.301634649972623237e-01 -2.478861087318691148e+00 6.916762751234594164e-01
-1.534358594207685833e+00 -8.669481662462263927e-01 -2.078370904792809171e+00 -9.447912013610333393e-01 -2.493268850377239332e+00 6.921101188573962615e-01
-1.543812237670231013e+00 -8.801382713128012014e-01 -2.077772591841601013e+00 -9.594770578440235953e-01 -2.507726362032142831e+00 6.925743629059971651e-01
-1.553280960320999382e+00 -8.933705281376265184e-01 -2.077170356330563905e+00 -9.742196769933900713e-01 -2.522233291871465610e+00 6.930691152723830184e-01
-1.562764389441993584e+00 -9.066446813446176201e-01 -2.076564177454760074e+00 -9.890176819029862232e-01 -2.536789303297275477e+00 6.935944865433434359e-01
-1.572262149550249122e+00 -9.199604718831730921e-01 -2.075954033238245344e+00 -1.003869676293690283e+00 -2.551394053432666897e+00 6.941505899242518263e-01
-1.581773862378945017e+00 -9.333176369214706281e-01 -2.075339905117847827e+00 -1.018774244599894185e+00 -2.566047193029891371e+00 6.947375412647799342e-01
-1.591299146917739105e+00 -9.467159096876704982e-01 -2.074721772222946292e+00 -1.033729952040741473e+00 -2.580748366361599544e+00 6.953554590889822196e-01
-1.600837619375704790e+00 -9.601550193582797377e-01 -2.074099615131221874e+00 -1.048735344728879859e+00 -2.595497211139173643e+00 6.960044646204470720e-01
-1.610388893190320969e+00 -9.736346908988664506e-01 -2.073473412018492112e+00 -1.063788949784105764e+00 -2.610293358430627819e+00 6.966846818015332010e-01
-1.619952578983673508e+00 -9.871546449348385099e-01 -2.072843141248662313e+00 -1.078889275447494800e+00 -2.625136432574228351e+00 6.973962373061249886e-01
-1.629528284550454398e+00 -1.000714597588038268e+00 -2.072208780402738260e+00 -1.094034811215709890e+00 -2.640026051103951943e+00 6.981392605443970112e-01
-1.639115614830549905e+00 -1.014314260314182148e+00 -2.071570304405575769e+00 -1.109224028001874363e+00 -2.654961824691815853e+00 6.989138836685533374e-01
-1.648714171851462851e+00 -1.027953339746088712e+00 -2.070927680968348117e+00 -1.124455378300718955e+00 -2.669943357088493840e+00 6.997202415708942969e-01
-1.658323554605942940e+00 -1.041631537573081356e+00 -2.070280864418775124e+00 -1.139727296396025658e+00 -2.684970245093692753e+00 7.005584718762035701e-01
-1.667943358840414003e+00 -1.055348550469581648e+00 -2.069629797393472526e+00 -1.155038198549129813e+00 -2.700042078504676812e+00 7.014287149247945274e-01
-1.677573176862285687e+00 -1.069104069998568329e+00 -2.068974417527584819e+00 -1.170386483236978137e+00 -2.715158440100088555e+00 7.023311137516919933e-01
-1.687212597435182815e+00 -1.082897782438996925e+00 -2.068314672626777373e+00 -1.185770531407097650e+00 -2.730318905631415216e+00 7.032658140578806893e-01
-1.696861205883304802e+00 -1.096729368456262455e+00 -2.067650563403830688e+00 -1.201188706755207392e+00 -2.745523043826813225e+00 7.042329641750609825e-01
-1.706518584179957054e+00 -1.110598501006361927e+00 -2.066982101247678116e+00 -1.216639362076277209e+00 -2.760770421678981457e+00 7.052327149805323048e-01
-1.716184311076780045e+00 -1.124504844986222940e+00 -2.066309291590008090e+00 -1.232120839658271461e+00 -2.776060604570958823e+00 7.062652197987944191e-01
-1.725857962008035429e+00 -1.138448057050603923e+00 -2.065632130236979780e+00 -1.247631471630106681e+00 -2.791393156355113092e+00 7.073306342954460701e-01
-1.735539108946239084e+00 -1.152427785471174415e+00 -2.064950599981214552e+00 -1.263169580332262232e+00 -2.806767639443248363e+00 7.084291163714000472e-01
-1.745227320212253908e+00 -1.166443670037142555e+00 -2.064264674370190455e+00 -1.278733478657751998e+00 -2.822183614863022605e+00 7.095608260462590300e-01
-1.754922160340669723e+00 -1.180495341931088626e+00 -2.063574320523975381e+00 -1.294321470424995901e+00 -2.837640642332441843e+00 7.107259253332083304e-01
-1.764623189984384721e+00 -1.194582423583037345e+00 -2.062879504818118548e+00 -1.309931850696814504e+00 -2.853138280279003958e+00 7.119245781090499658e-01
-1.774329965903292283e+00 -1.208704528482029472e+00 -2.062180192703049642e+00 -1.325562906168717525e+00 -2.868676085908600015e+00 7.131569499794380151e-01
-1.784042040951774988e+00 -1.222861260995083521e+00 -2.061476347227364947e+00 -1.341212915487325574e+00 -2.884253615204539045e+00 7.144232081379124910e-01
-1.793758964047439841e+00 -1.237052216208436972e+00 -2.060767930973663731e+00 -1.356880149603219010e+00 -2.899870422945974191e+00 7.157235212180715900e-01
-1.803480280172470085e+00 -1.251276979763307873e+00 -2.060054905722500607e+00 -1.372562872146418034e+00 -2.915526062735456669e+00 7.170580591385774527e-01
-1.813205530368801277e+00 -1.265535127695501361e+00 -2.059337231842871763e+00 -1.388259339741726439e+00 -2.931220086963810978e+00 7.184269929462472337e-01
-1.822934251729519950e+00 -1.279826226293407254e+00 -2.058614869656808288e+00 -1.403967802358107253e+00 -2.946952046793612112e+00 7.198304946533267135e-01
-1.832665977413954206e+00 -1.294149831953908203e+00 -2.057887779951630414e+00 -1.419686503680323231e+00 -2.962721492150912184e+00 7.212687370694118583e-01
-1.842400236669254898e+00 -1.308505491034511303e+00 -2.057155921869260329e+00 -1.435413681460772306e+00 -2.978527971688698095e+00 7.227418936290215257e-01
-1.852136554826641746e+00 -1.322892739738261492e+00 -2.056419254353580861e+00 -1.451147567883595002e+00 -2.994371032749899797e+00 7.242501382187238601e-01
-1.861874453319575240e+00 -1.337311103989932581e+00 -2.055677733693046072e+00 -1.466886389909185517e+00 -3.010250221301703277e+00 7.257936449981735594e-01
-1.871613449669575768e+00 -1.351760099344996524e+00 -2.054931314992002989e+00 -1.482628369654963585e+00 -3.026165081890581199e+00 7.273725882180926972e-01
-1.881353057495169345e+00 -1.366239230891427292e+00 -2.054179952182035418e+00 -1.498371724740414912e+00 -3.042115157554211358e+00 7.289871420325600981e-01
-1.891092786522290625e+00 -1.380747993157190434e+00 -2.053423598433633757e+00 -1.514114668674790387e+00 -3.058099989759559101e+00 7.306374803131870932e-01
-1.900832142603443797e+00 -1.395285870021760077e+00 -2.052662206132075617e+00 -1.529855411233965512e+00 -3.074119118320156829e+00 7.323237764562096075e-01
-1.910570627738056748e+00 -1.409852334633671989e+00 -2.051895725087553135e+00 -1.545592158841512020e+00 -3.090172081305810003e+00 7.340462031914540830e-01
-1.920307740069561842e+00 -1.424446849353800060e+00 -2.051124104956775440e+00 -1.561323114949427993e+00 -3.106258414940584522e+00 7.358049323884138238e-01
-1.930042973918199012e+00 -1.439068865679196785e+00 -2.050347293235101009e+00 -1.577046480425249975e+00 -3.122377653495284733e+00 7.376001348594156681e-01
-1.939775819790942712e+00 -1.453717824197050534e+00 -2.049565235888537007e+00 -1.592760453949054966e+00 -3.138529329179406524e+00 7.394319801521201940e-01
-1.949505764397940988e+00 -1.468393154534543887e+00 -2.048777876199807668e+00 -1.608463232419762967e+00 -3.154712972028766771e+00 7.413006363502224749e-01
-1.959232290654966846e+00 -1.483094275328521450e+00 -2.047985155760573939e+00 -1.624153011352444942e+00 -3.170928109774117765e+00 7.432062698714259064e-01
-1.968954877702070227e+00 -1.497820594191570764e+00 -2.047187015839888158e+00 -1.639827985269794564e+00 -3.187174267693595020e+00 7.451490452668848574e-01
-1.978673000945191829e+00 -1.512571507672702653e+00 -2.046383395500586566e+00 -1.655486348147177544e+00 -3.203450968503817720e+00 7.471291250174246779e-01
-1.988386132068875822e+00 -1.527346401236452822e+00 -2.045574232684327587e+00 -1.671126293790692330e+00 -3.219757732179339804e+00 7.491466693347225148e-01
-1.998093739070042396e+00 -1.542144649243574195e+00 -2.044759465091315676e+00 -1.686746016277099525e+00 -3.236094075818818361e+00 7.512018359557920411e-01
-2.007795286305038562e+00 -1.556965614925980512e+00 -2.043939028814208747e+00 -1.702343710380329167e+00 -3.252459513489261766e+00 7.532947799429148272e-01
-2.017490234519928372e+00 -1.571808650383872186e+00 -2.043112855144294748e+00 -1.717917572005529525e+00 -3.268853556067832677e+00 7.554256534802884504e-01
-2.027178040834215711e+00 -1.586673096618465673e+00 -2.042280870792033465e+00 -1.733465798621231624e+00 -3.285275711072803695e+00 7.575946056743164680e-01
-2.036858158730706414e+00 -1.601558283571070662e+00 -2.041443002659216521e+00 -1.748986589714667694e+00 -3.301725482507508858e+00 7.598017823552903893e-01
-2.046530038117733596e+00 -1.616463530121151182e+00 -2.040599175240098262e+00 -1.764478147224676885e+00 -3.318202370674832480e+00 7.620473258769936420e-01
-2.056193125356842621e+00 -1.631388144119461758e+00 -2.039749313192114499e+00 -1.779938675989694019e+00 -3.334705871997593718e+00 7.643313749148715752e-01
-2.065846863328737459e+00 -1.646331422398311206e+00 -2.038893339737282151e+00 -1.795366384197965459e+00 -3.351235478833258341e+00 7.666540642696468844e-01
-2.075490691480369687e+00 -1.661292650808321669e+00 -2.038031174781151034e+00 -1.810759483814408100e+00 -3.367790679258825470e+00 7.690155246719208026e-01
-2.085124045845417218e+00 -1.676271104278917123e+00 -2.037162736580927724e+00 -1.826116191044805603e+00 -3.384370956884170667e+00 7.714158825890254922e-01
-2.094746359092216625e+00 -1.691266046869724926e+00 -2.036287940551138043e+00 -1.841434726765875496e+00 -3.400975790625599515e+00 7.738552600330260711e-01
-2.104357060557314973e+00 -1.706276731842721217e+00 -2.035406696356606204e+00 -1.856713316981720485e+00 -3.417604654498412664e+00 7.763337743722804607e-01
-2.113955576237859901e+00 -1.721302401769780444e+00 -2.034518910306077011e+00 -1.871950193275310870e+00 -3.434257017398587131e+00 7.788515381463968490e-01
-2.123541328821898944e+00 -1.736342288623314412e+00 -2.033624489244214573e+00 -1.887143593254168028e+00 -3.450932342873226588e+00 7.814086588828401680e-01
-2.133113737780985897e+00 -1.751395613839032750e+00 -2.032723338341355213e+00 -1.902291760983624513e+00 -3.467630088873301375e+00 7.840052389174162473e-01
-2.142672219434182512e+00 -1.766461588410452643e+00 -2.031815357831661562e+00 -1.917392947431210359e+00 -3.484349707512266470e+00 7.866413752203774701e-01
-2.152216186965832279e+00 -1.781539413022042551e+00 -2.030900446991201314e+00 -1.932445410890377246e+00 -3.501090644799498719e+00 7.893171592225870503e-01
-2.161745050507448251e+00 -1.796628278154301261e+00 -2.029978501523873380e+00 -1.947447417410885784e+00 -3.517852340375848819e+00 7.920326766481351477e-01
-2.171258217184061756e+00 -1.811727364223156611e+00 -2.029049414034763021e+00 -1.962397241221867539e+00 -3.534634227237670956e+00 7.947880073476403240e-01
-2.180755091171250104e+00 -1.826835841723317477e+00 -2.028113072771111636e+00 -1.977293165154126342e+00 -3.551435731456487943e+00 7.975832251403763840e-01
-2.190235073737353044e+00 -1.841952871393513602e+00 -2.027169361870559516e+00 -1.992133481021809871e+00 -3.568256271853821104e+00 8.004183976594020367e-01
-2.199697563293452784e+00 -1.857077604388316816e+00 -2.026218163664639249e+00 -2.006916490024821087e+00 -3.585095259693540370e+00 8.032935862018099060e-01
-2.209141955483918007e+00 -1.872209182440356612e+00 -2.025259358586070313e+00 -2.021640503135384126e+00 -3.601952098354870735e+00 8.062088455847948865e-01
-2.218567643280036528e+00 -1.887346738032517957e+00 -2.024292827941695183e+00 -2.036303841475608500e+00 -3.618826182993423402e+00 8.091642240077689952e-01
-2.227974017121431949e+00 -1.902489394556022395e+00 -2.023318453805595052e+00 -2.050904836666967324e+00 -3.635716900170114840e+00 8.121597629192522927e-01
-2.237360465060401982e+00 -1.917636266479388008e+00 -2.022336122994029317e+00 -2.065441831185481192e+00 -3.652623627483145619e+00 8.151954968884422836e-01
-2.246726372970943242e+00 -1.932786459490450026e+00 -2.021345727176158569e+00 -2.079913178690407705e+00 -3.669545733169798929e+00 8.182714534844716114e-01
-2.256071124763916469e+00 -1.947939070650587690e+00 -2.020347160026779054e+00 -2.094317244314191750e+00 -3.686482575664105532e+00 8.213876531631701949e-01
-2.265394102560460698e+00 -1.963093188584973392e+00 -2.019340302641343676e+00 -2.108652404966414373e+00 -3.703433503166265517e+00 8.245441091597099925e-01
-2.274694686648530251e+00 -1.978247893827579817e+00 -2.018324989844113571e+00 -2.122917049608909590e+00 -3.720397853178324610e+00 8.277408273875261902e-01
-2.283972255612065183e+00 -1.993402261081747673e+00 -2.017301041751216939e+00 -2.137109569951256560e+00 -3.737374941493680325e+00 8.309778063816489757e-01
-2.293226186241368758e+00 -2.008555359585024291e+00 -2.016268279312158906e+00 -2.151228360772349024e+00 -3.754364061509136263e+00 8.342550372510377787e-01
-2.302455853673800235e+00 -2.023706253320012749e+00 -2.015226529297710290e+00 -2.165271820281337689e+00 -3.771364483569972670e+00 8.375725036351137076e-01
-2.311660631606080596e+00 -2.038854001169514873e+00 -2.014175622324581472e+00 -2.179238350501688792e+00 -3.788375454331865733e+00 8.409301816672319907e-01
-2.320839892473148591e+00 -2.053997657078939554e+00 -2.013115391780646579e+00 -2.193126357684437533e+00 -3.805396196147295740e+00 8.443280399431708494e-01
-2.329993007608662126e+00 -2.069136270219020801e+00 -2.012045672235911908e+00 -2.206934252751151959e+00 -3.822425906478401636e+00 8.477660394937091004e-01
-2.339119347379585268e+00 -2.084268885152941841e+00 -2.010966294934005028e+00 -2.220660451765209320e+00 -3.839463757336136318e+00 8.512441337639520267e-01
-2.348218281250185502e+00 -2.099394542032933408e+00 -2.009877088551374591e+00 -2.234303376425151644e+00 -3.856508894740044546e+00 8.547622685977858126e-01
-2.357289177855924400e+00 -2.114512276779120903e+00 -2.008777877698824099e+00 -2.247861454585987406e+00 -3.873560438206385292e+00 8.583203822254157345e-01
-2.366331405053610393e+00 -2.129621121262433192e+00 -2.007668481010377537e+00 -2.261333120803993513e+00 -3.890617480261004957e+00 8.619184052554650366e-01
-2.375344329940304977e+00 -2.144720103492486096e+00 -2.006548712517466804e+00 -2.274716816907553785e+00 -3.907679085981142997e+00 8.655562606708978590e-01
-2.384327318891751091e+00 -2.159808247782746271e+00 -2.005418379014396457e+00 -2.288010992578986436e+00 -3.924744292549901203e+00 8.692338638284926589e-01
-2.393279737559806719e+00 -2.174884574929375702e+00 -2.004277282000627824e+00 -2.301214105965855072e+00 -3.941812108846017182e+00 8.729511224615953413e-01
-2.402200950898009779e+00 -2.189948102361957361e+00 -2.003125219681610059e+00 -2.314324624302459554e+00 -3.958881515047537825e+00 8.767079366850706323e-01
-2.411090323216882325e+00 -2.204997844267563956e+00 -2.001961985200707783e+00 -2.327341024561821570e+00 -3.975951462274625037e+00 8.805041990059588874e-01
-2.419947218211600859e+00 -2.220032811720767718e+00 -2.000787365316895716e+00 -2.340261794109121496e+00 -3.993020872238130181e+00 8.843397943336566147e-01
-2.428770998969068007e+00 -2.235052012815736511e+00 -1.999601143000931280e+00 -2.353085431374231984e+00 -4.010088636915722482e+00 8.882145999928742208e-01
-2.437561028014035625e+00 -2.250054452767166424e+00 -1.998403093396148966e+00 -2.365810446546432466e+00 -4.027153618260715717e+00 8.921284857399590651e-01
-2.446316667294293978e+00 -2.265039134038151047e+00 -1.997192985399945497e+00 -2.378435362276130061e+00 -4.044214647926305695e+00 8.960813137802464690e-01
-2.455037278189649008e+00 -2.280005056445371103e+00 -1.995970583047763425e+00 -2.390958714387832362e+00 -4.061270527011226150e+00 9.000729387882967503e-01
-2.463722221542244295e+00 -2.294951217244982189e+00 -1.994735645252220912e+00 -2.403379052606899435e+00 -4.078320025830857176e+00 9.041032079260089560e-01
-2.472370857683214851e+00 -2.309876611212866138e+00 -1.993487924809160594e+00 -2.415694941291567144e+00 -4.095361883704225825e+00 9.081719608657484732e-01
-2.480982546445130055e+00 -2.324780230726614327e+00 -1.992227166870240485e+00 -2.427904960180715221e+00 -4.112394808771067112e+00 9.122790298127050335e-01
-2.489556647152350255e+00 -2.339661065853560373e+00 -1.990953109665175136e+00 -2.440007705146891581e+00 -4.129417477826621052e+00 9.164242395294278642e-01
-2.498092518622801794e+00 -2.354518104425199709e+00 -1.989665483856043027e+00 -2.452001788956009509e+00 -4.146428536176941293e+00 9.206074073613299547e-01
-2.506589519161402713e+00 -2.369350332111145541e+00 -1.988364012233125644e+00 -2.463885842041257046e+00 -4.163426597525311301e+00 9.248283432633521706e-01
-2.515047006550388264e+00 -2.384156732489755015e+00 -1.987048408989892101e+00 -2.475658513269561656e+00 -4.180410243862715092e+00 9.290868498265285602e-01
-2.523464338030280807e+00 -2.398936287118448085e+00 -1.985718381963835100e+00 -2.487318470725150110e+00 -4.197378025394852052e+00 9.333827223058902556e-01
-2.531840870315742453e+00 -2.413687975579162703e+00 -1.984373631652376346e+00 -2.498864402492556813e+00 -4.214328460483743655e+00 9.377157486473138848e-01
-2.540175959598737432e+00 -2.428410775526764986e+00 -1.983013851151235629e+00 -2.510295017447846000e+00 -4.231260035616462467e+00 9.420857095155515948e-01
-2.548468961552958323e+00 -2.443103662732990067e+00 -1.981638725150265845e+00 -2.521609046048008729e+00 -4.248171205388269200e+00 9.464923783229313159e-01
-2.556719231325779162e+00 -2.457765611133997830e+00 -1.980247928242828914e+00 -2.532805241127178864e+00 -4.265060392512790344e+00 9.509355212579171379e-01
-2.564926123507559996e+00 -2.472395592886263316e+00 -1.978841126815926499e+00 -2.543882378695907054e+00 -4.281925987854992677e+00 9.554148973129241718e-01
-2.573088992131591368e+00 -2.486992578402495546e+00 -1.977417978369673257e+00 -2.554839258738546892e+00 -4.298766350481005638e+00 9.599302583136881672e-01
-2.581207190666713558e+00 -2.501555536388775813e+00 -1.975978129211945600e+00 -2.565674706016454198e+00 -4.315579807736509288e+00 9.644813489497184866e-01
-2.589280071979097375e+00 -2.516083433895717647e+00 -1.974521216445785932e+00 -2.576387570864904220e+00 -4.332364655337388015e+00 9.690679068023035914e-01
-2.597306988326308019e+00 -2.530575236349501544e+00 -1.973046866664405430e+00 -2.586976729993432755e+00 -4.349119157487183251e+00 9.736896623742036239e-01
-2.605287291335533606e+00 -2.545029907589291263e+00 -1.971554694682806419e+00 -2.597441087284605210e+00 -4.365841547015266499e+00 9.783463391195253989e-01
-2.613220331966726206e+00 -2.559446409910209219e+00 -1.970044303877330094e+00 -2.607779574591189142e+00 -4.382530025536471641e+00 9.830376534733026306e-01
-2.621105460484603356e+00 -2.573823704099852172e+00 -1.968515285703428930e+00 -2.617991152532602062e+00 -4.399182763634447824e+00 9.877633148821480802e-01
-2.628942026427501411e+00 -2.588160749474172739e+00 -1.966967221166794788e+00 -2.628074811283435785e+00 -4.415797901058700070e+00 9.925230258327445432e-01
-2.636729378601739171e+00 -2.602456503898416429e+00 -1.965399679615777551e+00 -2.638029571362445314e+00 -4.432373546948806364e+00 9.973164818824755695e-01
-2.644466865062722327e+00 -2.616709923813648864e+00 -1.963812216830086665e+00 -2.647854484418675991e+00 -4.448907780081803764e+00 1.002143371689757423e+00
-2.652153833073163103e+00 -2.630919964274271550e+00 -1.962204374803651730e+00 -2.657548634010657107e+00 -4.465398649137371834e+00 1.007003377044206172e+00
-2.659789629063034955e+00 -2.645085578983265684e+00 -1.960575681680511995e+00 -2.667111136381653314e+00 -4.481844172986209074e+00 1.011896172897238655e+00
-2.667373598593456574e+00 -2.659205720323702948e+00 -1.958925650199311752e+00 -2.676541141231425058e+00 -4.498242341003414246e+00 1.016821427392655908e+00
-2.674905086303667190e+00 -2.673279339397883980e+00 -1.957253778830618796e+00 -2.685837832473794595e+00 -4.514591113390615362e+00 1.021778801896594757e+00
-2.682383435879615252e+00 -2.687305386053938427e+00 -1.955559549489847004e+00 -2.695000428992395225e+00 -4.530888421527309973e+00 1.026767951029656789e+00
-2.689807989995909754e+00 -2.701282808925182799e+00 -1.953842428639637419e+00 -2.704028185390485728e+00 -4.547132168345926928e+00 1.031788522697731914e+00
-2.697178090279376050e+00 -2.715210555457003849e+00 -1.952101865952196480e+00 -2.712920392727280916e+00 -4.563320228719208060e+00 1.036840158124507250e+00
-2.704493077260136769e+00 -2.729087571939280643e+00 -1.950337293713940712e+00 -2.721676379247341071e+00 -4.579450449871160345e+00 1.041922491882995017e+00
-2.711752290320649905e+00 -2.742912803537725708e+00 -1.948548126641650224e+00 -2.730295511105998774e+00 -4.595520651817865954e+00 1.047035151928318752e+00
-2.718955067649204249e+00 -2.756685194322095356e+00 -1.946733761111015815e+00 -2.738777193081345374e+00 -4.611528627823276771e+00 1.052177759630760434e+00
-2.726100746189985546e+00 -2.770403687295510231e+00 -1.944893572640709722e+00 -2.747120869273974364e+00 -4.627472144872641024e+00 1.057349929810237565e+00
-2.733188661565678412e+00 -2.784067224435991861e+00 -1.943026916533131310e+00 -2.755326023795790391e+00 -4.643348944166524106e+00 1.062551270769690248e+00
-2.740218148016923205e+00 -2.797674746727930817e+00 -1.941133127013166426e+00 -2.763392181445527562e+00 -4.659156741632148879e+00 1.067781384329993255e+00
-2.747188538337948849e+00 -2.811225194193633925e+00 -1.939211516364822030e+00 -2.771318908373860523e+00 -4.674893228458059546e+00 1.073039865865333065e+00
-2.754099163808936268e+00 -2.824717505924970951e+00 -1.937261373189731462e+00 -2.779105812738431602e+00 -4.690556071653801062e+00 1.078326304340207376e+00
-2.760949354113396925e+00 -2.838150620120111434e+00 -1.935281962092438635e+00 -2.786752545340521081e+00 -4.706142914620438766e+00 1.083640282345275319e+00
-2.767738437260559348e+00 -2.851523474115285950e+00 -1.933272522796241955e+00 -2.794258800250585040e+00 -4.721651377745899048e+00 1.088981376136233248e+00
-2.774465739505675099e+00 -2.864835004415880348e+00 -1.931232269238628785e+00 -2.801624315418627553e+00 -4.737079059018727278e+00 1.094349155672510898e+00
-2.781130585268047017e+00 -2.878084146725566228e+00 -1.929160387788352971e+00 -2.808848873267942636e+00 -4.752423534658187343e+00 1.099743184656238215e+00
-2.787732297035621976e+00 -2.891269835978924618e+00 -1.927056036993156862e+00 -2.815932301272709992e+00 -4.767682359762357436e+00 1.105163020572858201e+00
-2.794270195277206437e+00 -2.904391006367192496e+00 -1.924918345380195683e+00 -2.822874472516389233e+00 -4.782853068968971222e+00 1.110608214732082155e+00
-2.800743598336877138e+00 -2.917446591369334818e+00 -1.922746410463779920e+00 -2.829675306236738130e+00 -4.797933177141134209e+00 1.116078312310603282e+00
-2.807151822327196733e+00 -2.930435523779684637e+00 -1.920539297227856546e+00 -2.836334768352360758e+00 -4.812920180068970488e+00 1.121572852395930964e+00
-2.813494181014668527e+00 -2.943356735734428575e+00 -1.918296036496447199e+00 -2.842852871970842799e+00 -4.827811555188080916e+00 1.127091368031209573e+00
-2.819769985696845449e+00 -2.956209158737316045e+00 -1.916015623704370174e+00 -2.849229677876694566e+00 -4.842604762311645494e+00 1.132633386261401753e+00
-2.825978545076885950e+00 -2.968991723681077666e+00 -1.913697018030318775e+00 -2.855465295002264980e+00 -4.857297244383626200e+00 1.138198428181253385e+00
-2.832119165140708716e+00 -2.981703360861565955e+00 -1.911339139833541978e+00 -2.861559880876817008e+00 -4.871886428243697331e+00 1.143786008984159164e+00
-2.838191149015763859e+00 -2.994342999994693777e+00 -1.908940869172292221e+00 -2.867513642055341094e+00 -4.886369725407808673e+00 1.149395638011756704e+00
-2.844193796825781995e+00 -3.006909570227747963e+00 -1.906501044221952323e+00 -2.873326834526622076e+00 -4.900744532864072411e+00 1.155026818805812372e+00
-2.850126405540927887e+00 -3.019402000145265497e+00 -1.904018458089991706e+00 -2.878999764098456815e+00 -4.915008233879881061e+00 1.160679049160737941e+00
-2.855988268803752117e+00 -3.031819217777595554e+00 -1.901491856428725313e+00 -2.884532786761628387e+00 -4.929158198824246995e+00 1.166351821177638026e+00
-2.861778676741883132e+00 -3.044160150605667248e+00 -1.898919936565370614e+00 -2.889926309031603413e+00 -4.943191786003756860e+00 1.172044621320744051e+00
-2.867496915787311362e+00 -3.056423725552751769e+00 -1.896301344543669609e+00 -2.895180788266419558e+00 -4.957106342509142394e+00 1.177756930474820107e+00
-2.873142268476559291e+00 -3.068608868973333514e+00 -1.893634672142013420e+00 -2.900296732960209845e+00 -4.970899205071384053e+00 1.183488224004356715e+00
-2.878714013232769098e+00 -3.080714506638488004e+00 -1.890918454854819464e+00 -2.905274703015721105e+00 -4.984567700935852663e+00 1.189237971814418149e+00
-2.884211424142002933e+00 -3.092739563710028783e+00 -1.888151168783589018e+00 -2.910115309987865384e+00 -4.998109148735658813e+00 1.195005638412641291e+00
-2.889633770711336869e+00 -3.104682964708586290e+00 -1.885331226908218305e+00 -2.914819217304942978e+00 -5.011520859380315329e+00 1.200790682973450707e+00
-2.894980317602172448e+00 -3.116543633477173891e+00 -1.882456976125684189e+00 -2.919387140465841579e+00 -5.024800136956191210e+00 1.206592559404319198e+00
-2.900250324348709885e+00 -3.128320493133658786e+00 -1.879526693932922488e+00 -2.923819847209347511e+00 -5.037944279629081201e+00 1.212410716412785527e+00
-2.905443045058262452e+00 -3.140012466012814585e+00 -1.876538584918808761e+00 -2.928118157659500120e+00 -5.050950580558838610e+00 1.218244597576258803e+00
-2.910557728091741847e+00 -3.151618473596954573e+00 -1.873490775549844001e+00 -2.932282944445556261e+00 -5.063816328822781543e+00 1.224093641413345201e+00
-2.915593615705020181e+00 -3.163137436441362915e+00 -1.870381310904023042e+00 -2.936315132793169358e+00 -5.076538810338562691e+00 1.229957281457327634e+00
-2.920549943674965121e+00 -3.174568274082703034e+00 -1.867208149779393311e+00 -2.940215700590068870e+00 -5.089115308794907477e+00 1.235834946330761852e+00
-2.925425940891511090e+00 -3.185909904935620318e+00 -1.863969160158081007e+00 -2.943985678425755648e+00 -5.101543106589055299e+00 1.241726059822734873e+00
-2.930220828920794052e+00 -3.197161246174321292e+00 -1.860662112809723601e+00 -2.947626149603162382e+00 -5.113819485764673267e+00 1.247630040967292020e+00
-2.934933821518376451e+00 -3.208321213604371280e+00 -1.857284677206391121e+00 -2.951138250123853890e+00 -5.125941728954141574e+00 1.253546304124166122e+00
-2.939564124119410149e+00 -3.219388721511482032e+00 -1.853834414782167705e+00 -2.954523168644734632e+00 -5.137907120318639720e+00 1.259474259061102108e+00
-2.944110933275650321e+00 -3.230362682496981108e+00 -1.850308772064630736e+00 -2.957782146409802859e+00 -5.149712946495895061e+00 1.265413311038666944e+00
-2.948573436038087969e+00 -3.241242007297092442e+00 -1.846705073461408109e+00 -2.960916477153916926e+00 -5.161356497545795285e+00 1.271362860896712021e+00
-2.952950809281191358e+00 -3.252025604583939078e+00 -1.843020514432095025e+00 -2.963927506979351811e+00 -5.172835067895044325e+00 1.277322305142585712e+00
-2.957242218972527148e+00 -3.262712380743523433e+00 -1.839252153098503761e+00 -2.966816634204906489e+00 -5.184145957278943229e+00 1.283291036041474431e+00
-2.961446819369635275e+00 -3.273301239633723547e+00 -1.835396901888957544e+00 -2.969585309189074707e+00 -5.195286471683652429e+00 1.289268441708667723e+00
-2.965563752143220100e+00 -3.283791082318122001e+00 -1.831451518464078276e+00 -2.972235034126839537e+00 -5.206253924286211365e+00 1.295253906204048899e+00
-2.969592145416881657e+00 -3.294180806774789971e+00 -1.827412595243111948e+00 -2.974767362819691119e+00 -5.217045636389066487e+00 1.301246809628042067e+00
-2.973531112705931623e+00 -3.304469307581637594e+00 -1.823276548702720712e+00 -2.977183900420749652e+00 -5.227658938353651585e+00 1.307246528219959680e+00
-2.977379751749372971e+00 -3.314655475574264543e+00 -1.819039607929894720e+00 -2.979486303154144977e+00 -5.238091170527732210e+00 1.313252434457805595e+00
-2.981137143222661656e+00 -3.324738197474369272e+00 -1.814697802931028114e+00 -2.981676278009944614e+00 -5.248339684168692010e+00 1.319263897160231958e+00
-2.984802349322854376e+00 -3.334716355485505268e+00 -1.810246950204524863e+00 -2.983755582415832830e+00 -5.258401842364464507e+00 1.325280281590588194e+00
-2.988374412190646812e+00 -3.344588826860402264e+00 -1.805682639060275374e+00 -2.985726023884656577e+00 -5.268275020945569764e+00 1.331300949562672420e+00
-2.991852352167890583e+00 -3.354354483431436940e+00 -1.801000217441685258e+00 -2.987589459640105360e+00 -5.277956609393245735e+00 1.337325259548324485e+00
-2.995235165873887606e+00 -3.364012191100929527e+00 -1.796194775586414050e+00 -2.989347796220941156e+00 -5.287444011741191829e+00 1.343352566786625513e+00
-2.998521824064583896e+00 -3.373560809292921903e+00 -1.791261129249729800e+00 -2.991002989066410489e+00 -5.296734647477372881e+00 1.349382223395596103e+00
-3.001711269252626213e+00 -3.382999190361383413e+00 -1.786193802268685848e+00 -2.992557042082543806e+00 -5.305825952439608528e+00 1.355413578485405113e+00
-3.004802413060010391e+00 -3.392326178951277527e+00 -1.780987007314139170e+00 -2.994012007191822811e+00 -5.314715379709706866e+00 1.361445978273492674e+00
-3.007794133259146463e+00 -3.401540611311644646e+00 -1.775634626260174542e+00 -2.995369983867994357e+00 -5.323400400507483532e+00 1.367478766201405405e+00
-3.010685270466722852e+00 -3.410641314555212134e+00 -1.770130189645906960e+00 -2.996633118658533323e+00 -5.331878505088779363e+00 1.373511283053933774e+00
-3.013474624443922778e+00 -3.419627105860439720e+00 -1.764466857790914167e+00 -2.997803604696207103e+00 -5.340147203645666529e+00 1.379542867079752488e+00
-3.016160949974042271e+00 -3.428496791604980665e+00 -1.758637407013486920e+00 -2.998883681204060014e+00 -5.348204027219734868e+00 1.385572854114244912e+00
-3.018742952311554095e+00 -3.437249166411976198e+00 -1.752634226228876546e+00 -2.999875632996292119e+00 -5.356046528629703651e+00 1.391600577704268149e+00
-3.021219282230646730e+00 -3.445883012081901065e+00 -1.746449334678430887e+00 -3.000781789979396930e+00 -5.363672283422507014e+00 1.397625369234945403e+00
-3.023588530770184857e+00 -3.454397096366951025e+00 -1.740074431853094294e+00 -3.001604526658136596e+00 -5.371078890856585630e+00 1.403646558058623262e+00
-3.025849223812855371e+00 -3.462790171541851869e+00 -1.733500986619429307e+00 -3.002346261651672510e+00 -5.378263974927948610e+00 1.409663471625907327e+00
-3.027999816585119852e+00 -3.471060972746554896e+00 -1.726720362109020579e+00 -3.003009457226760492e+00 -5.385225185455659869e+00 1.415675435618951372e+00
-3.030038687930601160e+00 -3.479208216138456322e+00 -1.719723941182957461e+00 -3.003596618855899347e+00 -5.391960199245740881e+00 1.421681774087104388e+00
-3.031964133575008713e+00 -3.487230597027443757e+00 -1.712503173224396269e+00 -3.004110294810863557e+00 -5.398466721363311294e+00 1.427681809585372052e+00
-3.033774356457719090e+00 -3.495126788367168835e+00 -1.705049405407231822e+00 -3.004553075803456430e+00 -5.404742486545683455e+00 1.433674863315617110e+00
-3.035467450529749645e+00 -3.502895440201124977e+00 -1.697353328900303548e+00 -3.004927594689385195e+00 -5.410785260806749264e+00 1.439660255271036027e+00
-3.037041372724338828e+00 -3.510535180768574293e+00 -1.689403936391828953e+00 -3.005236526255046670e+00 -5.416592843297994619e+00 1.445637304384186361e+00
-3.038493897632087659e+00 -3.518044619699533193e+00 -1.681187164155126146e+00 -3.005482587113430082e+00 -5.422163068520011286e+00 1.451605328679193452e+00
-3.039822553937131300e+00 -3.525422352720875452e+00 -1.672685057565851618e+00 -3.005668535744332015e+00 -5.427493809021316729e+00 1.457563645429003296e+00
-3.041024556669108314e+00 -3.532666965230368383e+00 -1.663877492038770001e+00 -3.005797172726704769e+00 -5.432582978784536110e+00 1.463511571318640625e+00
-3.042096783402259863e+00 -3.539777029049204771e+00 -1.654750234200042858e+00 -3.005871341231173943e+00 -5.437428537613400614e+00 1.469448422616152827e+00
-3.043035906924464129e+00 -3.546751083625369283e+00 -1.645314997783517086e+00 -3.005893927870842308e+00 -5.442028497016766941e+00 1.475373515353444631e+00
-3.043838902452602468e+00 -3.553587592562758246e+00 -1.635647795281840455e+00 -3.005867864058158645e+00 -5.446380928424422230e+00 1.481286165520236286e+00
-3.044504298422994637e+00 -3.560284872886541940e+00 -1.625948278655005463e+00 -3.005796128098927156e+00 -5.450483975219206023e+00 1.487185689275977163e+00
-3.045034721475679884e+00 -3.566841011361686853e+00 -1.616610309658244926e+00 -3.005681748400872877e+00 -5.454335871426222226e+00 1.493071403187243407e+00
-3.045441444761919136e+00 -3.573253803619636848e+00 -1.608269797781226584e+00 -3.005527808438078985e+00 -5.457934973014268110e+00 1.498942624502591636e+00
-3.045751564861518990e+00 -3.579520760915321453e+00 -1.601764739977905583e+00 -3.005337454569586342e+00 -5.461279815856810771e+00 1.504798671484306460e+00
-3.046015583781713332e+00 -3.585639291794729289e+00 -1.597867574531427026e+00 -3.005113908233588038e+00 -5.464369238542014173e+00 1.510638863825369826e+00
