-3.015246651163583369e+00 -5.414133946331053160e+00 1.532200004687394257e+00 -3.030828726035855958e+00 -3.608850195733978250e+00 -1.549924804298145276e+00
-3.015246651163583369e+00 -5.414133946331053160e+00 1.532200004687394257e+00 -3.030828726035855958e+00 -3.608850195733978250e+00 -1.549924804298145276e+00
-3.014134291628118412e+00 -5.406468657029026126e+00 1.485524757916963701e+00 -3.028874317526177418e+00 -3.601854232237910125e+00 -1.552583733286402090e+00
-3.011271661139086397e+00 -5.391354073650725276e+00 1.413040812467939222e+00 -3.024988633051681752e+00 -3.588036895752046984e+00 -1.557667398185710761e+00
-3.005465821590997955e+00 -5.369223753720748782e+00 1.330144304541185152e+00 -3.019146414050856819e+00 -3.567587104841875689e+00 -1.564943597400035857e+00
-2.995483141841816632e+00 -5.340721081653763136e+00 1.247490305513895725e+00 -3.011282813750381759e+00 -3.540706891290646308e+00 -1.574183063038446351e+00
-2.980352057165298607e+00 -5.306606613397444328e+00 1.171843852500926042e+00 -3.001301843481954279e+00 -3.507610537949175544e+00 -1.585160355672400101e+00
-2.959482874964440846e+00 -5.267623320293499667e+00 1.106940098690904373e+00 -2.989084392653214017e+00 -3.468523868361616636e+00 -1.597654704646049639e+00
-2.932659429986841371e+00 -5.224384457947356175e+00 1.054280438341563819e+00 -2.974495762077995487e+00 -3.423683532064580426e+00 -1.611450788301005188e+00
-2.899964317021610949e+00 -5.177317615615837809e+00 1.013822749874773832e+00 -2.957392657822849102e+00 -3.373336171939350869e+00 -1.626339449746174948e+00
-2.861685807720047325e+00 -5.126664392073972287e+00 9.845475406588969358e-01 -2.937629599655933177e+00 -3.317737399201292181e+00 -1.642118345013128478e+00
-2.818233537990132209e+00 -5.072517096817758642e+00 9.648985146422963677e-01 -2.915064705596898786e+00 -3.257150536770061056e+00 -1.658592521594864033e+00
-2.770072916512451577e+00 -5.014871031355824904e+00 9.531069434338820257e-01 -2.889564822517818321e+00 -3.191845122288844205e+00 -1.675574926472408688e+00
-2.717678604848359214e+00 -4.953676040789842361e+00 9.474153830731893988e-01 -2.861009982404033813e+00 -3.122095187543739492e+00 -1.692886843786452600e+00
-2.661503854874266217e+00 -4.888878095493596199e+00 9.462189208200029178e-01 -2.829297174609124887e+00 -3.048177351260315859e+00 -1.710358263304005977e+00
-2.601962103379501290e+00 -4.820447578940150635e+00 9.481423177119532308e-01 -2.794343435864341973e+00 -2.970368777203491462e+00 -1.727828181754534231e+00
-2.539417868362831676e+00 -4.748394815631339583e+00 9.520700146235244743e-01 -2.756088271424711689e+00 -2.888945059349841582e+00 -1.745144839956741967e+00
-2.474184634882348188e+00 -4.672775343026232875e+00 9.571436824606254223e-01 -2.714495431987008267e+00 -2.804178100983450772e+00 -1.762165899416631598e+00
-2.406527805399850894e+00 -4.593688041910435338e+00 9.627393327771084364e-01 -2.669554081344199581e+00 -2.716334055381521839e+00 -1.778758562740941462e+00
-2.336671005643152110e+00 -4.511269035551729978e+00 9.684333206715297626e-01 -2.621279398658086457e+00 -2.625671392911874680e+00 -1.794799642770175341e+00
-2.264804223108473291e+00 -4.425683680425766653e+00 9.739640972947769537e-01 -2.569712666353632713e+00 -2.532439153543185384e+00 -1.810175585786743646e+00
-2.191092492534215452e+00 -4.337118288106228015e+00 9.791944347584106145e-01 -2.514920899711597269e+00 -2.436875435684348723e+00 -1.824782454492895667e+00
-2.115684140754521714e+00 -4.245772599131869995e+00 9.840771070901024320e-01 -2.456996077145542579e+00 -2.339206162627681884e+00 -1.838525876679111715e+00
-2.038717929898637760e+00 -4.151853541372258150e+00 9.886256699697606454e-01 -2.396054030914211985e+00 -2.239644157334886643e+00 -1.851320965617630376e+00
-1.960328750131896225e+00 -4.055570456028970483e+00 9.928910079696638968e-01 -2.332233056779155156e+00 -2.138388545466117563e+00 -1.863092218221086949e+00
-1.880651777590567120e+00 -3.957131744247757599e+00 9.969436599677741206e-01 -2.265692298106974256e+00 -2.035624495911646292e+00 -1.873773396907973510e+00
-1.799825212826640097e+00 -3.856742748125220555e+00 1.000861531565217177e+00 -2.196609955444613238e+00 -1.931523298040496384e+00 -1.883307400921356844e+00
-1.717991848058167736e+00 -3.754604605149943986e+00 1.004722396685467034e+00 -2.125181367019955303e+00 -1.826242765724445771e+00 -1.891646132562945892e+00
-1.635299786051544801e+00 -3.650913783919624400e+00 1.008600521481900492e+00 -2.051616999314499257e+00 -1.719927950122124294e+00 -1.898750363439829059e+00
-1.551902662401956956e+00 -3.545862006443885051e+00 1.012566760691574919e+00 -1.976140380194541635e+00 -1.612712136320119782e+00 -1.904589605385283102e+00
-1.467959719407502917e+00 -3.439636278700109351e+00 1.016691535199720109e+00 -1.898986000426786891e+00 -1.504718093254456601e+00 -1.909141990217550822e+00
-1.383636054151471617e+00 -3.332418780612138143e+00 1.021050162547749496e+00 -1.820397203064437086e+00 -1.396059541846787155e+00 -1.912394161950939475e+00
-1.299103322424551399e+00 -3.224386406775324954e+00 1.025730048914180292e+00 -1.740624074448038572e+00 -1.286842802915017625e+00 -1.914341184481533009e+00
-1.214541126290392459e+00 -3.115709800327175039e+00 1.030839237492410909e+00 -1.659921345649691515e+00 -1.177168584064344881e+00 -1.914986467144476734e+00
-1.130139245548037241e+00 -3.006551787023047595e+00 1.036515726023519823e+00 -1.578546309275791648e+00 -1.067133863330561372e+00 -1.914341709890092114e+00
-1.046100788840940377e+00 -2.897065199369107891e+00 1.042936803764305864e+00 -1.496756753756030012e+00 -9.568338267366600647e-01 -1.912426869160668286e+00
-9.626462343601334126e-01 -2.787390187104622719e+00 1.050327411108543663e+00 -1.414808915657771005e+00 -8.463638170551148754e-01 -1.909270144876911601e+00
-8.800181986667618972e-01 -2.677651245241297495e+00 1.058966198590200358e+00 -1.332955450199224900e+00 -7.358212518820002046e-01 -1.904907988270849950e+00
-7.984866115679958298e-01 -2.567954355666289601e+00 1.069187573544430725e+00 -1.251443420970054010e+00 -6.253074705905774522e-01 -1.899385129638221592e+00
-7.183537826155554917e-01 -2.458384826883105223e+00 1.081377605825574628e+00 -1.170512311838944886e+00 -5.149294718306594021e-01 -1.892754624435804001e+00
-6.399586186916712549e-01 -2.349006609690243330e+00 1.095961272813590348e+00 -1.090392067028529421e+00 -4.048015059867182686e-01 -1.885077915525347647e+00
-5.636789909635115947e-01 -2.239864026172138090e+00 1.113378238160908529e+00 -1.011301169225691687e+00 -2.950464904277474432e-01 -1.876424908773224098e+00
-4.899309546467653931e-01 -2.130986912683438206e+00 1.134044288439721049e+00 -9.334447701923167529e-01 -1.857972195065271670e-01 -1.866874058661204483e+00
-4.191632080477125655e-01 -2.022400057245079541e+00 1.158295841532022363e+00 -8.570128934405665255e-01 -7.719734612129514062e-02 -1.856512460056299663e+00
-3.518448758246082164e-01 -1.914137406326833712e+00 1.186315771030277855e+00 -7.821787339057491018e-01 3.059788275216801523e-02 -1.845435941833477589e+00
-2.884445045364874005e-01 -1.806260738839982061e+00 1.218040377572259247e+00 -7.090970849389313102e-01 1.374211478373164041e-01 -1.833749157651626494e+00
-2.293982361507147516e-01 -1.698881341656832689e+00 1.253049925080879312e+00 -6.379029280922043910e-01 2.430928409557964187e-01 -1.821565668856787834e+00
-1.750657409296940692e-01 -1.592181814240993365e+00 1.290449010521830697e+00 -5.687102258257032972e-01 3.474211068626793519e-01 -1.809008014233756123e+00
-1.256739679651066588e-01 -1.486433876947209853e+00 1.328748424714243148e+00 -5.016109611860839479e-01 4.502021324837506278e-01 -1.796207761152964766e+00
-8.125138071160664666e-02 -1.382007654973358868e+00 1.365767383640971611e+00 -4.366744714797214932e-01 5.512206645789876625e-01 -1.783305532568886020e+00
-4.155913662805943432e-02 -1.279369233010442919e+00 1.398584423405232258e+00 -3.739471248232608680e-01 6.502507291510668530e-01 -1.770451004322463495e+00
-6.030386713150370781e-03 -1.179066924578023645e+00 1.423577322924816979e+00 -3.134523890904987731e-01 7.470565188511355537e-01 -1.757802867285806814e+00
