-9.945962835349086983e-02 9.165955000425137777e-01 -1.466054469999148901e+00 2.913138076932504303e-02 -8.977095945596198501e-01 1.612314790733680114e+00
-9.945962835349086983e-02 9.165955000425137777e-01 -1.466054469999148901e+00 2.913138076932504303e-02 -8.977095945596198501e-01 1.612314790733680114e+00
-9.949424068450708758e-02 9.165520292704386618e-01 -1.659203109811825394e+00 2.910248999990398475e-02 -8.977595347229535561e-01 1.612236673531943998e+00
-9.955967291495830540e-02 9.164236181097276113e-01 -1.871219656885648952e+00 2.904490242131655200e-02 -8.978598559886692421e-01 1.612081420023332434e+00
-9.968675522114761600e-02 9.162075233104044480e-01 -2.030893975465278611e+00 2.895879999853703465e-02 -8.980109911978167991e-01 1.611850009155832320e+00
-9.989735004448904720e-02 9.159151551289730353e-01 -2.125974418014360268e+00 2.884435269544671429e-02 -8.982133651357453452e-01 1.611543417898903430e+00
-1.001959398477124535e-01 9.155525910406531187e-01 -2.169945129787417049e+00 2.870171847656321010e-02 -8.984673945696657338e-01 1.611162621211720491e+00
-1.005776604311152400e-01 9.151174453116627250e-01 -2.182241536727393960e+00 2.853104331625560403e-02 -8.987734882815821003e-01 1.610708592011316220e+00
-1.010353052863182943e-01 9.146038627331209980e-01 -2.179098161026474578e+00 2.833246121538723211e-02 -8.991320470967038014e-01 1.610182301140628214e+00
-1.015629191309326551e-01 9.140069092090611358e-01 -2.170984992358077736e+00 2.810609422532815010e-02 -8.995434639074556538e-01 1.609584717336449700e+00
-1.021570512142355031e-01 9.133241716996157722e-01 -2.163254856170070184e+00 2.785205247927737687e-02 -9.000081236932061524e-01 1.608916807197292353e+00
-1.028165655381227395e-01 9.125554740554140398e-01 -2.157823640370118756e+00 2.757043423083412048e-02 -9.005264035358416796e-01 1.608179535151159412e+00
-1.035417822469792276e-01 9.117019502686372068e-01 -2.154769859697393652e+00 2.726132589975677548e-02 -9.010986726313171546e-01 1.607373863423235294e+00
-1.043335734413553678e-01 9.107651929130854418e-01 -2.153455034843894556e+00 2.692480212484599927e-02 -9.017252922973187923e-01 1.606500752003493959e+00
-1.051927425780462833e-01 9.097467172118849366e-01 -2.153148569851004890e+00 2.656092582388774187e-02 -9.024066159771830797e-01 1.605561158614230655e+00
-1.061197430613179810e-01 9.086477308961025123e-01 -2.153289943092705272e+00 2.616974826058928241e-02 -9.031429892402064175e-01 1.604556038677516616e+00
-1.071146445104379785e-01 9.074691111332919835e-01 -2.153540176654296534e+00 2.575130911844193682e-02 -9.039347497785020780e-01 1.603486345282583825e+00
-1.081772236194038783e-01 9.062114834067667157e-01 -2.153739166459496257e+00 2.530563658143978115e-02 -9.047822274005461463e-01 1.602353029153141151e+00
-1.093070853289508093e-01 9.048753250864863817e-01 -2.153839372934729379e+00 2.483274742158469647e-02 -9.056857440215764221e-01 1.601157038614623662e+00
-1.105037632765924344e-01 9.034610514596884689e-01 -2.153849168194690300e+00 2.433264709310523771e-02 -9.066456136509996044e-01 1.599899319561383093e+00
-1.117667830521988093e-01 9.019690701658859000e-01 -2.153795725219747492e+00 2.380532983331276262e-02 -9.076621423769534180e-01 1.598580815423816359e+00
-1.130956916635211529e-01 9.003998067160434715e-01 -2.153705707181338802e+00 2.325077877002080379e-02 -9.087356283482092012e-01 1.597202467135441895e+00
-1.144900642142215180e-01 8.987537104052822912e-01 -2.153598105709825017e+00 2.266896603544642924e-02 -9.098663617535596160e-01 1.595765213099921809e+00
-1.159494989206485277e-01 8.970312501466980448e-01 -2.153483683197410681e+00 2.205985288651570245e-02 -9.110546247988786650e-01 1.594269989158035861e+00
-1.174736084918704682e-01 8.952329071310577424e-01 -2.153367069583281612e+00 2.142338983148653342e-02 -9.123006916819973444e-01 1.592717728554611467e+00
-1.190620123104359773e-01 8.933591681405289586e-01 -2.153249275203665380e+00 2.075951676280927971e-02 -9.136048285656004353e-01 1.591109361905416408e+00
-1.207143310802179514e-01 8.914105209605845959e-01 -2.153129656310675877e+00 2.006816309613247348e-02 -9.149672935482747738e-01 1.589445817164006236e+00
-1.224301839681294218e-01 8.893874519225104525e-01 -2.153007122336238144e+00 1.934924791536573804e-02 -9.163883366339099501e-01 1.587728019588540596e+00
-1.242091875673447948e-01 8.872904450056745551e-01 -2.152880717762449603e+00 1.860268012370625695e-02 -9.178681996996068682e-01 1.585956891708568461e+00
-1.260509559023069159e-01 8.851199818339876568e-01 -2.152749804240674969e+00 1.782835860053770538e-02 -9.194071164622997783e-01 1.584133353291784729e+00
-1.279551008662481171e-01 8.828765420452536761e-01 -2.152614040418835639e+00 1.702617236409915968e-02 -9.210053124442252326e-01 1.582258321310761939e+00
-1.299212327207174555e-01 8.805606037156994415e-01 -2.152473290901171232e+00 1.619600073982953997e-02 -9.226630049374641152e-01 1.580332709909669786e+00
-1.319489604873919919e-01 8.781726436936435620e-01 -2.152327533929321302e+00 1.533771353427933019e-02 -9.243804029676694345e-01 1.578357430370969983e+00
-1.340378921918799759e-01 8.757131378071603134e-01 -2.152176794467782539e+00 1.445117121448836334e-02 -9.261577072571959279e-01 1.576333391082101798e+00
-1.361876349834471311e-01 8.731825609657833942e-01 -2.152021105664138290e+00 1.353622509272087507e-02 -9.279951101877822461e-01 1.574261497502156049e+00
-1.383977951743093626e-01 8.705813871933759662e-01 -2.151860491850412505e+00 1.259271751644706547e-02 -9.298927957629824492e-01 1.572142652128546647e+00
-1.406679782381931310e-01 8.679100896260590892e-01 -2.151694964460711734e+00 1.162048206345844825e-02 -9.318509395705076859e-01 1.569977754463682595e+00
-1.429977887953661209e-01 8.651691404984779288e-01 -2.151524523980105741e+00 1.061934374200214012e-02 -9.338697087446798939e-01 1.567767700981646861e+00
-1.453868305988038900e-01 8.623590111309832329e-01 -2.151349163628787142e+00 9.589119195810250074e-03 -9.359492619290866733e-01 1.565513385094879695e+00
-1.478347065270602112e-01 8.594801719225282355e-01 -2.151168872669697585e+00 8.529616913908334708e-03 -9.380897492396694792e-01 1.563215697120872383e+00
-1.503410185842099511e-01 8.565330923496216053e-01 -2.150983638646671636e+00 7.440637445076919709e-03 -9.402913122283770297e-01 1.560875524248872548e+00
-1.529053679050420278e-01 8.535182409697920081e-01 -2.150793448590691437e+00 6.321973616841853466e-03 -9.425540838475980898e-01 1.558493750506618314e+00
-1.555273547632976261e-01 8.504360854276841186e-01 -2.150598289497314131e+00 5.173410758857490549e-03 -9.448781884154835442e-01 1.556071256727092900e+00
-1.582065785812040992e-01 8.472870924622916133e-01 -2.150398148394466080e+00 3.994726930556798811e-03 -9.472637415823131901e-01 1.553608920515299863e+00
-1.609426379392161488e-01 8.440717279143929996e-01 -2.150193012235891210e+00 2.785693152932332273e-03 -9.497108502980973199e-01 1.551107616215085416e+00
-1.637351305854415906e-01 8.407904567337410873e-01 -2.149982867759414606e+00 1.546073644309930301e-03 -9.522196127815547584e-01 1.548568214875989391e+00
-1.665836534446006323e-01 8.374437429858743176e-01 -2.149767701370521866e+00 2.756260599753486418e-04 -9.547901184906351091e-01 1.545991584220145931e+00
-1.694878026265527193e-01 8.340320498585812592e-01 -2.149547499068868550e+00 -1.025898264487432737e-03 -9.574224480946639249e-01 1.543378588609215951e+00
-1.724471734344972251e-01 8.305558396681007594e-01 -2.149322246410434900e+00 -2.358754066291695456e-03 -9.601166734483493892e-01 1.540730089011375759e+00
-1.754613603729444915e-01 8.270155738651482347e-01 -2.149091928495352022e+00 -3.723201905123815075e-03 -9.628728575677105717e-01 1.538046942968361419e+00
-1.785299571555379883e-01 8.234117130408296070e-01 -2.148856529966853390e+00 -5.119507909547526409e-03 -9.656910546080584856e-01 1.535330004562574180e+00
-1.816525567127650620e-01 8.197447169324778571e-01 -2.148616035015302739e+00 -6.547943520289669500e-03 -9.685713098442225721e-01 1.532580124384248288e+00
-1.848287511995763688e-01 8.160150444294295147e-01 -2.148370427382734427e+00 -8.008785230561556862e-03 -9.715136596531532831e-01 1.529798149498686977e+00
-1.880581320029219294e-01 8.122231535787455270e-01 -2.148119690366145917e+00 -9.502314323565696358e-03 -9.745181314989475041e-01 1.526984923413582385e+00
-1.913402897492026133e-01 8.083695015908761716e-01 -2.147863806819303889e+00 -1.102881660735531913e-02 -9.775847439204412570e-01 1.524141286046383881e+00
-1.946748143116365237e-01 8.044545448452675718e-01 -2.147602759152015039e+00 -1.258858214719947924e-02 -9.807135065215578651e-01 1.521268073691769418e+00
-1.980612948175332344e-01 8.004787388959047068e-01 -2.147336529329401333e+00 -1.418190499561371512e-02 -9.839044199644169097e-01 1.518366118989215030e+00
-2.014993196554785704e-01 7.964425384767931382e-01 -2.147065098870613920e+00 -1.580908292021887887e-02 -9.871574759653238829e-01 1.515436250890636494e+00
-2.049884764824314587e-01 7.923463975073781196e-01 -2.146788448846517650e+00 -1.747041712959819179e-02 -9.904726572937667672e-01 1.512479294628126913e+00
-2.085283522307292414e-01 7.881907690979009784e-01 -2.146506559878849529e+00 -1.916621199730454347e-02 -9.938499377746079499e-01 1.509496071681830864e+00
-2.121185331150116093e-01 7.839761055546985435e-01 -2.146219412138746563e+00 -2.089677478419896609e-02 -9.972892822933184798e-01 1.506487399747902911e+00
-2.157586046390628787e-01 7.797028583854447303e-01 -2.145926985344094984e+00 -2.266241535928459686e-02 -1.000790646804609940e+00 1.503454092706579148e+00
-2.194481516025689194e-01 7.753714783043321734e-01 -2.145629258757912439e+00 -2.446344591919779113e-02 -1.004353978344325382e+00 1.500396960590364648e+00
-2.231867581077972562e-01 7.709824152371995698e-01 -2.145326211186165732e+00 -2.630018070653972542e-02 -1.007979215044892296e+00 1.497316809552340811e+00
-2.269740075661975942e-01 7.665361183266026224e-01 -2.145017820976790279e+00 -2.817293572720358172e-02 -1.011666286154084826e+00 1.494214441834589069e+00
-2.308094827049333442e-01 7.620330359368364670e-01 -2.144704066016955846e+00 -3.008202846686669138e-02 -1.015415112057450386e+00 1.491090655736773130e+00
-2.346927655733369034e-01 7.574736156589048086e-01 -2.144384923730573878e+00 -3.202777760684129282e-02 -1.019225604304323740e+00 1.487946245584829796e+00
-2.386234375492929105e-01 7.528583043154351007e-01 -2.144060371076139226e+00 -3.401050273943496960e-02 -1.023097665637482834e+00 1.484782001699814558e+00
-2.426010793455519454e-01 7.481875479655484273e-01 -2.143730384543993672e+00 -3.603052408300205789e-02 -1.027031190026551188e+00 1.481598710366909488e+00
-2.466252710159752004e-01 7.434617919096768723e-01 -2.143394940155001205e+00 -3.808816219684067750e-02 -1.031026062705025836e+00 1.478397153804570596e+00
-2.506955919617191997e-01 7.386814806943394762e-01 -2.143054013457590834e+00 -4.018373769613785285e-02 -1.035082160211156399e+00 1.475178110133813725e+00
-2.548116209373562091e-01 7.338470581168692330e-01 -2.142707579523973394e+00 -4.231757096710336841e-02 -1.039199350432534752e+00 1.471942353347696075e+00
-2.589729360569262284e-01 7.289589672300920142e-01 -2.142355612947441035e+00 -4.448998188248358410e-02 -1.043377492654579353e+00 1.468690653280931180e+00
-2.631791147999270608e-01 7.240176503469626379e-01 -2.141998087839940723e+00 -4.670128951762866909e-02 -1.047616437612903795e+00 1.465423775579706156e+00
-2.674297340172478998e-01 7.190235490451599709e-01 -2.141634977829314668e+00 -4.895181186725029721e-02 -1.051916027549403720e+00 1.462142481671645511e+00
-2.717243699370489596e-01 7.139771041716406197e-01 -2.141266256055522454e+00 -5.124186556307816498e-02 -1.056276096272254161e+00 1.458847528735988330e+00
-2.760625981705795429e-01 7.088787558471485450e-01 -2.140891895168399728e+00 -5.357176559256053572e-02 -1.060696469219755800e+00 1.455539669673918013e+00
-2.804439937179478148e-01 7.037289434706894831e-01 -2.140511867323842132e+00 -5.594182501877915936e-02 -1.065176963528010834e+00 1.452219653079104056e+00
-2.848681309738350653e-01 6.985281057239658420e-01 -2.140126144179848477e+00 -5.835235470174426897e-02 -1.069717388102417122e+00 1.448888223208434800e+00
-2.893345837331556814e-01 6.932766805757697437e-01 -2.139734696893036858e+00 -6.080366302123361988e-02 -1.074317543693026122e+00 1.445546119952955566e+00
-2.938429251966673816e-01 6.879751052863402050e-01 -2.139337496115138126e+00 -6.329605560133810815e-02 -1.078977222973617422e+00 1.442194078809012625e+00
-2.983927279765333229e-01 6.826238164116866791e-01 -2.138934511989718068e+00 -6.582983503686370974e-02 -1.083696210624397249e+00 1.438832830849610112e+00
-3.029835641018405745e-01 6.772232498078780694e-01 -2.138525714148079793e+00 -6.840530062177400950e-02 -1.088474283418664701e+00 1.435463102695974102e+00
-3.076150050240703537e-01 6.717738406352973257e-01 -2.138111071705746991e+00 -7.102274807979455651e-02 -1.093311210312944759e+00 1.432085616489345847e+00
-3.122866216225298475e-01 6.662760233628637341e-01 -2.137690553257676651e+00 -7.368246929736980977e-02 -1.098206752540896947e+00 1.428701089862997042e+00
-3.169979842097340739e-01 6.607302317722232310e-01 -2.137264126873696490e+00 -7.638475205908477894e-02 -1.103160663710641920e+00 1.425310235914475143e+00
-3.217486625367458331e-01 6.551368989619021921e-01 -2.136831760094370924e+00 -7.912987978572938452e-02 -1.108172689905622565e+00 1.421913763178083379e+00
-3.265382257984764669e-01 6.494964573514336870e-01 -2.136393419927618442e+00 -8.191813127513225545e-02 -1.113242569788957859e+00 1.418512375597601904e+00
-3.313662426389548665e-01 6.438093386854566447e-01 -2.135949072844375074e+00 -8.474978044594884408e-02 -1.118370034711296812e+00 1.415106772499268306e+00
-3.362322811565592318e-01 6.380759740377908162e-01 -2.135498684773321720e+00 -8.762509608448472431e-02 -1.123554808821888518e+00 1.411697648564967489e+00
-3.411359089092106389e-01 6.322967938154785417e-01 -2.135042221096313586e+00 -9.054434159473884192e-02 -1.128796609182973310e+00 1.408285693805715111e+00
-3.460766929195316921e-01 6.264722277628022029e-01 -2.134579646641830752e+00 -9.350777475176208497e-02 -1.134095145887126233e+00 1.404871593535356622e+00
-3.510541996799640407e-01 6.206027049652652616e-01 -2.134110925682018323e+00 -9.651564745849357252e-02 -1.139450122177809277e+00 1.401456028344550075e+00
-3.560679951578649693e-01 6.146886538535598632e-01 -2.133636021927229010e+00 -9.956820550620719412e-02 -1.144861234573000930e+00 1.398039674075009842e+00
-3.611176448005699036e-01 6.087305022075087946e-01 -2.133154898520314369e+00 -1.026656883386475733e-01 -1.150328172991472275e+00 1.394623201794022105e+00
-3.662027135404228306e-01 6.027286771599814630e-01 -2.132667518031482690e+00 -1.058083288200086097e-01 -1.155850620881988089e+00 1.391207277769233919e+00
-3.713227657997809628e-01 5.966836052007868929e-01 -2.132173842453632062e+00 -1.089963530069005954e-01 -1.161428255355373196e+00 1.387792563443743799e+00
-3.764773654959953086e-01 5.905957121805518462e-01 -2.131673833197534673e+00 -1.122299799243837576e-01 -1.167060747319045078e+00 1.384379715411453216e+00
-3.816660760463738700e-01 5.844654233145789579e-01 -2.131167451083420872e+00 -1.155094213461604485e-01 -1.172747761613920137e+00 1.380969385392673221e+00
-3.868884603731007066e-01 5.782931631866738975e-01 -2.130654656336756325e+00 -1.188348815790650076e-01 -1.178488957153757788e+00 1.377562220210075683e+00
-3.921440809081431222e-01 5.720793557529597617e-01 -2.130135408582107814e+00 -1.222065572519471927e-01 -1.184283987066781840e+00 1.374158861764881001e+00
-3.974324995981357023e-01 5.658244243456718170e-01 -2.129609666837918525e+00 -1.256246371090369573e-01 -1.190132498839352237e+00 1.370759947013370672e+00
-4.027532779092495296e-01 5.595287916769394743e-01 -2.129077389510449336e+00 -1.290893018078854704e-01 -1.196034134461763099e+00 1.367366107943699838e+00
-4.081059768320427494e-01 5.531928798425530536e-01 -2.128538534385891801e+00 -1.326007237219825330e-01 -1.201988530575762937e+00 1.363977971552987389e+00
-4.134901568862823784e-01 5.468171103257057908e-01 -2.127993058623799172e+00 -1.361590667481343275e-01 -1.207995318624018877e+00 1.360596159824767115e+00
-4.189053781257491282e-01 5.404019040007207453e-01 -2.127440918752116161e+00 -1.397644861186837506e-01 -1.214054125001164941e+00 1.357221289706721512e+00
-4.243512001430360669e-01 5.339476811367722675e-01 -2.126882070659856794e+00 -1.434171282186673113e-01 -1.220164571206458382e+00 1.353853973088728235e+00
-4.298271820743324589e-01 5.274548614015865944e-01 -2.126316469590550984e+00 -1.471171304079186837e-01 -1.226326273997593308e+00 1.350494816781230512e+00
-4.353328826041925059e-01 5.209238638651370046e-01 -2.125744070135488162e+00 -1.508646208482314899e-01 -1.232538845545764650e+00 1.347144422493887106e+00
-4.408678599702937628e-01 5.143551070033285377e-01 -2.125164826225972803e+00 -1.546597183356837879e-01 -1.238801893592023085e+00 1.343803386814608869e+00
-4.464316719681825085e-01 5.077490087016651721e-01 -2.124578691127063212e+00 -1.585025321381242636e-01 -1.245115021604492611e+00 1.340472301188895043e+00
-4.520238759560156194e-01 5.011059862589130054e-01 -2.123985617429424710e+00 -1.623931618378983421e-01 -1.251477828936360170e+00 1.337151751899460894e+00
-4.576440288592895089e-01 4.944264563907496690e-01 -2.123385557042477334e+00 -1.663316971798700639e-01 -1.257889910984619775e+00 1.333842320046194851e+00
-4.632916871755669019e-01 4.877108352334121322e-01 -2.122778461185748089e+00 -1.703182179247769157e-01 -1.264350859349391953e+00 1.330544581526553083e+00
-4.689664069791911194e-01 4.809595383473281860e-01 -2.122164280380843593e+00 -1.743527937079704659e-01 -1.270860261993612683e+00 1.327259107016182105e+00
-4.746677439259913700e-01 4.741729807207454850e-01 -2.121542964444110613e+00 -1.784354839035673379e-01 -1.277417703402893068e+00 1.323986461949917315e+00
-4.803952532579925938e-01 4.673515767733518733e-01 -2.120914462478089124e+00 -1.825663374940587336e-01 -1.284022764745624157e+00 1.320727206503164108e+00
-4.861484898081186445e-01 4.604957403598921029e-01 -2.120278722864511689e+00 -1.867453929453987138e-01 -1.290675024032935436e+00 1.317481895573537898e+00
-4.919270080049010785e-01 4.536058847737893807e-01 -2.119635693255884412e+00 -1.909726780875971586e-01 -1.297374056278468135e+00 1.314251078762891822e+00
-4.977303618771951044e-01 4.466824227507553147e-01 -2.118985320565497155e+00 -1.952482100008581523e-01 -1.304119433658039284e+00 1.311035300359735478e+00
-5.035581050588795460e-01 4.397257664723990267e-01 -2.118327550960577454e+00 -1.995719949072343735e-01 -1.310910725668603671e+00 1.307835099321957406e+00
-5.094097907935787317e-01 4.327363275698397072e-01 -2.117662329851957015e+00 -2.039440280678865847e-01 -1.317747499286720192e+00 1.304651009259860661e+00
-5.152849719393769456e-01 4.257145171273105655e-01 -2.116989601886702044e+00 -2.083642936858767780e-01 -1.324629319126298999e+00 1.301483558419626707e+00
-5.211832009735504201e-01 4.186607456857751042e-01 -2.116309310936808075e+00 -2.128327648145871276e-01 -1.331555747595526862e+00 1.298333269667048206e+00
-5.271040299972897802e-01 4.115754232465317353e-01 -2.115621400090160087e+00 -2.173494032716805635e-01 -1.338526345052625244e+00 1.295200660471662824e+00
-5.330470107404357005e-01 4.044589592748188966e-01 -2.114925811641861664e+00 -2.219141595586185400e-01 -1.345540669960418878e+00 1.292086242891216319e+00
-5.390116945662267733e-01 3.973117627034310484e-01 -2.114222487084790103e+00 -2.265269727858032489e-01 -1.352598279039822771e+00 1.288990523556539536e+00
-5.449976324760634760e-01 3.901342419363400538e-01 -2.113511367098893867e+00 -2.311877706032506308e-01 -1.359698727421784437e+00 1.285914003656761562e+00
-5.510043751142748025e-01 3.829268048523161161e-01 -2.112792391540559311e+00 -2.358964691367558819e-01 -1.366841568797534379e+00 1.282857178924913910e+00
-5.570314727728966631e-01 3.756898588085526569e-01 -2.112065499433943394e+00 -2.406529729296313369e-01 -1.374026355567127045e+00 1.279820539623814257e+00
-5.630784753964737099e-01 3.684238106443032956e-01 -2.111330628959767530e+00 -2.454571748899735950e-01 -1.381252638986300685e+00 1.276804570532314331e+00
-5.691449325868727094e-01 3.611290666845243802e-01 -2.110587717445477018e+00 -2.503089562434058224e-01 -1.388519969311343694e+00 1.273809750931992779e+00
-5.752303936081190061e-01 3.538060327435307295e-01 -2.109836701353849708e+00 -2.552081864912912890e-01 -1.395827895941907482e+00 1.270836554594127366e+00
-5.813344073912469767e-01 3.464551141286562608e-01 -2.109077516274506792e+00 -2.601547233744028742e-01 -1.403175967561704818e+00 1.267885449767108375e+00
-5.874565225391895629e-01 3.390767156439418173e-01 -2.108310096909618014e+00 -2.651484128419107078e-01 -1.410563732276612026e+00 1.264956899164173088e+00
-5.935962873316678046e-01 3.316712415938114500e-01 -2.107534377061607955e+00 -2.701890890257746536e-01 -1.417990737750460806e+00 1.262051359951516183e+00
-5.997532497300942511e-01 3.242390957867581358e-01 -2.106750289621858840e+00 -2.752765742204891786e-01 -1.425456531338374910e+00 1.259169283736791378e+00
-6.059269573825001309e-01 3.167806815390435959e-01 -2.105957766562224442e+00 -2.804106788680456042e-01 -1.432960660217240667e+00 1.256311116557941032e+00
-6.121169576285165892e-01 3.092964016784315318e-01 -2.105156738921562187e+00 -2.855912015481111843e-01 -1.440502671513244515e+00 1.253477298872352819e+00
-6.183227975043705804e-01 3.017866585479286323e-01 -2.104347136792406481e+00 -2.908179289734842965e-01 -1.448082112426840151e+00 1.250668265546416302e+00
-6.245440237478990797e-01 2.942518540095345747e-01 -2.103528889311725436e+00 -2.960906359906473329e-01 -1.455698530354616382e+00 1.247884445845490076e+00
-6.307801828036236902e-01 2.866923894480228885e-01 -2.102701924645021148e+00 -3.014090855853580053e-01 -1.463351473007799886e+00 1.245126263424139568e+00
-6.370308208278235851e-01 2.791086657747278155e-01 -2.101866169976823073e+00 -3.067730288933574467e-01 -1.471040488527824763e+00 1.242394136316745223e+00
-6.432954836936720655e-01 2.715010834313662524e-01 -2.101021551495682704e+00 -3.121822052160131977e-01 -1.478765125598544561e+00 1.239688476928598737e+00
-6.495737169963931024e-01 2.638700423938667994e-01 -2.100167994380738090e+00 -3.176363420408388483e-01 -1.486524933554821626e+00 1.237009692027182473e+00
-6.558650660584498526e-01 2.562159421762245648e-01 -2.099305422786544639e+00 -3.231351550669547268e-01 -1.494319462487930128e+00 1.234358182733951814e+00
-6.621690759347621524e-01 2.485391818343607451e-01 -2.098433759831281442e+00 -3.286783482353067276e-01 -1.502148263347258705e+00 1.231734344516417945e+00
-6.684852914179730821e-01 2.408401599700248363e-01 -2.097552927584318994e+00 -3.342656137635572344e-01 -1.510010888038137544e+00 1.229138567180561914e+00
-6.748132570437707090e-01 2.331192747347293759e-01 -2.096662847051705025e+00 -3.398966321857109785e-01 -1.517906889516208002e+00 1.226571234863645943e+00
-6.811525170962503539e-01 2.253769238337058889e-01 -2.095763438162192571e+00 -3.455710723963383302e-01 -1.525835821877915333e+00 1.224032726027382667e+00
-6.875026156133250410e-01 2.176135045298913662e-01 -2.094854619752889224e+00 -3.512885916993149782e-01 -1.533797240447031696e+00 1.221523413451466533e+00
-6.938630963921861294e-01 2.098294136479444960e-01 -2.093936309550938013e+00 -3.570488358609986701e-01 -1.541790701857229440e+00 1.219043664227461354e+00
-7.002335029947843736e-01 2.020250475782694455e-01 -2.093008424159554348e+00 -3.628514391678341333e-01 -1.549815764130645146e+00 1.216593839753037143e+00
-7.066133787533677157e-01 1.942008022810787216e-01 -2.092070879045481391e+00 -3.686960244882930282e-01 -1.557871986752493942e+00 1.214174295726600628e+00
-7.130022667760974597e-01 1.863570732905043270e-01 -2.091123588521636378e+00 -3.745822033390953654e-01 -1.565958930741559119e+00 1.211785382142240852e+00
-7.193997099526978634e-01 1.784942557187385592e-01 -2.090166465732434808e+00 -3.805095759555434110e-01 -1.574076158716368523e+00 1.209427443285027826e+00
-7.258052509601773394e-01 1.706127442602075606e-01 -2.089199422637691761e+00 -3.864777313660022751e-01 -1.582223234957221170e+00 1.207100817726595166e+00
-7.322184322686031699e-01 1.627129331957868352e-01 -2.088222369996286520e+00 -3.924862474703940673e-01 -1.590399725463850444e+00 1.204805838321133082e+00
-7.386387961469428332e-01 1.547952163970476303e-01 -2.087235217346533389e+00 -3.985346911226589905e-01 -1.598605198008783645e+00 1.202542832201722645e+00
-7.450658846689355297e-01 1.468599873305326264e-01 -2.086237872992255049e+00 -4.046226182170535313e-01 -1.606839222186268401e+00 1.200312120777013991e+00
-7.514992397190565221e-01 1.389076390620831436e-01 -2.085230243988853704e+00 -4.107495737783578016e-01 -1.615101369457103697e+00 1.198114019728252044e+00
-7.579384029985721805e-01 1.309385642612307388e-01 -2.084212236120446704e+00 -4.169150920557775919e-01 -1.623391213188938753e+00 1.195948839006578224e+00
-7.643829160316194526e-01 1.229531552055979082e-01 -2.083183753883535605e+00 -4.231186966204942279e-01 -1.631708328692101473e+00 1.193816882830797121e+00
-7.708323201713662698e-01 1.149518037853488606e-01 -2.082144700470909715e+00 -4.293599004667488228e-01 -1.640052293250841231e+00 1.191718449685392978e+00
-7.772861566062607697e-01 1.069349015077023513e-01 -2.081094977752974806e+00 -4.356382061164927322e-01 -1.648422686150207594e+00 1.189653832318855464e+00
-7.837439663663521294e-01 9.890283950148881509e-02 -2.080034486258223847e+00 -4.419531057274738717e-01 -1.656819088698537668e+00 1.187623317742439122e+00
-7.902052903296804542e-01 9.085600852174957609e-02 -2.078963125155619096e+00 -4.483040812046940604e-01 -1.665241084245379977e+00 1.185627187229152169e+00
-7.966696692287562609e-01 8.279479895439412207e-02 -2.077880792234506835e+00 -4.546906043151334731e-01 -1.673688258194930611e+00 1.183665716313177407e+00
-8.031366436571143463e-01 7.471960082090167710e-02 -2.076787383886873783e+00 -4.611121368057094494e-01 -1.682160198015064223e+00 1.181739174789565139e+00
-8.096057540759675764e-01 6.663080378308794405e-02 -2.075682795088256594e+00 -4.675681305243539199e-01 -1.690656493241740943e+00 1.179847826714249370e+00
-8.160765408209516014e-01 5.852879714793457477e-02 -2.074566919376422902e+00 -4.740580275441270142e-01 -1.699176735478864497e+00 1.177991930404388876e+00
-8.225485441089516181e-01 5.041396987246338224e-02 -2.073439648831288284e+00 -4.805812602903128394e-01 -1.707720518393657683e+00 1.176171738438989589e+00
-8.290213040450226112e-01 4.228671056867139288e-02 -2.072300874052829478e+00 -4.871372516706195532e-01 -1.716287437707987529e+00 1.174387497659879154e+00
-8.354943606293901981e-01 3.414740750851730233e-02 -2.071150484144094861e+00 -4.937254152081143599e-01 -1.724877091184981559e+00 1.172639449173045634e+00
-8.419672537645853660e-01 2.599644862899519460e-02 -2.069988366686694725e+00 -5.003451551769022565e-01 -1.733489078611116785e+00 1.170927828350204924e+00
-8.484395232626531502e-01 1.783422153725278125e-02 -2.068814407721218718e+00 -5.069958667405728425e-01 -1.742123001774050550e+00 1.169252864830721661e+00
-8.549107088524811049e-01 9.661113515785579864e-03 -2.067628491726777096e+00 -5.136769360933209905e-01 -1.750778464436128168e+00 1.167614782523840544e+00
-8.613803501872460133e-01 1.477511527708030847e-03 -2.066430501596416835e+00 -5.203877406036324649e-01 -1.759455072303534928e+00 1.166013799611220536e+00
-8.678479868519548557e-01 -6.716197777922650047e-03 -2.065220318615697437e+00 -5.271276489604176385e-01 -1.768152432990946821e+00 1.164450128549797903e+00
-8.743131583711006849e-01 -1.491962806069790926e-02 -2.063997822442222851e+00 -5.338960213217355255e-01 -1.776870155982302801e+00 1.162923976074977661e+00
-8.807754042164582797e-01 -2.313239328336325062e-02 -2.062762891081540761e+00 -5.406922094657328204e-01 -1.785607852586935440e+00 1.161435543204027976e+00
-8.872342638149917082e-01 -3.135410770625379762e-02 -2.061515400863614289e+00 -5.475155569441058079e-01 -1.794365135892016294e+00 1.159985025239831158e+00
-8.936892765568893449e-01 -3.958438588166035554e-02 -2.060255226417455177e+00 -5.543653992377500783e-01 -1.803141620710661197e+00 1.158572611774916883e+00
-9.001399818037071343e-01 -4.782284264811575980e-02 -2.058982240648846052e+00 -5.612410639146322433e-01 -1.811936923526054954e+00 1.157198486695822925e+00
-9.065859188966586268e-01 -5.606909312459162908e-02 -2.057696314717298414e+00 -5.681418707898240328e-01 -1.820750662431593225e+00 1.155862828187723457e+00
-9.130266271650513410e-01 -6.432275270460274808e-02 -2.056397318010882991e+00 -5.750671320875534454e-01 -1.829582457066870615e+00 1.154565808739337784e+00
-9.194616459348589066e-01 -7.258343705022751724e-02 -2.055085118120989929e+00 -5.820161526053697632e-01 -1.838431928550019023e+00 1.153307595148150622e+00
-9.258905145374297652e-01 -8.085076208603902970e-02 -2.053759580819904063e+00 -5.889882298802247007e-01 -1.847298699406085820e+00 1.152088348525843742e+00
-9.323127723183710636e-01 -8.912434399293001075e-02 -2.052420570033623992e+00 -5.959826543565496237e-01 -1.856182393491820903e+00 1.150908224304128868e+00
-9.387279586465725467e-01 -9.740379920185737728e-02 -2.051067947815875758e+00 -6.029987095562908683e-01 -1.865082635916942566e+00 1.149767372240738217e+00
-9.451356129233817738e-01 -1.056887443874839905e-01 -2.049701574320872854e+00 -6.100356722506941054e-01 -1.873999052961672351e+00 1.148665936425832035e+00
-9.515352745919301025e-01 -1.139787964617321459e-01 -2.048321307776328926e+00 -6.170928126338011133e-01 -1.882931271990604616e+00 1.147604055288598213e+00
-9.579264831466192121e-01 -1.222735725672364770e-01 -2.046927004461568167e+00 -6.241693944977627639e-01 -1.891878921363297827e+00 1.146581861604028418e+00
-9.643087781428205663e-01 -1.305726900706617455e-01 -2.045518518677564845e+00 -6.312646754097727131e-01 -1.900841630341434829e+00 1.145599482500144539e+00
-9.706816992067208716e-01 -1.388757665559327004e-01 -2.044095702721699492e+00 -6.383779068906819676e-01 -1.909819028992794765e+00 1.144657039465475146e+00
-9.770447860453684852e-01 -1.471824198173427023e-01 -2.042658406859525488e+00 -6.455083345952933316e-01 -1.918810748092202756e+00 1.143754648356702708e+00
-9.833975784568983469e-01 -1.554922678525504365e-01 -2.041206479296263865e+00 -6.526551984940631712e-01 -1.927816419019055205e+00 1.142892419406616566e+00
-9.897396163409438730e-01 -1.638049288554687122e-01 -2.039739766149134770e+00 -6.598177330563671505e-01 -1.936835673651990275e+00 1.142070457232341241e+00
-9.960704397092458029e-01 -1.721200212090284731e-01 -2.038258111419118279e+00 -6.669951674352667670e-01 -1.945868144260789245e+00 1.141288860843842512e+00
-1.002389588696463107e+00 -1.804371634778209055e-01 -2.036761356963757930e+00 -6.741867256536903108e-01 -1.954913463395363316e+00 1.140547723652664214e+00
-1.008696603571206163e+00 -1.887559744006054308e-01 -2.035249342470134337e+00 -6.813916267919356562e-01 -1.963971263771917108e+00 1.139847133480955677e+00
-1.014991024747297965e+00 -1.970760728826802533e-01 -2.033721905423152343e+00 -6.886090851766107912e-01 -1.973041178156684561e+00 1.139187172570751638e+00
-1.021272392795234740e+00 -2.053970779881396647e-01 -2.032178881074406807e+00 -6.958383105708727534e-01 -1.982122839247132173e+00 1.138567917593482415e+00
-1.027540248453855387e+00 -2.137186089320061155e-01 -2.030620102416140327e+00 -7.030785083659404355e-01 -1.991215879550667367e+00 1.137989439659711000e+00
-1.033794132642272157e+00 -2.220402850722033028e-01 -2.029045400150964795e+00 -7.103288797738714910e-01 -2.000319931261185680e+00 1.137451804329225435e+00
-1.040033586472037364e+00 -2.303617259013891472e-01 -2.027454602662106975e+00 -7.175886220214987565e-01 -2.009434626133181467e+00 1.136955071621217117e+00
-1.046258151259557012e+00 -2.386825510386495486e-01 -2.025847535983762437e+00 -7.248569285455662703e-01 -2.018559595353923708e+00 1.136499296024870098e+00
-1.052467368538760439e+00 -2.470023802210358221e-01 -2.024224023771633796e+00 -7.321329891890470121e-01 -2.027694469413747314e+00 1.136084526510204418e+00
-1.058660780074037966e+00 -2.553208332949513659e-01 -2.022583887272266789e+00 -7.394159903985836335e-01 -2.036838877974406881e+00 1.135710806539055984e+00
-1.064837927873448109e+00 -2.636375302073857840e-01 -2.020926945293190613e+00 -7.467051154229251697e-01 -2.045992449735487995e+00 1.135378174076359770e+00
-1.070998354202204794e+00 -2.719520909969860289e-01 -2.019253014171969784e+00 -7.539995445124393347e-01 -2.055154812299202050e+00 1.135086661601631741e+00
-1.077141601596443898e+00 -2.802641357849636750e-01 -2.017561907745625494e+00 -7.612984551197720107e-01 -2.064325592033927848e+00 1.134836296120781851e+00
-1.083267212877284003e+00 -2.885732847658392108e-01 -2.015853437320942909e+00 -7.686010221014598631e-01 -2.073504413936253954e+00 1.134627099178133314e+00
-1.089374731165198451e+00 -2.968791581980102512e-01 -2.014127411644172749e+00 -7.759064179204311351e-01 -2.082690901491552005e+00 1.134459086868685906e+00
-1.095463699894700715e+00 -3.051813763941445545e-01 -2.012383636870973103e+00 -7.832138128494593454e-01 -2.091884676533336318e+00 1.134332269850565789e+00
-1.101533662829351279e+00 -3.134795597113887444e-01 -2.010621916537660425e+00 -7.905223751755341421e-01 -2.101085359101591443e+00 1.134246653357778412e+00
-1.107584164077116462e+00 -3.217733285413876265e-01 -2.008842051528384243e+00 -7.978312714052969712e-01 -2.110292567300521949e+00 1.134202237213228770e+00
-1.113614748106043884e+00 -3.300623033001309770e-01 -2.007043840045976690e+00 -8.051396664711630846e-01 -2.119505917155094288e+00 1.134199015841879765e+00
-1.119624959760300964e+00 -3.383461044176042654e-01 -2.005227077581295259e+00 -8.124467239383328376e-01 -2.128725022466980477e+00 1.134236978284265396e+00
-1.125614344276567813e+00 -3.466243523272426463e-01 -2.003391556884503544e+00 -8.197516062125593805e-01 -2.137949494669711292e+00 1.134316108210084550e+00
-1.131582447300808703e+00 -3.548966674551855549e-01 -2.001537067934410885e+00 -8.270534747487582328e-01 -2.147178942683497294e+00 1.134436383932192260e+00
-1.137528814905420127e+00 -3.631626702093214698e-01 -1.999663397912643470e+00 -8.343514902603330619e-01 -2.156412972769625735e+00 1.134597778420785241e+00
-1.143452993606808743e+00 -3.714219809681141848e-01 -1.997770331171190294e+00 -8.416448129293260250e-01 -2.165651188384776660e+00 1.134800259317748861e+00
-1.149354530383342343e+00 -3.796742200692363456e-01 -1.995857649205709849e+00 -8.489326026172326900e-01 -2.174893190035162682e+00 1.135043788951364041e+00
-1.155232972693731597e+00 -3.879190077979636220e-01 -1.993925130631477138e+00 -8.562140190763665171e-01 -2.184138575130374349e+00 1.135328324351190021e+00
-1.161087868495891406e+00 -3.961559643753379545e-01 -1.991972551149901349e+00 -8.634882221620731046e-01 -2.193386937837697115e+00 1.135653817263128307e+00
-1.166918766266191732e+00 -4.043847099461302941e-01 -1.989999683524715790e+00 -8.707543720454965497e-01 -2.202637868936574428e+00 1.136020214164787712e+00
-1.172725215019190692e+00 -4.126048645665526537e-01 -1.988006297559071989e+00 -8.780116294269022514e-01 -2.211890955673285308e+00 1.136427456281093873e+00
-1.178506764327879708e+00 -4.208160481917170292e-01 -1.985992160067677093e+00 -8.852591557495462782e-01 -2.221145781615977643e+00 1.136875479600113925e+00
-1.184262964344389157e+00 -4.290178806628629493e-01 -1.983957034851626666e+00 -8.924961134141655705e-01 -2.230401926510506616e+00 1.137364214889153180e+00
-1.189993365821197635e+00 -4.372099816943432193e-01 -1.981900682677001369e+00 -8.997216659939624162e-01 -2.239658966136860663e+00 1.137893587711060750e+00
-1.195697520132882996e+00 -4.453919708603429894e-01 -1.979822861254271649e+00 -9.069349784500517764e-01 -2.248916472166406777e+00 1.138463518440830269e+00
-1.201374979298427181e+00 -4.535634675813374761e-01 -1.977723325212603855e+00 -9.141352173474029952e-01 -2.258174012020054633e+00 1.139073922282350715e+00
-1.207025296004040182e+00 -4.617240911103049905e-01 -1.975601826084977253e+00 -9.213215510712177148e-01 -2.267431148727459878e+00 1.139724709285433679e+00
-1.212648023626598626e+00 -4.698734605186408730e-01 -1.973458112291162525e+00 -9.284931500436304219e-01 -2.276687440787275918e+00 1.140415784363090435e+00
-1.218242716257699865e+00 -4.780111946818027535e-01 -1.971291929118490938e+00 -9.356491869408044559e-01 -2.285942442028668697e+00 1.141147047309019502e+00
-1.223808928728300494e+00 -4.861369122646727048e-01 -1.969103018705044450e+00 -9.427888369104647781e-01 -2.295195701474433747e+00 1.141918392815364891e+00
-1.229346216633981026e+00 -4.942502317066489459e-01 -1.966891120028191109e+00 -9.499112777895987181e-01 -2.304446763205287407e+00 1.142729710490720363e+00
-1.234854136360883814e+00 -5.023507712064368969e-01 -1.964655968894164717e+00 -9.570156903224714684e-01 -2.313695166225809174e+00 1.143580884878422577e+00
-1.240332245112332199e+00 -5.104381487065342560e-01 -1.962397297933014428e+00 -9.641012583788485246e-01 -2.322940444332013854e+00 1.144471795475019427e+00
-1.245780100936187740e+00 -5.185119818774021061e-01 -1.960114836587794063e+00 -9.711671691723943178e-01 -2.332182125980709397e+00 1.145402316749015048e+00
-1.251197262752898887e+00 -5.265718881013395913e-01 -1.957808311112207100e+00 -9.782126134792928918e-01 -2.341419734160767430e+00 1.146372318159822878e+00
-1.256583290384313489e+00 -5.346174844560390715e-01 -1.955477444568160417e+00 -9.852367858569840431e-01 -2.350652786266432592e+00 1.147381664177027139e+00
-1.261937744583260024e+00 -5.426483876978277499e-01 -1.953121956828669958e+00 -9.922388848629032365e-01 -2.359880793972536139e+00 1.148430214299920316e+00
-1.267260187063941945e+00 -5.506642142445751231e-01 -1.950741564583036602e+00 -9.992181132733778393e-01 -2.369103263112120050e+00 1.149517823077260470e+00
-1.272550180533164710e+00 -5.586645801582660331e-01 -1.948335981348381596e+00 -1.006173678302488161e+00 -2.378319693556246062e+00 1.150644340127292109e+00
-1.277807288722456747e+00 -5.666491011272273282e-01 -1.945904917477474738e+00 -1.013104791820811368e+00 -2.387529579096009158e+00 1.151809610158014197e+00
-1.283031076421037753e+00 -5.746173924480278972e-01 -1.943448080178628468e+00 -1.020010670574073908e+00 -2.396732407326942926e+00 1.153013472987668209e+00
-1.288221109509746221e+00 -5.825690690070141065e-01 -1.940965173535575961e+00 -1.026890536401736886e+00 -2.405927659536121865e+00 1.154255763565583237e+00
-1.293376954995920425e+00 -5.905037452614970706e-01 -1.938455898530064392e+00 -1.033743616455341297e+00 -2.415114810591672878e+00 1.155536311993145215e+00
-1.298498181049241307e+00 -5.984210352205908690e-01 -1.935919953078631517e+00 -1.040569143416675946e+00 -2.424293328835152916e+00 1.156854943545125192e+00
-1.303584357038662045e+00 -6.063205524256610746e-01 -1.933357032069168202e+00 -1.047366355715611208e+00 -2.433462675976511669e+00 1.158211478691310692e+00
-1.308635053570413209e+00 -6.142019099303978047e-01 -1.930766827398603835e+00 -1.054134497747623911e+00 -2.442622306991927061e+00 1.159605733118332482e+00
-1.313649842527078171e+00 -6.220647202805299480e-01 -1.928149028018763866e+00 -1.060872820090931867e+00 -2.451771670024555760e+00 1.161037517751826620e+00
-1.318628297107800940e+00 -6.299085954931759046e-01 -1.925503319993335571e+00 -1.067580579723247824e+00 -2.460910206288316360e+00 1.162506638778796120e+00
-1.323569991869696150e+00 -6.377331470357959775e-01 -1.922829386564872234e+00 -1.074257040238048910e+00 -2.470037349974742114e+00 1.164012897670301472e+00
-1.328474502770548238e+00 -6.455379858047346486e-01 -1.920126908219939255e+00 -1.080901472060296742e+00 -2.479152528162916092e+00 1.165556091204481559e+00
-1.333341407212747853e+00 -6.533227221033860443e-01 -1.917395562770029649e+00 -1.087513152661534033e+00 -2.488255160732485205e+00 1.167136011489785075e+00
-1.338170284088592954e+00 -6.610869656199526156e-01 -1.914635025439929805e+00 -1.094091366774296858e+00 -2.497344660279808615e+00 1.168752445988518129e+00
-1.342960713826987451e+00 -6.688303254047992530e-01 -1.911844968964575786e+00 -1.100635406605841693e+00 -2.506420432037439028e+00 1.170405177540681629e+00
-1.347712278441589362e+00 -6.765524098474077208e-01 -1.909025063690158897e+00 -1.107144572051136810e+00 -2.515481873797027035e+00 1.172093984388107080e+00
-1.352424561580405804e+00 -6.842528266529460668e-01 -1.906174977695320516e+00 -1.113618170904998372e+00 -2.524528375835487282e+00 1.173818640198843521e+00
-1.357097148576975609e+00 -6.919311828184119273e-01 -1.903294376922847864e+00 -1.120055519073262174e+00 -2.533559320844424256e+00 1.175578914091900851e+00
-1.361729626503190627e+00 -6.995870846083594996e-01 -1.900382925323879979e+00 -1.126455940783077425e+00 -2.542574083863178291e+00 1.177374570662265585e+00
-1.366321584223825880e+00 -7.072201375302075155e-01 -1.897440285011043670e+00 -1.132818768792175357e+00 -2.551572032215332797e+00 1.179205370006239484e+00
-1.370872612452810113e+00 -7.148299463091495332e-01 -1.894466116429107228e+00 -1.139143344597004948e+00 -2.560552525448609007e+00 1.181071067747046621e+00
-1.375382303811329976e+00 -7.224161148626510043e-01 -1.891460078543576007e+00 -1.145429018639747998e+00 -2.569514915278336975e+00 1.182971415060828591e+00
-1.379850252887876216e+00 -7.299782462745266765e-01 -1.888421829039297117e+00 -1.151675150514074986e+00 -2.578458545534371815e+00 1.184906158702846435e+00
-1.384276056300246971e+00 -7.375159427686283076e-01 -1.885351024543585163e+00 -1.157881109169606848e+00 -2.587382752111611506e+00 1.186875041034110012e+00
-1.388659312759657816e+00 -7.450288056821120497e-01 -1.882247320864338214e+00 -1.164046273115008523e+00 -2.596286862924031436e+00 1.188877800048306232e+00
-1.392999623137008314e+00 -7.525164354383125920e-01 -1.879110373251921873e+00 -1.170170030619683388e+00 -2.605170197862290316e+00 1.190914169398986422e+00
-1.397296590531432070e+00 -7.599784315192147366e-01 -1.875939836679192840e+00 -1.176251779913895179e+00 -2.614032068754786664e+00 1.192983878427146927e+00
-1.401549820341202235e+00 -7.674143924375390613e-01 -1.872735366149419045e+00 -1.182290929387394440e+00 -2.622871779332454523e+00 1.195086652189135235e+00
-1.405758920337133233e+00 -7.748239157084438888e-01 -1.869496617026262575e+00 -1.188286897786360763e+00 -2.631688625197001308e+00 1.197222211484910037e+00
-1.409923500738567537e+00 -7.822065978208555537e-01 -1.866223245391051666e+00 -1.194239114408662372e+00 -2.640481893792771650e+00 1.199390272886621034e+00
-1.414043174292068272e+00 -7.895620342084436194e-01 -1.862914908427713012e+00 -1.200147019297242768e+00 -2.649250864381888171e+00 1.201590548767506483e+00
-1.418117556352937569e+00 -7.968898192202594766e-01 -1.859571264838234095e+00 -1.206010063431724788e+00 -2.657994808023046218e+00 1.203822747331149579e+00
-1.422146264969684548e+00 -8.041895460910385429e-01 -1.856191975297486918e+00 -1.211827708918072899e+00 -2.666712987553813363e+00 1.206086572641153820e+00
-1.426128920971640124e+00 -8.114608069111840516e-01 -1.852776702936244746e+00 -1.217599429176204007e+00 -2.675404657576169853e+00 1.208381724651123701e+00
-1.430065148059810110e+00 -8.187031925964688428e-01 -1.849325113866183923e+00 -1.223324709125526821e+00 -2.684069064445475661e+00 1.210707899234994889e+00
-1.433954572901148694e+00 -8.259162928574598217e-01 -1.845836877747323967e+00 -1.229003045368314506e+00 -2.692705446262699365e+00 1.213064788217761203e+00
-1.437796825226449471e+00 -8.330996961687003877e-01 -1.842311668395383961e+00 -1.234633946370813584e+00 -2.701313032869785857e+00 1.215452079406536434e+00
-1.441591537931991240e+00 -8.402529897376888046e-01 -1.838749164434152261e+00 -1.240216932642125069e+00 -2.709891045848419111e+00 1.217869456621988977e+00
-1.445338347185121997e+00 -8.473757594736840426e-01 -1.835149050007335081e+00 -1.245751536910669532e+00 -2.718438698521826957e+00 1.220316599730233209e+00
-1.449036892534049326e+00 -8.544675899563557442e-01 -1.831511015538370035e+00 -1.251237304298244979e+00 -2.726955195959684275e+00 1.222793184675025735e+00
-1.452686817022013077e+00 -8.615280644043424862e-01 -1.827834758547197902e+00 -1.256673792491564523e+00 -2.735439734985975591e+00 1.225298883510356873e+00
-1.456287767306053027e+00 -8.685567646437583056e-01 -1.824119984530259142e+00 -1.262060571911150841e+00 -2.743891504189584829e+00 1.227833364433480678e+00
-1.459839393780638428e+00 -8.755532710767047755e-01 -1.820366407911386597e+00 -1.267397225877604727e+00 -2.752309683937689044e+00 1.230396291818296017e+00
-1.463341350706446775e+00 -8.825171626498410360e-01 -1.816573753061058838e+00 -1.272683350775129840e+00 -2.760693446391774941e+00 1.232987326249171955e+00
-1.466793296344541808e+00 -8.894480168230741723e-01 -1.812741755393337595e+00 -1.277918556212344514e+00 -2.769041955526438059e+00 1.235606124555220786e+00
-1.470194893096262057e+00 -8.963454095384465470e-01 -1.808870162548245508e+00 -1.283102465180161023e+00 -2.777354367150300263e+00 1.238252339844880368e+00
-1.473545807649152550e+00 -9.032089151892958023e-01 -1.804958735665181724e+00 -1.288234714206789144e+00 -2.785629828929378160e+00 1.240925621540983181e+00
-1.476845711129306071e+00 -9.100381065897708011e-01 -1.801007250748728694e+00 -1.293314953509755894e+00 -2.793867480412528082e+00 1.243625615416172003e+00
-1.480094279260453227e+00 -9.168325549448058664e-01 -1.797015500136617927e+00 -1.298342847144900336e+00 -2.802066453058956519e+00 1.246351963628839599e+00
-1.483291192530193925e+00 -9.235918298206643451e-01 -1.792983294089586011e+00 -1.303318073152262890e+00 -2.810225870267497594e+00 1.249104304759434569e+00
-1.486436136363869398e+00 -9.303154991161560750e-01 -1.788910462489016640e+00 -1.308240323698816709e+00 -2.818344847407541209e+00 1.251882273847210625e+00
-1.489528801306456263e+00 -9.370031290346790831e-01 -1.784796856673147358e+00 -1.313109305218101097e+00 -2.826422491851746877e+00 1.254685502427468791e+00
-1.492568883213031938e+00 -9.436542840572016422e-01 -1.780642351409179591e+00 -1.317924738546498054e+00 -2.834457903009719448e+00 1.257513618569197966e+00
-1.495556083448334572e+00 -9.502685269163654302e-01 -1.776446847016347919e+00 -1.322686359056275851e+00 -2.842450172362934957e+00 1.260366246913170896e+00
-1.498490109095994338e+00 -9.568454185718736626e-01 -1.772210271654180769e+00 -1.327393916785295946e+00 -2.850398383500547084e+00 1.263243008710522419e+00
-1.501370673178079596e+00 -9.633845181873460506e-01 -1.767932583786683054e+00 -1.332047176563324387e+00 -2.858301612155787819e+00 1.266143521861765597e+00
-1.504197494885640030e+00 -9.698853831088615207e-01 -1.763613774832513359e+00 -1.336645918134988564e+00 -2.866158926242943661e+00 1.269067400956298775e+00
-1.506970299820958648e+00 -9.763475688454200663e-01 -1.759253872026564469e+00 -1.341189936279260975e+00 -2.873969385894347806e+00 1.272014257312370722e+00
-1.509688820252357289e+00 -9.827706290515675347e-01 -1.754852941500522512e+00 -1.345679040925535030e+00 -2.881732043497469142e+00 1.274983699017546268e+00
-1.512352795382390092e+00 -9.891541155124713436e-01 -1.750411091605735603e+00 -1.350113057266199679e+00 -2.889445943731544730e+00 1.277975330969663093e+00
-1.514961971630402360e+00 -9.954975781317484396e-01 -1.745928476489769343e+00 -1.354491825865719479e+00 -2.897110123603507503e+00 1.280988754918218619e+00
-1.517516102930411392e+00 -1.001800564922387338e+00 -1.741405299962922593e+00 -1.358815202766265218e+00 -2.904723612483162576e+00 1.284023569506333784e+00
-1.520014951045502993e+00 -1.008062622001141495e+00 -1.736841819663656139e+00 -1.363083059589794699e+00 -2.912285432136857644e+00 1.287079370313166882e+00
-1.522458285899902286e+00 -1.014283293586786261e+00 -1.732238351560976719e+00 -1.367295283636660086e+00 -2.919794596759658134e+00 1.290155749896877202e+00
-1.524845885930099065e+00 -1.020462122002691707e+00 -1.727595274815180382e+00 -1.371451777980732256e+00 -2.927250113005475107e+00 1.293252297838090703e+00
-1.527177538456471861e+00 -1.026598647684202170e+00 -1.722913037031095440e+00 -1.375552461561052819e+00 -2.934650980014824384e+00 1.296368600783908143e+00
-1.529453040077011217e+00 -1.032692409191369620e+00 -1.718192159932310448e+00 -1.379597269270056659e+00 -2.941996189439818998e+00 1.299504242492411477e+00
-1.531672197084872344e+00 -1.038742943227632942e+00 -1.713433245501754465e+00 -1.383586152038389860e+00 -2.949284725465930457e+00 1.302658803877725147e+00
-1.533834825911705391e+00 -1.044749784665102155e+00 -1.708636982620495903e+00 -1.387519076916368110e+00 -2.956515564830104026e+00 1.305831863055646469e+00
-1.535940753598836750e+00 -1.050712466577157223e+00 -1.703804154257877235e+00 -1.391396027152146830e+00 -2.963687676834774187e+00 1.309022995389806709e+00
-1.537989818298651556e+00 -1.056630520279165264e+00 -1.698935645259786131e+00 -1.395217002266656570e+00 -2.970800023357231368e+00 1.312231773538411028e+00
-1.539981869808744630e+00 -1.062503475378172357e+00 -1.694032450791957967e+00 -1.398982018125353610e+00 -2.977851558853714664e+00 1.315457767501521991e+00
-1.541916770141690929e+00 -1.068330859832520741e+00 -1.689095685489323984e+00 -1.402691107006878601e+00 -2.984841230357630160e+00 1.318700544668900188e+00
-1.543794394133531256e+00 -1.074112200022475427e+00 -1.684126593385646853e+00 -1.406344317668771104e+00 -2.991767977471527118e+00 1.321959669868487230e+00
-1.545614630094451325e+00 -1.079847020832981563e+00 -1.679126558696188098e+00 -1.409941715410318208e+00 -2.998630732351974970e+00 1.325234705415475833e+00
-1.547377380505515987e+00 -1.085534845749846156e+00 -1.674097117535381374e+00 -1.413483382132680433e+00 -3.005428419686725583e+00 1.328525211161979191e+00
-1.549082562765765392e+00 -1.091175196970728845e+00 -1.669039970651054361e+00 -1.416969416396424597e+00 -3.012159956663330362e+00 1.331830744547296996e+00
-1.550730109994399530e+00 -1.096767595532496919e+00 -1.663956997285443551e+00 -1.420399933476671706e+00 -3.018824252928593133e+00 1.335150860648819826e+00
-1.552319971893414419e+00 -1.102311561456637001e+00 -1.658850270256332138e+00 -1.423775065416007068e+00 -3.025420210537832055e+00 1.338485112233560592e+00
-1.553852115676563450e+00 -1.107806613914573468e+00 -1.653722072399242515e+00 -1.427094961075351387e+00 -3.031946723893025997e+00 1.341833049810329470e+00
-1.555326527071359433e+00 -1.113252271414957750e+00 -1.648574914489887799e+00 -1.430359786183051485e+00 -3.038402679668988249e+00 1.345194221682584512e+00
-1.556743211401535376e+00 -1.118648052015172478e+00 -1.643411554808400510e+00 -1.433569723382432715e+00 -3.044786956726465377e+00 1.348568174001957276e+00
-1.558102194758382186e+00 -1.123993473559524059e+00 -1.638235020502666561e+00 -1.436724972278104362e+00 -3.051098426011045639e+00 1.351954450822449694e+00
-1.559403525270391722e+00 -1.129288053946849946e+00 -1.633048630936704715e+00 -1.439825749481323580e+00 -3.057335950436576688e+00 1.355352594155332824e+00
-1.560647274481831381e+00 -1.134531311430515554e+00 -1.627856023234676153e+00 -1.442872288654780233e+00 -3.063498384751879300e+00 1.358762144024758589e+00
-1.561833538852318348e+00 -1.139722764954086198e+00 -1.622661180245167811e+00 -1.445864840557173903e+00 -3.069584575389264103e+00 1.362182638524102263e+00
-1.562962441391023027e+00 -1.144861934526259617e+00 -1.617468461181834849e+00 -1.448803673088002286e+00 -3.075593360293240153e+00 1.365613613873058352e+00
-1.564034133441015939e+00 -1.149948341638997285e+00 -1.612282635224048910e+00 -1.451689071333061021e+00 -3.081523568727781992e+00 1.369054604475493653e+00
-1.565048796631387074e+00 -1.154981509733145728e+00 -1.607108918389911434e+00 -1.454521337611162313e+00 -3.087374021060330875e+00 1.372505142978094561e+00
-1.566006645017270493e+00 -1.159960964716240994e+00 -1.601953014027994948e+00 -1.457300791522658789e+00 -3.093143528520456265e+00 1.375964760329817960e+00
-1.566907927430750913e+00 -1.164886235537604620e+00 -1.596821157324636475e+00 -1.460027770000432268e+00 -3.098830892931053071e+00 1.379432985842179660e+00
-1.567752930069066686e+00 -1.169756854826274672e+00 -1.591720164247373503e+00 -1.462702627364055985e+00 -3.104434906409608175e+00 1.382909347250408816e+00
-1.568541979350404070e+00 -1.174572359597766180e+00 -1.586657485401834933e+00 -1.465325735377949412e+00 -3.109954351036882336e+00 1.386393370775452771e+00
-1.569275445072205954e+00 -1.179332292036120666e+00 -1.581641265323746381e+00 -1.467897483314413387e+00 -3.115387998490133370e+00 1.389884581186934254e+00
-1.569953743912340105e+00 -1.184036200358164148e+00 -1.576680407767467873e+00 -1.470418278022584735e+00 -3.120734609637701773e+00 1.393382501867034495e+00
-1.570577343319780717e+00 -1.188683639767315725e+00 -1.571784647619333342e+00 -1.472888544004417932e+00 -3.125992934091375020e+00 1.396886654875374667e+00
-1.571146765849034121e+00 -1.193274173504681013e+00 -1.566964630084183074e+00 -1.475308723498989893e+00 -3.131161709712647401e+00 1.400396561014918717e+00
-1.571662594001300040e+00 -1.197807374005440018e+00 -1.562231997861140975e+00 -1.477679276576574718e+00 -3.136239662068531331e+00 1.403911739898941136e+00
-1.572125475645942405e+00 -1.202282824168719344e+00 -1.557599487026826823e+00 -1.480000681244123761e+00 -3.141225503832114185e+00 1.407431710019128035e+00
-1.572536130108203256e+00 -1.206700118749064465e+00 -1.553081032359427516e+00 -1.482273433564031073e+00 -3.146117934122564463e+00 1.410955988814849293e+00
-1.572895355023856911e+00 -1.211058865877242319e+00 -1.548691882803717279e+00 -1.484498047788319841e+00 -3.150915637778615164e+00 1.414484092743674593e+00
-1.573204034079009439e+00 -1.215358688717298019e+00 -1.544448727694293755e+00 -1.486675056510711190e+00 -3.155617284558974944e+00 1.418015537353195077e+00
-1.573463145774028238e+00 -1.219599227265278252e+00 -1.540369834182382824e+00 -1.488805010839413745e+00 -3.160221528262311175e+00 1.421549837354252777e+00
-1.573673773375191765e+00 -1.223780140292662910e+00 -1.536475196007613286e+00 -1.490888480593937970e+00 -3.164727005758676270e+00 1.425086506695645960e+00
-1.573837116246589840e+00 -1.227901107433850836e+00 -1.532786693260250743e+00 -1.492926054529774227e+00 -3.169132335923270816e+00 1.428625058640433876e+00
-1.573954502788639243e+00 -1.231961831411598762e+00 -1.529328261968447178e+00 -1.494918340595478456e+00 -3.173436118462605648e+00 1.432165005843949235e+00
-1.574027405248388689e+00 -1.235962040386364258e+00 -1.526126071076959523e+00 -1.496865966227518552e+00 -3.177636932621989985e+00 1.435705860433666103e+00
-1.574057456710407976e+00 -1.239901490404120565e+00 -1.523208702416782634e+00 -1.498769578689283177e+00 -3.181733335762361392e+00 1.439247134091089064e+00
-1.574046470624134386e+00 -1.243779967901015748e+00 -1.520607326295669859e+00 -1.500629845461943335e+00 -3.185723861793460010e+00 1.442788338135844839e+00
-1.573996463271479573e+00 -1.247597292200485875e+00 -1.518355860880218122e+00 -1.502447454696518303e+00 -3.189607019449712588e+00 1.446328983612214847e+00
-1.573909679621923630e+00 -1.251353317906558793e+00 -1.516491097000453703e+00 -1.504223115738599903e+00 -3.193381290394937011e+00 1.449868581378375598e+00
-1.573788623052041480e+00 -1.255047937052974127e+00 -1.515052760496736761e+00 -1.505957559739958596e+00 -3.197045127142666310e+00 1.453406642198656673e+00
-1.573636089406233118e+00 -1.258681080807235286e+00 -1.514083470594332681e+00 -1.507651540374878030e+00 -3.200596950781262606e+00 1.456942676839211970e+00
-1.573455205817121172e+00 -1.262252720446918275e+00 -1.513628533247502794e+00 -1.509305834683929426e+00 -3.204035148498212138e+00 1.460476196167564744e+00
-1.573249474536128290e+00 -1.265762867216711385e+00 -1.513735480309805981e+00 -1.510921244074535652e+00 -3.207358070908498782e+00 1.464006711256601312e+00
-1.573022821649983527e+00 -1.269211570532576605e+00 -1.514453224335352566e+00 -1.512498595516859723e+00 -3.210564029211536941e+00 1.467533733493731507e+00
-1.572779649787979128e+00 -1.272598913818206778e+00 -1.515830637408014603e+00 -1.514038742986558495e+00 -3.213651292237027945e+00 1.471056774696091196e+00
-1.572524892382899164e+00 -1.275925007034359293e+00 -1.517914268206477235e+00 -1.515542569224719971e+00 -3.216618083505658809e+00 1.474575347232888189e+00
-1.572264063994178951e+00 -1.279189974695654985e+00 -1.520744764382584657e+00 -1.517010987913001596e+00 -3.219462578550900567e+00 1.478088964156296425e+00
-1.572003295184473792e+00 -1.282393937881163293e+00 -1.524351337065164014e+00 -1.518444946403705087e+00 -3.222182902972789975e+00 1.481597139342650582e+00
-1.571749328686228075e+00 -1.285536988499252242e+00 -1.528743251982453533e+00 -1.519845429208388277e+00 -3.224777132123207934e+00 1.485099387646152236e+00
-1.571509430985345901e+00 -1.288619154036601877e+00 -1.533896824104189260e+00 -1.521213462546766815e+00 -3.227243294162278175e+00 1.488595225067741668e+00
-1.571291131138190966e+00 -1.291640351603886572e+00 -1.539735754703123183e+00 -1.522550120403790563e+00 -3.229579379915377579e+00 1.492084168942039879e+00
-1.571101623495145372e+00 -1.294600332063223114e+00 -1.546102118137852255e+00 -1.523856532729317648e+00 -3.231783366404311408e+00 1.495565738144498891e+00
-1.570946552788156758e+00 -1.297498619545856435e+00 -1.552715746694302457e+00 -1.525133896493229724e+00 -3.233853267688186151e+00 1.499039453316692194e+00
-1.570827780226331072e+00 -1.300334459565582357e+00 -1.559123757372451902e+00 -1.526383489480269473e+00 -3.235787237116143800e+00 1.502504837093531220e+00
-1.570739959567806210e+00 -1.303106798914126063e+00 -1.564656485691855670e+00 -1.527606682198663801e+00 -3.237583743554219851e+00 1.505961414281753230e+00
-1.570668376616934037e+00 -1.305814332448634651e+00 -1.568447892125941934e+00 -1.528804933280639267e+00 -3.239241764652373234e+00 1.509408711904896672e+00
