-2.176402305569069107e+00 -2.248140029055354816e+00 -3.121390568350009609e+00 -3.929270873007540743e+00 -2.284720696536274076e+00 -4.712713724909339472e-03
-2.176402305569069107e+00 -2.248140029055354816e+00 -3.121390568350009609e+00 -3.929270873007540743e+00 -2.284720696536274076e+00 -4.712713724909339472e-03
-2.176677536327523477e+00 -2.247989978127554966e+00 -1.968407042231926862e+00 -3.929323826358385841e+00 -2.284713437628348665e+00 -4.720193526814945098e-03
-2.176994186992731173e+00 -2.248127744664574656e+00 -7.027527877437467207e-01 -3.929428963280458653e+00 -2.284698993195296790e+00 -4.735044347264669162e-03
-2.176975161559128402e+00 -2.248497784827509172e+00 2.505022346484990781e-01 -3.929585513856648227e+00 -2.284677435475015894e+00 -4.757157245253883747e-03
-2.176626703373651051e+00 -2.248718657888769901e+00 8.182223303723074048e-01 -3.929792708031247805e+00 -2.284648835623392493e+00 -4.786423132202951430e-03
-2.176189966245462237e+00 -2.248725282340943377e+00 1.080895709803661786e+00 -3.930049775606760054e+00 -2.284613263784692094e+00 -4.822732781938459876e-03
-2.175756562147710849e+00 -2.248618644273888023e+00 1.154534077214318666e+00 -3.930355946239920684e+00 -2.284570789164808602e+00 -4.865976840611654225e-03
-2.175331729683978033e+00 -2.248472287246757961e+00 1.136041272521258971e+00 -3.930710449439466014e+00 -2.284521480097918555e+00 -4.916045836555890496e-03
-2.174908903300209584e+00 -2.248319151436565910e+00 1.087911317627665797e+00 -3.931112514566441618e+00 -2.284465404103594111e+00 -4.972830190076579608e-03
-2.174485662086409477e+00 -2.248168296526864118e+00 1.042093423489186987e+00 -3.931561370836181624e+00 -2.284402627937668129e+00 -5.036220223167737868e-03
-2.174062413424302953e+00 -2.248017279967069459e+00 1.010021981408388836e+00 -3.932056247320968811e+00 -2.284333217640584390e+00 -5.106106169150577238e-03
-2.173640221140347606e+00 -2.247859819861158126e+00 9.921647406000062563e-01 -3.932596372952850583e+00 -2.284257238585170935e+00 -5.182378182231659955e-03
-2.173220037938571103e+00 -2.247689854643632579e+00 9.847103999228398186e-01 -3.933180976526456707e+00 -2.284174755524405409e+00 -5.264926346979909716e-03
-2.172802566189405482e+00 -2.247503063422985115e+00 9.832983294235099203e-01 -3.933809286701833496e+00 -2.284085832639115576e+00 -5.353640687721457694e-03
-2.172388231637407685e+00 -2.247296956336438001e+00 9.845833332409418270e-01 -3.934480532007363696e+00 -2.283990533585382732e+00 -5.448411177851874079e-03
-2.171977186853516262e+00 -2.247070388482578007e+00 9.865426422375321858e-01 -3.935193940842836913e+00 -2.283888921541399331e+00 -5.549127749064835385e-03
-2.171569360376358393e+00 -2.246822994849980937e+00 9.882210732293827959e-01 -3.935948741482723445e+00 -2.283781059253610746e+00 -5.655680300495944703e-03
-2.171164537172326714e+00 -2.246554757955533610e+00 9.893351743995486558e-01 -3.936744162079686582e+00 -2.283667009082034571e+00 -5.767958707780712624e-03
-2.170762438162815666e+00 -2.246265748721459232e+00 9.899350765731852464e-01 -3.937579430668347591e+00 -2.283546833044704627e+00 -5.885852832025113314e-03
-2.170362776901514135e+00 -2.245956005383580312e+00 9.901830238579180099e-01 -3.938453775169317606e+00 -2.283420592861221010e+00 -6.009252528687152733e-03
-2.169965288701516393e+00 -2.245625497798896752e+00 9.902381592973806823e-01 -3.939366423393495964e+00 -2.283288349995410194e+00 -6.138047656368475838e-03
-2.169569738408275494e+00 -2.245274133453003085e+00 9.902138174144337057e-01 -3.940316603046641220e+00 -2.283150165697092504e+00 -6.272128085514463644e-03
-2.169175916106602653e+00 -2.244901777242832797e+00 9.901742205235709582e-01 -3.941303541734211713e+00 -2.283006101042974301e+00 -6.411383707021188656e-03
-2.168783628504322714e+00 -2.244508270810888995e+00 9.901470053447299913e-01 -3.942326466966481036e+00 -2.282856216976657304e+00 -6.555704440748129705e-03
-2.168392690703815351e+00 -2.244093446271549386e+00 9.901382232933731986e-01 -3.943384606163933270e+00 -2.282700574347771294e+00 -6.704980243935156937e-03
-2.168002920356964847e+00 -2.243657133983918861e+00 9.901440687701722476e-01 -3.944477186662940227e+00 -2.282539233950230617e+00 -6.859101119522581329e-03
-2.167614134434192152e+00 -2.243199165915959803e+00 9.901580800549978356e-01 -3.945603435721719343e+00 -2.282372256559609180e+00 -7.017957124372939913e-03
-2.167226147998078112e+00 -2.242719376416411947e+00 9.901746079385999044e-01 -3.946762580526576691e+00 -2.282199702969632149e+00 -7.181438377392823647e-03
-2.166838774172952231e+00 -2.242217601802265925e+00 9.901898997503779665e-01 -3.947953848198440863e+00 -2.282021634027787460e+00 -7.349435067554368865e-03
-2.166451824637203760e+00 -2.241693679621236779e+00 9.902019773670942548e-01 -3.949176465799695279e+00 -2.281838110670047826e+00 -7.521837461814484191e-03
-2.166065110207713751e+00 -2.241147448002274167e+00 9.902100933031369179e-01 -3.950429660341301386e+00 -2.281649193954708554e+00 -7.698535912930514445e-03
-2.165678441307567592e+00 -2.240578745224163448e+00 9.902141797919512545e-01 -3.951712658790218047e+00 -2.281454945095332310e+00 -7.879420867171129869e-03
-2.165291628259821799e+00 -2.239987409489860415e+00 9.902144497266620604e-01 -3.953024688077130477e+00 -2.281255425492808797e+00 -8.064382871920192444e-03
-2.164904481430064642e+00 -2.239373278844313919e+00 9.902111669658548720e-01 -3.954364975104476709e+00 -2.281050696766520502e+00 -8.253312583174590711e-03
-2.164516811268153873e+00 -2.238736191172272072e+00 9.902045451534574605e-01 -3.955732746754778706e+00 -2.280840820784615364e+00 -8.446100772934639692e-03
-2.164128428297483531e+00 -2.238075984229821458e+00 9.901947234923711427e-01 -3.957127229899285226e+00 -2.280625859693391710e+00 -8.642638336483241673e-03
-2.163739143086119476e+00 -2.237392495682891003e+00 9.901817784603649253e-01 -3.958547651406920220e+00 -2.280405875945780370e+00 -8.842816299554750667e-03
-2.163348766219037600e+00 -2.236685563140694555e+00 9.901657457875593371e-01 -3.959993238153534989e+00 -2.280180932328941701e+00 -9.046525825391518727e-03
-2.162957108279135010e+00 -2.235955024181065731e+00 9.901466401878230572e-01 -3.961463217031477413e+00 -2.279951091990964240e+00 -9.253658221687395546e-03
-2.162563979837874850e+00 -2.235200716368806795e+00 9.901244686861351285e-01 -3.962956814959477825e+00 -2.279716418466669392e+00 -9.464104947417242841e-03
-2.162169191453338080e+00 -2.234422477269500273e+00 9.900992378108195435e-01 -3.964473258892843965e+00 -2.279476975702523944e+00 -9.677757619549965523e-03
-2.161772553672819619e+00 -2.233620144460975787e+00 9.900709563942284852e-01 -3.966011775833967690e+00 -2.279232828080655526e+00 -9.894508019644657204e-03
-2.161373877037566782e+00 -2.232793555544012598e+00 9.900396360028409504e-01 -3.967571592843140760e+00 -2.278984040441974557e+00 -1.011424810032948360e-02
-2.160972972088188282e+00 -2.231942548153067918e+00 9.900052902573696079e-01 -3.969151937049691270e+00 -2.278730678108399577e+00 -1.033686999166299331e-02
-2.160569649369926459e+00 -2.231066959967435981e+00 9.899679339916641618e-01 -3.970752035663426049e+00 -2.278472806904196624e+00 -1.056226600737414541e-02
-2.160163719437580010e+00 -2.230166628722864086e+00 9.899275825956718178e-01 -3.972371115986396806e+00 -2.278210493176415330e+00 -1.079032865098124294e-02
-2.159754992860145606e+00 -2.229241392223554552e+00 9.898842515523906815e-01 -3.974008405424976687e+00 -2.277943803814441281e+00 -1.102095062178806706e-02
-2.159343280225254791e+00 -2.228291088354483751e+00 9.898379561946429872e-01 -3.975663131502263692e+00 -2.277672806268651762e+00 -1.125402482075823010e-02
-2.158928392143546482e+00 -2.227315555093951183e+00 9.897887116696927334e-01 -3.977334521870787842e+00 -2.277397568568187758e+00 -1.148944435626308644e-02
-2.158510139253139837e+00 -2.226314630526283977e+00 9.897365329492447961e-01 -3.979021804325518108e+00 -2.277118159337830683e+00 -1.172710254970833234e-02
-2.158088332224244787e+00 -2.225288152854682178e+00 9.896814348361581137e-01 -3.980724206817188193e+00 -2.276834647813996249e+00 -1.196689294102959954e-02
-2.157662781763901361e+00 -2.224235960414207014e+00 9.896234320121867212e-01 -3.982440957465931852e+00 -2.276547103859837495e+00 -1.220870929406417914e-02
-2.157233298620893081e+00 -2.223157891684883314e+00 9.895625390375905051e-01 -3.984171284575224181e+00 -2.276255597979464085e+00 -1.245244560179468649e-02
-2.156799693590785161e+00 -2.222053785304944906e+00 9.894987703578822513e-01 -3.985914416646131109e+00 -2.275960201331281407e+00 -1.269799609146184984e-02
-2.156361777521095036e+00 -2.220923480084211921e+00 9.894321403330678111e-01 -3.987669582391855538e+00 -2.275660985740441067e+00 -1.294525522954942387e-02
-2.155919361316624094e+00 -2.219766815017595984e+00 9.893626632390185582e-01 -3.989436010752588135e+00 -2.275358023710424060e+00 -1.319411772663519646e-02
-2.155472255944923088e+00 -2.218583629298735538e+00 9.892903532776069486e-01 -3.991212930910672529e+00 -2.275051388433736665e+00 -1.344447854211446719e-02
-2.155020272441895202e+00 -2.217373762333752385e+00 9.892152245655723153e-01 -3.992999572306045408e+00 -2.274741153801739912e+00 -1.369623288878775783e-02
-2.154563221917522586e+00 -2.216137053755160569e+00 9.891372910807298968e-01 -3.994795164651982144e+00 -2.274427394413596648e+00 -1.394927623731744004e-02
-2.154100915561643959e+00 -2.214873343435906694e+00 9.890565667162278807e-01 -3.996598937951157282e+00 -2.274110185584357069e+00 -1.420350432055036624e-02
-2.153633164649927600e+00 -2.213582471503531934e+00 9.889730652979816794e-01 -3.998410122511962150e+00 -2.273789603352169397e+00 -1.445881313770194278e-02
-2.153159780549993574e+00 -2.212264278354442393e+00 9.888868005374064074e-01 -4.000227948965114244e+00 -2.273465724484631689e+00 -1.471509895840696601e-02
-2.152680574727598994e+00 -2.210918604668329124e+00 9.887977861345041974e-01 -4.002051648280535723e+00 -2.273138626484278557e+00 -1.497225832663289478e-02
-2.152195358753087984e+00 -2.209545291422653879e+00 9.887060355463519468e-01 -4.003880451784548988e+00 -2.272808387593213464e+00 -1.523018806445956830e-02
-2.151703944307646665e+00 -2.208144179907368887e+00 9.886115622101748768e-01 -4.005713591177330279e+00 -2.272475086796878152e+00 -1.548878527571902891e-02
-2.151206143189978715e+00 -2.206715111739651736e+00 9.885143794804925887e-01 -4.007550298550615508e+00 -2.272138803826975195e+00 -1.574794734949390082e-02
-2.150701767323026203e+00 -2.205257928878785023e+00 9.884145006146247692e-01 -4.009389806405721401e+00 -2.271799619163545003e+00 -1.600757196347956865e-02
-2.150190628760789924e+00 -2.203772473641159468e+00 9.883119387104275511e-01 -4.011231347671813552e+00 -2.271457614036190176e+00 -1.626755708720656682e-02
-2.149672539695169693e+00 -2.202258588715416909e+00 9.882067068482319749e-01 -4.013074155724421388e+00 -2.271112870424467189e+00 -1.652780098512282234e-02
-2.149147312463135062e+00 -2.200716117177641706e+00 9.880988179985312758e-01 -4.014917464404225811e+00 -2.270765471057420548e+00 -1.678820221953655767e-02
-2.148614759553882259e+00 -2.199144902506700028e+00 9.879882850017929208e-01 -4.016760508036077759e+00 -2.270415499412306470e+00 -1.704865965341650219e-02
-2.148074693616077280e+00 -2.197544788599708809e+00 9.878751206455160805e-01 -4.018602521448292109e+00 -2.270063039712469699e+00 -1.730907245305232309e-02
-2.147526927465330360e+00 -2.195915619787562889e+00 9.877593375871953629e-01 -4.020442739992178716e+00 -2.269708176924403631e+00 -1.756934009056925275e-02
-2.146971274091663773e+00 -2.194257240850609136e+00 9.876409484117305571e-01 -4.022280399561809716e+00 -2.269350996753983551e+00 -1.782936234630139519e-02
-2.146407546667186583e+00 -2.192569497034387638e+00 9.875199655725532821e-01 -4.024114736614028409e+00 -2.268991585641892073e+00 -1.808903931102265675e-02
-2.145835558553774725e+00 -2.190852234065499005e+00 9.873964014295768532e-01 -4.025944988188699725e+00 -2.268630030758221228e+00 -1.834827138803384397e-02
-2.145255123310938483e+00 -2.189105298167570268e+00 9.872702682251270900e-01 -4.027770391929192506e+00 -2.268266419996271210e+00 -1.860695929510556082e-02
-2.144666054703752600e+00 -2.187328536077317587e+00 9.871415781804706580e-01 -4.029590186103003902e+00 -2.267900841965541758e+00 -1.886500406627795653e-02
-2.144068166711071477e+00 -2.185521795060655581e+00 9.870103433648421687e-01 -4.031403609622698170e+00 -2.267533385983925509e+00 -1.912230705351567264e-02
-2.143461273533620925e+00 -2.183684922928966099e+00 9.868765757846851283e-01 -4.033209902067016017e+00 -2.267164142069118871e+00 -1.937876992821823893e-02
-2.142845189602362588e+00 -2.181817768055412721e+00 9.867402873584580902e-01 -4.035008303702213972e+00 -2.266793200929226870e+00 -1.963429468258938437e-02
-2.142219729586912536e+00 -2.179920179391355184e+00 9.866014898381646470e-01 -4.036798055503600935e+00 -2.266420653952589959e+00 -1.988878363085757814e-02
-2.141584708403927895e+00 -2.177992006482898812e+00 9.864601949213893661e-01 -4.038578399177239042e+00 -2.266046593196835435e+00 -2.014213941034715891e-02
-2.140939941225797671e+00 -2.176033099487459932e+00 9.863164141836012755e-01 -4.040348577181890555e+00 -2.265671111377156599e+00 -2.039426498240918748e-02
-2.140285243489323808e+00 -2.174043309190471618e+00 9.861701590782984139e-01 -4.042107832751134389e+00 -2.265294301853827186e+00 -2.064506363320838672e-02
-2.139620430904494608e+00 -2.172022487022158721e+00 9.860214410500183213e-01 -4.043855409915607879e+00 -2.264916258618947520e+00 -2.089443897435826203e-02
-2.138945319463589012e+00 -2.169970485074319555e+00 9.858702713909129889e-01 -4.045590553525541644e+00 -2.264537076282431727e+00 -2.114229494342010837e-02
-2.138259725450101456e+00 -2.167887156117285219e+00 9.857166613023724544e-01 -4.047312509273455206e+00 -2.264156850057249759e+00 -2.138853580425207485e-02
-2.137563465447881228e+00 -2.165772353616894463e+00 9.855606218908843363e-01 -4.049020523716967190e+00 -2.263775675743921578e+00 -2.163306614721017054e-02
-2.136856356350365083e+00 -2.163625931751554266e+00 9.854021641893987438e-01 -4.050713844301808919e+00 -2.263393649714282141e+00 -2.187579088921221687e-02
-2.136138215369952409e+00 -2.161447745429359024e+00 9.852412990630970979e-01 -4.052391719384967672e+00 -2.263010868894502092e+00 -2.211661527364460270e-02
-2.135408860047282253e+00 -2.159237650305353196e+00 9.850780372499287063e-01 -4.054053398258042229e+00 -2.262627430747376600e+00 -2.235544487013130938e-02
-2.134668108260675101e+00 -2.156995502798824127e+00 9.849123894094337084e-01 -4.055698131170720089e+00 -2.262243433253902758e+00 -2.259218557416174319e-02
-2.133915778235790928e+00 -2.154721160110634415e+00 9.847443662037155265e-01 -4.057325169354421668e+00 -2.261858974894135343e+00 -2.282674360657371837e-02
-2.133151688555567027e+00 -2.152414480240558259e+00 9.845739781411817493e-01 -4.058933765046049302e+00 -2.261474154627341360e+00 -2.305902551288451299e-02
-2.132375658169886723e+00 -2.150075322004759037e+00 9.844012356701133948e-01 -4.060523171511922769e+00 -2.261089071871455136e+00 -2.328893816248650897e-02
-2.131587506405564270e+00 -2.147703545053285534e+00 9.842261491028253539e-01 -4.062092643071909315e+00 -2.260703826481826884e+00 -2.351638874770304796e-02
-2.130787052976243601e+00 -2.145299009887676078e+00 9.840487285671701834e-01 -4.063641435123633627e+00 -2.260318518729294901e+00 -2.374128478269627723e-02
-2.129974117992257554e+00 -2.142861577878650614e+00 9.838689841370484856e-01 -4.065168804166886751e+00 -2.259933249277570333e+00 -2.396353410222420641e-02
-2.129148521970890329e+00 -2.140391111283783676e+00 9.836869258622910062e-01 -4.066674007828074089e+00 -2.259548119159930035e+00 -2.418304486026811792e-02
-2.128310085846801591e+00 -2.137887473265168481e+00 9.835025636287000328e-01 -4.068156304884905872e+00 -2.259163229755255298e+00 -2.439972552851812221e-02
-2.127458630982191234e+00 -2.135350527907238671e+00 9.833159072179215032e-01 -4.069614955291169345e+00 -2.258778682763405321e+00 -2.461348489471961928e-02
-2.126593979177203941e+00 -2.132780140234605604e+00 9.831269663077262244e-01 -4.071049220201654606e+00 -2.258394580179936106e+00 -2.482423206087907425e-02
-2.125715952680403475e+00 -2.130176176229926721e+00 9.829357505327127598e-01 -4.072458361997199461e+00 -2.258011024270162537e+00 -2.503187644132166476e-02
-2.124824374199496546e+00 -2.127538502851767710e+00 9.827422693847375212e-01 -4.073841644309829313e+00 -2.257628117542589408e+00 -2.523632776061442845e-02
-2.123919066911879039e+00 -2.124866988052589445e+00 9.825465322261645040e-01 -4.075198332048119099e+00 -2.257245962721692756e+00 -2.543749605136056899e-02
-2.122999854475288384e+00 -2.122161500796758915e+00 9.823485483178256983e-01 -4.076527691422618283e+00 -2.256864662720085235e+00 -2.563529165184907227e-02
-2.122066561038598032e+00 -2.119421911078564591e+00 9.821483268014238321e-01 -4.077828989971491680e+00 -2.256484320610050887e+00 -2.582962520356727951e-02
-2.121119011252647013e+00 -2.116648089940284638e+00 9.819458767564146484e-01 -4.079101496586188702e+00 -2.256105039594474615e+00 -2.602040764858027516e-02
-2.120157030281295540e+00 -2.113839909490220936e+00 9.817412072502019749e-01 -4.080344481537310664e+00 -2.255726922977153492e+00 -2.620755022679440577e-02
-2.119180443812721304e+00 -2.110997242920725103e+00 9.815343272059722235e-01 -4.081557216500621976e+00 -2.255350074132516980e+00 -2.639096447306351484e-02
-2.118189078070401354e+00 -2.108119964526347534e+00 9.813252453846793566e-01 -4.082738974583163483e+00 -2.254974596474746296e+00 -2.657056221417737965e-02
-2.117182759824128180e+00 -2.105207949722060601e+00 9.811139704523675897e-01 -4.083889030349592275e+00 -2.254600593426296928e+00 -2.674625556572150439e-02
-2.116161316401256265e+00 -2.102261075061405915e+00 9.809005110061118637e-01 -4.085006659848668065e+00 -2.254228168385870035e+00 -2.691795692880353044e-02
-2.115124575698100085e+00 -2.099279218254630486e+00 9.806848754314909655e-01 -4.086091140639903863e+00 -2.253857424695797196e+00 -2.708557898664261734e-02
-2.114072366190994146e+00 -2.096262258187031602e+00 9.804670720482991930e-01 -4.087141751820323243e+00 -2.253488465608852742e+00 -2.724903470103907932e-02
-2.113004516947826872e+00 -2.093210074937120968e+00 9.802471091582163343e-01 -4.088157774051365045e+00 -2.253121394254521181e+00 -2.740823730872556097e-02
-2.111920857639812965e+00 -2.090122549794784401e+00 9.800249949549709738e-01 -4.089138489586018999e+00 -2.252756313604697969e+00 -2.756310031759324694e-02
-2.110821218553035283e+00 -2.086999565279500590e+00 9.798007374440945716e-01 -4.090083182296138098e+00 -2.252393326438850707e+00 -2.771353750279808084e-02
-2.109705430599805087e+00 -2.083841005158676207e+00 9.795743446097294749e-01 -4.090991137699846902e+00 -2.252032535308647443e+00 -2.785946290274499831e-02
-2.108573325330611148e+00 -2.080646754465810044e+00 9.793458242927338686e-01 -4.091861642989273129e+00 -2.251674042502058271e+00 -2.800079081494996278e-02
-2.107424734945721578e+00 -2.077416699518739307e+00 9.791151842872523048e-01 -4.092693987058423133e+00 -2.251317950006937352e+00 -2.813743579178662121e-02
-2.106259492307168468e+00 -2.074150727937821959e+00 9.788824322478451023e-01 -4.093487460531299860e+00 -2.250964359474080911e+00 -2.826931263611230302e-02
-2.105077430950508255e+00 -2.070848728664231864e+00 9.786475756621588751e-01 -4.094241355790233072e+00 -2.250613372179781191e+00 -2.839633639679127117e-02
-2.103878385096503933e+00 -2.067510591978223289e+00 9.784106218470105532e-01 -4.094954967004396984e+00 -2.250265088987902118e+00 -2.851842236410097320e-02
-2.102662189662847236e+00 -2.064136209517439813e+00 9.781715781274390453e-01 -4.095627590158626319e+00 -2.249919610311437168e+00 -2.863548606503177330e-02
-2.101428680276526517e+00 -2.060725474294973214e+00 9.779304517719064060e-01 -4.096258523082462411e+00 -2.249577036073599601e+00 -2.874744325846789045e-02
-2.100177693286024105e+00 -2.057278280717458774e+00 9.776872498481437024e-01 -4.096847065479511052e+00 -2.249237465668434410e+00 -2.885420993026964476e-02
-2.098909065773108207e+00 -2.053794524603365090e+00 9.774419795142841316e-01 -4.097392518957075680e+00 -2.248900997920950662e+00 -2.895570228825502385e-02
-2.097622635565655536e+00 -2.050274103200880216e+00 9.771946477517249319e-01 -4.097894187056152937e+00 -2.248567731046782647e+00 -2.905183675706952268e-02
-2.096318241249620851e+00 -2.046716915206120202e+00 9.769452612945511705e-01 -4.098351375281592546e+00 -2.248237762611422053e+00 -2.914252997296239503e-02
-2.094995722180756914e+00 -2.043122860781401595e+00 9.766938267208591373e-01 -4.098763391132622225e+00 -2.247911189488975392e+00 -2.922769877847126302e-02
-2.093654918496696826e+00 -2.039491841573383812e+00 9.764403506114784914e-01 -4.099129544133733205e+00 -2.247588107820489345e+00 -2.930726021700080439e-02
-2.092295671129650536e+00 -2.035823760730973930e+00 9.761848393831642490e-01 -4.099449145865879274e+00 -2.247268612971838220e+00 -2.938113152730919414e-02
-2.090917821818523148e+00 -2.032118522923402448e+00 9.759272995556406149e-01 -4.099721509998083491e+00 -2.246952799491173547e+00 -2.944923013791007210e-02
-2.089521213122077281e+00 -2.028376034357897595e+00 9.756677374078206455e-01 -4.099945952319426823e+00 -2.246640761065991754e+00 -2.951147366138417993e-02
-2.088105688430864859e+00 -2.024596202797791733e+00 9.754061591229712391e-01 -4.100121790771468433e+00 -2.246332590479766633e+00 -2.956777988859506448e-02
-2.086671091979706016e+00 -2.020778937580365309e+00 9.751425706681697836e-01 -4.100248345481007917e+00 -2.246028379568188349e+00 -2.961806678283424379e-02
-2.085217268859750117e+00 -2.016924149634852004e+00 9.748769779790793510e-01 -4.100324938793418639e+00 -2.245728219175016083e+00 -2.966225247387027641e-02
-2.083744065031277071e+00 -2.013031751500141020e+00 9.746093868769146740e-01 -4.100350895306378973e+00 -2.245432199107529225e+00 -2.970025525192953111e-02
-2.082251327336194446e+00 -2.009101657342525993e+00 9.743398030768030127e-01 -4.100325541903928617e+00 -2.245140408091603312e+00 -2.973199356159546974e-02
-2.080738903510615856e+00 -2.005133782973401058e+00 9.740682322222214973e-01 -4.100248207791183042e+00 -2.244852933726427580e+00 -2.975738599562612399e-02
-2.079206642197583221e+00 -2.001128045866853888e+00 9.737946797624578155e-01 -4.100118224529530231e+00 -2.244569862438826835e+00 -2.977635128871856593e-02
-2.077654392959340512e+00 -1.997084365177368426e+00 9.735191510621911126e-01 -4.099934926072335450e+00 -2.244291279437261366e+00 -2.978880831118782893e-02
-2.076082006290046245e+00 -1.993002661757320659e+00 9.732416514620397807e-01 -4.099697648801124750e+00 -2.244017268665453813e+00 -2.979467606259440099e-02
-2.074489333628767973e+00 -1.988882858174294999e+00 9.729621861991365472e-01 -4.099405731562435484e+00 -2.243747912755701179e+00 -2.979387366529247932e-02
-2.072876227372194347e+00 -1.984724878728460373e+00 9.726807603359975962e-01 -4.099058515705137573e+00 -2.243483292981848454e+00 -2.978632035791113283e-02
-2.071242540887058947e+00 -1.980528649470002733e+00 9.723973790242709248e-01 -4.098655345118426219e+00 -2.243223489211917165e+00 -2.977193548879171481e-02
-2.069588128523681902e+00 -1.976294098216039741e+00 9.721120469911888051e-01 -4.098195566270391055e+00 -2.242968579860459499e+00 -2.975063850935581386e-02
-2.067912845627367435e+00 -1.972021154568303292e+00 9.718247691632041496e-01 -4.097678528247195473e+00 -2.242718641840581562e+00 -2.972234896742264459e-02
-2.066216548552441079e+00 -1.967709749929729579e+00 9.715355500818880774e-01 -4.097103582792844811e+00 -2.242473750515668662e+00 -2.968698650047047263e-02
-2.064499094673841739e+00 -1.963359817521985740e+00 9.712443941170705308e-01 -4.096470084349835616e+00 -2.242233979650836151e+00 -2.964447082885647219e-02
-2.062760342399582392e+00 -1.958971292402538644e+00 9.709513057156792248e-01 -4.095777390100231230e+00 -2.241999401364081379e+00 -2.959472174898903490e-02
-2.061000151184305906e+00 -1.954544111481196778e+00 9.706562890806815780e-01 -4.095024860007477230e+00 -2.241770086077186086e+00 -2.953765912644652422e-02
-2.059218381541443765e+00 -1.950078213537125515e+00 9.703593482966240691e-01 -4.094211856858829712e+00 -2.241546102466358548e+00 -2.947320288904849497e-02
-2.057414895055943216e+00 -1.945573539235592841e+00 9.700604876028597889e-01 -4.093337746308595371e+00 -2.241327517412621262e+00 -2.940127301989555256e-02
-2.055589554398229879e+00 -1.941030031144081791e+00 9.697597112601727964e-01 -4.092401896921967541e+00 -2.241114395951957494e+00 -2.932178955037580137e-02
-2.053742223337631234e+00 -1.936447633748564101e+00 9.694570229467069922e-01 -4.091403680219719341e+00 -2.240906801225226452e+00 -2.923467255313105806e-02
-2.051872766753005894e+00 -1.931826293470740197e+00 9.691524262003039514e-01 -4.090342470723559387e+00 -2.240704794427877733e+00 -2.913984213498884562e-02
-2.049981050645378389e+00 -1.927165958684490477e+00 9.688459245981113632e-01 -4.089217646002150097e+00 -2.240508434759399314e+00 -2.903721842985877710e-02
-2.048066942151395509e+00 -1.922466579731824332e+00 9.685375217571488005e-01 -4.088028586717818769e+00 -2.240317779372605678e+00 -2.892672159162193793e-02
-2.046130309556798643e+00 -1.917728108938674625e+00 9.682272212178246740e-01 -4.086774676674075124e+00 -2.240132883322770940e+00 -2.880827178696649532e-02
-2.044171022309387631e+00 -1.912950500630843598e+00 9.679150263272416899e-01 -4.085455302863771010e+00 -2.239953799516548383e+00 -2.868178918819278347e-02
-2.042188951031425503e+00 -1.908133711150079126e+00 9.676009402047932584e-01 -4.084069855517887149e+00 -2.239780578660704791e+00 -2.854719396601096068e-02
-2.040183967531847831e+00 -1.903277698870097678e+00 9.672849658000878259e-01 -4.082617728155137016e+00 -2.239613269210702917e+00 -2.840440628231919243e-02
-2.038155944818738075e+00 -1.898382424212420316e+00 9.669671060241652460e-01 -4.081098317632251948e+00 -2.239451917319142726e+00 -2.825334628295885289e-02
-2.036104757112422448e+00 -1.893447849661827664e+00 9.666473637616305181e-01 -4.079511024194900415e+00 -2.239296566784065856e+00 -2.809393409044794870e-02
-2.034030279858622503e+00 -1.888473939781660560e+00 9.663257417487112200e-01 -4.077855251529125091e+00 -2.239147258997132184e+00 -2.792608979669941593e-02
-2.031932389741013534e+00 -1.883460661229236832e+00 9.660022426561776232e-01 -4.076130406813431861e+00 -2.239004032891709350e+00 -2.774973345573014324e-02
-2.029810964694150677e+00 -1.878407982770945450e+00 9.656768689714989584e-01 -4.074335900771464125e+00 -2.238866924890857035e+00 -2.756478507632665470e-02
-2.027665883915847900e+00 -1.873315875297568711e+00 9.653496229710664123e-01 -4.072471147725264196e+00 -2.238735968855203762e+00 -2.737116461472788309e-02
-2.025497027879346046e+00 -1.868184311839469647e+00 9.650205067102002321e-01 -4.070535565649131549e+00 -2.238611196030777517e+00 -2.716879196727903581e-02
-2.023304278345394280e+00 -1.863013267581706156e+00 9.646895222516543855e-01 -4.068528576223879867e+00 -2.238492634996755104e+00 -2.695758696308432970e-02
-2.021087518375496384e+00 -1.857802719878542286e+00 9.643566717537828126e-01 -4.066449604891453795e+00 -2.238380311613149320e+00 -2.673746935665215901e-02
-2.018846632345645986e+00 -1.852552648267623780e+00 9.640219571198260784e-01 -4.064298080910111466e+00 -2.238274248968463276e+00 -2.650835882050073949e-02
-2.016581505958196185e+00 -1.847263034484760702e+00 9.636853800338627263e-01 -4.062073437409707388e+00 -2.238174467327356698e+00 -2.627017493778604704e-02
-2.014292026253918788e+00 -1.841933862478537964e+00 9.633469420221362212e-01 -4.059775111447485152e+00 -2.238080984078277602e+00 -2.602283719490483885e-02
-2.011978081624325121e+00 -1.836565118424664078e+00 9.630066447398827334e-01 -4.057402544063957173e+00 -2.237993813681071309e+00 -2.576626497410436020e-02
-2.009639561825508736e+00 -1.831156790739490114e+00 9.626644896149129105e-01 -4.054955180338910559e+00 -2.237912967614648529e+00 -2.550037754607006879e-02
-2.007276357990088744e+00 -1.825708870094225000e+00 9.623204780415510751e-01 -4.052432469447424523e+00 -2.237838454324638349e+00 -2.522509406249024907e-02
-2.004888362640159016e+00 -1.820221349428543300e+00 9.619746113460824199e-01 -4.049833864716088527e+00 -2.237770279171115817e+00 -2.494033354862165014e-02
-2.002475469700076616e+00 -1.814694223964193665e+00 9.616268906225466928e-01 -4.047158823678861594e+00 -2.237708444376351302e+00 -2.464601489585000957e-02
-2.000037574508247928e+00 -1.809127491218776917e+00 9.612773164912331580e-01 -4.044406808133051534e+00 -2.237652948972661537e+00 -2.434205685424039450e-02
-1.997574573827555655e+00 -1.803521151020058610e+00 9.609258893295148374e-01 -4.041577284194881159e+00 -2.237603788750254452e+00 -2.402837802509034601e-02
-1.995086365856944877e+00 -1.797875205519587682e+00 9.605726095186706281e-01 -4.038669722354704561e+00 -2.237560956205227658e+00 -2.370489685344618139e-02
-1.992572850244411775e+00 -1.792189659205578600e+00 9.602174777234446790e-01 -4.035683597531956934e+00 -2.237524440487660193e+00 -2.337153162060535624e-02
-1.990033928101574201e+00 -1.786464518914897548e+00 9.598604943890275409e-01 -4.032618389129320136e+00 -2.237494227349789089e+00 -2.302820043661625571e-02
-1.987469502015431821e+00 -1.780699793846171275e+00 9.595016599577552707e-01 -4.029473581086424616e+00 -2.237470299094280080e+00 -2.267482123277582418e-02
-1.984879476061312431e+00 -1.774895495572127890e+00 9.591409746702324046e-01 -4.026248661932723572e+00 -2.237452634522704820e+00 -2.231131175409999459e-02
-1.982263755814658301e+00 -1.769051638052333564e+00 9.587784388808753278e-01 -4.022943124839511775e+00 -2.237441208884094479e+00 -2.193758955178507289e-02
-1.979622248364637960e+00 -1.763168237644948899e+00 9.584140528367541823e-01 -4.019556467670983402e+00 -2.237435993823664759e+00 -2.155357197563657554e-02
-1.976954862326469886e+00 -1.757245313118920294e+00 9.580478166748335189e-01 -4.016088193034116571e+00 -2.237436957331696341e+00 -2.115917616649152372e-02
-1.974261507853617648e+00 -1.751282885665986999e+00 9.576797296587846731e-01 -4.012537808327463651e+00 -2.237444063692549445e+00 -2.075431904860927310e-02
-1.971542096645424014e+00 -1.745280978914712122e+00 9.573097906321040851e-01 -4.008904825788609294e+00 -2.237457273433861804e+00 -2.033891732205763553e-02
-1.968796541957226864e+00 -1.739239618943136279e+00 9.569379978594785285e-01 -4.005188762540141667e+00 -2.237476543275934926e+00 -1.991288745505933114e-02
-1.966024758609468126e+00 -1.733158834291834482e+00 9.565643498439351244e-01 -4.001389140634152852e+00 -2.237501826081287781e+00 -1.947614567631683266e-02
-1.963226663001679695e+00 -1.727038655974546533e+00 9.561888463369733193e-01 -3.997505487095139642e+00 -2.237533070804385904e+00 -1.902860796733899656e-02
-1.960402173132741899e+00 -1.720879117485683896e+00 9.558114876089942591e-01 -3.993537333961089342e+00 -2.237570222441571666e+00 -1.857019005470633699e-02
-1.957551208616921778e+00 -1.714680254809623827e+00 9.554322730919629914e-01 -3.989484218322854492e+00 -2.237613221981137990e+00 -1.810080740233899546e-02
-1.954673690691459464e+00 -1.708442106433585739e+00 9.550512015265394394e-01 -3.985345682361680186e+00 -2.237662006353640542e+00 -1.762037520371619037e-02
-1.951769542224927267e+00 -1.702164713360127646e+00 9.546682712959132511e-01 -3.981121273384588211e+00 -2.237716508382348035e+00 -1.712880837406494453e-02
-1.948838687727524777e+00 -1.695848119118583686e+00 9.542834804920669045e-01 -3.976810543857681957e+00 -2.237776656733859948e+00 -1.662602154254375422e-02
-1.945881053361707025e+00 -1.689492369776205871e+00 9.538968270518171089e-01 -3.972413051437563958e+00 -2.237842375868937417e+00 -1.611192904436817633e-02
-1.942896566953532966e+00 -1.683097513948722757e+00 9.535083089327954786e-01 -3.967928359000463256e+00 -2.237913585993493548e+00 -1.558644491293128230e-02
-1.939885158005108190e+00 -1.676663602810236853e+00 9.531179238599356562e-01 -3.963356034669175187e+00 -2.237990203009708967e+00 -1.504948287187967727e-02
-1.936846757705405375e+00 -1.670190690103736886e+00 9.527256693240035990e-01 -3.958695651838127549e+00 -2.238072138467324557e+00 -1.450095632718621623e-02
-1.933781298941005700e+00 -1.663678832151482823e+00 9.523315430536852810e-01 -3.953946789196116640e+00 -2.238159299515046552e+00 -1.394077835918373746e-02
-1.930688716309834962e+00 -1.657128087863702692e+00 9.519355430095699511e-01 -3.949109030746952964e+00 -2.238251588852118168e+00 -1.336886171455981508e-02
-1.927568946134951222e+00 -1.650538518747196148e+00 9.515376663722758810e-01 -3.944181965828389647e+00 -2.238348904679985374e+00 -1.278511879834638536e-02
-1.924421926471630018e+00 -1.643910188916898107e+00 9.511379099850625352e-01 -3.939165189129022693e+00 -2.238451140654035054e+00 -1.218946166590800101e-02
-1.921247597117176742e+00 -1.637243165105872755e+00 9.507362705406262604e-01 -3.934058300703256350e+00 -2.238558185835428205e+00 -1.158180201490323878e-02
-1.918045899621981798e+00 -1.630537516674643417e+00 9.503327449084086886e-01 -3.928860905985183116e+00 -2.238669924643042375e+00 -1.096205117722161976e-02
-1.914816777302719597e+00 -1.623793315619276090e+00 9.499273297812497185e-01 -3.923572615800945851e+00 -2.238786236805414998e+00 -1.033012011095082311e-02
-1.911560175253165905e+00 -1.617010636580376692e+00 9.495200219245396589e-01 -3.918193046380322730e+00 -2.238906997312738234e+00 -9.685919392324205540e-03
-1.908276040119551542e+00 -1.610189556503483388e+00 9.491108186359038523e-01 -3.912721804771561729e+00 -2.239032076745450350e+00 -9.029359196620647537e-03
-1.904964320433213842e+00 -1.603330155083973363e+00 9.486997172797858591e-01 -3.907158493319676129e+00 -2.239161341048931497e+00 -8.360349283428521530e-03
-1.901624966793729499e+00 -1.596432514990645091e+00 9.482867146135518510e-01 -3.901502720067251850e+00 -2.239294651227893507e+00 -7.678798988469579326e-03
-1.898257931628963835e+00 -1.589496721573311122e+00 9.478718069587728223e-01 -3.895754098917792341e+00 -2.239431863292251190e+00 -6.984617215554649906e-03
-1.894863169202973374e+00 -1.582522862871351688e+00 9.474549901427324894e-01 -3.889912249797658816e+00 -2.239572828203527433e+00 -6.277712428658408644e-03
-1.891440635623361954e+00 -1.575511029622397974e+00 9.470362595309395060e-01 -3.883976798817093457e+00 -2.239717391821905323e+00 -5.557992644157730942e-03
-1.887990288848638620e+00 -1.568461315270763157e+00 9.466156102621129387e-01 -3.877947378429005276e+00 -2.239865394853881586e+00 -4.825365423204255357e-03
-1.884512088697083865e+00 -1.561373815974943513e+00 9.461930372981004478e-01 -3.871823627586223004e+00 -2.240016672800657194e+00 -4.079737864288885199e-03
-1.881005996855848350e+00 -1.554248630614812887e+00 9.457685353142299967e-01 -3.865605191896514192e+00 -2.240171055907225650e+00 -3.321016595941047797e-03
-1.877471976889150351e+00 -1.547085860798992130e+00 9.453420988692479154e-01 -3.859291723775591265e+00 -2.240328369112251305e+00 -2.549107769613905266e-03
-1.873909994247632493e+00 -1.539885610871497557e+00 9.449137224990084016e-01 -3.852882882597783443e+00 -2.240488431998735930e+00 -1.763917052760008430e-03
-1.870320016278258723e+00 -1.532647987917747923e+00 9.444834004772463265e-01 -3.846378334844371860e+00 -2.240651058745562807e+00 -9.653496220860967227e-04
-1.866702012232501984e+00 -1.525373101771330120e+00 9.440511271012184125e-01 -3.839777754249672714e+00 -2.240816058079844630e+00 -1.533101570117862029e-04
-1.863055953276515631e+00 -1.518061065019452593e+00 9.436168965462912173e-01 -3.833080821944814698e+00 -2.240983233230209315e+00 6.722971667001025921e-04
-1.859381812500236153e+00 -1.510711993008723386e+00 9.431807034732397899e-01 -3.826287226599146774e+00 -2.241152381881028610e+00 1.511568683098385175e-03
-1.855679564930982739e+00 -1.503326003848518777e+00 9.427425432741274314e-01 -3.819396664559281174e+00 -2.241323296127585962e+00 2.364601241976399884e-03
-1.851949187548932674e+00 -1.495903218413085156e+00 9.423024107598152455e-01 -3.812408839985821807e+00 -2.241495762432248018e+00 3.231492214595609383e-03
-1.848190659292955562e+00 -1.488443760348347356e+00 9.418602988540416554e-01 -3.805323464988103144e+00 -2.241669561581651315e+00 4.112339499199424431e-03
-1.844403961056429120e+00 -1.480947756083516698e+00 9.414162000722224866e-01 -3.798140259756741965e+00 -2.241844468644933031e+00 5.007241526309168939e-03
-1.840589075693802146e+00 -1.473415334837106627e+00 9.409701068903889576e-01 -3.790858952694177386e+00 -2.242020252933050184e+00 5.916297263798568976e-03
-1.836745988029869103e+00 -1.465846628621404246e+00 9.405220120839921094e-01 -3.783479280543095680e+00 -2.242196677959281459e+00 6.839606221740385412e-03
-1.832874684871616866e+00 -1.458241772245417511e+00 9.400719089143578788e-01 -3.776000988512949075e+00 -2.242373501400781954e+00 7.777268457039655629e-03
-1.828975155021537180e+00 -1.450600903316803247e+00 9.396197905034145981e-01 -3.768423830404827868e+00 -2.242550475061359183e+00 8.729384577838629131e-03
-1.825047389286233335e+00 -1.442924162245974307e+00 9.391656497589002672e-01 -3.760747568734444712e+00 -2.242727344835419245e+00 9.696055747660905708e-03
-1.821091380484461286e+00 -1.435211692250307314e+00 9.387094791413991279e-01 -3.752971974853839932e+00 -2.242903850673174659e+00 1.067738368937909757e-02
-1.817107123453280071e+00 -1.427463639359115799e+00 9.382512704837907558e-01 -3.745096829071310474e+00 -2.243079726547116959e+00 1.167347068890239870e-02
-1.813094615052700753e+00 -1.419680152419159569e+00 9.377910158019446829e-01 -3.737121920770057226e+00 -2.243254700419787362e+00 1.268441959865004159e-02
-1.809053854176567944e+00 -1.411861383096750799e+00 9.373287072242814100e-01 -3.729047048525445884e+00 -2.243428494212925006e+00 1.371033384077376474e-02
-1.804984841762915293e+00 -1.404007485879955386e+00 9.368643362554439635e-01 -3.720872020221203780e+00 -2.243600823777880393e+00 1.475131741015683721e-02
-1.800887580798487431e+00 -1.396118618083519891e+00 9.363978940857016209e-01 -3.712596653164423888e+00 -2.243771398867479228e+00 1.580747487716500227e-02
-1.796762076325637336e+00 -1.388194939852420928e+00 9.359293716812847608e-01 -3.704220774199704636e+00 -2.243939923109338874e+00 1.687891139014874309e-02
-1.792608335449809909e+00 -1.380236614164832121e+00 9.354587600159923744e-01 -3.695744219822182153e+00 -2.244106093980634764e+00 1.796573267771806731e-02
-1.788426367348936008e+00 -1.372243806834019253e+00 9.349860498992451641e-01 -3.687166836289825778e+00 -2.244269602784388251e+00 1.906804505077724921e-02
-1.784216183281350565e+00 -1.364216686510609344e+00 9.345112321386815912e-01 -3.678488479734914662e+00 -2.244430134627257267e+00 2.018595540429331606e-02
-1.779977796595041184e+00 -1.356155424684045929e+00 9.340342970954311763e-01 -3.669709016275003677e+00 -2.244587368398932359e+00 2.131957121881295630e-02
-1.775711222733245442e+00 -1.348060195685633289e+00 9.335552347984849009e-01 -3.660828322123054868e+00 -2.244740976753129225e+00 2.246900056175927390e-02
-1.771416479240920383e+00 -1.339931176690991599e+00 9.330740347581149008e-01 -3.651846283697258055e+00 -2.244890626090255914e+00 2.363435208845858504e-02
-1.767093585769566877e+00 -1.331768547723077845e+00 9.325906869041847846e-01 -3.642762797730375368e+00 -2.245035976541698286e+00 2.481573504295185237e-02
-1.762742564089718966e+00 -1.323572491650979011e+00 9.321051807229545627e-01 -3.633577771378697197e+00 -2.245176681955927567e+00 2.601325925853590834e-02
-1.758363438096390396e+00 -1.315343194192219345e+00 9.316175055182428499e-01 -3.624291122330601134e+00 -2.245312389886279902e+00 2.722703515805278973e-02
-1.753956233816598376e+00 -1.307080843913710488e+00 9.311276503355786494e-01 -3.614902778914681925e+00 -2.245442741580602863e+00 2.845717375392782522e-02
-1.749520979416211430e+00 -1.298785632232788645e+00 9.306356036675741406e-01 -3.605412680207777054e+00 -2.245567371972773341e+00 2.970378664795608747e-02
-1.745057705204289489e+00 -1.290457753419399278e+00 9.301413542411547386e-01 -3.595820776142768516e+00 -2.245685909676008674e+00 3.096698603084117873e-02
-1.740566443643924321e+00 -1.282097404594519485e+00 9.296448903076099946e-01 -3.586127027616136775e+00 -2.245797976978184618e+00 3.224688468145327225e-02
-1.736047229357154276e+00 -1.273704785731558875e+00 9.291461998371446374e-01 -3.576331406595761653e+00 -2.245903189839060676e+00 3.354359596588506187e-02
-1.731500099131410453e+00 -1.265280099656582280e+00 9.286452706575094584e-01 -3.566433896228300426e+00 -2.246001157889611743e+00 3.485723383620298321e-02
-1.726925091927148381e+00 -1.256823552047769521e+00 9.281420907696583678e-01 -3.556434490946534410e+00 -2.246091484433353713e+00 3.618791282894274347e-02
-1.722322248888061846e+00 -1.248335351433068396e+00 9.276366475894620711e-01 -3.546333196576337166e+00 -2.246173766449812259e+00 3.753574806337657555e-02
-1.717691613344887624e+00 -1.239815709191154136e+00 9.271289284408528175e-01 -3.536130030443970451e+00 -2.246247594600061070e+00 3.890085523949907836e-02
-1.713033230823315822e+00 -1.231264839549848444e+00 9.266189198624932288e-01 -3.525825021483400157e+00 -2.246312553234545817e+00 4.028335063574589592e-02
-1.708347149045911006e+00 -1.222682959587573892e+00 9.261066078834924165e-01 -3.515418210343575378e+00 -2.246368220403053506e+00 4.168335110644500602e-02
-1.703633417936261996e+00 -1.214070289233283306e+00 9.255919788593794939e-01 -3.504909649495285606e+00 -2.246414167867051948e+00 4.310097407900299882e-02
-1.698892089630305025e+00 -1.205427051262246696e+00 9.250750191977225034e-01 -3.494299403338208432e+00 -2.246449961114324712e+00 4.453633755086513352e-02
-1.694123218485261928e+00 -1.196753471292727689e+00 9.245557148703503758e-01 -3.483587548307887971e+00 -2.246475159376017938e+00 4.598956008616803676e-02
-1.689326861084385900e+00 -1.188049777784784045e+00 9.240340514064341315e-01 -3.472774172982768803e+00 -2.246489315646041707e+00 4.746076081218051496e-02
-1.684503076241506303e+00 -1.179316202038759531e+00 9.235100139355633120e-01 -3.461859378190801362e+00 -2.246491976702978288e+00 4.895005941542144440e-02
-1.679651925005887669e+00 -1.170552978193399429e+00 9.229835872039913180e-01 -3.450843277116439900e+00 -2.246482683134497282e+00 5.045757613750777998e-02
-1.674773470667119568e+00 -1.161760343223565028e+00 9.224547557556268540e-01 -3.439725995407354908e+00 -2.246460969364374005e+00 5.198343177078044997e-02
-1.669867778761598753e+00 -1.152938536936872316e+00 9.219235039315762936e-01 -3.428507671280964786e+00 -2.246426363682076044e+00 5.352774765364732429e-02
-1.664934917078902732e+00 -1.144087801969960960e+00 9.213898158419815410e-01 -3.417188455630882693e+00 -2.246378388275033000e+00 5.509064566558855708e-02
-1.659974955667875340e+00 -1.135208383784614306e+00 9.208536752588455387e-01 -3.405768512133224846e+00 -2.246316559263603629e+00 5.667224822198904666e-02
-1.654987966841722224e+00 -1.126300530664083643e+00 9.203150660923585802e-01 -3.394248017352734514e+00 -2.246240386738821204e+00 5.827267826860527827e-02
-1.649974025187241455e+00 -1.117364493706694883e+00 9.197739714749118001e-01 -3.382627160848823422e+00 -2.246149374802930421e+00 5.989205927583395039e-02
-1.644933207565891564e+00 -1.108400526823750898e+00 9.192303743360487056e-01 -3.370906145281182376e+00 -2.246043021612836643e+00 6.153051523268109058e-02
-1.639865593119851805e+00 -1.099408886734255519e+00 9.186842571044665506e-01 -3.359085186515041510e+00 -2.245920819426437287e+00 6.318817064043066867e-02
-1.634771263275311526e+00 -1.090389832960785288e+00 9.181356021342503837e-01 -3.347164513726271551e+00 -2.245782254651893517e+00 6.486515050606245225e-02
-1.629650301749551389e+00 -1.081343627822932474e+00 9.175843909268447396e-01 -3.335144369506255924e+00 -2.245626807899931077e+00 6.656158033539300023e-02
-1.624502794550862772e+00 -1.072270536434345445e+00 9.170306046052840721e-01 -3.323025009966158461e+00 -2.245453954039181355e+00 6.827758612591290632e-02
-1.619328829982626283e+00 -1.063170826697050098e+00 9.164742245883986671e-01 -3.310806704840871362e+00 -2.245263162254634182e+00 7.001329435935527146e-02
-1.614128498653450539e+00 -1.054044769291893502e+00 9.159152319017238586e-01 -3.298489737592639415e+00 -2.245053896109278746e+00 7.176883199403151503e-02
-1.608901893481015533e+00 -1.044892637672124369e+00 9.153536068461747277e-01 -3.286074405514086028e+00 -2.244825613608939285e+00 7.354432645685342329e-02
-1.603649109692788066e+00 -1.035714708058389721e+00 9.147893296263716056e-01 -3.273561019830709906e+00 -2.244577767270312219e+00 7.533990563504808224e-02
-1.598370244832381548e+00 -1.026511259430070044e+00 9.142223802744539052e-01 -3.260949905803043336e+00 -2.244309804192361479e+00 7.715569786763198934e-02
-1.593065398765157514e+00 -1.017282573516607336e+00 9.136527382218303517e-01 -3.248241402827920510e+00 -2.244021166131112466e+00 7.899183193661621361e-02
-1.587734673679689568e+00 -1.008028934790621944e+00 9.130803826359336073e-01 -3.235435864539139672e+00 -2.243711289577798862e+00 8.084843705786896872e-02
-1.582378174092325285e+00 -9.987506304589595096e-01 9.125052918720498729e-01 -3.222533658907827725e+00 -2.243379605840514657e+00 8.272564287176743802e-02
-1.576996006846483223e+00 -9.894479504562057048e-01 9.119274440949437510e-01 -3.209535168341679512e+00 -2.243025541129336720e+00 8.462357943355602874e-02
-1.571588281117593855e+00 -9.801211874345026054e-01 9.113468171900287462e-01 -3.196440789783698389e+00 -2.242648516645052936e+00 8.654237720343932461e-02
-1.566155108417076169e+00 -9.707706367533470715e-01 9.107633886071540008e-01 -3.183250934809794597e+00 -2.242247948671461266e+00 8.848216703640682246e-02
-1.560696602594760840e+00 -9.613965964698238942e-01 9.101771353281569166e-01 -3.169966029725815204e+00 -2.241823248671334312e+00 9.044308017174738923e-02
-1.555212879840856433e+00 -9.519993673285773728e-01 9.095880336438852964e-01 -3.156586515664018933e+00 -2.241373823386118680e+00 9.242524822233275095e-02
-1.549704058685710262e+00 -9.425792527525855835e-01 9.089960595514180453e-01 -3.143112848678301319e+00 -2.240899074939423308e+00 9.442880316358094606e-02
-1.544170260003084660e+00 -9.331365588312052761e-01 9.084011888593107598e-01 -3.129545499838568556e+00 -2.240398400944275892e+00 9.645387732221945287e-02
-1.538611607014320981e+00 -9.236715943071771573e-01 9.078033969510270751e-01 -3.115884955324119687e+00 -2.239871194614193595e+00 9.850060336471959388e-02
-1.533028225290222757e+00 -9.141846705644738336e-01 9.072026586178674190e-01 -3.102131716515919013e+00 -2.239316844878258994e+00 1.005691142855016651e-01
-1.527420242751129642e+00 -9.046761016165165703e-01 9.065989484673301346e-01 -3.088286300088041614e+00 -2.238734736500152867e+00 1.026595433949031438e-01
-1.521787789670707935e+00 -8.951462040915965090e-01 9.059922405239312360e-01 -3.074349238097918935e+00 -2.238124250201144694e+00 1.047720243068245849e-01
-1.516130998675820241e+00 -8.855952972200198392e-01 9.053825079976750567e-01 -3.060321078075272094e+00 -2.237484762787167458e+00 1.069066909261203319e-01
-1.510450004744023689e+00 -8.760237028221193878e-01 9.047697233303896303e-01 -3.046202383110275580e+00 -2.236815647280041564e+00 1.090636774357835459e-01
-1.504744945201233808e+00 -8.664317452954271026e-01 9.041538589204897169e-01 -3.031993731940217707e+00 -2.236116273052854542e+00 1.112431182838522492e-01
-1.499015959726177627e+00 -8.568197515972195699e-01 9.035348867055300603e-01 -3.017695719035167201e+00 -2.235386005969567158e+00 1.134451481700799735e-01
-1.493263190350642144e+00 -8.471880512287843779e-01 9.029127778319834263e-01 -3.003308954682519349e+00 -2.234624208528825040e+00 1.156699020323730398e-01
-1.487486781456384133e+00 -8.375369762210163049e-01 9.022875031002416391e-01 -2.988834065069923884e+00 -2.233830240012125934e+00 1.179175150330229044e-01
-1.481686879776145993e+00 -8.278668611169051061e-01 9.016590324360721498e-01 -2.974271692367214559e+00 -2.233003456636371009e+00 1.201881225446659318e-01
-1.475863634389319667e+00 -8.181780429564271540e-01 9.010273358009130984e-01 -2.959622494806808835e+00 -2.232143211710785558e+00 1.224818601359980580e-01
-1.470017196726169706e+00 -8.084708612554831753e-01 9.003923824298416534e-01 -2.944887146762770413e+00 -2.231248855798278807e+00 1.247988635572767069e-01
-1.464147720564588750e+00 -7.987456579887177721e-01 8.997541407218777598e-01 -2.930066338828566153e+00 -2.230319736881364978e+00 1.271392687256220344e-01
-1.458255362025546287e+00 -7.890027775723571501e-01 8.991125785439370022e-01 -2.915160777893328614e+00 -2.229355200532643799e+00 1.295032117101342917e-01
-1.452340279571146198e+00 -7.792425668445124298e-01 8.984676631695732718e-01 -2.900171187216727731e+00 -2.228354590089860920e+00 1.318908287168309712e-01
-1.446402634001957566e+00 -7.694653750453146479e-01 8.978193611268231455e-01 -2.885098306502454246e+00 -2.227317246835657905e+00 1.343022560733257154e-01
-1.440442588452601314e+00 -7.596715537972544841e-01 8.971676384631562806e-01 -2.869942891969908594e+00 -2.226242510182036227e+00 1.367376302133179733e-01
-1.434460308389617467e+00 -7.498614570831831916e-01 8.965124603097821554e-01 -2.854705716424433160e+00 -2.225129717859499312e+00 1.391970876609063545e-01
-1.428455961604886859e+00 -7.400354412262932779e-01 8.958537912127902958e-01 -2.839387569326153216e+00 -2.223978206111118627e+00 1.416807650147338948e-01
-1.422429718212013805e+00 -7.301938648673877985e-01 8.951915950805821032e-01 -2.823989256857259544e+00 -2.222787309891409713e+00 1.441887989319629026e-01
-1.416381750641983128e+00 -7.203370889417990419e-01 8.945258351488896142e-01 -2.808511601987617734e+00 -2.221556363070110951e+00 1.467213261120771939e-01
-1.410312233638105095e+00 -7.104654766556117718e-01 8.938564743002529456e-01 -2.792955444538757881e+00 -2.220284698640891730e+00 1.492784832805584827e-01
-1.404221344253929527e+00 -7.005793934592861039e-01 8.931834743466160464e-01 -2.777321641246420558e+00 -2.218971648935115226e+00 1.518604071724358739e-01
-1.398109261843758500e+00 -6.906792070247844695e-01 8.925067963033666008e-01 -2.761611065821160338e+00 -2.217616545840602527e+00 1.544672345156614668e-01
-1.391976168055638396e+00 -6.807652872204021932e-01 8.918264004007832035e-01 -2.745824609007409212e+00 -2.216218721025562832e+00 1.570991020143754358e-01
-1.385822246824049753e+00 -6.708380060845928750e-01 8.911422459275929464e-01 -2.729963178640673949e+00 -2.214777506167622256e+00 1.597561463320283648e-01
-1.379647684360817639e+00 -6.608977378000591152e-01 8.904542912666431054e-01 -2.714027699703261298e+00 -2.213292233188087543e+00 1.624385040744691644e-01
-1.373452669146061123e+00 -6.509448586667914149e-01 8.897624941850055258e-01 -2.698019114378010119e+00 -2.211762234491435830e+00 1.651463117728699803e-01
-1.367237391921706458e+00 -6.409797470724822865e-01 8.890668119631648381e-01 -2.681938382100564233e+00 -2.210186843210178775e+00 1.678797058666127995e-01
-1.361002045686003470e+00 -6.310027834612237374e-01 8.883672006820028111e-01 -2.665786479609397741e+00 -2.208565393455015791e+00 1.706388226860733881e-01
-1.354746825680668287e+00 -6.210143503058227488e-01 8.876636156915435061e-01 -2.649564400994411706e+00 -2.206897220570431362e+00 1.734237984353636797e-01
-1.348471929382347501e+00 -6.110148320763360008e-01 8.869560112375752814e-01 -2.633273157743564408e+00 -2.205181661395731574e+00 1.762347691750230649e-01
-1.342177556490033563e+00 -6.010046152100705363e-01 8.862443405991009548e-01 -2.616913778787579581e+00 -2.203418054531594894e+00 1.790718708046708796e-01
-1.335863908913503595e+00 -5.909840880798045148e-01 8.855285558562097092e-01 -2.600487310542895614e+00 -2.201605740612205153e+00 1.819352390456389912e-01
-1.329531190759056347e+00 -5.809536409625892794e-01 8.848086081973651762e-01 -2.583994816952677631e+00 -2.199744062582930315e+00 1.848250094236213448e-01
-1.323179608318008960e+00 -5.709136660056988166e-01 8.840844482052243603e-01 -2.567437379526136709e+00 -2.197832365983741543e+00 1.877413172513197614e-01
-1.316809370057796302e+00 -5.608645571898918103e-01 8.833560254314197779e-01 -2.550816097375429248e+00 -2.195869999238274417e+00 1.906842976110448284e-01
-1.310420686608420482e+00 -5.508067102943166038e-01 8.826232880085534971e-01 -2.534132087250779986e+00 -2.193856313948663761e+00 1.936540853373427129e-01
-1.304013770744628875e+00 -5.407405228629840188e-01 8.818861829752770998e-01 -2.517386483573806011e+00 -2.191790665196245325e+00 1.966508149997381605e-01
-1.297588837371061565e+00 -5.306663941682827623e-01 8.811446563222993245e-01 -2.500580438468666067e+00 -2.189672411848106126e+00 1.996746208855045002e-01
-1.291146103507470055e+00 -5.205847251731767766e-01 8.803986528249069243e-01 -2.483715121791139069e+00 -2.187500916869578926e+00 2.027256369824496085e-01
-1.284685788271954454e+00 -5.104959184935378147e-01 8.796481161083000710e-01 -2.466791721155439987e+00 -2.185275547642646199e+00 2.058039969618137566e-01
-1.278208112864430035e+00 -5.004003783590038612e-01 8.788929886792977708e-01 -2.449811441959230507e+00 -2.182995676290443221e+00 2.089098341613108423e-01
-1.271713300550157300e+00 -4.902985105727271087e-01 8.781332117529991876e-01 -2.432775507406313764e+00 -2.180660680007823871e+00 2.120432815682305461e-01
-1.265201576641155290e+00 -4.801907224712029798e-01 8.773687252781809942e-01 -2.415685158527234311e+00 -2.178269941398084164e+00 2.152044718026209225e-01
-1.258673168477549620e+00 -4.700774228829707191e-01 8.765994675935875335e-01 -2.398541654197520412e+00 -2.175822848815881283e+00 2.183935371006856807e-01
-1.252128305405019404e+00 -4.599590220884639535e-01 8.758253757775565917e-01 -2.381346271153709893e+00 -2.173318796716340984e+00 2.216106092982704223e-01
-1.245567218755438965e+00 -4.498359317765541210e-01 8.750463857122507960e-01 -2.364100304006951703e+00 -2.170757186010459527e+00 2.248558198145393094e-01
-1.238990141827951863e+00 -4.397085649997520829e-01 8.742624317058251826e-01 -2.346805065254233824e+00 -2.168137424426915594e+00 2.281292996358636194e-01
-1.232397309865852053e+00 -4.295773361308035110e-01 8.734734469455406325e-01 -2.329461885287269496e+00 -2.165458926880257096e+00 2.314311792998325068e-01
-1.225788960037748287e+00 -4.194426608152828084e-01 8.726793626684571370e-01 -2.312072112398890766e+00 -2.162721115845563702e+00 2.347615888795066275e-01
-1.219165331409927111e+00 -4.093049559285042438e-01 8.718801085454139788e-01 -2.294637112787043520e+00 -2.159923421739643246e+00 2.381206579679027713e-01
-1.212526664922412456e+00 -3.991646395290668892e-01 8.710756126203563765e-01 -2.277158270555982522e+00 -2.157065283308762460e+00 2.415085156627468643e-01
-1.205873203363984292e+00 -3.890221308115657806e-01 8.702658014543768195e-01 -2.259636987714737977e+00 -2.154146148022993756e+00 2.449252905514022471e-01
-1.199205191348395871e+00 -3.788778500573477537e-01 8.694505996163806039e-01 -2.242074684172857157e+00 -2.151165472477213569e+00 2.483711106960969639e-01
-1.192522875285217054e+00 -3.687322185876820146e-01 8.686299303635124369e-01 -2.224472797733322516e+00 -2.148122722798853079e+00 2.518461036194271641e-01
-1.185826503357273909e+00 -3.585856587112949967e-01 8.678037152111832686e-01 -2.206832784082416232e+00 -2.145017375062349352e+00 2.553503962902302082e-01
-1.179116325493508866e+00 -3.484385936737484091e-01 8.669718732088278479e-01 -2.189156116776970862e+00 -2.141848915710559353e+00 2.588841151096238913e-01
-1.172392593334211641e+00 -3.382914476106175794e-01 8.661343212649464940e-01 -2.171444287228182723e+00 -2.138616841982968531e+00 2.624473858973759288e-01
-1.165655560199331475e+00 -3.281446454974896731e-01 8.652909752101619612e-01 -2.153698804682206536e+00 -2.135320662350792098e+00 2.660403338786788141e-01
-1.158905481067369569e+00 -3.179986130917240583e-01 8.644417486983164700e-01 -2.135921196197273275e+00 -2.131959896959013001e+00 2.696630836712228252e-01
-1.152142612542915723e+00 -3.078537768805087449e-01 8.635865532104951559e-01 -2.118113006617691418e+00 -2.128534078075529745e+00 2.733157592725776741e-01
-1.145367212824126568e+00 -2.977105640279742449e-01 8.627252977613046880e-01 -2.100275798543923322e+00 -2.125042750547236903e+00 2.769984840480297916e-01
-1.138579541666984607e+00 -2.875694023232071572e-01 8.618578889548157429e-01 -2.082411152298864643e+00 -2.121485472263183958e+00 2.807113807187179844e-01
-1.131779860350072830e+00 -2.774307201269714529e-01 8.609842310883258909e-01 -2.064520665890462237e+00 -2.117861814624927064e+00 2.844545713501647755e-01
-1.124968431640311461e+00 -2.672949463167451079e-01 8.601042265097942341e-01 -2.046605954970171837e+00 -2.114171363024016870e+00 2.882281773411940473e-01
-1.118145519762125062e+00 -2.571625102281283048e-01 8.592177750043873408e-01 -2.028668652787037452e+00 -2.110413717326583782e+00 2.920323194132657951e-01
-1.111311390360456119e+00 -2.470338415995398940e-01 8.583247738946719885e-01 -2.010710410137509285e+00 -2.106588492365199183e+00 2.958671176001932968e-01
-1.104466310464764289e+00 -2.369093705152360840e-01 8.574251182420050688e-01 -1.992732895310795227e+00 -2.102695318438003724e+00 2.997326912382600184e-01
-1.097610548455194790e+00 -2.267895273460505123e-01 8.565186998557778875e-01 -1.974737794029092219e+00 -2.098733841814999224e+00 3.036291589568173577e-01
-1.090744374018658647e+00 -2.166747426959405587e-01 8.556054078937027629e-01 -1.956726809382859367e+00 -2.094703725251604975e+00 3.075566386692131227e-01
-1.083868058111011390e+00 -2.065654473433813365e-01 8.546851283894163487e-01 -1.938701661761295325e+00 -2.090604648509604591e+00 3.115152475642674057e-01
-1.076981872914655414e+00 -1.964620721851848550e-01 8.537577444668786875e-01 -1.920664088776930178e+00 -2.086436308885267987e+00 3.155051020980608190e-01
-1.070086091798511552e+00 -1.863650481779814960e-01 8.528231364707468121e-01 -1.902615845184346899e+00 -2.082198421744677397e+00 3.195263179861794756e-01
-1.063180989279503885e+00 -1.762748062778736191e-01 8.518811813892223084e-01 -1.884558702793286855e+00 -2.077890721066442570e+00 3.235790101964574061e-01
-1.056266840978522303e+00 -1.661917773832164436e-01 8.509317535016809320e-01 -1.866494450375027814e+00 -2.073512959991498317e+00 3.276632929421333662e-01
-1.049343923583131888e+00 -1.561163922719548403e-01 8.499747232755914261e-01 -1.848424893562697680e+00 -2.069064911380265492e+00 3.317792796754361340e-01
-1.042412514799602841e+00 -1.460490815458546088e-01 8.490099578047631823e-01 -1.830351854744364903e+00 -2.064546368376895646e+00 3.359270830816449838e-01
-1.035472893309671960e+00 -1.359902755708426447e-01 8.480373202301263458e-01 -1.812277172948808524e+00 -2.059957144980560706e+00 3.401068150735552797e-01
-1.028525338721937743e+00 -1.259404044205849615e-01 8.470566698813458695e-01 -1.794202703724014469e+00 -2.055297076623923136e+00 3.443185867863539640e-01
-1.021570131525261216e+00 -1.158998978183642947e-01 8.460678623924698938e-01 -1.776130319007382496e+00 -2.050566020758489483e+00 3.485625085729491812e-01
-1.014607553043968435e+00 -1.058691850775104193e-01 8.450707497694158743e-01 -1.758061906988038103e+00 -2.045763857447029821e+00 3.528386899996777126e-01
-1.007637885394267796e+00 -9.584869504048532107e-02 8.440651797005560564e-01 -1.739999371960301744e+00 -2.040890489962729148e+00 3.571472398424804795e-01
-1.000661411434531800e+00 -8.583885602213348065e-02 8.430509957235926555e-01 -1.721944634167929866e+00 -2.035945845395031650e+00 3.614882660834549677e-01
-9.936784147179822391e-01 -7.584009575103012324e-02 8.420280366857910703e-01 -1.703899629638710334e+00 -2.030929875262033502e+00 3.658618759079104166e-01
-9.866891794408632066e-01 -6.585284131402646679e-02 8.409961368637774992e-01 -1.685866310009586755e+00 -2.025842556129521466e+00 3.702681757016963449e-01
-9.796939903928281179e-01 -5.587751909945382067e-02 8.399551253887546087e-01 -1.667846642340909735e+00 -2.020683890236189661e+00 3.747072710488835723e-01
-9.726931329024284256e-01 -4.591455474357397648e-02 8.389048269321568441e-01 -1.649842608920106368e+00 -2.015453906125083794e+00 3.791792667298694575e-01
-9.656868927906465672e-01 -3.596437307174937814e-02 8.378450608145905365e-01 -1.631856207053687058e+00 -2.010152659280932674e+00 3.836842667198212542e-01
-9.586755563167979055e-01 -2.602739804535447732e-02 8.367756411492315305e-01 -1.613889448847443564e+00 -2.004780232773261783e+00 3.882223741874726297e-01
-9.516594101271533823e-01 -1.610405270708747949e-02 8.356963764520655147e-01 -1.595944360974369758e+00 -1.999336737905123007e+00 3.927936914942600222e-01
-9.446387412011576501e-01 -6.194759128638871459e-03 8.346070696625539354e-01 -1.578022984428978148e+00 -1.993822314866806611e+00 3.973983201937621446e-01
-9.376138367993716027e-01 3.700061642355034763e-03 8.335075180669238026e-01 -1.560127374268471812e+00 -1.988237133394746170e+00 4.020363610314382496e-01
-9.305849844122899839e-01 1.357998963530215875e-02 8.323975132667608134e-01 -1.542259599339654397e+00 -1.982581393435100203e+00 4.067079139446355684e-01
-9.235524717105623171e-01 2.344460600993336641e-02 8.312768406555296474e-01 -1.524421741991238033e+00 -1.976855325811798458e+00 4.114130780627843764e-01
-9.165165864918278782e-01 3.329349310640417059e-02 8.301452788996230847e-01 -1.506615897770644086e+00 -1.971059192898592105e+00 4.161519517078491326e-01
-9.094776166245353011e-01 4.312623449181396396e-02 8.290026010345865615e-01 -1.488844175104619083e+00 -1.965193289294652201e+00 4.209246323950224244e-01
-9.024358500043991871e-01 5.294241501497687352e-02 8.278485741667512832e-01 -1.471108694963644492e+00 -1.959257942503652483e+00 4.257312168334525526e-01
-8.953915745099090273e-01 6.274162085926882071e-02 8.266829588958439778e-01 -1.453411590508659312e+00 -1.953253513615549553e+00 4.305718009272432312e-01
-8.883450779539940889e-01 7.252343959157148134e-02 8.255055090537665174e-01 -1.435755006720366822e+00 -1.947180397991036482e+00 4.354464797766200990e-01
-8.812966480352739662e-01 8.228746020883903611e-02 8.243159705328660936e-01 -1.418141100009172373e+00 -1.941039025947544294e+00 4.403553476791494115e-01
-8.742465722794476868e-01 9.203327317604159674e-02 8.231140813954355151e-01 -1.400572037805992487e+00 -1.934829863446763998e+00 4.452984981310520451e-01
-8.671951379832620876e-01 1.017604704642702806e-01 8.218995701542118892e-01 -1.383049998133482728e+00 -1.928553412783241106e+00 4.502760238284584382e-01
-8.601426321462966040e-01 1.114686455720339531e-01 8.206721549563638085e-01 -1.365577169060423479e+00 -1.922210213226611009e+00 4.552880166687056640e-01
-8.530893414736022695e-01 1.211573934420195897e-01 8.194315421679353451e-01 -1.348155747432973062e+00 -1.915800841302451207e+00 4.603345677491630372e-01
-8.460355578903768770e-01 1.308263013833830257e-01 8.181774275243134387e-01 -1.330787915779321651e+00 -1.909325896868351968e+00 4.654157671782148675e-01
-8.389815784616319050e-01 1.404749491202439415e-01 8.169094978409561225e-01 -1.313475841934237831e+00 -1.902786003254796077e+00 4.705317038870528989e-01
-8.319277053310394354e-01 1.501029088514798104e-01 8.156274311706831481e-01 -1.296221678643451281e+00 -1.896181807394636820e+00 4.756824654422647791e-01
-8.248742456642019771e-01 1.597097453112024112e-01 8.143308974355736307e-01 -1.279027563147129953e+00 -1.889513979940086186e+00 4.808681378591833644e-01
-8.178215116008686891e-01 1.692950158336925526e-01 8.130195580218367857e-01 -1.261895616743252013e+00 -1.882783215366708118e+00 4.860888054162860739e-01
-8.107698202070356963e-01 1.788582704153083291e-01 8.116930652859449813e-01 -1.244827944329307989e+00 -1.875990232062693996e+00 4.913445504703759514e-01
-8.037194934259774826e-01 1.883990517733380443e-01 8.103510622497188676e-01 -1.227826633923950084e+00 -1.869135772403350604e+00 4.966354532728355364e-01
-7.966708580307799714e-01 1.979168954029137950e-01 8.089931825282707933e-01 -1.210893756166853130e+00 -1.862220602808853709e+00 5.019615917868914812e-01
-7.896242455809958649e-01 2.074113296339694656e-01 8.076190499110327270e-01 -1.194031363797980472e+00 -1.855245513784929301e+00 5.073230415057479181e-01
-7.825799923801946001e-01 2.168818756862855857e-01 8.062282785444075950e-01 -1.177241491116445271e+00 -1.848211319945469500e+00 5.127198752719817065e-01
-7.755384394407016657e-01 2.263280477267879398e-01 8.048204727349793641e-01 -1.160526153418901973e+00 -1.841118860015919623e+00 5.181521630978624948e-01
-7.684999324521220032e-01 2.357493529266201371e-01 8.033952273556448365e-01 -1.143887346417468809e+00 -1.833968996816288222e+00 5.236199719868435132e-01
-7.614648217597128621e-01 2.451452915223546469e-01 8.019521278492164340e-01 -1.127327045638120584e+00 -1.826762617223227414e+00 5.291233657562802728e-01
-7.544334623485460245e-01 2.545153568786542309e-01 8.004907507243533837e-01 -1.110847205799326165e+00 -1.819500632109737781e+00 5.346624048613534130e-01
-7.474062138382338016e-01 2.638590355553129818e-01 7.990106607186733267e-01 -1.094449760173274111e+00 -1.812183976262592866e+00 5.402371462202141261e-01
-7.403834404566018712e-01 2.731758073551375787e-01 7.975114047103406545e-01 -1.078136619929029205e+00 -1.804813608275896541e+00 5.458476430403530477e-01
-7.333655109620418333e-01 2.824651453294899639e-01 7.959925060506326533e-01 -1.061909673459751069e+00 -1.797390510420795451e+00 5.514939446464020012e-01
-7.263527985271078791e-01 2.917265157359270056e-01 7.944534725472842673e-01 -1.045770785444397610e+00 -1.789915688336004784e+00 5.571760963089056329e-01
-7.193456806959137584e-01 3.009593780610901881e-01 7.928937993662273920e-01 -1.029721796148631352e+00 -1.782390170841488430e+00 5.628941390745995088e-01
-7.123445393752874111e-01 3.101631850655457434e-01 7.913129694680396398e-01 -1.013764520715480177e+00 -1.774815009727810367e+00 5.686481095982475198e-01
-7.053497608375887129e-01 3.193373828335333009e-01 7.897104525781701856e-01 -9.979007484468782607e-01 -1.767191279520744729e+00 5.744380399757603728e-01
-6.983617357218230293e-01 3.284814108179729963e-01 7.880857039236502937e-01 -9.821322420769731387e-01 -1.759520077220453782e+00 5.802639575790299320e-01
-6.913808590313639257e-01 3.375947018793850063e-01 7.864381623530554144e-01 -9.664607370388522689e-01 -1.751802522015194263e+00 5.861258848923233122e-01
-6.844075301232619424e-01 3.466766823143552223e-01 7.847672492092994112e-01 -9.508879407246699778e-01 -1.744039754968316203e+00 5.920238393502517127e-01
-6.774421526964453655e-01 3.557267718788246214e-01 7.830723671215391590e-01 -9.354155317404009296e-01 -1.736232938678150539e+00 5.979578331775046163e-01
-6.704851347781979332e-01 3.647443838058888055e-01 7.813528991051776895e-01 -9.200451591566882747e-01 -1.728383256910587029e+00 6.039278732302613140e-01
-6.635368887120385306e-01 3.737289248203725656e-01 7.796082078270999416e-01 -9.047784417568416337e-01 -1.720491914203909234e+00 6.099339608393768986e-01
-6.565978311489482078e-01 3.826797951513771778e-01 7.778376344667039533e-01 -8.896169672830076536e-01 -1.712560135445348131e+00 6.159760916554559707e-01
-6.496683830384997194e-01 3.915963885401834155e-01 7.760404980843859102e-01 -8.745622916812485492e-01 -1.704589165418656016e+00 6.220542554957482206e-01
-6.427489696251120765e-01 4.004780922472055416e-01 7.742160944892331198e-01 -8.596159383471317916e-01 -1.696580268322632978e+00 6.281684361929873450e-01
-6.358400204454039972e-01 4.093242870547353363e-01 7.723636957762345379e-01 -8.447793973726778205e-01 -1.688534727259961121e+00 6.343186114463065239e-01
-6.289419693329019179e-01 4.181343472706342546e-01 7.704825491113275193e-01 -8.300541247959514202e-01 -1.680453843696095850e+00 6.405047526741528552e-01
-6.220552544243367343e-01 4.269076407279652763e-01 7.685718780380953463e-01 -8.154415418545086780e-01 -1.672338936887940442e+00 6.467268248693004429e-01
-6.151803181900934447e-01 4.356435287984790072e-01 7.666308831401340562e-01 -8.009430342435464034e-01 -1.664191343281663293e+00 6.529847864560109905e-01
-6.083176074830287661e-01 4.443413664159967524e-01 7.646587321254902925e-01 -7.865599513810628274e-01 -1.656012415880318223e+00 6.592785891494291617e-01
-6.014675735145269542e-01 4.530005020361267398e-01 7.626545625747295221e-01 -7.722936056793181514e-01 -1.647803523579366880e+00 6.656081778171883956e-01
-5.946306718687808246e-01 4.616202776212814385e-01 7.606174820494754352e-01 -7.581452718264052315e-01 -1.639566050472003766e+00 6.719734903433841611e-01
-5.878073625333526397e-01 4.702000286321221800e-01 7.585465675760874049e-01 -7.441161860769858194e-01 -1.631301395122322972e+00 6.783744574948542549e-01
-5.809981099407408589e-01 4.787390840223593180e-01 7.564408634699624212e-01 -7.302075455546725991e-01 -1.623010969807139992e+00 6.848110027897796881e-01
-5.742033830077459822e-01 4.872367662257155452e-01 7.542993796506592963e-01 -7.164205075667071654e-01 -1.614696199725823789e+00 6.912830423688614001e-01
-5.674236551773292891e-01 4.956923911393493754e-01 7.521210897269057227e-01 -7.027561889328004519e-01 -1.606358522178656933e+00 6.977904848689731043e-01
-5.606594044621708850e-01 5.041052681023763249e-01 7.499049292681260193e-01 -6.892156653294785329e-01 -1.597999385713581688e+00 7.043332312993546562e-01
-5.539111134924623592e-01 5.124746998712770285e-01 7.476497940645249196e-01 -6.757999706500292803e-01 -1.589620249240352390e+00 7.109111749205081487e-01
-5.471792695684492003e-01 5.207999825930600402e-01 7.453545381464663500e-01 -6.625100963833232548e-01 -1.581222581113805870e+00 7.175242011256490748e-01
-5.404643647170472853e-01 5.290804057749252109e-01 7.430179720084599815e-01 -6.493469910118569999e-01 -1.572807858185534702e+00 7.241721873249022945e-01
-5.337668957551011673e-01 5.373152522524962116e-01 7.406388607624563303e-01 -6.363115594298549560e-01 -1.564377564823650424e+00 7.308550028322536862e-01
-5.270873643596905023e-01 5.455037981571786432e-01 7.382159219369431868e-01 -6.234046623837938839e-01 -1.555933191901697654e+00 7.375725087553238746e-01
-5.204262771436682922e-01 5.536453128808398461e-01 7.357478228485955229e-01 -6.106271159363605427e-01 -1.547476235756720442e+00 7.443245578879633673e-01
-5.137841457342255946e-01 5.617390590356774460e-01 7.332331774909545130e-01 -5.979796909551544637e-01 -1.539008197116677579e+00 7.511109946056879760e-01
-5.071614868518907748e-01 5.697842924070370962e-01 7.306705435825638917e-01 -5.854631126274196795e-01 -1.530530579997556817e+00 7.579316547640725377e-01
-5.005588223927062153e-01 5.777802619012648577e-01 7.280584197203767705e-01 -5.730780600021772031e-01 -1.522044890570559694e+00 7.647863656000629673e-01
-4.939766795160505097e-01 5.857262094904784888e-01 7.253952429135304136e-01 -5.608251655614098219e-01 -1.513552636000143448e+00 7.716749456363798387e-01
-4.874155907428614487e-01 5.936213701582420121e-01 7.226793833272450174e-01 -5.487050148216621182e-01 -1.505055323253424282e+00 7.785972045888275295e-01
-4.808760940442315945e-01 6.014649718291495972e-01 7.199091398064579872e-01 -5.367181459671424015e-01 -1.496554457881307476e+00 7.855529432767182074e-01
-4.743587329294136623e-01 6.092562352898065470e-01 7.170827365694639743e-01 -5.248650495159243867e-01 -1.488051542772263147e+00 7.925419535364635060e-01
-4.678640565455729483e-01 6.169943741115795355e-01 7.141983220599806836e-01 -5.131461680204103537e-01 -1.479548076879226848e+00 7.995640181382609457e-01
-4.613926198095474884e-01 6.246785945923036820e-01 7.112539699909510293e-01 -5.015618958035790165e-01 -1.471045553920640181e+00 8.066189107059354990e-01
-4.549449835912247053e-01 6.323080957347357867e-01 7.082476845833058920e-01 -4.901125787321589655e-01 -1.462545461056336649e+00 8.137063956399529507e-01
-4.485217109535655222e-01 6.398820770209594500e-01 7.051773832233291239e-01 -4.787985340110387789e-01 -1.454049302611799099e+00 8.208262281839825425e-01
-4.421233673188103008e-01 6.473997382917691112e-01 7.020408836565802391e-01 -4.676200495643083599e-01 -1.445558599480015749e+00 8.279781544914459612e-01
-4.357505205864111719e-01 6.548602795767548557e-01 6.988358952822146808e-01 -4.565773834344710735e-01 -1.437074888502896108e+00 8.351619116921099595e-01
-4.294037412371498608e-01 6.622629009032672265e-01 6.955600141576944173e-01 -4.456707632006819964e-01 -1.428599721832869651e+00 8.423772279587642409e-01
-4.230836024540776119e-01 6.696068021094561118e-01 6.922107189804939109e-01 -4.349003854180426565e-01 -1.420134666276661850e+00 8.496238225738906857e-01
-4.167906802672012301e-01 6.768911826715178215e-01 6.887853610411375227e-01 -4.242664151562256514e-01 -1.411681302710442232e+00 8.569014059964945584e-01
-4.105255536848695375e-01 6.841152415041009682e-01 6.852811556218135758e-01 -4.137689854757589103e-01 -1.403241225387066748e+00 8.642096799290266418e-01
-4.042888048239028365e-01 6.912781767479643236e-01 6.816951751106640200e-01 -4.034081969248415334e-01 -1.394816041224418823e+00 8.715483373844566950e-01
-3.980810190550025940e-01 6.983791855581458208e-01 6.780243398461471838e-01 -3.931841170571046540e-01 -1.386407369075044027e+00 8.789170627534914626e-01
-3.919027851510787919e-01 7.054174638818211385e-01 6.742654095337542453e-01 -3.830967799710465194e-01 -1.378016838977728309e+00 8.863155318719178055e-01
-3.857546954472381717e-01 7.123922062332668226e-01 6.704149735130129351e-01 -3.731461858717763924e-01 -1.369646091391663489e+00 8.937434120881807553e-01
-3.796373460094981667e-01 7.193026054626985299e-01 6.664694399911749167e-01 -3.633323006556543611e-01 -1.361296776413703613e+00 9.012003623311721778e-01
-3.735513368106069265e-01 7.261478525171982668e-01 6.624250243692011431e-01 -3.536550555185455913e-01 -1.352970552979480434e+00 9.086860331782066202e-01
-3.674972719125351173e-01 7.329271361932150342e-01 6.582777362148014566e-01 -3.441143465882086083e-01 -1.344669088049027739e+00 9.162000669232592820e-01
-3.614757596531537054e-01 7.396396428774596465e-01 6.540233653235966171e-01 -3.347100345811733213e-01 -1.336394055777279766e+00 9.237420976454813193e-01
-3.554874128379619247e-01 7.462845562765365592e-01 6.496574672046462329e-01 -3.254419444848539733e-01 -1.328147136670400297e+00 9.313117512779849339e-01
-3.495328489406108741e-01 7.528610571379972249e-01 6.451753465959457756e-01 -3.163098652653828502e-01 -1.319930016728624533e+00 9.389086456769656364e-01
-3.436126903072698191e-01 7.593683229576355664e-01 6.405720400153817051e-01 -3.073135496017176393e-01 -1.311744386576428667e+00 9.465323906910945162e-01
-3.377275643674599870e-01 7.658055276745305839e-01 6.358422968891563887e-01 -2.984527136464336650e-01 -1.303591940580744568e+00 9.541825882312805485e-01
-3.318781038516163129e-01 7.721718413533276149e-01 6.309805593231376797e-01 -2.897270368134789997e-01 -1.295474375957754276e+00 9.618588323407656349e-01
-3.260649470171552711e-01 7.784664298542973704e-01 6.259809402504986631e-01 -2.811361615935563663e-01 -1.287393391869351866e+00 9.695607092655916803e-01
-3.202887378838612520e-01 7.846884544910452952e-01 6.208371993835375413e-01 -2.726796933975137449e-01 -1.279350688510100476e+00 9.772877975254379290e-01
-3.145501264769230421e-01 7.908370716732608940e-01 6.155427175979396592e-01 -2.643572004279688414e-01 -1.271347966185326639e+00 9.850396679848720805e-01
-3.088497690811131680e-01 7.969114325366675189e-01 6.100904690296117261e-01 -2.561682135796763404e-01 -1.263386924381463716e+00 9.928158839249868750e-01
-3.031883285062784150e-01 8.029106825591183494e-01 6.044729903709663565e-01 -2.481122263687840501e-01 -1.255469260829274125e+00 1.000616001115498532e+00
-2.975664743625991981e-01 8.088339611601234047e-01 5.986823476811797828e-01 -2.401886948914215836e-01 -1.247596670561036403e+00 1.008439567887259081e+00
-2.919848833476661465e-01 8.146804012841801779e-01 5.927101007109688569e-01 -2.323970378118223046e-01 -1.239770844962529539e+00 1.016286125205191126e+00
-2.864442395488739912e-01 8.204491289698259138e-01 5.865472638811805028e-01 -2.247366363802467681e-01 -1.231993470820821779e+00 1.024155206741693247e+00
-2.809452347612566570e-01 8.261392629030264168e-01 5.801842637024505756e-01 -2.172068344808302243e-01 -1.224266229368740744e+00 1.032046338950500575e+00
-2.754885688217627582e-01 8.317499139539279440e-01 5.736108922702436441e-01 -2.098069387096490601e-01 -1.216590795327098906e+00 1.039959041141019780e+00
-2.700749499608243731e-01 8.372801846961075434e-01 5.668162568816064173e-01 -2.025362184830545864e-01 -1.208968835945599896e+00 1.047892825553139673e+00
-2.647050951747764724e-01 8.427291689095555149e-01 5.597887250031844397e-01 -1.953939061764295992e-01 -1.201402010043446600e+00 1.055847197432544071e+00
-2.593797306205869457e-01 8.480959510667687162e-01 5.525158644336609637e-01 -1.883791972934041326e-01 -1.193891967050624725e+00 1.063821655106491182e+00
-2.540995920361470706e-01 8.533796058027869336e-01 5.449843778182752452e-01 -1.814912506655725899e-01 -1.186440346050881667e+00 1.071815690060099024e+00
-2.488654251875266343e-01 8.585791973679310907e-01 5.371800309702405851e-01 -1.747291886828015173e-01 -1.179048774827624158e+00 1.079828787013121572e+00
-2.436779863447304795e-01 8.636937790617311705e-01 5.290875747685732655e-01 -1.680920975539779150e-01 -1.171718868913521838e+00 1.087860423997240478e+00
-2.385380427894068234e-01 8.687223926481393299e-01 5.206906598651950269e-01 -1.615790275982385005e-01 -1.164452230645120823e+00 1.095910072433850191e+00
-2.334463733572653688e-01 8.736640677509339703e-01 5.119717435589051791e-01 -1.551889935665857756e-01 -1.157250448223530181e+00 1.103977197212348660e+00
-2.284037690181224267e-01 8.785178212278781373e-01 5.029119882171809719e-01 -1.489209749936923899e-01 -1.150115094782170555e+00 1.112061256768922757e+00
-2.234110334970731415e-01 8.832826565219047410e-01 4.934911499935292767e-01 -1.427739165797357046e-01 -1.143047727462726648e+00 1.120161703165861944e+00
-2.184689839378519682e-01 8.879575629842690887e-01 4.836874576315592922e-01 -1.367467286020231931e-01 -1.136049886500366757e+00 1.128277982171361771e+00
-2.135784516125502908e-01 8.925415151665134772e-01 4.734774802835509666e-01 -1.308382873562785598e-01 -1.129123094319569587e+00 1.136409533339836297e+00
-2.087402826807778222e-01 8.970334720757326963e-01 4.628359837595183990e-01 -1.250474356272013310e-01 -1.122268854641505609e+00 1.144555790092727232e+00
-2.039553390029249513e-01 9.014323763876741502e-01 4.517357744539191033e-01 -1.193729831880192549e-01 -1.115488651604223724e+00 1.152716179799806895e+00
-1.992244990130827009e-01 9.057371536114873223e-01 4.401475303628170077e-01 -1.138137073286862311e-01 -1.108783948896851834e+00 1.160890123860964573e+00
-1.945486586589035838e-01 9.099467112001087266e-01 4.280396185986020119e-01 -1.083683534122257264e-01 -1.102156188908774759e+00 1.169077037788496698e+00
-1.899287324175868985e-01 9.140599376005358323e-01 4.153778995830255671e-01 -1.030356354588866097e-01 -1.095606791895243459e+00 1.177276331289879074e+00
-1.853656544020891861e-01 9.180757012427336328e-01 4.021255183941919720e-01 -9.781423675755318570e-02 -1.089137155160446957e+00 1.185487408350993421e+00
-1.808603795775993728e-01 9.219928494719491496e-01 3.882426835037016688e-01 -9.270281050400575040e-02 -1.082748652259541977e+00 1.193709667319831080e+00
-1.764138851121677121e-01 9.258102074349308097e-01 3.736864345964915901e-01 -8.769998046531002345e-02 -1.076442632220565798e+00 1.201942500990660356e+00
-1.720271718941583927e-01 9.295265769437652814e-01 3.584104022279400725e-01 -8.280434166977945765e-02 -1.070220418787611205e+00 1.210185296688644829e+00
-1.677012662597197057e-01 9.331407353601290922e-01 3.423645624381032038e-01 -7.801446112189935889e-02 -1.064083309686638446e+00 1.218437436354895764e+00
-1.634372219820541261e-01 9.366514345645664541e-01 3.254949919898016408e-01 -7.332887854150493823e-02 -1.058032575915262452e+00 1.226698296631966167e+00
-1.592361225871914421e-01 9.400574001098589427e-01 3.077436312867594670e-01 -6.874610712642859056e-02 -1.052069461057715705e+00 1.234967248949766727e+00
-1.550990840716419683e-01 9.433573306988463081e-01 2.890480640596291284e-01 -6.426463433784190826e-02 -1.046195180626461330e+00 1.243243659611894092e+00
-1.510272581047575891e-01 9.465498981774378429e-01 2.693413263396040036e-01 -5.988292270754236313e-02 -1.040410921432082025e+00 1.251526889882359272e+00
-1.470218358039026008e-01 9.496337482979808620e-01 2.485517611010024108e-01 -5.559941066613438565e-02 -1.034717840982485981e+00 1.259816296072715280e+00
-1.430840521692671174e-01 9.526075025863769419e-01 2.266029381097193762e-01 -5.141251339127572706e-02 -1.029117066913292300e+00 1.268111229629555359e+00
-1.392151912491987886e-01 9.554697617325724757e-01 2.034136655068069510e-01 -4.732062367503608868e-02 -1.023609696451023288e+00 1.276411037222394462e+00
-1.354165920804195622e-01 9.582191110304676407e-01 1.788981241809077805e-01 -4.332211280925513108e-02 -1.018196795910665253e+00 1.284715060831908895e+00
-1.316896553931061753e-01 9.608541285035383517e-01 1.529661632931000048e-01 -3.941533148782472296e-02 -1.012879400229411253e+00 1.293022637838523448e+00
-1.280358509876737827e-01 9.633733964700001984e-01 1.255238027230715925e-01 -3.559861072474168608e-02 -1.007658512538530005e+00 1.301333101111337820e+00
-1.244567255668740380e-01 9.657755174152362621e-01 9.647399514447591029e-02 -3.187026278671600821e-02 -1.002535103775399561e+00 1.309645779097381446e+00
-1.209539106331591896e-01 9.680591351320737559e-01 6.571770607954921517e-02 -2.822858213902490476e-02 -9.975101123378313783e-01 1.317959995911192284e+00
-1.175291298278002827e-01 9.702229621355615841e-01 3.315537414613518863e-02 -2.467184640327424461e-02 -9.925844437831747857e-01 1.326275071424700691e+00
-1.141842047925107906e-01 9.722658143246496465e-01 -1.311188488596203017e-03 -2.119831732558097315e-02 -9.877589705746594451e-01 1.334590321357420617e+00
-1.109210582781270382e-01 9.741866536935703813e-01 -3.777640211926032443e-02 -1.780624175366485318e-02 -9.830345318779361019e-01 1.342905057366930999e+00
-1.077417128367765820e-01 9.759846395392770546e-01 -7.632799824640437714e-02 -1.449385262123747964e-02 -9.784119334110383814e-01 1.351218587139651595e+00
-1.046482830566137778e-01 9.776591879906937343e-01 -1.170435656721733331e-01 -1.125936993788867468e-02 -9.738919473511695735e-01 1.359530214481900368e+00
-1.016429590258765003e-01 9.792100387568396513e-01 -1.599866023951843075e-01 -8.101001782597094802e-03 -9.694753123023125418e-01 1.367839239411233088e+00
-9.872797867096316793e-02 9.806373267258985393e-01 -2.052021669710402396e-01 -5.016945298907948825e-03 -9.651627333283672172e-01 1.376144958248070482e+00
-9.590558697086093431e-02 9.819416544985068995e-01 -2.527122868662032285e-01 -2.005387689530291340e-03 -9.609548820567901384e-01 1.384446663707606273e+00
-9.317798098898188996e-02 9.831241602618234765e-01 -3.025113482749114402e-01 9.354927919695832372e-04 -9.568523968588948936e-01 1.392743644992005647e+00
-9.054724132385949531e-02 9.841865738911064199e-01 -3.545617498509927579e-01 3.807525855000992721e-03 -9.528558831136353380e-01 1.401035187882905930e+00
-8.801525299436274707e-02 9.851312532256875087e-01 -4.087901390820375958e-01 6.612548194153688996e-03 -9.489659135631347553e-01 1.409320574834235673e+00
-8.558362177152734063e-02 9.859611926095621648e-01 -4.650845505425597604e-01 9.352402522984970545e-03 -9.451830287692457588e-01 1.417599085065370579e+00
-8.325359510530283558e-02 9.866799974829527642e-01 -5.232927188670217777e-01 1.202893662285342558e-02 -9.415077376830649492e-01 1.425869994654649808e+00
-8.102599934472864973e-02 9.872918223189652842e-01 -5.832217375035606555e-01 1.464400241095464850e-02 -9.379405183404565527e-01 1.434132576633295741e+00
-7.890120600465788669e-02 9.878012743782318417e-01 -6.446390903820923279e-01 1.719945502939657089e-02 -9.344818187047989611e-01 1.442386101079753846e+00
-7.687913855859829226e-02 9.882132918955126577e-01 -7.072749105938531677e-01 1.969715196621901754e-02 -9.311320576683710382e-01 1.450629835214542140e+00
-7.495932712334285597e-02 9.885330111306305234e-01 -7.708251262339200771e-01 2.213895221154826842e-02 -9.278916262420719985e-01 1.458863043495687517e+00
-7.314101181026666509e-02 9.887656406224523131e-01 -8.349550164299212041e-01 2.452671545618079207e-02 -9.247608889648293307e-01 1.467084987714840860e+00
-7.142328779378370740e-02 9.889163612303804030e-01 -8.993026501674875606e-01 2.686230134133982261e-02 -9.217401855723703630e-01 1.475294927094192188e+00
-6.980527886938103777e-02 9.889902659040497035e-01 -9.634817770421214567e-01 2.914756877024515802e-02 -9.188298329762767391e-01 1.483492118384347469e+00
-6.828632482732688302e-02 9.889923434427476678e-01 -1.027084023875840080e+00 3.138437529466120424e-02 -9.160301276197324594e-01 1.491675815963363405e+00
-6.686617418294904525e-02 9.889274975270549994e-01 -1.089680709448033413e+00 3.357457659302687247e-02 -9.133413482981391773e-01 1.499845271937205959e+00
-6.554518657798968917e-02 9.888005805045874119e-01 -1.150825040624962714e+00 3.572002606154445203e-02 -9.107637595641233652e-01 1.507999736241970368e+00
-6.432455692317784468e-02 9.886164183789292181e-01 -1.210055390273851561e+00 3.782257454641602124e-02 -9.082976158829609847e-01 1.516138456748320484e+00
-6.320654476496923024e-02 9.883798181235188274e-01 -1.266898746398222420e+00 3.988407025546880647e-02 -9.059431667757265050e-01 1.524260679368770965e+00
-6.219457082869750408e-02 9.880955847846357720e-01 -1.320868746303622165e+00 4.190635890277372155e-02 -9.037006633012967249e-01 1.532365648168673600e+00
-6.129276473563516348e-02 9.877686209248821569e-01 -1.371443873927316925e+00 4.389128416448873082e-02 -9.015703664192937783e-01 1.540452605482163007e+00
-6.050412688023998342e-02 9.874041938459110490e-01 -1.418000545504398691e+00 4.584068856594747388e-02 -8.995525581164784956e-01 1.548520792034932647e+00
-5.982620002143068660e-02 9.870083774452256264e-01 -1.459673852475715572e+00 4.775641499636718024e-02 -8.976475568355644086e-01 1.556569447076809887e+00
-5.924396883791960278e-02 9.865884823526500647e-01 -1.495152101592996052e+00 4.964030920137796343e-02 -8.958557401498059569e-01 1.564597808529206047e+00
-5.872356697016600791e-02 9.861530760647392313e-01 -1.522525325236183447e+00 5.149422395909875050e-02 -8.941775811021284159e-01 1.572605113157105050e+00
-5.822001578583657633e-02 9.857112582391276412e-01 -1.539562905394701309e+00 5.332002665643820194e-02 -8.926137153610287367e-01 1.580590596787457169e+00
