-1.525966984560523931e+00 -3.187359189925139891e+00 1.559090050439296604e+00 -1.546439880773584852e+00 -1.373134044505882168e+00 -1.568118047317903940e+00
-1.525966984560523931e+00 -3.187359189925139891e+00 1.559090050439296604e+00 -1.546439880773584852e+00 -1.373134044505882168e+00 -1.568118047317903940e+00
-1.525962483119313928e+00 -3.187341034730439837e+00 1.558481755075930231e+00 -1.546435165182670657e+00 -1.373130299400495691e+00 -1.568126348218992883e+00
-1.525953531812100694e+00 -3.187304544802016526e+00 1.557292812888761979e+00 -1.546425740701562468e+00 -1.373122707879710802e+00 -1.568142917962493055e+00
-1.525940148457314072e+00 -3.187249553479983177e+00 1.555550233186845821e+00 -1.546411613940690044e+00 -1.373111167635344243e+00 -1.568167724371181793e+00
-1.525922318560773983e+00 -3.187175906586396490e+00 1.553280387138136431e+00 -1.546392791415511336e+00 -1.373095575380161693e+00 -1.568200735149509972e+00
-1.525899996794424229e+00 -3.187083462117751953e+00 1.550509009454319465e+00 -1.546369279541781827e+00 -1.373075826866960947e+00 -1.568241917883824721e+00
-1.525873108502759923e+00 -3.186972090013168390e+00 1.547261200642869428e+00 -1.546341084630779239e+00 -1.373051816907615796e+00 -1.568291240042598345e+00
-1.525841551230604054e+00 -3.186841671985160662e+00 1.543561429798834927e+00 -1.546308212884487165e+00 -1.373023439392081713e+00 -1.568348668976661697e+00
-1.525805196266327046e+00 -3.186692101400819155e+00 1.539433537909535854e+00 -1.546270670390739177e+00 -1.372990587307361121e+00 -1.568414171919442657e+00
-1.525763890194990369e+00 -3.186523283202139289e+00 1.534900741646041622e+00 -1.546228463118327401e+00 -1.372953152756431372e+00 -1.568487715987211706e+00
-1.525717456456205490e+00 -3.186335133855171531e+00 1.529985637615980609e+00 -1.546181596912079126e+00 -1.372911026977131410e+00 -1.568569268179330400e+00
-1.525665696901792767e+00 -3.186127581318590973e+00 1.524710207052902167e+00 -1.546130077487905208e+00 -1.372864100361009143e+00 -1.568658795378507831e+00
-1.525608393348561576e+00 -3.185900565023186193e+00 1.519095820918085593e+00 -1.546073910427819609e+00 -1.372812262472129063e+00 -1.568756264351060414e+00
-1.525545309121763449e+00 -3.185654035854676547e+00 1.513163245391352385e+00 -1.546013101174939841e+00 -1.372755402065839903e+00 -1.568861641747179014e+00
-1.525476190584972080e+00 -3.185387956133118426e+00 1.506932647728093322e+00 -1.545947655028463208e+00 -1.372693407107500096e+00 -1.568974894101201167e+00
-1.525400768652341865e+00 -3.185102299583026486e+00 1.500423602460376760e+00 -1.545877577138629277e+00 -1.372626164791164838e+00 -1.569095987831888195e+00
-1.525318760279387176e+00 -3.184797051289125491e+00 1.493655097920639774e+00 -1.545802872501667036e+00 -1.372553561558230051e+00 -1.569224889242709420e+00
-1.525229869928615534e+00 -3.184472207633450846e+00 1.486645543067108166e+00 -1.545723545954731382e+00 -1.372475483116035733e+00 -1.569361564522131269e+00
-1.525133791006536566e+00 -3.184127776210231797e+00 1.479412774590708635e+00 -1.545639602170830296e+00 -1.372391814456429326e+00 -1.569505979743912372e+00
-1.525030207268771809e+00 -3.183763775715715116e+00 1.471974064283864569e+00 -1.545551045653749123e+00 -1.372302439874283575e+00 -1.569658100867405093e+00
-1.524918794190188498e+00 -3.183380235810726600e+00 1.464346126652168678e+00 -1.545457880732970191e+00 -1.372207242985976849e+00 -1.569817893737862180e+00
-1.524799220297191837e+00 -3.182977196954396959e+00 1.456545126750533381e+00 -1.545360111558594429e+00 -1.372106106747826848e+00 -1.569985324086750289e+00
-1.524671148459534775e+00 -3.182554710208040483e+00 1.448586688226010111e+00 -1.545257742096265874e+00 -1.371998913474486104e+00 -1.570160357532068840e+00
-1.524534237139221204e+00 -3.182112837008702400e+00 1.440485901550052406e+00 -1.545150776122101721e+00 -1.371885544857289752e+00 -1.570342959578675535e+00
-1.524388141594318347e+00 -3.181651648912371400e+00 1.432257332423569229e+00 -1.545039217217631933e+00 -1.371765881982565327e+00 -1.570533095618617203e+00
-1.524232515035730762e+00 -3.181171227307290295e+00 1.423915030338686494e+00 -1.544923068764751051e+00 -1.371639805349894381e+00 -1.570730730931467978e+00
-1.524067009735232014e+00 -3.180671663098174395e+00 1.415472537281681875e+00 -1.544802333940681782e+00 -1.371507194890334569e+00 -1.570935830684673018e+00
-1.523891278083294942e+00 -3.180153056362506003e+00 1.406942896562110690e+00 -1.544677015712959012e+00 -1.371367929984595113e+00 -1.571148359933898009e+00
-1.523704973595515710e+00 -3.179615515980366069e+00 1.398338661753671497e+00 -1.544547116834430467e+00 -1.371221889481168299e+00 -1.571368283623386430e+00
-1.523507751866666204e+00 -3.179059159239516319e+00 1.389671905732890345e+00 -1.544412639838281587e+00 -1.371068951714417228e+00 -1.571595566586321491e+00
-1.523299271471665106e+00 -3.178484111417675173e+00 1.380954229802216826e+00 -1.544273587033083261e+00 -1.370908994522618052e+00 -1.571830173545195830e+00
-1.523079194812992254e+00 -3.177890505344101779e+00 1.372196772884634042e+00 -1.544129960497869103e+00 -1.370741895265957133e+00 -1.572072069112186776e+00
-1.522847188914316252e+00 -3.177278480942735683e+00 1.363410220777379278e+00 -1.543981762077240916e+00 -1.370567530844481574e+00 -1.572321217789538705e+00
-1.522602926160327996e+00 -3.176648184759264915e+00 1.354604815452861599e+00 -1.543828993376507031e+00 -1.370385777716006226e+00 -1.572577583969951176e+00
-1.522346084983000392e+00 -3.175999769474548096e+00 1.345790364395339944e+00 -1.543671655756855499e+00 -1.370196511913972293e+00 -1.572841131936974612e+00
-1.522076350494705244e+00 -3.175333393406873039e+00 1.336976249962390284e+00 -1.543509750330564811e+00 -1.369999609065261970e+00 -1.573111825865411317e+00
-1.521793415068818156e+00 -3.174649220005543171e+00 1.328171438760653356e+00 -1.543343277956253035e+00 -1.369794944407964232e+00 -1.573389629821724700e+00
-1.521496978868630778e+00 -3.173947417338271126e+00 1.319384491025797912e+00 -1.543172239234170240e+00 -1.369582392809093774e+00 -1.573674507764453390e+00
-1.521186750325568493e+00 -3.173228157574830011e+00 1.310623569997074300e+00 -1.542996634501535125e+00 -1.369361828782260870e+00 -1.573966423544633342e+00
-1.520862446567871951e+00 -3.172491616469350628e+00 1.301896451277264166e+00 -1.542816463827917373e+00 -1.369133126505295506e+00 -1.574265340906226385e+00
-1.520523793801045853e+00 -3.171737972843585940e+00 1.293210532169247307e+00 -1.542631727010669085e+00 -1.368896159837822424e+00 -1.574571223486554983e+00
-1.520170527641516278e+00 -3.170967408073376070e+00 1.284572840980818142e+00 -1.542442423570408616e+00 -1.368650802338786887e+00 -1.574884034816744549e+00
-1.519802393405053298e+00 -3.170180105580430396e+00 1.275990046289784186e+00 -1.542248552746555479e+00 -1.368396927283931142e+00 -1.575203738322172420e+00
-1.519419146351617789e+00 -3.169376250331451317e+00 1.267468466161768337e+00 -1.542050113492922980e+00 -1.368134407683221365e+00 -1.575530297322922602e+00
-1.519020551888381476e+00 -3.168556028346479092e+00 1.259014077313517666e+00 -1.541847104473367258e+00 -1.367863116298224657e+00 -1.575863675034249622e+00
-1.518606385732740094e+00 -3.167719626218216789e+00 1.250632524214890795e+00 -1.541639524057495825e+00 -1.367582925659435844e+00 -1.576203834567046824e+00
-1.518176434037202371e+00 -3.166867230643959807e+00 1.242329128123062842e+00 -1.541427370316438505e+00 -1.367293708083553883e+00 -1.576550738928323314e+00
-1.517730493478079090e+00 -3.165999027971600377e+00 1.234108896042831471e+00 -1.541210641018682548e+00 -1.366995335690706082e+00 -1.576904351021687134e+00
-1.517268371309929087e+00 -3.165115203761050822e+00 1.225976529607259335e+00 -1.540989333625973012e+00 -1.366687680421621476e+00 -1.577264633647835979e+00
-1.516789885387741510e+00 -3.164215942362271772e+00 1.217936433873214597e+00 -1.540763445289279998e+00 -1.366370614054749799e+00 -1.577631549505053909e+00
-1.516294864158833411e+00 -3.163301426510957359e+00 1.209992726026700938e+00 -1.540532972844838699e+00 -1.366044008223330719e+00 -1.578005061189716507e+00
-1.515783146626448197e+00 -3.162371836942783343e+00 1.202149243993182237e+00 -1.540297912810257408e+00 -1.365707734432408005e+00 -1.578385131196802016e+00
-1.515254582287015150e+00 -3.161427352026982440e+00 1.194409554948413721e+00 -1.540058261380701676e+00 -1.365361664075789294e+00 -1.578771721920409821e+00
-1.514709031043012910e+00 -3.160468147419887686e+00 1.186776963725590717e+00 -1.539814014425153088e+00 -1.365005668452953236e+00 -1.579164795654286246e+00
-1.514146363093346714e+00 -3.159494395738936312e+00 1.179254521114913690e+00 -1.539565167482744412e+00 -1.364639618785902231e+00 -1.579564314592357466e+00
-1.513566458803104586e+00 -3.158506266257518291e+00 1.171845032051948898e+00 -1.539311715759176025e+00 -1.364263386235955888e+00 -1.579970240829269734e+00
-1.512969208554513001e+00 -3.157503924620923552e+00 1.164551063691436905e+00 -1.539053654123209824e+00 -1.363876841920493854e+00 -1.580382536360936285e+00
-1.512354512580860622e+00 -3.156487532583533095e+00 1.157374953363463188e+00 -1.538790977103248414e+00 -1.363479856929639356e+00 -1.580801163085091554e+00
-1.511722280785091632e+00 -3.155457247767288198e+00 1.150318816409160227e+00 -1.538523678883996659e+00 -1.363072302342888120e+00 -1.581226082801853394e+00
-1.511072432544719790e+00 -3.154413223441379976e+00 1.143384553893358913e+00 -1.538251753303209624e+00 -1.362654049245676902e+00 -1.581657257214291512e+00
-1.510404896504630168e+00 -3.153355608322998105e+00 1.136573860191840701e+00 -1.537975193848528432e+00 -1.362224968745892939e+00 -1.582094647929003894e+00
-1.509719610359282704e+00 -3.152284546398900211e+00 1.129888230451079112e+00 -1.537693993654403180e+00 -1.361784931990329239e+00 -1.582538216456699676e+00
-1.509016520625745095e+00 -3.151200176767483985e+00 1.123328967918575172e+00 -1.537408145499108425e+00 -1.361333810181077686e+00 -1.582987924212790443e+00
-1.508295582408914814e+00 -3.150102633500964977e+00 1.116897191142109502e+00 -1.537117641801849066e+00 -1.360871474591859753e+00 -1.583443732517987756e+00
-1.507556759160215920e+00 -3.148992045527208461e+00 1.110593841036439988e+00 -1.536822474619960577e+00 -1.360397796584303709e+00 -1.583905602598908890e+00
-1.506800022430976771e+00 -3.147868536530701977e+00 1.104419687816172280e+00 -1.536522635646203394e+00 -1.359912647624156756e+00 -1.584373495588689229e+00
-1.506025351621619990e+00 -3.146732224872101025e+00 1.098375337793723094e+00 -1.536218116206153672e+00 -1.359415899297434338e+00 -1.584847372527602216e+00
-1.505232733727724481e+00 -3.145583223525742156e+00 1.092461240041479931e+00 -1.535908907255692624e+00 -1.358907423326511044e+00 -1.585327194363686854e+00
-1.504422163083940944e+00 -3.144421640034475551e+00 1.086677692917438209e+00 -1.535594999378592229e+00 -1.358387091586141349e+00 -1.585812921953382526e+00
-1.503593641106672152e+00 -3.143247576481135397e+00 1.081024850453768282e+00 -1.535276382784204641e+00 -1.357854776119421958e+00 -1.586304516062170711e+00
-1.502747176036356880e+00 -3.142061129475947734e+00 1.075502728607924396e+00 -1.534953047305249729e+00 -1.357310349153691309e+00 -1.586801937365225124e+00
-1.501882782680129758e+00 -3.140862390159143036e+00 1.070111211376068905e+00 -1.534624982395706994e+00 -1.356753683116360687e+00 -1.587305146448068083e+00
-1.501000482155559590e+00 -3.139651444218030996e+00 1.064850056768730679e+00 -1.534292177128812051e+00 -1.356184650650678947e+00 -1.587814103807234867e+00
-1.500100301636105193e+00 -3.138428371917786563e+00 1.059718902648761230e+00 -1.533954620195155050e+00 -1.355603124631431289e+00 -1.588328769850945843e+00
-1.499182274098870504e+00 -3.137193248145179414e+00 1.054717272431790143e+00 -1.533612299900889653e+00 -1.355008978180576307e+00 -1.588849104899785480e+00
-1.498246438075174547e+00 -3.135946142464483000e+00 1.049844580649509140e+00 -1.533265204166044393e+00 -1.354402084682806873e+00 -1.589375069187388245e+00
-1.497292837404399668e+00 -3.134687119184802029e+00 1.045100138376241494e+00 -1.532913320522946155e+00 -1.353782317801046409e+00 -1.589906622861133823e+00
-1.496321520991532594e+00 -3.133416237438048313e+00 1.040483158519369011e+00 -1.532556636114750681e+00 -1.353149551491878544e+00 -1.590443725982847667e+00
-1.495332542568752920e+00 -3.132133551266819804e+00 1.035992760974305149e+00 -1.532195137694083442e+00 -1.352503660020900167e+00 -1.590986338529509991e+00
-1.494325960461385883e+00 -3.130839109721433200e+00 1.031627977644804073e+00 -1.531828811621793074e+00 -1.351844517978008531e+00 -1.591534420393972971e+00
-1.493301837358486983e+00 -3.129532956965376922e+00 1.027387757329503382e+00 -1.531457643865814289e+00 -1.351172000292613085e+00 -1.592087931385683275e+00
-1.492260240088286727e+00 -3.128215132388472597e+00 1.023270970475689490e+00 -1.531081620000146470e+00 -1.350485982248774697e+00 -1.592646831231414373e+00
-1.491201239398686651e+00 -3.126885670727031830e+00 1.019276413801366576e+00 -1.530700725203943735e+00 -1.349786339500280485e+00 -1.593211079576004385e+00
-1.490124909742956749e+00 -3.125544602190340360e+00 1.015402814786797281e+00 -1.530314944260720456e+00 -1.349072948085635160e+00 -1.593780635983103267e+00
-1.489031329070762411e+00 -3.124191952592789256e+00 1.011648836036759702e+00 -1.529924261557671805e+00 -1.348345684442979531e+00 -1.594355459935925534e+00
-1.487920578624607026e+00 -3.122827743491026098e+00 1.008013079514846977e+00 -1.529528661085110430e+00 -1.347604425424930863e+00 -1.594935510838011439e+00
-1.486792742741758877e+00 -3.121451992325488423e+00 1.004494090651200766e+00 -1.529128126436019253e+00 -1.346849048313348396e+00 -1.595520748013996126e+00
-1.485647908661701821e+00 -3.120064712565737253e+00 1.001090362325140593e+00 -1.528722640805721955e+00 -1.346079430834027812e+00 -1.596111130710384574e+00
-1.484486166339124003e+00 -3.118665913859001826e+00 9.978003387242102562e-01 -1.528312186991671373e+00 -1.345295451171315548e+00 -1.596706618096336072e+00
-1.483307608262448118e+00 -3.117255602181393304e+00 9.946224190812225086e-01 -1.527896747393356014e+00 -1.344496987982638503e+00 -1.597307169264454041e+00
-1.482112329277878393e+00 -3.115833779991256325e+00 9.915549612909344557e-01 -1.527476304012325370e+00 -1.343683920412958921e+00 -1.597912743231585164e+00
-1.480900426418928939e+00 -3.114400446384157473e+00 9.885962854080374562e-01 -1.527050838452336023e+00 -1.342856128109145120e+00 -1.598523298939624304e+00
-1.479671998741384220e+00 -3.112955597249031925e+00 9.857446770281894644e-01 -1.526620331919614992e+00 -1.342013491234265610e+00 -1.599138795256328294e+00
-1.478427147163630551e+00 -3.111499225425033988e+00 9.829983905538605127e-01 -1.526184765223246531e+00 -1.341155890481794621e+00 -1.599759190976135947e+00
-1.477165974312281360e+00 -3.110031320858668291e+00 9.803556523467996664e-01 -1.525744118775677727e+00 -1.340283207089742135e+00 -1.600384444820996288e+00
-1.475888584373019397e+00 -3.108551870760788205e+00 9.778146637689658638e-01 -1.525298372593345331e+00 -1.339395322854690429e+00 -1.601014515441203434e+00
-1.474595082946563940e+00 -3.107060859763086214e+00 9.753736041137974766e-01 -1.524847506297424937e+00 -1.338492120145750031e+00 -1.601649361416239925e+00
-1.473285576909666439e+00 -3.105558270073720539e+00 9.730306334297220694e-01 -1.524391499114700732e+00 -1.337573481918436835e+00 -1.602288941255626487e+00
-1.471960174281037537e+00 -3.104044081631740504e+00 9.707838952378331498e-01 -1.523930329878557810e+00 -1.336639291728450640e+00 -1.602933213399779122e+00
-1.470618984092097126e+00 -3.102518272259997989e+00 9.686315191456815743e-01 -1.523463977030097061e+00 -1.335689433745370636e+00 -1.603582136220874421e+00
-1.469262116262442186e+00 -3.100980817816263002e+00 9.665716233591499229e-01 -1.522992418619370847e+00 -1.334723792766260075e+00 -1.604235668023721750e+00
-1.467889681479922048e+00 -3.099431692342266675e+00 9.646023170943910374e-01 -1.522515632306743028e+00 -1.333742254229188351e+00 -1.604893767046642106e+00
-1.466501791085210726e+00 -3.097870868210432782e+00 9.627217028918274577e-01 -1.522033595364370440e+00 -1.332744704226657362e+00 -1.605556391462355181e+00
-1.465098556960765519e+00 -3.096298316268064621e+00 9.609278788342182631e-01 -1.521546284677806948e+00 -1.331731029518939291e+00 -1.606223499378873765e+00
-1.463680091424058638e+00 -3.094714005978786542e+00 9.592189406708077071e-01 -1.521053676747730510e+00 -1.330701117547320900e+00 -1.606895048840404794e+00
-1.462246507124974171e+00 -3.093117905561046488e+00 9.575929838495749191e-01 -1.520555747691793247e+00 -1.329654856447251898e+00 -1.607570997828257742e+00
-1.460797916947258690e+00 -3.091509982123516576e+00 9.560481054596096095e-01 -1.520052473246593872e+00 -1.328592135061407387e+00 -1.608251304261760994e+00
-1.459334433913919593e+00 -3.089890201797233171e+00 9.545824060856368254e-01 -1.519543828769771787e+00 -1.327512842952647487e+00 -1.608935925999184668e+00
-1.457856171096462594e+00 -3.088258529864344570e+00 9.531939915767151383e-01 -1.519029789242224870e+00 -1.326416870416887717e+00 -1.609624820838670534e+00
-1.456363241527868224e+00 -3.086614930883347707e+00 9.518809747311286484e-01 -1.518510329270449599e+00 -1.325304108495860778e+00 -1.610317946519170151e+00
-1.454855758119200981e+00 -3.084959368810709535e+00 9.506414768994878584e-01 -1.517985423089001529e+00 -1.324174448989796193e+00 -1.611015260721389231e+00
-1.453333833579758538e+00 -3.083291807118783812e+00 9.494736295080491439e-01 -1.517455044563080113e+00 -1.323027784469992474e+00 -1.611716721068739755e+00
-1.451797580340658200e+00 -3.081612208909948247e+00 9.483755755042527769e-01 -1.516919167191233875e+00 -1.321864008291289805e+00 -1.612422285128298327e+00
-1.450247110481772461e+00 -3.079920537026902494e+00 9.473454707264699071e-01 -1.516377764108186366e+00 -1.320683014604444150e+00 -1.613131910411772729e+00
-1.448682535661919957e+00 -3.078216754159076807e+00 9.463814851999372557e-01 -1.515830808087784698e+00 -1.319484698368404096e+00 -1.613845554376475144e+00
-1.447103967052227880e+00 -3.076500822945112734e+00 9.454818043608441691e-01 -1.515278271546067979e+00 -1.318268955362479122e+00 -1.614563174426302039e+00
-1.445511515272574599e+00 -3.074772706071394079e+00 9.446446302105245829e-01 -1.514720126544455869e+00 -1.317035682198403501e+00 -1.615284727912721818e+00
-1.443905290331039204e+00 -3.073032366366610812e+00 9.438681824016875721e-01 -1.514156344793057496e+00 -1.315784776332302508e+00 -1.616010172135768697e+00
-1.442285401566271608e+00 -3.071279766892350604e+00 9.431506992586033977e-01 -1.513586897654099594e+00 -1.314516136076548936e+00 -1.616739464345044119e+00
-1.440651957592711918e+00 -3.069514871029727310e+00 9.424904387331470845e-01 -1.513011756145473896e+00 -1.313229660611515026e+00 -1.617472561740725290e+00
-1.439005066248581155e+00 -3.067737642562050393e+00 9.418856792985769166e-01 -1.512430890944401973e+00 -1.311925249997217602e+00 -1.618209421474580134e+00
-1.437344834546577577e+00 -3.065948045753568607e+00 9.413347207829121377e-01 -1.511844272391220878e+00 -1.310602805184861941e+00 -1.618950000650989374e+00
-1.435671368627204458e+00 -3.064146045424307463e+00 9.408358851437407244e-01 -1.511251870493281801e+00 -1.309262228028266195e+00 -1.619694256327975257e+00
-1.433984773714666927e+00 -3.062331607021044455e+00 9.403875171862786653e-01 -1.510653654928968859e+00 -1.307903421295179447e+00 -1.620442145518238064e+00
-1.432285154075272793e+00 -3.060504696684458015e+00 9.399879852264707569e-01 -1.510049595051832672e+00 -1.306526288678483638e+00 -1.621193625190198162e+00
-1.430572612978274316e+00 -3.058665281312507034e+00 9.396356817009030582e-01 -1.509439659894838304e+00 -1.305130734807295356e+00 -1.621948652269045610e+00
-1.428847252659093181e+00 -3.056813328620089365e+00 9.393290237252697183e-01 -1.508823818174730214e+00 -1.303716665257949714e+00 -1.622707183637796646e+00
-1.427109174284867610e+00 -3.054948807195041471e+00 9.390664536031129161e-01 -1.508202038296509562e+00 -1.302283986564868545e+00 -1.623469176138356174e+00
-1.425358477922268330e+00 -3.053071686550546726e+00 9.388464392865291108e-01 -1.507574288358023873e+00 -1.300832606231316468e+00 -1.624234586572588013e+00
-1.423595262507526105e+00 -3.051181937174016312e+00 9.386674747905069394e-01 -1.506940536154670829e+00 -1.299362432740037043e+00 -1.625003371703390487e+00
-1.421819625818618427e+00 -3.049279530572516883e+00 9.385280805625362266e-01 -1.506300749184213084e+00 -1.297873375563789233e+00 -1.625775488255780221e+00
-1.420031664449563191e+00 -3.047364439314824924e+00 9.384268038090991526e-01 -1.505654894651702991e+00 -1.296365345175749528e+00 -1.626550892917981050e+00
-1.418231473786768282e+00 -3.045436637070178421e+00 9.383622187806270887e-01 -1.505002939474517021e+00 -1.294838253059803268e+00 -1.627329542342520252e+00
-1.416419147987387328e+00 -3.043496098643819092e+00 9.383329270164787461e-01 -1.504344850287500091e+00 -1.293292011720716284e+00 -1.628111393147331443e+00
-1.414594779959631898e+00 -3.041542800009396252e+00 9.383375575514657507e-01 -1.503680593448216030e+00 -1.291726534694184858e+00 -1.628896401916863912e+00
-1.412758461344994609e+00 -3.039576718338329986e+00 9.383747670854256651e-01 -1.503010135042307516e+00 -1.290141736556779550e+00 -1.629684525203197731e+00
-1.410910282502331414e+00 -3.037597832026211364e+00 9.384432401173072869e-01 -1.502333440888958593e+00 -1.288537532935756458e+00 -1.630475719527165968e+00
-1.409050332493763102e+00 -3.035606120716336953e+00 9.385416890452094041e-01 -1.501650476546464219e+00 -1.286913840518736363e+00 -1.631269941379483335e+00
-1.407178699072341610e+00 -3.033601565320462878e+00 9.386688542337843222e-01 -1.500961207317901946e+00 -1.285270577063277742e+00 -1.632067147221880843e+00
-1.405295468671444503e+00 -3.031584148036868154e+00 9.388235040503860596e-01 -1.500265598256907307e+00 -1.283607661406312106e+00 -1.632867293488246885e+00
-1.403400726395845233e+00 -3.029553852365823197e+00 9.390044348713124656e-01 -1.499563614173549331e+00 -1.281925013473458330e+00 -1.633670336585774541e+00
-1.401494556014419413e+00 -3.027510663122553236e+00 9.392104710594642025e-01 -1.498855219640307324e+00 -1.280222554288213743e+00 -1.634476232896115100e+00
-1.399577039954441160e+00 -3.025454566447785432e+00 9.394404649147110042e-01 -1.498140378998145783e+00 -1.278500205981015769e+00 -1.635284938776538244e+00
-1.397648259297423090e+00 -3.023385549815974294e+00 9.396932965982273123e-01 -1.497419056362688350e+00 -1.276757891798179445e+00 -1.636096410561097336e+00
-1.395708293776462217e+00 -3.021303602041300440e+00 9.399678740320289716e-01 -1.496691215630486349e+00 -1.274995536110705707e+00 -1.636910604561801819e+00
-1.393757221775041577e+00 -3.019208713281522627e+00 9.402631327749136902e-01 -1.495956820485385030e+00 -1.273213064422961560e+00 -1.637727477069795157e+00
-1.391795120327247393e+00 -3.017100875039786079e+00 9.405780358759779913e-01 -1.495215834404981514e+00 -1.271410403381230125e+00 -1.638546984356539005e+00
-1.389822065119360239e+00 -3.014980080164465726e+00 9.409115737068542984e-01 -1.494468220667176661e+00 -1.269587480782129019e+00 -1.639369082675003586e+00
-1.387838130492772271e+00 -3.012846322847141156e+00 9.412627637737825959e-01 -1.493713942356817759e+00 -1.267744225580896389e+00 -1.640193728260862960e+00
-1.385843389448192298e+00 -3.010699598618785444e+00 9.416306505106021296e-01 -1.492952962372440018e+00 -1.265880567899679399e+00 -1.641020877333697392e+00
-1.383837913651092988e+00 -3.008539904344253557e+00 9.420143050537189700e-01 -1.492185243433088226e+00 -1.263996439035555142e+00 -1.641850486098201056e+00
-1.381821773438358880e+00 -3.006367238215157833e+00 9.424128250000779472e-01 -1.491410748085225446e+00 -1.262091771468425438e+00 -1.642682510745395508e+00
-1.379795037826090365e+00 -3.004181599741217124e+00 9.428253341491379391e-01 -1.490629438709726529e+00 -1.260166498868769080e+00 -1.643516907453848930e+00
-1.377757774518524991e+00 -3.001982989740147989e+00 9.432509822298217328e-01 -1.489841277528956454e+00 -1.258220556105264176e+00 -1.644353632390900932e+00
-1.375710049918029032e+00 -2.999771410326196985e+00 9.436889446133839288e-01 -1.489046226613931267e+00 -1.256253879252272387e+00 -1.645192641713893345e+00
-1.373651929136121108e+00 -2.997546864897375762e+00 9.441384220131127103e-01 -1.488244247891559624e+00 -1.254266405597189271e+00 -1.646033891571406338e+00
-1.371583476005482805e+00 -2.995309358121486465e+00 9.445986401717534342e-01 -1.487435303151964039e+00 -1.252258073647658954e+00 -1.646877338104500321e+00
-1.369504753092916305e+00 -2.993058895921006712e+00 9.450688495375155762e-01 -1.486619354055879860e+00 -1.250228823138646916e+00 -1.647722937447962943e+00
-1.367415821713206192e+00 -2.990795485456911429e+00 9.455483249294979187e-01 -1.485796362142130622e+00 -1.248178595039372452e+00 -1.648570645731562090e+00
-1.365316741943843670e+00 -2.988519135111499025e+00 9.460363651933401119e-01 -1.484966288835177783e+00 -1.246107331560106113e+00 -1.649420419081303768e+00
-1.363207572640574128e+00 -2.986229854470292544e+00 9.465322928478832054e-01 -1.484129095452743519e+00 -1.244014976158827501e+00 -1.650272213620695760e+00
-1.361088371453723411e+00 -2.983927654303085486e+00 9.470354537235960990e-01 -1.483284743213505674e+00 -1.241901473547743384e+00 -1.651125985472016389e+00
-1.358959194845266394e+00 -2.981612546544194053e+00 9.475452165934985516e-01 -1.482433193244860670e+00 -1.239766769699661708e+00 -1.651981690757588606e+00
-1.356820098106592987e+00 -2.979284544271980639e+00 9.480609727972885148e-01 -1.481574406590757009e+00 -1.237610811854231274e+00 -1.652839285601058528e+00
-1.354671135376935842e+00 -2.976943661687712073e+00 9.485821358593548025e-01 -1.480708344219592743e+00 -1.235433548524033753e+00 -1.653698726128681074e+00
-1.352512359662417563e+00 -2.974589914093809906e+00 9.491081411013341240e-01 -1.479834967032177095e+00 -1.233234929500532484e+00 -1.654559968470608045e+00
-1.350343822855678777e+00 -2.972223317871548698e+00 9.496384452498466411e-01 -1.478954235869757605e+00 -1.231014905859880937e+00 -1.655422968762183755e+00
-1.348165575756049561e+00 -2.969843890458262248e+00 9.501725260400203377e-01 -1.478066111522105208e+00 -1.228773429968589515e+00 -1.656287683145243550e+00
-1.345977668090222901e+00 -2.967451650324107515e+00 9.507098818153932873e-01 -1.477170554735659724e+00 -1.226510455489041584e+00 -1.657154067769418759e+00
-1.343780148533398222e+00 -2.965046616948438185e+00 9.512500311247592544e-01 -1.476267526221732629e+00 -1.224225937384865404e+00 -1.658022078793445875e+00
-1.341573064730851250e+00 -2.962628810795841616e+00 9.517925123165001944e-01 -1.475356986664764225e+00 -1.221919831926161493e+00 -1.658891672386480387e+00
-1.339356463319898660e+00 -2.960198253291877801e+00 9.523368831309284577e-01 -1.474438896730636106e+00 -1.219592096694593675e+00 -1.659762804729415953e+00
-1.337130389952218223e+00 -2.957754966798578522e+00 9.528827202911394068e-01 -1.473513217075034909e+00 -1.217242690588325127e+00 -1.660635432016207558e+00
-1.334894889316493360e+00 -2.955298974589737782e+00 9.534296190928539527e-01 -1.472579908351864031e+00 -1.214871573826806106e+00 -1.661509510455200012e+00
-1.332650005161342133e+00 -2.952830300826045029e+00 9.539771929937121975e-01 -1.471638931221706414e+00 -1.212478707955422230e+00 -1.662384996270460435e+00
-1.330395780318500698e+00 -2.950348970530097592e+00 9.545250732024574969e-01 -1.470690246360329967e+00 -1.210064055849987774e+00 -1.663261845703115416e+00
-1.328132256726227478e+00 -2.947855009561330064e+00 9.550729082684317195e-01 -1.469733814467240052e+00 -1.207627581721096632e+00 -1.664140015012693041e+00
-1.325859475452893621e+00 -2.945348444590896619e+00 9.556203636717839345e-01 -1.468769596274271727e+00 -1.205169251118323182e+00 -1.665019460478469160e+00
-1.323577476720731338e+00 -2.942829303076548886e+00 9.561671214147743347e-01 -1.467797552554223728e+00 -1.202689030934271264e+00 -1.665900138400817410e+00
-1.321286299929704366e+00 -2.940297613237528029e+00 9.567128796145398795e-01 -1.466817644129529530e+00 -1.200186889408481505e+00 -1.666782005102564135e+00
-1.318985983681477236e+00 -2.937753404029517235e+00 9.572573520976684902e-01 -1.465829831880965495e+00 -1.197662796131183205e+00 -1.667665016930347743e+00
-1.316676565803446941e+00 -2.935196705119675897e+00 9.578002679969109812e-01 -1.464834076756392101e+00 -1.195116722046896562e+00 -1.668549130255981616e+00
-1.314358083372812569e+00 -2.932627546861787060e+00 9.583413713503451392e-01 -1.463830339779528700e+00 -1.192548639457889692e+00 -1.669434301477821014e+00
-1.312030572740657153e+00 -2.930045960271543848e+00 9.588804207032882720e-01 -1.462818582058756922e+00 -1.189958522027481758e+00 -1.670320487022135314e+00
-1.309694069556007534e+00 -2.927451977002000216e+00 9.594171887132391108e-01 -1.461798764795953387e+00 -1.187346344783194008e+00 -1.671207643344482241e+00
-1.307348608789856259e+00 -2.924845629319212215e+00 9.599514617581142994e-01 -1.460770849295347729e+00 -1.184712084119753150e+00 -1.672095726931087878e+00
-1.304994224759111532e+00 -2.922226950078086638e+00 9.604830395480300487e-01 -1.459734796972404824e+00 -1.182055717801950179e+00 -1.672984694300229336e+00
-1.302630951150457239e+00 -2.919595972698466824e+00 9.610117347408640986e-01 -1.458690569362729450e+00 -1.179377224967332882e+00 -1.673874502003621867e+00
-1.300258821044096846e+00 -2.916952731141467581e+00 9.615373725618193701e-01 -1.457638128130989363e+00 -1.176676586128755586e+00 -1.674765106627809308e+00
-1.297877866937359848e+00 -2.914297259886079239e+00 9.620597904271963596e-01 -1.456577435079857485e+00 -1.173953783176775678e+00 -1.675656464795558298e+00
-1.295488120768147677e+00 -2.911629593906064351e+00 9.625788375725687906e-01 -1.455508452158970290e+00 -1.171208799381908916e+00 -1.676548533167256050e+00
-1.293089613938202431e+00 -2.908949768647152379e+00 9.630943746855424870e-01 -1.454431141473896627e+00 -1.168441619396712428e+00 -1.677441268442312339e+00
-1.290682377336173747e+00 -2.906257820004559900e+00 9.636062735432660009e-01 -1.453345465295122763e+00 -1.165652229257732486e+00 -1.678334627360563713e+00
-1.288266441360468750e+00 -2.903553784300836327e+00 9.641144166548490935e-01 -1.452251386067042294e+00 -1.162840616387292636e+00 -1.679228566703681924e+00
-1.285841835941865963e+00 -2.900837698264060460e+00 9.646186969088322849e-01 -1.451148866416954952e+00 -1.160006769595126830e+00 -1.680123043296585683e+00
-1.283408590565876084e+00 -2.898109599006391424e+00 9.651190172258408140e-01 -1.450037869164072069e+00 -1.157150679079866240e+00 -1.681018014008855310e+00
-1.280966734294832543e+00 -2.895369524002988193e+00 9.656152902165433538e-01 -1.448918357328522699e+00 -1.154272336430374857e+00 -1.681913435756151154e+00
-1.278516295789699830e+00 -2.892617511071304826e+00 9.661074378450263955e-01 -1.447790294140362199e+00 -1.151371734626932319e+00 -1.682809265501634455e+00
-1.276057303331581849e+00 -2.889853598350773822e+00 9.665953910976848862e-01 -1.446653643048578131e+00 -1.148448868042254212e+00 -1.683705460257392206e+00
-1.273589784842917405e+00 -2.887077824282882066e+00 9.670790896577182716e-01 -1.445508367730094168e+00 -1.145503732442368916e+00 -1.684601977085863789e+00
-1.271113767908352621e+00 -2.884290227591648659e+00 9.675584815853128795e-01 -1.444354432098766683e+00 -1.142536324987342589e+00 -1.685498773101271386e+00
-1.268629279795274289e+00 -2.881490847264507771e+00 9.680335230035818084e-01 -1.443191800314374884e+00 -1.139546644231840711e+00 -1.686395805471053722e+00
-1.266136347473998391e+00 -2.878679722533606711e+00 9.685041777903240501e-01 -1.442020436791600746e+00 -1.136534690125552860e+00 -1.687293031417301359e+00
-1.263634997637597568e+00 -2.875856892857518776e+00 9.689704172756565814e-01 -1.440840306208996724e+00 -1.133500464013455167e+00 -1.688190408218195548e+00
-1.261125256721363108e+00 -2.873022397903377545e+00 9.694322199455636113e-01 -1.439651373517939481e+00 -1.130443968635920005e+00 -1.689087893209449520e+00
-1.258607150921891238e+00 -2.870176277529437936e+00 9.698895711514017304e-01 -1.438453603951567406e+00 -1.127365208128674912e+00 -1.689985443785752439e+00
-1.256080706215783493e+00 -2.867318571768058266e+00 9.703424628253883855e-01 -1.437246963033697922e+00 -1.124264188022610744e+00 -1.690883017402216026e+00
-1.253545948377957853e+00 -2.864449320809117960e+00 9.707908932020972159e-01 -1.436031416587727261e+00 -1.121140915243437508e+00 -1.691780571575823400e+00
-1.251002902999561961e+00 -2.861568564983859808e+00 9.712348665459745733e-01 -1.434806930745504916e+00 -1.117995398111185423e+00 -1.692678063886880357e+00
-1.248451595505483569e+00 -2.858676344749164766e+00 9.716743928848849965e-01 -1.433573471956183676e+00 -1.114827646339554557e+00 -1.693575451980468882e+00
-1.245892051171451076e+00 -2.855772700672258413e+00 9.721094877496883058e-01 -1.432331006995042788e+00 -1.111637671035112129e+00 -1.694472693567903310e+00
-1.243324295140723512e+00 -2.852857673415848172e+00 9.725401719198426553e-01 -1.431079502972281148e+00 -1.108425484696338836e+00 -1.695369746428188273e+00
-1.240748352440364410e+00 -2.849931303723686860e+00 9.729664711750243278e-01 -1.429818927341781398e+00 -1.105191101212530835e+00 -1.696266568409478870e+00
-1.238164247997094458e+00 -2.846993632406570551e+00 9.733884160527469520e-01 -1.428549247909837838e+00 -1.101934535862542308e+00 -1.697163117430542822e+00
-1.235572006652724930e+00 -2.844044700328757891e+00 9.738060416119599383e-01 -1.427270432843850800e+00 -1.098655805313385914e+00 -1.698059351482225088e+00
-1.232971653179165905e+00 -2.841084548394816611e+00 9.742193872025987078e-01 -1.425982450680981728e+00 -1.095354927618669816e+00 -1.698955228628913128e+00
-1.230363212293010378e+00 -2.838113217536892829e+00 9.746284962410557418e-01 -1.424685270336767839e+00 -1.092031922216892381e+00 -1.699850707010005735e+00
-1.227746708669693376e+00 -2.835130748702397341e+00 9.750334159915359233e-01 -1.423378861113696381e+00 -1.088686809929578114e+00 -1.700745744841382301e+00
-1.225122166957224756e+00 -2.832137182842110246e+00 9.754341973532566490e-01 -1.422063192709733137e+00 -1.085319612959275037e+00 -1.701640300416873863e+00
-1.222489611789497665e+00 -2.829132560898694582e+00 9.758308946534475226e-01 -1.420738235226806090e+00 -1.081930354887399082e+00 -1.702534332109737036e+00
-1.219849067799170905e+00 -2.826116923795623848e+00 9.762235654461013379e-01 -1.419403959179241337e+00 -1.078519060671930596e+00 -1.703427798374127278e+00
-1.217200559630130963e+00 -2.823090312426507431e+00 9.766122703164241692e-01 -1.418060335502144387e+00 -1.075085756644952095e+00 -1.704320657746576151e+00
-1.214544111949530159e+00 -2.820052767644821046e+00 9.769970726909293912e-01 -1.416707335559734826e+00 -1.071630470510046784e+00 -1.705212868847467922e+00
-1.211879749459407130e+00 -2.817004330254028854e+00 9.773780386531166764e-01 -1.415344931153621477e+00 -1.068153231339550757e+00 -1.706104390382518377e+00
-1.209207496907891422e+00 -2.813945040998097280e+00 9.777552367646734632e-01 -1.413973094531024266e+00 -1.064654069571655093e+00 -1.706995181144255413e+00
-1.206527379099992858e+00 -2.810874940552394730e+00 9.781287378921350584e-01 -1.412591798392935916e+00 -1.061133017007358958e+00 -1.707885200013499194e+00
-1.203839420907982793e+00 -2.807794069514967905e+00 9.784986150389353154e-01 -1.411201015902223688e+00 -1.057590106807279939e+00 -1.708774405960845399e+00
-1.201143647281368132e+00 -2.804702468398194259e+00 9.788649431827788350e-01 -1.409800720691665621e+00 -1.054025373488310269e+00 -1.709662758048148046e+00
-1.198440083256464117e+00 -2.801600177620802157e+00 9.792277991182612995e-01 -1.408390886871925929e+00 -1.050438852920131838e+00 -1.710550215430003851e+00
-1.195728753965568547e+00 -2.798487237500253411e+00 9.795872613046650024e-01 -1.406971489039459788e+00 -1.046830582321578662e+00 -1.711436737355237270e+00
-1.193009684645743196e+00 -2.795363688245482869e+00 9.799434097188524095e-01 -1.405542502284350848e+00 -1.043200600256861454e+00 -1.712322283168387083e+00
-1.190282900647209097e+00 -2.792229569949983947e+00 9.802963257131800390e-01 -1.404103902198079012e+00 -1.039548946631648096e+00 -1.713206812311192540e+00
-1.187548427441356580e+00 -2.789084922585244541e+00 9.806460918783537206e-01 -1.402655664881214070e+00 -1.035875662688997556e+00 -1.714090284324081281e+00
-1.184806290628379610e+00 -2.785929785994515129e+00 9.809927919111427475e-01 -1.401197766951034707e+00 -1.032180791005145259e+00 -1.714972658847656817e+00
-1.182056515944539310e+00 -2.782764199886907708e+00 9.813365104868718714e-01 -1.399730185549070471e+00 -1.028464375485153237e+00 -1.715853895624187553e+00
-1.179299129269061552e+00 -2.779588203831822479e+00 9.816773331366067668e-01 -1.398252898348566475e+00 -1.024726461358413943e+00 -1.716733954499096049e+00
-1.176534156630674177e+00 -2.776401837253687610e+00 9.820153461289484742e-01 -1.396765883561866373e+00 -1.020967095174012407e+00 -1.717612795422447602e+00
-1.173761624213794708e+00 -2.773205139427013854e+00 9.823506363563517807e-01 -1.395269119947712966e+00 -1.017186324795948948e+00 -1.718490378450440836e+00
-1.170981558364367459e+00 -2.769998149471748050e+00 9.826832912258803843e-01 -1.393762586818465543e+00 -1.013384199398218222e+00 -1.719366663746897395e+00
-1.168193985595365803e+00 -2.766780906348929037e+00 9.830133985543128006e-01 -1.392246264047228399e+00 -1.009560769459747487e+00 -1.720241611584751862e+00
-1.165398932591956704e+00 -2.763553448856630013e+00 9.833410464675107487e-01 -1.390720132074894755e+00 -1.005716086759194550e+00 -1.721115182347542572e+00
-1.162596426216343737e+00 -2.760315815626183777e+00 9.836663233039624199e-01 -1.389184171917096755e+00 -1.001850204369607367e+00 -1.721987336530901080e+00
-1.159786493512288796e+00 -2.757068045118688193e+00 9.839893175224125876e-01 -1.387638365171066424e+00 -9.979631766529376558e-01 -1.722858034744043199e+00
-1.156969161709323402e+00 -2.753810175621774992e+00 9.843101176134907426e-01 -1.386082694022402029e+00 -9.940550592544329378e-01 -1.723727237711258908e+00
-1.154144458226654013e+00 -2.750542245246646811e+00 9.846288120152488776e-01 -1.384517141251741190e+00 -9.901259090968828058e-01 -1.724594906273401840e+00
-1.151312410676772036e+00 -2.747264291925366031e+00 9.849454890325203271e-01 -1.382941690241333399e+00 -9.861757843747187557e-01 -1.725461001389379412e+00
-1.148473046868773384e+00 -2.743976353408392743e+00 9.852602367600111766e-01 -1.381356324981515060e+00 -9.822047445479926697e-01 -1.726325484137642086e+00
-1.145626394811395166e+00 -2.740678467262363416e+00 9.855731430090360901e-01 -1.379761030077084838e+00 -9.782128503362068628e-01 -1.727188315717671729e+00
-1.142772482715778359e+00 -2.737370670868107592e+00 9.858842952378097380e-01 -1.378155790753575527e+00 -9.742001637120147883e-01 -1.728049457451471094e+00
-1.139911338997962043e+00 -2.734053001418886630e+00 9.861937804852074496e-01 -1.376540592863421564e+00 -9.701667478947912926e-01 -1.728908870785050622e+00
-1.137042992281118270e+00 -2.730725495918860268e+00 9.865016853079063841e-01 -1.374915422892023287e+00 -9.661126673440647572e-01 -1.729766517289916372e+00
-1.134167471397533822e+00 -2.727388191181760568e+00 9.868080957208211768e-01 -1.373280267963700840e+00 -9.620379877528175694e-01 -1.730622358664556382e+00
-1.131284805390348813e+00 -2.724041123829777256e+00 9.871130971407475752e-01 -1.371635115847541053e+00 -9.579427760406533654e-01 -1.731476356735926370e+00
-1.128395023515054163e+00 -2.720684330292643338e+00 9.874167743331276892e-01 -1.369979954963132407e+00 -9.538271003468348219e-01 -1.732328473460934548e+00
-1.125498155240763021e+00 -2.717317846806913018e+00 9.877192113618532554e-01 -1.368314774386189869e+00 -9.496910300231897750e-01 -1.733178670927926213e+00
-1.122594230251255709e+00 -2.713941709415429226e+00 9.880204915420212064e-01 -1.366639563854063155e+00 -9.455346356268844454e-01 -1.734026911358166112e+00
-1.119683278445811947e+00 -2.710555953966970133e+00 9.883206973955586117e-01 -1.364954313771131078e+00 -9.413579889130661016e-01 -1.734873157107320818e+00
-1.116765329939834128e+00 -2.707160616116071505e+00 9.886199106096346112e-01 -1.363259015214079106e+00 -9.371611628273777139e-01 -1.735717370666939763e+00
-1.113840415065268985e+00 -2.703755731323016498e+00 9.889182119977770746e-01 -1.361553659937058791e+00 -9.329442314983511508e-01 -1.736559514665934278e+00
-1.110908564370837404e+00 -2.700341334853987973e+00 9.892156814636131612e-01 -1.359838240376727070e+00 -9.287072702296660376e-01 -1.737399551872056858e+00
-1.107969808622075725e+00 -2.696917461781374925e+00 9.895123979671544001e-01 -1.358112749657165219e+00 -9.244503554922880451e-01 -1.738237445193377528e+00
-1.105024178801199852e+00 -2.693484146984230776e+00 9.898084394935467989e-01 -1.356377181594674575e+00 -9.201735649164781705e-01 -1.739073157679759785e+00
-1.102071706106793947e+00 -2.690041425148872456e+00 9.901038830242085975e-01 -1.354631530702447240e+00 -9.158769772836714562e-01 -1.739906652524334740e+00
-1.099112421953338359e+00 -2.686589330769619366e+00 9.903988045102788407e-01 -1.352875792195112892e+00 -9.115606725182407999e-01 -1.740737893064973951e+00
-1.096146357970573026e+00 -2.683127898149660240e+00 9.906932788483008290e-01 -1.351109961993157693e+00 -9.072247316791293148e-01 -1.741566842785760238e+00
-1.093173546002714103e+00 -2.679657161402052346e+00 9.909873798580670634e-01 -1.349334036727215747e+00 -9.028692369513633409e-01 -1.742393465318456958e+00
-1.090194018107521590e+00 -2.676177154450833928e+00 9.912811802625506319e-01 -1.347548013742229767e+00 -8.984942716374365590e-01 -1.743217724443975936e+00
-1.087207806555231082e+00 -2.672687911032253893e+00 9.915747516698532049e-01 -1.345751891101482745e+00 -8.940999201485817505e-01 -1.744039584093842743e+00
-1.084214943827350286e+00 -2.669189464696112957e+00 9.918681645570964767e-01 -1.343945667590497939e+00 -8.896862679959219866e-01 -1.744859008351661078e+00
-1.081215462615331857e+00 -2.665681848807204268e+00 9.921614882561894389e-01 -1.342129342720804086e+00 -8.852534017814941425e-01 -1.745675961454574265e+00
-1.078209395819125227e+00 -2.662165096546854848e+00 9.924547909414018765e-01 -1.340302916733566718e+00 -8.808014091891555042e-01 -1.746490407794725419e+00
-1.075196776545615407e+00 -2.658639240914561164e+00 9.927481396186781382e-01 -1.338466390603084477e+00 -8.763303789753755790e-01 -1.747302311920715168e+00
-1.072177638106952324e+00 -2.655104314729708204e+00 9.930416001166236795e-01 -1.336619766040149315e+00 -8.718404009599056703e-01 -1.748111638539056933e+00
-1.069152014018780905e+00 -2.651560350633379137e+00 9.933352370791017627e-01 -1.334763045495265921e+00 -8.673315660163293250e-01 -1.748918352515631103e+00
-1.066119937998372791e+00 -2.648007381090235590e+00 9.936291139593763644e-01 -1.332896232161735917e+00 -8.628039660625013152e-01 -1.749722418877135421e+00
-1.063081443962668349e+00 -2.644445438390476077e+00 9.939232930157395618e-01 -1.331019329978599730e+00 -8.582576940508699348e-01 -1.750523802812533836e+00
-1.060036566026234972e+00 -2.640874554651862383e+00 9.942178353085624476e-01 -1.329132343633439017e+00 -8.536928439586821682e-01 -1.751322469674503113e+00
-1.056985338499142557e+00 -2.637294761821809885e+00 9.945128006987119518e-01 -1.327235278565035870e+00 -8.491095107780752826e-01 -1.752118384980876353e+00
-1.053927795884767926e+00 -2.633706091679537398e+00 9.948082478472740631e-01 -1.325328140965918999e+00 -8.445077905062127188e-01 -1.752911514416084282e+00
-1.050863972877527974e+00 -2.630108575838272067e+00 9.951042342165281607e-01 -1.323410937784734953e+00 -8.398877801351450900e-01 -1.753701823832593876e+00
-1.047793904360549755e+00 -2.626502245747508457e+00 9.954008160721167231e-01 -1.321483676728478551e+00 -8.352495776415631568e-01 -1.754489279252344325e+00
-1.044717625403280836e+00 -2.622887132695311152e+00 9.956980484863570124e-01 -1.319546366264574555e+00 -8.305932819764395569e-01 -1.755273846868180332e+00
-1.041635171259044146e+00 -2.619263267810660878e+00 9.959959853426424425e-01 -1.317599015622813452e+00 -8.259189930545578484e-01 -1.756055493045282079e+00
-1.038546577362544854e+00 -2.615630682065845036e+00 9.962946793408822277e-01 -1.315641634797142245e+00 -8.212268117439374127e-01 -1.756834184322592751e+00
-1.035451879327330182e+00 -2.611989406278874881e+00 9.965941820039299071e-01 -1.313674234547303366e+00 -8.165168398551437834e-01 -1.757609887414243621e+00
-1.032351112943209248e+00 -2.608339471115941777e+00 9.968945436849526720e-01 -1.311696826400327920e+00 -8.117891801304911725e-01 -1.758382569210974689e+00
-1.029244314173634933e+00 -2.604680907093899656e+00 9.971958135756934238e-01 -1.309709422651878397e+00 -8.070439362331450761e-01 -1.759152196781553767e+00
-1.026131519153055116e+00 -2.601013744582767906e+00 9.974980397155814860e-01 -1.307712036367439934e+00 -8.022812127361086398e-01 -1.759918737374191577e+00
-1.023012764184232815e+00 -2.597338013808263568e+00 9.978012690016457853e-01 -1.305704681383361043e+00 -7.975011151111009999e-01 -1.760682158417953280e+00
-1.019888085735544125e+00 -2.593653744854342413e+00 9.981055471991893135e-01 -1.303687372307743564e+00 -7.927037497173394787e-01 -1.761442427524168242e+00
-1.016757520438253959e+00 -2.589960967665762670e+00 9.984109189531812367e-01 -1.301660124521178075e+00 -7.878892237902053175e-01 -1.762199512487834685e+00
-1.013621105083774676e+00 -2.586259712050655413e+00 9.987174278003277950e-01 -1.299622954177329426e+00 -7.830576454298129319e-01 -1.762953381289022348e+00
-1.010478876620910516e+00 -2.582550007683105164e+00 9.990251161817815806e-01 -1.297575878203365507e+00 -7.782091235894716963e-01 -1.763704002094270917e+00
-1.007330872153094248e+00 -2.578831884105736716e+00 9.993340254564520020e-01 -1.295518914300234137e+00 -7.733437680640418144e-01 -1.764451343257985139e+00
-1.004177128935613172e+00 -2.575105370732304166e+00 9.996441959148801848e-01 -1.293452080942786075e+00 -7.684616894781968188e-01 -1.765195373323826589e+00
-1.001017684372834449e+00 -2.571370496850281295e+00 9.999556667936422283e-01 -1.291375397379741274e+00 -7.635629992745779360e-01 -1.765936061026101678e+00
-9.978525760154297597e-01 -2.567627291623447938e+00 1.000268476290247621e+00 -1.289288883633500582e+00 -7.586478097018424238e-01 -1.766673375291145653e+00
-9.946818415575997552e-01 -2.563875784094473698e+00 1.000582661578498733e+00 -1.287192560499801797e+00 -7.537162338026206498e-01 -1.767407285238703718e+00
-9.915055188343067094e-01 -2.560116003187490996e+00 1.000898258824281184e+00 -1.285086449547219178e+00 -7.487683854013645890e-01 -1.768137760183307039e+00
-9.883236458185141737e-01 -2.556347977710664132e+00 1.001215303201751894e+00 -1.282970573116507085e+00 -7.438043790921016196e-01 -1.768864769635646317e+00
-9.851362606184370652e-01 -2.552571736358738796e+00 1.001533828909898283e+00 -1.280844954319785955e+00 -7.388243302260879553e-01 -1.769588283303940468e+00
-9.819434014748058548e-01 -2.548787307715586259e+00 1.001853869189438306e+00 -1.278709617039570645e+00 -7.338283548993551619e-01 -1.770308271095302199e+00
-9.787451067581464104e-01 -2.544994720256722687e+00 1.002175456340034465e+00 -1.276564585927642659e+00 -7.288165699401658593e-01 -1.771024703117098031e+00
-9.755414149660777134e-01 -2.541194002351817360e+00 1.002498621737797579e+00 -1.274409886403764514e+00 -7.237890928963759407e-01 -1.771737549678306545e+00
-9.723323647206308928e-01 -2.537385182267176909e+00 1.002823395853051691e+00 -1.272245544654237337e+00 -7.187460420226963187e-01 -1.772446781290870188e+00
-9.691179947655906846e-01 -2.533568288168208671e+00 1.003149808268340326e+00 -1.270071587630300147e+00 -7.136875362678583024e-01 -1.773152368671044643e+00
-9.658983439638617607e-01 -2.529743348121860524e+00 1.003477887696648585e+00 -1.267888043046369484e+00 -7.086136952616767237e-01 -1.773854282740742416e+00
-9.626734512948623701e-01 -2.525910390099035396e+00 1.003807661999819745e+00 -1.265694939378122719e+00 -7.035246393020260225e-01 -1.774552494628874211e+00
-9.594433558519466221e-01 -2.522069441976978688e+00 1.004139158207147497e+00 -1.263492305860423048e+00 -6.984204893417179649e-01 -1.775246975672683636e+00
-9.562080968398578573e-01 -2.518220531541635054e+00 1.004472402534120512e+00 -1.261280172485086393e+00 -6.933013669752819963e-01 -1.775937697419079031e+00
-9.529677135722146586e-01 -2.514363686489979877e+00 1.004807420401305107e+00 -1.259058569998489752e+00 -6.881673944256566644e-01 -1.776624631625960848e+00
-9.497222454690309457e-01 -2.510498934432313867e+00 1.005144236453344053e+00 -1.256827529899023910e+00 -6.830186945307914481e-01 -1.777307750263543262e+00
-9.464717320542727075e-01 -2.506626302894529257e+00 1.005482874578057517e+00 -1.254587084434383604e+00 -6.778553907301391179e-01 -1.777987025515673336e+00
-9.432162129534517048e-01 -2.502745819320337795e+00 1.005823357925629047e+00 -1.252337266598703369e+00 -6.726776070510674943e-01 -1.778662429781143084e+00
-9.399557278912590297e-01 -2.498857511073465432e+00 1.006165708927862168e+00 -1.250078110129532849e+00 -6.674854680951652908e-01 -1.779333935674999312e+00
-9.366903166892386334e-01 -2.494961405439811486e+00 1.006509949317493158e+00 -1.247809649504657781e+00 -6.622790990244747933e-01 -1.780001516029847020e+00
-9.334200192635035975e-01 -2.491057529629569167e+00 1.006856100147546229e+00 -1.245531919938760446e+00 -6.570586255476177362e-01 -1.780665143897149250e+00
-9.301448756224950376e-01 -2.487145910779303470e+00 1.007204181810721355e+00 -1.243244957379927573e+00 -6.518241739058384665e-01 -1.781324792548521163e+00
-9.268649258647863043e-01 -2.483226575953995763e+00 1.007554214058799635e+00 -1.240948798505994599e+00 -6.465758708589471881e-01 -1.781980435477020341e+00
-9.235802101769328143e-01 -2.479299552149043961e+00 1.007906216022057988e+00 -1.238643480720740708e+00 -6.413138436711806056e-01 -1.782632046398431092e+00
-9.202907688313688439e-01 -2.475364866292218746e+00 1.008260206228682954e+00 -1.236329042149921564e+00 -6.360382200969642019e-01 -1.783279599252544978e+00
-9.169966421843527282e-01 -2.471422545245583358e+00 1.008616202624173175e+00 -1.234005521637149272e+00 -6.307491283665866977e-01 -1.783923068204435580e+00
-9.136978706739615763e-01 -2.467472615807362324e+00 1.008974222590724334e+00 -1.231672958739615353e+00 -6.254466971717786983e-01 -1.784562427645728366e+00
-9.103944948181355024e-01 -2.463515104713772441e+00 1.009334282966587892e+00 -1.229331393723660293e+00 -6.201310556512120709e-01 -1.785197652195866347e+00
-9.070865552127744813e-01 -2.459550038640803571e+00 1.009696400065396515e+00 -1.226980867560186761e+00 -6.148023333759000675e-01 -1.785828716703369290e+00
-9.037740925298861638e-01 -2.455577444205957249e+00 1.010060589695449540e+00 -1.224621421919918518e+00 -6.094606603345060769e-01 -1.786455596247089161e+00
-9.004571475157879812e-01 -2.451597347969936891e+00 1.010426867178954913e+00 -1.222253099168508772e+00 -6.041061669185724403e-01 -1.787078266137459570e+00
-8.971357609893629848e-01 -2.447609776438290918e+00 1.010795247371220285e+00 -1.219875942361490440e+00 -5.987389839076497910e-01 -1.787696701917740105e+00
-8.938099738403705308e-01 -2.443614756063008819e+00 1.011165744679791256e+00 -1.217489995239081191e+00 -5.933592424543524535e-01 -1.788310879365256012e+00
-8.904798270278131422e-01 -2.439612313244067465e+00 1.011538373083531450e+00 -1.215095302220829510e+00 -5.879670740693068165e-01 -1.788920774492631649e+00
-8.871453615783595481e-01 -2.435602474330929912e+00 1.011913146151643295e+00 -1.212691908400111540e+00 -5.825626106060129983e-01 -1.789526363549019949e+00
-8.838066185848258982e-01 -2.431585265623993131e+00 1.012290077062625082e+00 -1.210279859538479608e+00 -5.771459842456235778e-01 -1.790127623021324776e+00
-8.804636392047144877e-01 -2.427560713375986889e+00 1.012669178623164301e+00 -1.207859202059856862e+00 -5.717173274816275130e-01 -1.790724529635419726e+00
-8.771164646588117675e-01 -2.423528843793321563e+00 1.013050463286965241e+00 -1.205429983044585152e+00 -5.662767731044425767e-01 -1.791317060357360713e+00
-8.737651362298457514e-01 -2.419489683037383543e+00 1.013433943173509544e+00 -1.202992250223323234e+00 -5.608244541859201959e-01 -1.791905192394592783e+00
-8.704096952612043747e-01 -2.415443257225783125e+00 1.013819630086750356e+00 -1.200546051970799777e+00 -5.553605040637693557e-01 -1.792488903197151817e+00
-8.670501831557140271e-01 -2.411389592433542894e+00 1.014207535533740545e+00 -1.198091437299418027e+00 -5.498850563258858015e-01 -1.793068170458860910e+00
-8.636866413744809234e-01 -2.407328714694243477e+00 1.014597670743194957e+00 -1.195628455852714822e+00 -5.443982447945902026e-01 -1.793642972118520973e+00
-8.603191114357940927e-01 -2.403260650001105780e+00 1.014990046683987623e+00 -1.193157157898673937e+00 -5.389002035107770539e-01 -1.794213286361096005e+00
-8.569476349140918714e-01 -2.399185424308030168e+00 1.015384674083587235e+00 -1.190677594322895549e+00 -5.333910667179746490e-01 -1.794779091618892153e+00
-8.535722534389919014e-01 -2.395103063530573451e+00 1.015781563446431335e+00 -1.188189816621622263e+00 -5.278709688463152361e-01 -1.795340366572731883e+00
-8.501930086943860765e-01 -2.391013593546876592e+00 1.016180725072241886e+00 -1.185693876894621912e+00 -5.223400444964072520e-01 -1.795897090153122377e+00
-8.468099424176001033e-01 -2.386917040198537343e+00 1.016582169074286890e+00 -1.183189827837929808e+00 -5.167984284231231795e-01 -1.796449241541418163e+00
-8.434230963986190099e-01 -2.382813429291425589e+00 1.016985905397587819e+00 -1.180677722736450219e+00 -5.112462555192994751e-01 -1.796996800170977737e+00
-8.400325124793792675e-01 -2.378702786596446295e+00 1.017391943837079760e+00 -1.178157615456420615e+00 -5.056836607993440147e-01 -1.797539745728315097e+00
-8.366382325531278585e-01 -2.374585137850244720e+00 1.017800294055727583e+00 -1.175629560437734700e+00 -5.001107793827512804e-01 -1.798078058154244596e+00
-8.332402985638489579e-01 -2.370460508755857010e+00 1.018210965602598828e+00 -1.173093612686130882e+00 -4.945277464775270637e-01 -1.798611717645021368e+00
-8.298387525057596692e-01 -2.366328924983303938e+00 1.018623967930902818e+00 -1.170549827765242412e+00 -4.889346973635181337e-01 -1.799140704653474865e+00
-8.264336364228740406e-01 -2.362190412170127818e+00 1.019039310415997379e+00 -1.167998261788513625e+00 -4.833317673756496458e-01 -1.799664999890136841e+00
-8.230249924086378011e-01 -2.358044995921871667e+00 1.019457002373370225e+00 -1.165438971410982072e+00 -4.777190918870725111e-01 -1.800184584324364012e+00
-8.196128626056331523e-01 -2.353892701812500654e+00 1.019877053076599038e+00 -1.162872013820929640e+00 -4.720968062922193953e-01 -1.800699439185454498e+00
-8.161972892053550588e-01 -2.349733555384769801e+00 1.020299471775295785e+00 -1.160297446731401783e+00 -4.664650459897690116e-01 -1.801209545963757819e+00
-8.127783144480593691e-01 -2.345567582150526409e+00 1.020724267713041700e+00 -1.157715328371596186e+00 -4.608239463655103840e-01 -1.801714886411780681e+00
-8.093559806226838793e-01 -2.341394807590958749e+00 1.021151450145318940e+00 -1.155125717478122871e+00 -4.551736427751152947e-01 -1.802215442545284763e+00
-8.059303300668431147e-01 -2.337215257156785242e+00 1.021581028357443355e+00 -1.152528673286136174e+00 -4.495142705268139194e-01 -1.802711196644380509e+00
-8.025014051668969417e-01 -2.333028956268382803e+00 1.022013011682506578e+00 -1.149924255520341720e+00 -4.438459648639765387e-01 -1.803202131254613816e+00
-7.990692483580948968e-01 -2.328835930315855229e+00 1.022447409519332329e+00 -1.147312524385876831e+00 -4.381688609475977714e-01 -1.803688229188047165e+00
-7.956339021247960108e-01 -2.324636204659043859e+00 1.022884231350455364e+00 -1.144693540559072131e+00 -4.324830938386949875e-01 -1.804169473524335210e+00
-7.921954090007656824e-01 -2.320429804627473391e+00 1.023323486760128409e+00 -1.142067365178088378e+00 -4.267887984806020274e-01 -1.804645847611793696e+00
-7.887538115695503782e-01 -2.316216755520240866e+00 1.023765185452362614e+00 -1.139434059833433155e+00 -4.210861096811704396e-01 -1.805117335068462614e+00
-7.853091524649303823e-01 -2.311997082605840248e+00 1.024209337269009312e+00 -1.136793686558356997e+00 -4.153751620948613610e-01 -1.805583919783164015e+00
-7.818614743714523696e-01 -2.307770811121927057e+00 1.024655952207891740e+00 -1.134146307819132726e+00 -4.096560902047398089e-01 -1.806045585916553176e+00
-7.784108200250425824e-01 -2.303537966275017279e+00 1.025105040440990045e+00 -1.131491986505218872e+00 -4.039290283043763807e-01 -1.806502317902164201e+00
-7.749572322137007196e-01 -2.299298573240127652e+00 1.025556612332690687e+00 -1.128830785919309854e+00 -3.981941104796470343e-01 -1.806954100447449640e+00
-7.715007537782766489e-01 -2.295052657160350673e+00 1.026010678458101788e+00 -1.126162769767272254e+00 -3.924514705904366130e-01 -1.807400918534813883e+00
-7.680414276133302742e-01 -2.290800243146362991e+00 1.026467249621446864e+00 -1.123488002147970288e+00 -3.867012422522320136e-01 -1.807842757422640334e+00
-7.645792966680757807e-01 -2.286541356275875181e+00 1.026926336874540269e+00 -1.120806547542980702e+00 -3.809435588176194321e-01 -1.808279602646313711e+00
-7.611144039474111445e-01 -2.282276021593010906e+00 1.027387951535351451e+00 -1.118118470806199971e+00 -3.751785533576742493e-01 -1.808711440019235450e+00
-7.576467925130342396e-01 -2.278004264107625687e+00 1.027852105206666256e+00 -1.115423837153343145e+00 -3.694063586432416724e-01 -1.809138255633833126e+00
-7.541765054846464311e-01 -2.273726108794555500e+00 1.028318809794850797e+00 -1.112722712151341220e+00 -3.636271071261256704e-01 -1.809560035862564309e+00
-7.507035860412448747e-01 -2.269441580592802765e+00 1.028788077528724587e+00 -1.110015161707633258e+00 -3.578409309201631139e-01 -1.809976767358914440e+00
-7.472280774225045219e-01 -2.265150704404651272e+00 1.029259920978550014e+00 -1.107301252059357477e+00 -3.520479617821938856e-01 -1.810388437058388922e+00
-7.437500229302513866e-01 -2.260853505094718052e+00 1.029734353075143938e+00 -1.104581049762441758e+00 -3.462483310929207470e-01 -1.810795032179498110e+00
-7.402694659300277369e-01 -2.256550007488933751e+00 1.030211387129117195e+00 -1.101854621680594448e+00 -3.404421698376511873e-01 -1.811196540224738305e+00
-7.367864498527505468e-01 -2.252240236373456383e+00 1.030691036850248876e+00 -1.099122034974199691e+00 -3.346296085869333581e-01 -1.811592948981565421e+00
-7.333010181964650931e-01 -2.247924216493515814e+00 1.031173316367000714e+00 -1.096383357089120825e+00 -3.288107774770936409e-01 -1.811984246523362652e+00
-7.298132145281938099e-01 -2.243601972552185853e+00 1.031658240246177138e+00 -1.093638655745408528e+00 -3.229858061906487610e-01 -1.812370421210403482e+00
-7.263230824858828427e-01 -2.239273529209091507e+00 1.032145823512736316e+00 -1.090887998925920588e+00 -3.171548239366213107e-01 -1.812751461690807808e+00
-7.228306657804467461e-01 -2.234938911079039414e+00 1.032636081669758177e+00 -1.088131454864851522e+00 -3.113179594307295961e-01 -1.813127356901492293e+00
-7.193360081979128795e-01 -2.230598142730580769e+00 1.033129030718572761e+00 -1.085369092036174710e+00 -3.054753408754646848e-01 -1.813498096069115384e+00
-7.158391536016672774e-01 -2.226251248684499640e+00 1.033624687179055091e+00 -1.082600979141999264e+00 -2.996270959400517686e-01 -1.813863668711015675e+00
-7.123401459348027709e-01 -2.221898253412232904e+00 1.034123068110089916e+00 -1.079827185100844744e+00 -2.937733517402998373e-01 -1.814224064636145828e+00
-7.088390292225710265e-01 -2.217539181334211129e+00 1.034624191130210313e+00 -1.077047779035831043e+00 -2.879142348183172384e-01 -1.814579273945998716e+00
-7.053358475749396117e-01 -2.213174056818130175e+00 1.035128074438415258e+00 -1.074262830262848967e+00 -2.820498711223504706e-01 -1.814929287035530248e+00
-7.018306451892559750e-01 -2.208802904177148196e+00 1.035634736835166603e+00 -1.071472408278596022e+00 -2.761803859862739241e-01 -1.815274094594074183e+00
-6.983234663530192288e-01 -2.204425747668004476e+00 1.036144197743572359e+00 -1.068676582748535164e+00 -2.703059041089486136e-01 -1.815613687606252746e+00
-6.948143554467616223e-01 -2.200042611489065436e+00 1.036656477230754936e+00 -1.065875423494779817e+00 -2.644265495334607863e-01 -1.815948057352880785e+00
-6.913033569470407036e-01 -2.195653519778297369e+00 1.037171596029409670e+00 -1.063069000483874760e+00 -2.585424456261009585e-01 -1.816277195411865275e+00
-6.877905154295439472e-01 -2.191258496611155682e+00 1.037689575559553212e+00 -1.060257383814538379e+00 -2.526537150553513911e-01 -1.816601093659097721e+00
-6.842758755723069575e-01 -2.186857565998402642e+00 1.038210437950464859e+00 -1.057440643705340300e+00 -2.467604797707458886e-01 -1.816919744269342107e+00
-6.807594821590473577e-01 -2.182450751883848294e+00 1.038734206062819965e+00 -1.054618850482309744e+00 -2.408628609815999244e-01 -1.817233139717117307e+00
-6.772413800826145858e-01 -2.178038078142007450e+00 1.039260903511017853e+00 -1.051792074566483270e+00 -2.349609791356157551e-01 -1.817541272777572825e+00
-6.737216143485587061e-01 -2.173619568575683836e+00 1.039790554685701807e+00 -1.048960386461389227e+00 -2.290549538973483124e-01 -1.817844136527360988e+00
-6.702002300788179046e-01 -2.169195246913475650e+00 1.040323184776472454e+00 -1.046123856740472036e+00 -2.231449041265383126e-01 -1.818141724345502031e+00
-6.666772725155275525e-01 -2.164765136807194956e+00 1.040858819794792556e+00 -1.043282556034456965e+00 -2.172309478563072549e-01 -1.818434029914244299e+00
-6.631527870249517287e-01 -2.160329261829216030e+00 1.041397486597081201e+00 -1.040436555018664055e+00 -2.113132022712220781e-01 -1.818721047219919562e+00
-6.596268191015380866e-01 -2.155887645469738878e+00 1.041939212907994960e+00 -1.037585924400264092e+00 -2.053917836852185985e-01 -1.819002770553792558e+00
-6.560994143720982885e-01 -2.151440311133971051e+00 1.042484027343895336e+00 -1.034730734905486838e+00 -1.994668075193897216e-01 -1.819279194512905651e+00
-6.525706186001152265e-01 -2.146987282139233955e+00 1.043031959436496070e+00 -1.031871057266777525e+00 -1.935383882796277710e-01 -1.819550314000917712e+00
-6.490404776901780304e-01 -2.142528581711983904e+00 1.043583039656687861e+00 -1.029006962209907172e+00 -1.876066395341244863e-01 -1.819816124228938570e+00
-6.455090376925463058e-01 -2.138064232984750568e+00 1.044137299438534949e+00 -1.026138520441036928e+00 -1.816716738907271367e-01 -1.820076620716357452e+00
-6.419763448078452672e-01 -2.133594258993002146e+00 1.044694771203438233e+00 -1.023265802633740451e+00 -1.757336029741451977e-01 -1.820331799291667663e+00
-6.384424453918928766e-01 -2.129118682671918172e+00 1.045255488384459142e+00 -1.020388879415985217e+00 -1.697925374030186951e-01 -1.820581656093284817e+00
-6.349073859606598758e-01 -2.124637526853090375e+00 1.045819485450796726e+00 -1.017507821357075848e+00 -1.638485867668280083e-01 -1.820826187570361521e+00
-6.313712131953644890e-01 -2.120150814261134276e+00 1.046386797932411739e+00 -1.014622698954558810e+00 -1.579018596026533494e-01 -1.821065390483596280e+00
-6.278339739477026837e-01 -2.115658567510225296e+00 1.046957462444786824e+00 -1.011733582621094474e+00 -1.519524633717781459e-01 -1.821299261906037525e+00
-6.242957152452154324e-01 -2.111160809100548708e+00 1.047531516713815058e+00 -1.008840542671295415e+00 -1.460005044361427640e-01 -1.821527799223883637e+00
-6.207564842967931984e-01 -2.106657561414672308e+00 1.048108999600807945e+00 -1.005943649308536525e+00 -1.400460880346410253e-01 -1.821751000137278087e+00
-6.172163284983200882e-01 -2.102148846713834285e+00 1.048689951127609987e+00 -1.003042972611735584e+00 -1.340893182592528543e-01 -1.821968862661099253e+00
-6.136752954384570025e-01 -2.097634687134152465e+00 1.049274412501810083e+00 -1.000138582522110298e+00 -1.281302980310226047e-01 -1.822181385125746678e+00
-6.101334329045665639e-01 -2.093115104682751415e+00 1.049862426142035510e+00 -9.972305488299099130e-01 -1.221691290758757376e-01 -1.822388566177921776e+00
-6.065907888887787092e-01 -2.088590121233813157e+00 1.050454035703316524e+00 -9.943189411611271789e-01 -1.162059119002667451e-01 -1.822590404781405660e+00
-6.030474115941993896e-01 -2.084059758524542616e+00 1.051049286102506031e+00 -9.914038289641884383e-01 -1.102407457666580992e-01 -1.822786900217830741e+00
-5.995033494412621566e-01 -2.079524038151059795e+00 1.051648223543740768e+00 -9.884852814966276213e-01 -1.042737286688328879e-01 -1.822978052087450118e+00
-5.959586510742234111e-01 -2.074982981564208906e+00 1.052250895543926035e+00 -9.855633678117465823e-01 -9.830495730703847634e-02 -1.823163860309900963e+00
-5.924133653678025357e-01 -2.070436610065293337e+00 1.052857350958227745e+00 -9.826381567452625587e-01 -9.233452706295963708e-02 -1.823344325124965470e+00
-5.888675414339660241e-01 -2.065884944801733791e+00 1.053467640005553596e+00 -9.797097169019441942e-01 -8.636253197451360109e-02 -1.823519447093326029e+00
-5.853212286288573818e-01 -2.061328006762648712e+00 1.054081814294004493e+00 -9.767781166422396799e-01 -8.038906471046813884e-02 -1.823689227097318399e+00
-5.817744765598721335e-01 -2.056765816774362321e+00 1.054699926846275559e+00 -9.738434240688986776e-01 -7.441421654488222792e-02 -1.823853666341679780e+00
-5.782273350928787137e-01 -2.052198395495837602e+00 1.055322032124985432e+00 -9.709057070135908019e-01 -6.843807733136819671e-02 -1.824012766354293547e+00
-5.746798543595849074e-01 -2.047625763414040456e+00 1.055948186057912297e+00 -9.679650330235202160e-01 -6.246073547716091134e-02 -1.824166528986929992e+00
-5.711320847650497301e-01 -2.043047940839227916e+00 1.056578446063113352e+00 -9.650214693480430039e-01 -5.648227791701265765e-02 -1.824314956415984623e+00
-5.675840769953408582e-01 -2.038464947900173740e+00 1.057212871073901717e+00 -9.620750829252858738e-01 -5.050279008689506632e-02 -1.824458051143211801e+00
-5.640358820253374983e-01 -2.033876804539321625e+00 1.057851521563657471e+00 -9.591259403687696361e-01 -4.452235589751274425e-02 -1.824595815996455261e+00
-5.604875511266772525e-01 -2.029283530507877131e+00 1.058494459570444191e+00 -9.561741079540397870e-01 -3.854105770762417116e-02 -1.824728254130376426e+00
-5.569391358758478683e-01 -2.024685145360831218e+00 1.059141748721404097e+00 -9.532196516053037527e-01 -3.255897629716142383e-02 -1.824855369027178265e+00
-5.533906881624215401e-01 -2.020081668451927381e+00 1.059793454256902745e+00 -9.502626368820812353e-01 -2.657619084015983013e-02 -1.824977164497326942e+00
-5.498422601974324309e-01 -2.015473118928567509e+00 1.060449643054393043e+00 -9.473031289658675469e-01 -2.059277887748756086e-02 -1.825093644680270355e+00
-5.462939045218955236e-01 -2.010859515726659108e+00 1.061110383651967304e+00 -9.443411926469881257e-01 -1.460881629005150728e-02 -1.825204814045153334e+00
-5.427456740154653625e-01 -2.006240877565414138e+00 1.061775746271563126e+00 -9.413768923112966203e-01 -8.624377271127414701e-03 -1.825310677391531744e+00
-5.391976219052339037e-01 -2.001617222942088326e+00 1.062445802841791131e+00 -9.384102919268905163e-01 -2.639534298478185548e-03 -1.825411239850081913e+00
-5.356498017746659235e-01 -1.996988570126680740e+00 1.063120627020348596e+00 -9.354414550308485232e-01 3.345641893737649752e-03 -1.825506506883309177e+00
-5.321022675726699847e-01 -1.992354937156580519e+00 1.063800294215982767e+00 -9.324704447159902765e-01 9.331082343272845137e-03 -1.825596484286253762e+00
-5.285550736228026292e-01 -1.987716341831176736e+00 1.064484881609966127e+00 -9.294973236176622411e-01 1.531671988831084796e-02 -1.825681178187194220e+00
-5.250082746326047989e-01 -1.983072801706426525e+00 1.065174468177044087e+00 -9.265221539005514817e-01 2.130248919620036929e-02 -1.825760595048348867e+00
-5.214619257030672639e-01 -1.978424334089389891e+00 1.065869134705815346e+00 -9.235449972455277434e-01 2.728832679241577353e-02 -1.825834741666575223e+00
-5.179160823382225054e-01 -1.973770956032732116e+00 1.066568963818503635e+00 -9.205659148365192834e-01 3.327417108973151905e-02 -1.825903625174068123e+00
-5.143708004548608326e-01 -1.969112684329199725e+00 1.067274039990076862e+00 -9.175849673474206769e-01 3.925996241762597094e-02 -1.825967253039055826e+00
-5.108261363923671805e-01 -1.964449535506073374e+00 1.067984449566670158e+00 -9.146022149290370384e-01 4.524564305191325353e-02 -1.826025633066494125e+00
-5.072821469226758140e-01 -1.959781525819601855e+00 1.068700280783267065e+00 -9.116177171960652137e-01 5.123115724460425291e-02 -1.826078773398760235e+00
-5.037388892603391621e-01 -1.955108671249422336e+00 1.069421623780591135e+00 -9.086315332141148282e-01 5.721645125400320886e-02 -1.826126682516344690e+00
-5.001964210727074533e-01 -1.950430987492971724e+00 1.070148570621161532e+00 -9.056437214867708585e-01 6.320147337503656537e-02 -1.826169369238541895e+00
-4.966548004902140434e-01 -1.945748489959894245e+00 1.070881215304459788e+00 -9.026543399426991687e-01 6.918617396982384982e-02 -1.826206842724140467e+00
-4.931140861167642164e-01 -1.941061193766449700e+00 1.071619653781159975e+00 -8.996634459227850211e-01 7.517050549853943053e-02 -1.826239112472112680e+00
-4.895743370402203531e-01 -1.936369113729929037e+00 1.072363983966366785e+00 -8.966710961673296509e-01 8.115442255047145004e-02 -1.826266188322302586e+00
-4.860356128429812461e-01 -1.931672264363083036e+00 1.073114305751810882e+00 -8.936773468032991330e-01 8.713788187532167662e-02 -1.826288080456114793e+00
-4.824979736126482344e-01 -1.926970659868568525e+00 1.073870721016942698e+00 -8.906822533316196555e-01 9.312084241476847879e-02 -1.826304799397201917e+00
-4.789614799527746047e-01 -1.922264314133421026e+00 1.074633333638872035e+00 -8.876858706145286382e-01 9.910326533427293860e-02 -1.826316356012152919e+00
-4.754261929936909326e-01 -1.917553240723557151e+00 1.075402249501092644e+00 -8.846882528629786968e-01 1.050851140551458673e-01 -1.826322761511180337e+00
-4.718921744034012544e-01 -1.912837452878316746e+00 1.076177576500933375e+00 -8.816894536240981184e-01 1.110663542868750575e-01 -1.826324027448809062e+00
-4.683594863985443002e-01 -1.908116963505049002e+00 1.076959424555674616e+00 -8.786895257687081795e-01 1.170469540597161018e-01 -1.826320165724564237e+00
-4.648281917554109022e-01 -1.903391785173752293e+00 1.077747905607270296e+00 -8.756885214789008609e-01 1.230268837575494434e-01 -1.826311188583660927e+00
-4.612983538210131407e-01 -1.898661930111772200e+00 1.078543133625608386e+00 -8.726864922356768473e-01 1.290061161510061005e-01 -1.826297108617693343e+00
-4.577700365241963443e-01 -1.893927410198569250e+00 1.079345224610249065e+00 -8.696834888066464764e-01 1.349846264308689481e-01 -1.826277938765326070e+00
-4.542433043867861731e-01 -1.889188236960561262e+00 1.080154296590571716e+00 -8.666795612337946375e-01 1.409623922417480024e-01 -1.826253692312986399e+00
-4.507182225347632354e-01 -1.884444421566049854e+00 1.080970469624265018e+00 -8.636747588213118387e-01 1.469393937160370367e-01 -1.826224382895556886e+00
-4.471948567094570226e-01 -1.879695974820240423e+00 1.081793865794091536e+00 -8.606691301234918878e-01 1.529156135081530810e-01 -1.826190024497071018e+00
-4.436732732787489475e-01 -1.874942907160362715e+00 1.082624609202855526e+00 -8.576627229326985180e-01 1.588910368290648023e-01 -1.826150631451409323e+00
-4.401535392482762710e-01 -1.870185228650903309e+00 1.083462825966505783e+00 -8.546555842674022907e-01 1.648656514811090990e-01 -1.826106218442998363e+00
-4.366357222726275911e-01 -1.865422948978956885e+00 1.084308644205297600e+00 -8.516477603602893298e-01 1.708394478931001270e-01 -1.826056800507511069e+00
-4.331198906665190140e-01 -1.860656077449708290e+00 1.085162194032943894e+00 -8.486392966464439969e-01 1.768124191557349789e-01 -1.826002393032570614e+00
-4.296061134159396833e-01 -1.855884622982053811e+00 1.086023607543679326e+00 -8.456302377515411139e-01 1.827845610575455915e-01 -1.825943011758455192e+00
-4.260944601892584505e-01 -1.851108594104372562e+00 1.086893018797161492e+00 -8.426206274801775198e-01 1.887558721209134927e-01 -1.825878672778807665e+00
-4.225850013482777001e-01 -1.846327998950459071e+00 1.087770563801132351e+00 -8.396105088042807862e-01 1.947263536383907478e-01 -1.825809392541346332e+00
-4.190778079592232253e-01 -1.841542845255625727e+00 1.088656380491764386e+00 -8.365999238515954284e-01 2.006960097093368756e-01 -1.825735187848580132e+00
-4.155729518036588299e-01 -1.836753140352988645e+00 1.089550608711609359e+00 -8.335889138942484955e-01 2.066648472768719547e-01 -1.825656075858527405e+00
-4.120705053893114478e-01 -1.831958891169946479e+00 1.090453390185072147e+00 -8.305775193373939880e-01 2.126328761651534727e-01 -1.825572074085437757e+00
-4.085705419607954525e-01 -1.827160104224865522e+00 1.091364868491328188e+00 -8.275657797079408740e-01 2.186001091169722521e-01 -1.825483200400517925e+00
-4.050731355102195064e-01 -1.822356785623980624e+00 1.092285189034604365e+00 -8.245537336433628184e-01 2.245665618316774470e-01 -1.825389473032662746e+00
-4.015783607876657335e-01 -1.817548941058525491e+00 1.093214499011739171e+00 -8.215414188805892914e-01 2.305322530034421558e-01 -1.825290910569189684e+00
-3.980862933115225655e-01 -1.812736575802105454e+00 1.094152947376939355e+00 -8.185288722449843846e-01 2.364972043598547735e-01 -1.825187531956578457e+00
-3.945970093786592692e-01 -1.807919694708323144e+00 1.095100684803650859e+00 -8.155161296408849347e-01 2.424614406951792756e-01 -1.825079356501216221e+00
-3.911105860744241713e-01 -1.803098302208672177e+00 1.096057863643456143e+00 -8.125032260407477613e-01 2.484249899096331315e-01 -1.824966403870146303e+00
-3.876271012824519246e-01 -1.798272402310710394e+00 1.097024637881914177e+00 -8.094901954779211151e-01 2.543878830353965004e-01 -1.824848694091824708e+00
-3.841466336942629400e-01 -1.793441998596525977e+00 1.098001163091258059e+00 -8.064770710359625561e-01 2.603501542765773724e-01 -1.824726247556880843e+00
-3.806692628186356675e-01 -1.788607094221512428e+00 1.098987596379866982e+00 -8.034638848380452059e-01 2.663118410495328714e-01 -1.824599085018884681e+00
-3.771950689907370702e-01 -1.783767691913461961e+00 1.099984096338417761e+00 -8.004506680434257948e-01 2.722729839966673282e-01 -1.824467227595120367e+00
-3.737241333809908639e-01 -1.778923793971995293e+00 1.100990822982631068e+00 -7.974374508423219821e-01 2.782336270069998285e-01 -1.824330696767366478e+00
-3.702565380024673836e-01 -1.774075402265980816e+00 1.102007937681310779e+00 -7.944242649070727413e-01 2.841938077577010890e-01 -1.824189514382507316e+00
-3.667923656753211414e-01 -1.769222518089676344e+00 1.103035603070704029e+00 -7.914111451173395650e-01 2.901535509392330070e-01 -1.824043702651674925e+00
-3.633317000349884918e-01 -1.764365142162824807e+00 1.104073982965202205e+00 -7.883981295455343430e-01 2.961128682741567264e-01 -1.823893284149392446e+00
-3.598746255398683758e-01 -1.759503274631037728e+00 1.105123242263481353e+00 -7.853852596250875395e-01 3.020717578266347569e-01 -1.823738281812708584e+00
-3.564212274786353607e-01 -1.754636915066824399e+00 1.106183546850813881e+00 -7.823725801343307529e-01 3.080302040206623904e-01 -1.823578718940333188e+00
-3.529715919770761712e-01 -1.749766062471113104e+00 1.107255063497466940e+00 -7.793601391797065903e-01 3.139881776584445561e-01 -1.823414619191773278e+00
-3.495258060044266202e-01 -1.744890715275275284e+00 1.108337959753104673e+00 -7.763479881783119652e-01 3.199456359389267757e-01 -1.823246006586468182e+00
-3.460839573791869572e-01 -1.740010871343670162e+00 1.109432403837109060e+00 -7.733361818419594025e-01 3.259025224680471844e-01 -1.823072905502924890e+00
-3.426461347743905428e-01 -1.735126527976721178e+00 1.110538564524740535e+00 -7.703247781584023901e-01 3.318587672775998865e-01 -1.822895340677849196e+00
-3.392124277223043105e-01 -1.730237681914541747e+00 1.111656611029057107e+00 -7.673138383729092293e-01 3.378142868404172550e-01 -1.822713337205275064e+00
-3.357829266185334838e-01 -1.725344329341122140e+00 1.112786712878514495e+00 -7.643034269681999726e-01 3.437689840896052118e-01 -1.822526920535689099e+00
-3.323577227255076760e-01 -1.720446465889093890e+00 1.113929039790167774e+00 -7.612936116437480916e-01 3.497227484379892282e-01 -1.822336116475150813e+00
-3.289369081753203972e-01 -1.715544086645084843e+00 1.115083761538401719e+00 -7.582844632944557572e-01 3.556754557977797049e-01 -1.822140951184405555e+00
-3.255205759718984293e-01 -1.710637186155679723e+00 1.116251047819113440e+00 -7.552760559887118363e-01 3.616269686004551787e-01 -1.821941451177992111e+00
-3.221088199924706519e-01 -1.705725758434000427e+00 1.117431068109275172e+00 -7.522684669458380435e-01 3.675771358168891112e-01 -1.821737643323341205e+00
-3.187017349883118911e-01 -1.700809796966919363e+00 1.118623991521809469e+00 -7.492617765129300222e-01 3.735257929777289210e-01 -1.821529554839866893e+00
-3.152994165847313734e-01 -1.695889294722921825e+00 1.119829986655706877e+00 -7.462560681411027907e-01 3.794727621940348072e-01 -1.821317213298046411e+00
-3.119019612802782504e-01 -1.690964244160628072e+00 1.121049221441323018e+00 -7.432514283618624207e-01 3.854178521754016984e-01 -1.821100646618491581e+00
-3.085094664451351054e-01 -1.686034637237991296e+00 1.122281862980791134e+00 -7.402479467621806419e-01 3.913608582511587386e-01 -1.820879883071007344e+00
-3.051220303186688021e-01 -1.681100465422183499e+00 1.123528077383495249e+00 -7.372457159589974607e-01 3.973015623918654260e-01 -1.820654951273638966e+00
-3.017397520061089189e-01 -1.676161719700182795e+00 1.124788029596544447e+00 -7.342448315731581188e-01 4.032397332311250526e-01 -1.820425880191705925e+00
-2.983627314743224623e-01 -1.671218390590074820e+00 1.126061883230199401e+00 -7.312453922027953856e-01 4.091751260877223295e-01 -1.820192699136821801e+00
-2.949910695466537724e-01 -1.666270468153079332e+00 1.127349800378202316e+00 -7.282474993961621790e-01 4.151074829881065131e-01 -1.819955437765899742e+00
-2.916248678967980901e-01 -1.661317942006316661e+00 1.128651941432966321e+00 -7.252512576239269482e-01 4.210365326892231419e-01 -1.819714126080141270e+00
-2.882642290416748132e-01 -1.656360801336322908e+00 1.129968464895584779e+00 -7.222567742509392597e-01 4.269619907017117022e-01 -1.819468794424009994e+00
-2.849092563332691341e-01 -1.651399034913326513e+00 1.131299527180626541e+00 -7.192641595074719119e-01 4.328835593134947590e-01 -1.819219473484186667e+00
-2.815600539494085286e-01 -1.646432631106296673e+00 1.132645282415686516e+00 -7.162735264599511265e-01 4.388009276137607717e-01 -1.818966194288506921e+00
-2.782167268834383478e-01 -1.641461577898772450e+00 1.134005882235667562e+00 -7.132849909811854738e-01 4.447137715173525851e-01 -1.818708988204879029e+00
-2.748793809327649829e-01 -1.636485862905484812e+00 1.135381475571773713e+00 -7.102986717200987510e-01 4.506217537895906844e-01 -1.818447886940183222e+00
-2.715481226862301867e-01 -1.631505473389776473e+00 1.136772208435202991e+00 -7.073146900711611007e-01 4.565245240708151186e-01 -1.818182922539148594e+00
-2.682230595102812476e-01 -1.626520396281831538e+00 1.138178223695532676e+00 -7.043331701431632119e-01 4.624217189021022634e-01 -1.817914127383210232e+00
-2.649042995339028206e-01 -1.621530618197720930e+00 1.139599660853794605e+00 -7.013542387275241152e-01 4.683129617514578680e-01 -1.817641534189341934e+00
-2.615919516322740002e-01 -1.616536125459269391e+00 1.141036655810249600e+00 -6.983780252661447863e-01 4.741978630404946049e-01 -1.817365176008868044e+00
-2.582861254091148862e-01 -1.611536904114751811e+00 1.142489340626873240e+00 -6.954046618188166606e-01 4.800760201716136599e-01 -1.817085086226249313e+00
-2.549869311776853387e-01 -1.606532939960422013e+00 1.143957843284574283e+00 -6.924342830301960516e-01 4.859470175557003557e-01 -1.816801298557845223e+00
-2.516944799404006172e-01 -1.601524218562881074e+00 1.145442287435175066e+00 -6.894670260963534636e-01 4.918104266403600100e-01 -1.816513847050649888e+00
-2.484088833670270446e-01 -1.596510725282284771e+00 1.146942792148191392e+00 -6.865030307309087920e-01 4.976658059387015776e-01 -1.816222766081002415e+00
-2.451302537714203922e-01 -1.591492445296395442e+00 1.148459471652457653e+00 -6.835424391307644010e-01 5.035127010586875063e-01 -1.815928090353269297e+00
-2.418587040867696825e-01 -1.586469363625478080e+00 1.149992435072653585e+00 -6.805853959414455145e-01 5.093506447330635734e-01 -1.815629854898499040e+00
-2.385943478393111050e-01 -1.581441465158041293e+00 1.151541786160796610e+00 -6.776320482220574704e-01 5.151791568498977902e-01 -1.815328095073048376e+00
-2.353372991204734088e-01 -1.576408734677420931e+00 1.153107623022773698e+00 -6.746825454098753783e-01 5.209977444837223803e-01 -1.815022846557178493e+00
-2.320876725574190225e-01 -1.571371156889206810e+00 1.154690037840000683e+00 -6.717370392845775084e-01 5.268059019272977039e-01 -1.814714145353620633e+00
-2.288455832819429325e-01 -1.566328716449505665e+00 1.156289116586301846e+00 -6.687956839321321789e-01 5.326031107240185580e-01 -1.814402027786111704e+00
-2.256111468976942369e-01 -1.561281397994038755e+00 1.157904938740119904e+00 -6.658586357083499108e-01 5.383888397009826132e-01 -1.814086530497896588e+00
-2.223844794456839580e-01 -1.556229186168065937e+00 1.159537576992173413e+00 -6.629260532021126195e-01 5.441625450027323119e-01 -1.813767690450198700e+00
-2.191656973680413678e-01 -1.551172065657129728e+00 1.161187096948694153e+00 -6.599980971982936095e-01 5.499236701256826620e-01 -1.813445544920656793e+00
-2.159549174699859631e-01 -1.546110021218610298e+00 1.162853556830388380e+00 -6.570749306403802503e-01 5.556716459532526908e-01 -1.813120131501727794e+00
-2.127522568799780078e-01 -1.541043037714080244e+00 1.164537007167278926e+00 -6.541567185928115480e-01 5.614058907917143237e-01 -1.812791488099054105e+00
-2.095578330080150042e-01 -1.535971100142449419e+00 1.166237490489599793e+00 -6.512436282030438228e-01 5.671258104067729011e-01 -1.812459652929796050e+00
-2.063717635020383412e-01 -1.530894193673882908e+00 1.167955041014928641e+00 -6.483358286633584822e-01 5.728307980608895456e-01 -1.812124664520927020e+00
-2.031941662024194795e-01 -1.525812303684480842e+00 1.169689684331756574e+00 -6.454334911724241008e-01 5.785202345513653643e-01 -1.811786561707491527e+00
-2.000251590944914781e-01 -1.520725415791699620e+00 1.171441437079713266e+00 -6.425367888966264651e-01 5.841934882491970349e-01 -1.811445383630825967e+00
-1.968648602590965524e-01 -1.515633515890499217e+00 1.173210306626677024e+00 -6.396458969311811238e-01 5.898499151387155415e-01 -1.811101169736739624e+00
-1.937133878211190208e-01 -1.510536590190193929e+00 1.174996290743018257e+00 -6.367609922610421025e-01 5.954888588580224962e-01 -1.810753959773657273e+00
-1.905708598959736655e-01 -1.505434625251986125e+00 1.176799377273243685e+00 -6.338822537216204367e-01 6.011096507402353684e-01 -1.810403793790720695e+00
-1.874373945340250813e-01 -1.500327608027157478e+00 1.178619543805322856e+00 -6.310098619593285107e-01 6.067116098555511705e-01 -1.810050712135849338e+00
-1.843131096629093690e-01 -1.495215525895894126e+00 1.180456757337998930e+00 -6.281439993919625264e-01 6.122940430541461421e-01 -1.809694755453760129e+00
-1.811981230277350807e-01 -1.490098366706716249e+00 1.182310973946406829e+00 -6.252848501689405314e-01 6.178562450099116532e-01 -1.809335964683943976e+00
-1.780925521291412128e-01 -1.484976118816482726e+00 1.184182138446335797e+00 -6.224326001314096635e-01 6.233974982650432040e-01 -1.808974381058599201e+00
-1.749965141591902640e-01 -1.479848771130940488e+00 1.186070184057500976e+00 -6.195874367722389309e-01 6.289170732754898463e-01 -1.808610046100521895e+00
-1.719101259350805933e-01 -1.474716313145783664e+00 1.187975032066204806e+00 -6.167495491959111842e-01 6.344142284572755752e-01 -1.808243001620950530e+00
-1.688335038306585378e-01 -1.469578734988187474e+00 1.189896591487791921e+00 -6.139191280783330429e-01 6.398882102336929112e-01 -1.807873289717365939e+00
-1.657667637057189669e-01 -1.464436027458779765e+00 1.191834758729324983e+00 -6.110963656265765431e-01 6.453382530833875474e-01 -1.807500952771245561e+00
-1.627100208330818365e-01 -1.459288182074009788e+00 1.193789417252932639e+00 -6.082814555385690491e-01 6.507635795893309538e-01 -1.807126033445770386e+00
-1.596633898234371962e-01 -1.454135191108872682e+00 1.195760437240301455e+00 -6.054745929627490808e-01 6.561634004886915950e-01 -1.806748574683484376e+00
-1.566269845479526523e-01 -1.448977047639945948e+00 1.197747675258814537e+00 -6.026759744577044886e-01 6.615369147236067615e-01 -1.806368619703905942e+00
-1.536009180586415113e-01 -1.443813745588692354e+00 1.199750973929858411e+00 -5.998857979518091854e-01 6.668833094928625638e-01 -1.805986212001090774e+00
-1.505853025064918249e-01 -1.438645279764980911e+00 1.201770161599853060e+00 -5.971042627028767535e-01 6.722017603044834200e-01 -1.805601395341144721e+00
-1.475802490573638881e-01 -1.433471645910775250e+00 1.203805052014581323e+00 -5.943315692578463594e-01 6.774914310292377007e-01 -1.805214213759686936e+00
-1.445858678056617386e-01 -1.428292840743938807e+00 1.205855443997428056e+00 -5.915679194125208484e-01 6.827514739550564205e-01 -1.804824711559260830e+00
-1.416022676857939810e-01 -1.423108862002100627e+00 1.207921121132164100e+00 -5.888135161713732302e-01 6.879810298423716386e-01 -1.804432933306694853e+00
-1.386295563814410325e-01 -1.417919708486527153e+00 1.210001851450942745e+00 -5.860685637074396492e-01 6.931792279803723478e-01 -1.804038923830410202e+00
-1.356678402326501054e-01 -1.412725380105940509e+00 1.212097387128207249e+00 -5.833332673223176057e-01 6.983451862441782954e-01 -1.803642728217675018e+00
-1.327172241407852393e-01 -1.407525877920222657e+00 1.214207464181239482e+00 -5.806078334062878543e-01 7.034780111529281843e-01 -1.803244391811806180e+00
-1.297778114713656894e-01 -1.402321204183943903e+00 1.216331802178113985e+00 -5.778924693985776351e-01 7.085767979287826979e-01 -1.802843960209314922e+00
-1.268497039548295291e-01 -1.397111362389650280e+00 1.218470103953855910e+00 -5.751873837477849971e-01 7.136406305568387953e-01 -1.802441479256999157e+00
-1.239330015852666556e-01 -1.391896357310843602e+00 1.220622055335634393e+00 -5.724927858724807583e-01 7.186685818459557229e-01 -1.802036995048978740e+00
-1.210278025171718230e-01 -1.386676195044586057e+00 1.222787324877864457e+00 -5.698088861220094170e-01 7.236597134904834139e-01 -1.801630553923674993e+00
-1.181342029602732158e-01 -1.381450883053657597e+00 1.224965563608122920e+00 -5.671358957375071119e-01 7.286130761328875050e-01 -1.801222202460732724e+00
-1.152522970725016194e-01 -1.376220430208196399e+00 1.227156404784826238e+00 -5.644740268131555050e-01 7.335277094272705245e-01 -1.800811987477884735e+00
-1.123821768511703567e-01 -1.370984846826744263e+00 1.229359463667657471e+00 -5.618234922576912371e-01 7.384026421037772625e-01 -1.800399956027758153e+00
-1.095239320224448143e-01 -1.365744144716625197e+00 1.231574337301769795e+00 -5.591845057561891652e-01 7.432368920338821017e-01 -1.799986155394621257e+00
-1.066776499291883784e-01 -1.360498337213576159e+00 1.233800604316838800e+00 -5.565572817321392529e-01 7.480294662965485397e-01 -1.799570633091070571e+00
-1.038434154172807045e-01 -1.355247439220551575e+00 1.236037824742080016e+00 -5.539420353098368777e-01 7.527793612452529093e-01 -1.799153436854658672e+00
-1.010213107205129024e-01 -1.349991467245620580e+00 1.238285539838391847e+00 -5.513389822771049831e-01 7.574855625758611932e-01 -1.798734614644459384e+00
-9.821141534417399122e-02 -1.344730439438873715e+00 1.240543271948834070e+00 -5.487483390483682832e-01 7.621470453953513857e-01 -1.798314214637572794e+00
-9.541380594745230148e-02 -1.339464375628252935e+00 1.242810524368699765e+00 -5.461703226280971712e-01 7.667627742913756261e-01 -1.797892285225567210e+00
-9.262855622478705087e-02 -1.334193297354221874e+00 1.245086781236488527e+00 -5.436051505746417600e-01 7.713317034026461183e-01 -1.797468875010858502e+00
-8.985573678631730843e-02 -1.328917227903185339e+00 1.247371507447142758e+00 -5.410530409644753735e-01 7.758527764901350654e-01 -1.797044032803026603e+00
-8.709541503758488901e-02 -1.323636192339569639e+00 1.249664148588961909e+00 -5.385142123568649186e-01 7.803249270090819589e-01 -1.796617807615066731e+00
-8.434765505866259616e-02 -1.318350217536473412e+00 1.251964130905667050e+00 -5.359888837589887878e-01 7.847470781817931229e-01 -1.796190248659577549e+00
-8.161251748289122254e-02 -1.313059332204796092e+00 1.254270861285144978e+00 -5.334772745915192793e-01 7.891181430712264078e-01 -1.795761405344882489e+00
-7.889005937542292735e-02 -1.307763566920748799e+00 1.256583727276462170e+00 -5.309796046546888526e-01 7.934370246553481554e-01 -1.795331327271086463e+00
-7.618033411178415371e-02 -1.302462954151653696e+00 1.258902097136802345e+00 -5.284960940948579822e-01 7.977026159022504448e-01 -1.794900064226065517e+00
-7.348339125668390537e-02 -1.297157528279933691e+00 1.261225319910045606e+00 -5.260269633716030402e-01 8.019137998460224015e-01 -1.794467666181390308e+00
-7.079927644331451830e-02 -1.291847325625195220e+00 1.263552725538774624e+00 -5.235724332253415270e-01 8.060694496633640238e-01 -1.794034183288181206e+00
-6.812803125340427535e-02 -1.286532384464301737e+00 1.265883625011565261e+00 -5.211327246455115247e-01 8.101684287509283156e-01 -1.793599665872895432e+00
-6.546969309830386052e-02 -1.281212745049338242e+00 1.268217310547491428e+00 -5.187080588393235825e-01 8.142095908033890606e-01 -1.793164164433046714e+00
-6.282429510140596918e-02 -1.275888449623363119e+00 1.270553055819849675e+00 -5.162986572010999087e-01 8.181917798922213603e-01 -1.792727729632854539e+00
-6.019186598221892837e-02 -1.270559542433841616e+00 1.272890116221190970e+00 -5.139047412822201899e-01 8.221138305451887174e-01 -1.792290412298823910e+00
-5.757242994243827461e-02 -1.265226069743655701e+00 1.275227729171827251e+00 -5.115265327616851376e-01 8.259745678265300040e-01 -1.791852263415256274e+00
-5.496600655438244054e-02 -1.259888079839581287e+00 1.277565114474070507e+00 -5.091642534172973189e-01 8.297728074179275826e-01 -1.791413334119687617e+00
-5.237261065218534739e-02 -1.254545623038123336e+00 1.279901474714552290e+00 -5.068181250975136720e-01 8.335073557000736155e-01 -1.790973675698257495e+00
-4.979225222616756596e-02 -1.249198751688596287e+00 1.282235995717064148e+00 -5.044883696939612694e-01 8.371770098349184952e-01 -1.790533339581005468e+00
-4.722493632083257786e-02 -1.243847520173337884e+00 1.284567847048464717e+00 -5.021752091146334251e-01 8.407805578486036158e-01 -1.790092377337094698e+00
-4.467066293697086188e-02 -1.238491984904940502e+00 1.286896182580300696e+00 -4.998788652577774716e-01 8.443167787150682724e-01 -1.789650840669964715e+00
-4.212942693838694908e-02 -1.233132204320382730e+00 1.289220141108900597e+00 -4.975995599864875274e-01 8.477844424403377932e-01 -1.789208781412409355e+00
-3.960121796380100534e-02 -1.227768238871943085e+00 1.291538847036816762e+00 -4.953375151040155799e-01 8.511823101474902398e-01 -1.788766251521582751e+00
-3.708602034451891072e-02 -1.222400151014777281e+00 1.293851411118614569e+00 -4.930929523298097639e-01 8.545091341623034520e-01 -1.788323303073930060e+00
-3.458381302850455086e-02 -1.217028005191035378e+00 1.296156931274139001e+00 -4.908660932762942686e-01 8.577636580995899873e-01 -1.787879988260044684e+00
-3.209456951154221471e-02 -1.211651867810399796e+00 1.298454493472522175e+00 -4.886571594263975360e-01 8.609446169502217305e-01 -1.787436359379450446e+00
-2.961825777622428824e-02 -1.206271807226921622e+00 1.300743172690347116e+00 -4.864663721118414053e-01 8.640507371688557203e-01 -1.786992468835308268e+00
-2.715484023955960780e-02 -1.200887893712032195e+00 1.303022033947534242e+00 -4.842939524921989758e-01 8.670807367623651896e-01 -1.786548369129048464e+00
-2.470427371006267414e-02 -1.195500199423613630e+00 1.305290133424683807e+00 -4.821401215347302927e-01 8.700333253789878096e-01 -1.786104112854924875e+00
-2.226650935525564812e-02 -1.190108798371011023e+00 1.307546519665784279e+00 -4.800050999944396324e-01 8.729072044007784026e-01 -1.785659752694494840e+00
-1.984149268059098858e-02 -1.184713766375874666e+00 1.309790234870382708e+00 -4.778891083954939223e-01 8.757010670342271208e-01 -1.785215341411020784e+00
-1.742916352089785015e-02 -1.179315181028731008e+00 1.312020316279516319e+00 -4.757923670134394101e-01 8.784135984016387955e-01 -1.784770931843796093e+00
-1.502945604555017134e-02 -1.173913121641193325e+00 1.314235797659919935e+00 -4.737150958582223570e-01 8.810434756332903294e-01 -1.784326576902392159e+00
-1.264229877866962504e-02 -1.168507669193733722e+00 1.316435710891259214e+00 -4.716575146566490684e-01 8.835893679667055078e-01 -1.783882329560828151e+00
-1.026761463580605493e-02 -1.163098906278968503e+00 1.318619087661384359e+00 -4.696198428362445831e-01 8.860499368441050461e-01 -1.783438242851662858e+00
-7.905320978682794930e-03 -1.157686917040434693e+00 1.320784961274881208e+00 -4.676022995046584807e-01 8.884238360351532915e-01 -1.782994369860007700e+00
-5.555329714997059298e-03 -1.152271787226293309e+00 1.322932368589609720e+00 -4.656051015021234196e-01 8.907097206987881766e-01 -1.782550763717503317e+00
