-1.225106125422721071e-01 9.168237659609853596e-01 -1.424383703549444657e+00 3.205819548830269455e-02 -9.176644492766760086e-01 1.633361308153987057e+00
-1.225106125422721071e-01 9.168237659609853596e-01 -1.424383703549444657e+00 3.205819548830269455e-02 -9.176644492766760086e-01 1.633361308153987057e+00
-1.225087204729861240e-01 9.165175679937137554e-01 -1.634692174085308203e+00 3.207384315525396018e-02 -9.179277989930593185e-01 1.633239810262409275e+00
-1.226240331934495137e-01 9.158930009001486905e-01 -1.865555929131168522e+00 3.210536877746211770e-02 -9.184538182004335916e-01 1.632997771100053175e+00
-1.230022347811370320e-01 9.150000339486237255e-01 -2.039431064677202254e+00 3.215290775892060138e-02 -9.192418322698945321e-01 1.632636144612002127e+00
-1.237027596722997391e-01 9.139010493664980750e-01 -2.142970273427394101e+00 3.221650207284637579e-02 -9.202911717485041665e-01 1.632155881812273890e+00
-1.247146804365626693e-01 9.126174035542293783e-01 -2.190853623763893587e+00 3.229610170234015892e-02 -9.216011718748801096e-01 1.631557930531900125e+00
-1.260007693686377994e-01 9.111332579664213061e-01 -2.204244677792183804e+00 3.239156606871729238e-02 -9.231711720333010129e-01 1.630843235170335470e+00
-1.275237101344818824e-01 9.094212608295437761e-01 -2.200822489150224825e+00 3.250266544810999358e-02 -9.250005151486934141e-01 1.630012736450099142e+00
-1.292565689532828022e-01 9.074601622419490310e-01 -2.191988755865466931e+00 3.262908237699397446e-02 -9.270885470248280136e-01 1.629067371174550027e+00
-1.311848629380028830e-01 9.052398860486747800e-01 -2.183572518639381066e+00 3.277041304733587651e-02 -9.294346156280112181e-01 1.628008071988705119e+00
-1.333041498387844692e-01 9.027594488266410533e-01 -2.177660033947279139e+00 3.292616869210394925e-02 -9.320380703185274784e-01 1.626835767143004485e+00
-1.356159003396746610e-01 9.000229234043649607e-01 -2.174336808735280790e+00 3.309577696191862151e-02 -9.348982610320309972e-01 1.625551380259933065e+00
-1.381237201211509280e-01 8.970360576026913391e-01 -2.172907673589845601e+00 3.327858329365834117e-02 -9.380145374130951508e-01 1.624155830103414466e+00
-1.408309131673944337e-01 8.938042560438643758e-01 -2.172577175352052858e+00 3.347385227185435685e-02 -9.413862479030109531e-01 1.622650030350883732e+00
-1.437394287080003552e-01 8.903317561357763088e-01 -2.172735013926726300e+00 3.368076898375334249e-02 -9.450127387839987181e-01 1.621034889367960252e+00
-1.468497607325403853e-01 8.866215712029583695e-01 -2.173012060107248899e+00 3.389844036892917384e-02 -9.488933531818928291e-01 1.619311309985637104e+00
-1.501613058632498277e-01 8.826757951281885006e-01 -2.173233908420216132e+00 3.412589656436311458e-02 -9.530274300293651857e-01 1.617480189279906444e+00
-1.536728220220439922e-01 8.784959854864589079e-01 -2.173348709358437603e+00 3.436209224590943551e-02 -9.574143029916392100e-01 1.615542418353747900e+00
-1.573828021956734935e-01 8.740834762430853555e-01 -2.173365511866573119e+00 3.460590796708840761e-02 -9.620532993567384450e-01 1.613498882121395805e+00
-1.612897073620410682e-01 8.694395735226091437e-01 -2.173313867515330067e+00 3.485615149616095448e-02 -9.669437388922916821e-01 1.611350459094837317e+00
-1.653920743918082525e-01 8.645656467711470006e-01 -2.173222800345447236e+00 3.511155915243052011e-02 -9.720849326706386684e-01 1.609098021172448156e+00
-1.696885407411162228e-01 8.594631498914806489e-01 -2.173112996582906575e+00 3.537079714273619335e-02 -9.774761818643622480e-01 1.606742433429714456e+00
-1.741778269367469378e-01 8.541336067071378935e-01 -2.172996184791743612e+00 3.563246289909793169e-02 -9.831167765139805503e-01 1.604284553911971001e+00
-1.788587059652541889e-01 8.485785852878964253e-01 -2.172877410783940366e+00 3.589508641847583698e-02 -9.890059942697383422e-01 1.601725233429094120e+00
-1.837299754938806484e-01 8.427996745970116610e-01 -2.172757771123878356e+00 3.615713160559597128e-02 -9.951430991093619394e-01 1.599065315352112826e+00
-1.887904388505214914e-01 8.367984684862403988e-01 -2.172636554726154134e+00 3.641699761978881705e-02 -1.001527340033469882e+00 1.596305635411659596e+00
-1.940388948418087511e-01 8.305765571258122426e-01 -2.172512560446808738e+00 3.667302022678611828e-02 -1.008157949740597470e+00 1.593447021498226368e+00
-1.994741340189716550e-01 8.241355238670675654e-01 -2.172384733500313025e+00 3.692347315641406058e-02 -1.015034143283602086e+00 1.590490293464173810e+00
-2.050949386328435597e-01 8.174769452186188001e-01 -2.172252365435777488e+00 3.716656946708095377e-02 -1.022155116708890921e+00 1.587436262927460096e+00
-2.109000841267883453e-01 8.106023921242245800e-01 -2.172115072654027923e+00 3.740046291797750194e-02 -1.029520045680764939e+00 1.584285733077032132e+00
-2.168883408601001705e-01 8.035134314393757027e-01 -2.171972696872069619e+00 3.762324934988303671e-02 -1.037128084092167724e+00 1.581039498479845484e+00
-2.230584754610593912e-01 7.962116270984949118e-01 -2.171825203903907653e+00 3.783296807543294615e-02 -1.044978362663650184e+00 1.577698344889485238e+00
-2.294092516650419467e-01 7.886985408494782135e-01 -2.171672610264432368e+00 3.802760327969913895e-02 -1.053069987532285756e+00 1.574263049056360941e+00
-2.359394307201741481e-01 7.809757326243371711e-01 -2.171514940850405306e+00 3.820508543192758372e-02 -1.061402038832099048e+00 1.570734378539449638e+00
-2.426477715120156087e-01 7.730447606733374943e-01 -2.171352210379003278e+00 3.836329270922849560e-02 -1.069973569267939961e+00 1.567113091519543255e+00
-2.495330305463929754e-01 7.649071815799681762e-01 -2.171184419082901051e+00 3.850005243300548552e-02 -1.078783602684093790e+00 1.563399936614016994e+00
-2.565939618858452675e-01 7.565645502373612441e-01 -2.171011554875351468e+00 3.861314251889394478e-02 -1.087831132629593966e+00 1.559595652693080536e+00
-2.638293170896656159e-01 7.480184198284350883e-01 -2.170833597578067042e+00 3.870029294091277550e-02 -1.097115120921440923e+00 1.555700968697497411e+00
-2.712378451784336342e-01 7.392703418274726435e-01 -2.170650522511745173e+00 3.875918721057120681e-02 -1.106634496207777429e+00 1.551716603457750754e+00
-2.788182926226346892e-01 7.303218660228352199e-01 -2.170462302922373077e+00 3.878746387158271691e-02 -1.116388152532288069e+00 1.547643265514677013e+00
-2.865694033492094395e-01 7.211745405556294619e-01 -2.170268911300622605e+00 3.878271801083641585e-02 -1.126374947901483292e+00 1.543481652941524951e+00
-2.944899187586869083e-01 7.118299119680934206e-01 -2.170070319908734113e+00 3.874250278625387955e-02 -1.136593702856477206e+00 1.539232453167509673e+00
-3.025785777469647275e-01 7.022895252566853097e-01 -2.169866500804112697e+00 3.866433097212938763e-02 -1.147043199050704398e+00 1.534896342802831493e+00
-3.108341167274964456e-01 6.925549239262470680e-01 -2.169657425661883465e+00 3.854567652249182158e-02 -1.157722177835329935e+00 1.530473987465129415e+00
-3.192552696519502797e-01 6.826276500435826122e-01 -2.169443065527093761e+00 3.838397615302550914e-02 -1.168629338853676591e+00 1.525966041607449419e+00
-3.278407680283993431e-01 6.725092442896571931e-01 -2.169223390697427867e+00 3.817663094204812313e-02 -1.179763338645897885e+00 1.521373148347671345e+00
-3.365893409381555679e-01 6.622012460113186894e-01 -2.168998370726131775e+00 3.792100795100931260e-02 -1.191122789265952608e+00 1.516695939299496532e+00
-3.454997150523960725e-01 6.517051932735019593e-01 -2.168767974384655961e+00 3.761444186492007152e-02 -1.202706256912196459e+00 1.511935034404914280e+00
-3.545706146481621968e-01 6.410226229115468799e-01 -2.168532169597029657e+00 3.725423665313293969e-02 -1.214512260572888414e+00 1.507091041768286344e+00
-3.638007616234284480e-01 6.301550705833427468e-01 -2.168290923456930752e+00 3.683766725084829108e-02 -1.226539270687842853e+00 1.502164557491963315e+00
-3.731888755121075540e-01 6.191040708220049149e-01 -2.168044202171558243e+00 3.636198126165453987e-02 -1.238785707828242044e+00 1.497156165513582105e+00
-3.827336734981808819e-01 6.078711570884119952e-01 -2.167791971310980781e+00 3.582440068142566519e-02 -1.251249941395629506e+00 1.492066437445006777e+00
-3.924338704324623617e-01 5.964578618265248267e-01 -2.167534195454654089e+00 3.522212364381742400e-02 -1.263930288341394315e+00 1.486895932412944488e+00
-4.022881788452544738e-01 5.848657165157555848e-01 -2.167270838250576315e+00 3.455232618759933316e-02 -1.276825011908704566e+00 1.481645196901301809e+00
-4.122953089594241227e-01 5.730962517242088605e-01 -2.167001862346357832e+00 3.381216404605479064e-02 -1.289932320397694676e+00 1.476314764595363815e+00
-4.224539687024480017e-01 5.611509971615530334e-01 -2.166727229556345780e+00 3.299877445857569980e-02 -1.303250365955541223e+00 1.470905156227776178e+00
-4.327628637202852735e-01 5.490314817338992626e-01 -2.166446900931068509e+00 3.210927800465140924e-02 -1.316777243392759811e+00 1.465416879426449492e+00
-4.432206973920429505e-01 5.367392335997878128e-01 -2.166160836591412675e+00 3.114078046029558622e-02 -1.330510989026840729e+00 1.459850428564318570e+00
-4.538261708426275520e-01 5.242757802248864119e-01 -2.165868995689002485e+00 3.009037467701804539e-02 -1.344449579554738650e+00 1.454206284611161637e+00
-4.645779829548200013e-01 5.116426484366130012e-01 -2.165571336499661825e+00 2.895514248337033650e-02 -1.358590930955851928e+00 1.448484914987493877e+00
-4.754748303824880562e-01 4.988413644800086533e-01 -2.165267816081311913e+00 2.773215660915134828e-02 -1.372932897425823251e+00 1.442686773420576829e+00
-4.865154075593937089e-01 4.858734540702469018e-01 -2.164958390548964662e+00 2.641848263215816964e-02 -1.387473270343439591e+00 1.436812299802598059e+00
-4.976984067113979782e-01 4.727404424483562795e-01 -2.164643015095771617e+00 2.501118094751049459e-02 -1.402209777271467672e+00 1.430861920051143654e+00
-5.090225178690209740e-01 4.594438544374567224e-01 -2.164321644076204976e+00 2.350730875951045212e-02 -1.417140080992141726e+00 1.424836045972016629e+00
-5.204864288812295348e-01 4.459852145002656809e-01 -2.163994230782889883e+00 2.190392209590531769e-02 -1.432261778579368539e+00 1.418735075124478051e+00
-5.320888254263780315e-01 4.323660467944528962e-01 -2.163660727234189451e+00 2.019807784440182108e-02 -1.447572400508612578e+00 1.412559390688951755e+00
-5.438283910202772464e-01 4.185878752256872448e-01 -2.163321084475056111e+00 1.838683581136878187e-02 -1.463069409805213716e+00 1.406309361337294783e+00
-5.557038070284319176e-01 4.046522235043630289e-01 -2.162975252373700474e+00 1.646726080247568058e-02 -1.478750201232977179e+00 1.399985341105767445e+00
-5.677137526756070862e-01 3.905606152001462883e-01 -2.162623179833298881e+00 1.443642472506933769e-02 -1.494612100524077114e+00 1.393587669270733853e+00
-5.798569050585126172e-01 3.763145737991822060e-01 -2.162264814520595380e+00 1.229140871229753018e-02 -1.510652363650348828e+00 1.387116670227205528e+00
-5.921319391548625077e-01 3.619156227582986940e-01 -2.161900103064017920e+00 1.002930526843070005e-02 -1.526868176138690636e+00 1.380572653370292002e+00
-6.045375278354822024e-01 3.473652855617426205e-01 -2.161528991033101033e+00 7.647220435289765750e-03 -1.543256652430903264e+00 1.373955912979724081e+00
-6.170723418764250123e-01 3.326650857778681303e-01 -2.161151422386619725e+00 5.142275979576695771e-03 -1.559814835288761081e+00 1.367266728107463525e+00
-6.297350499632222709e-01 3.178165471089972050e-01 -2.160767339743036253e+00 2.511611600739156736e-03 -1.576539695245654737e+00 1.360505362468541479e+00
-6.425243186991695943e-01 3.028211934445775855e-01 -2.160376684414005322e+00 -2.476128409677411102e-04 -1.593428130106170570e+00 1.353672064335230907e+00
-6.554388126144090609e-01 2.876805489148148709e-01 -2.159979396483772796e+00 -3.138215076563935502e-03 -1.610476964494735874e+00 1.346767066434633398e+00
-6.684771941765292880e-01 2.723961379453112563e-01 -2.159575414608941202e+00 -6.162988160662678794e-03 -1.627682949453142403e+00 1.339790585849800930e+00
-6.816381237984956432e-01 2.569694853091110121e-01 -2.159164676241749348e+00 -9.324698184592056238e-03 -1.645042762089069743e+00 1.332742823924517594e+00
-6.949202598504417017e-01 2.414021161817097028e-01 -2.158747117221967660e+00 -1.262608197076030975e-02 -1.662553005277004559e+00 1.325623966171829649e+00
-7.083222586655899544e-01 2.256955561906419661e-01 -2.158322671718286845e+00 -1.606984474840229132e-02 -1.680210207411507506e+00 1.318434182186461578e+00
-7.218427745456307276e-01 2.098513314641049510e-01 -2.157891272822681117e+00 -1.965865781120519629e-02 -1.698010822214175430e+00 1.311173625561198763e+00
-7.354804597759704299e-01 1.938709686874406923e-01 -2.157452852763428020e+00 -2.339515615716136060e-02 -1.715951228595390399e+00 1.303842433807396839e+00
-7.492339646452718105e-01 1.777559951626918044e-01 -2.157007343269780719e+00 -2.728193611095644511e-02 -1.734027730571276571e+00 1.296440728279679044e+00
-7.631019374719593129e-01 1.615079388734603771e-01 -2.156554675701185531e+00 -3.132155292945235786e-02 -1.752236557237562220e+00 1.288968614105023391e+00
-7.770830246341957626e-01 1.451283285519395783e-01 -2.156094781585040199e+00 -3.551651839070802535e-02 -1.770573862801266607e+00 1.281426180116287616e+00
-7.911758706100722183e-01 1.286186937540015895e-01 -2.155627592950404292e+00 -3.986929836687507639e-02 -1.789035726671040383e+00 1.273813498790373311e+00
-8.053791180251738124e-01 1.119805649396744540e-01 -2.155153042963035226e+00 -4.438231038129037548e-02 -1.807618153606541211e+00 1.266130626191000363e+00
-8.196914077126913334e-01 9.521547356342163759e-02 -2.154671066451763650e+00 -4.905792115023848571e-02 -1.826317073928271473e+00 1.258377601916470745e+00
-8.341113787846314853e-01 7.832495217290735834e-02 -2.154181599932340152e+00 -5.389844410994070606e-02 -1.845128343788819070e+00 1.250554449052231565e+00
-8.486376687057728407e-01 6.131053450912005154e-02 -2.153684580755315991e+00 -5.890613692905020266e-02 -1.864047745506461684e+00 1.242661174128712132e+00
-8.632689133551000316e-01 4.417375559486691472e-02 -2.153179946423989133e+00 -6.408319900711717532e-02 -1.883070987961833254e+00 1.234697767084357967e+00
-8.780037470768414787e-01 2.691615181329620743e-02 -2.152667633845282591e+00 -6.943176895938787951e-02 -1.902193707058465577e+00 1.226664201234031859e+00
-8.928408027191072627e-01 9.539260974789853798e-03 -2.152147577205250961e+00 -7.495392208850418236e-02 -1.921411466248567734e+00 1.218560433242856345e+00
-9.077787116353112085e-01 -7.955377649046302402e-03 -2.151619704816185141e+00 -8.065166784339847239e-02 -1.940719757124694578e+00 1.210386403105745856e+00
-9.228161036284384666e-01 -2.556622334134706076e-02 -2.151083933955223682e+00 -8.652694726595547281e-02 -1.960114000078525986e+00 1.202142034132742676e+00
-9.379516074161448058e-01 -4.329174160802506943e-02 -2.150540151918202803e+00 -9.258162208100645385e-02 -1.979589515791363219e+00 1.193827233100089424e+00
-9.531838501030847066e-01 -6.113040459504359703e-02 -2.149988245654774754e+00 -9.881747136540114385e-02 -1.999141526671249558e+00 1.185441890413798882e+00
-9.685114571688457907e-01 -7.908069106793436109e-02 -2.149428102611003588e+00 -1.052361882053454434e-01 -2.018765158383104108e+00 1.176985880285881914e+00
-9.839330524719172022e-01 -9.714108638002583174e-02 -2.148859610969766631e+00 -1.118393763434382404e-01 -2.038455441473990160e+00 1.168459060923326964e+00
-9.994472582595411714e-01 -1.153100824380760558e-01 -2.148282659332220401e+00 -1.186285468173828017e-01 -2.058207313096768409e+00 1.159861274730061842e+00
-1.015052695173912722e+00 -1.335861776737873319e-01 -2.147697137150503810e+00 -1.256051145915398348e-01 -2.078015618833390032e+00 1.151192348522180442e+00
-1.030747982268103824e+00 -1.519678770092732778e-01 -2.147102933735152153e+00 -1.327703951838847540e-01 -2.097875114622114179e+00 1.142452093756409770e+00
-1.046531737006246132e+00 -1.704536918387794531e-01 -2.146499940420011576e+00 -1.401256012898428882e-01 -2.117780468789888459e+00 1.133640306772129680e+00
-1.062402575306029995e+00 -1.890421399769522948e-01 -2.145888053945467444e+00 -1.476718394054671868e-01 -2.137726264193526848e+00 1.124756769046874272e+00
-1.078359111647858137e+00 -2.077317455529513746e-01 -2.145267180512039573e+00 -1.554101064525145459e-01 -2.157707000472925074e+00 1.115801247465607160e+00
-1.094399959265030198e+00 -2.265210388378741113e-01 -2.144637237386493922e+00 -1.633412864076871363e-01 -2.177717096418695597e+00 1.106773494603886743e+00
-1.110523730371020479e+00 -2.454085560431144009e-01 -2.143998149467972958e+00 -1.714661469388966131e-01 -2.197750892457497773e+00 1.097673249024959885e+00
-1.126729036328685929e+00 -2.643928391708419978e-01 -2.143349829184324484e+00 -1.797853360520251242e-01 -2.217802653259314472e+00 1.088500235591015386e+00
-1.143014487440475957e+00 -2.834724361903459000e-01 -2.142692142482506501e+00 -1.882993787508893679e-01 -2.237866570468581617e+00 1.079254165788350539e+00
-1.159378692100913044e+00 -3.026459018272923407e-01 -2.142024946734483404e+00 -1.970086733669329238e-01 -2.257936764897587878e+00 1.069934738068423430e+00
-1.175820256638963279e+00 -3.219117976989337437e-01 -2.141348107403135970e+00 -2.059134882432435421e-01 -2.278007289549869974e+00 1.060541638203083448e+00
-1.192337785481074386e+00 -3.412686921769255699e-01 -2.140661504756034450e+00 -2.150139584478673593e-01 -2.298072132785380806e+00 1.051074539654123452e+00
-1.208929881450855115e+00 -3.607151601350259140e-01 -2.139965033769234637e+00 -2.243100825201617687e-01 -2.318125221628824395e+00 1.041533103957098971e+00
-1.225595146075883157e+00 -3.802497826920600010e-01 -2.139258601044305763e+00 -2.338017192558049517e-01 -2.338160425225479067e+00 1.031916981119494148e+00
-1.242332179842656537e+00 -3.998711470006571789e-01 -2.138542117210174176e+00 -2.434885845345726163e-01 -2.358171558445583571e+00 1.022225810033095206e+00
-1.259139582308064442e+00 -4.195778461591689323e-01 -2.137815483441001696e+00 -2.533702481972102127e-01 -2.378152385641459698e+00 1.012459218900583435e+00
-1.276015951946726235e+00 -4.393684793498976449e-01 -2.137078568029684433e+00 -2.634461309764992709e-01 -2.398096624559180601e+00 1.002616825676486023e+00
-1.292959885543225607e+00 -4.592416524180485959e-01 -2.136331228570087060e+00 -2.737155012003797960e-01 -2.417997949940892344e+00 9.926982385236130524e-01
-1.309969978000183222e+00 -4.791959780437403671e-01 -2.135573324255333194e+00 -2.841774718432605318e-01 -2.437849997782548073e+00 9.827030562832260729e-01
-1.327044822386100664e+00 -4.992300757024482616e-01 -2.134804719373161408e+00 -2.948309976641815822e-01 -2.457646369771163908e+00 9.726308689722723555e-01
-1.344183010055753469e+00 -5.193425715633458450e-01 -2.134025283965934605e+00 -3.056748724283147034e-01 -2.477380637888217052e+00 9.624812582814209483e-01
-1.361383130790942975e+00 -5.395320983765315992e-01 -2.133234893096210616e+00 -3.167077262091841927e-01 -2.497046349167209023e+00 9.522537980862203488e-01
-1.378643772930700617e+00 -5.597972953694659859e-01 -2.132433426986500180e+00 -3.279280227871418374e-01 -2.516637030618004811e+00 9.419480549714613904e-01
-1.395963523507555148e+00 -5.801368081375674057e-01 -2.131620763495321480e+00 -3.393340571538493444e-01 -2.536146194321500236e+00 9.315635887685540517e-01
-1.413340968233104178e+00 -6.005492886622473270e-01 -2.130796765160310358e+00 -3.509239531280807789e-01 -2.555567342691503097e+00 9.210999531053375433e-01
-1.430774691218400507e+00 -6.210333955538468453e-01 -2.129961289431792526e+00 -3.626956610904589762e-01 -2.574893973903104705e+00 9.105566959682561690e-01
-1.448263274900311259e+00 -6.415877941181643562e-01 -2.129114194869526244e+00 -3.746469558484172291e-01 -2.594119587491504841e+00 8.999333602764099105e-01
-1.465805300095024188e+00 -6.622111563134270851e-01 -2.128255338554845277e+00 -3.867754346371752305e-01 -2.613237690116667178e+00 8.892294844670077802e-01
-1.483399345999587116e+00 -6.829021607502251401e-01 -2.127384576159162766e+00 -3.990785152665835001e-01 -2.632241801494277222e+00 8.784446030921958526e-01
-1.501043990196072597e+00 -7.036594926885962886e-01 -2.126501763341296147e+00 -4.115534344216144613e-01 -2.651125460489903052e+00 8.675782474262555555e-01
-1.518737808685008961e+00 -7.244818440077632760e-01 -2.125606754667880072e+00 -4.241972461252008220e-01 -2.669882231374121506e+00 8.566299460831879875e-01
-1.536479375897698896e+00 -7.453679131925680101e-01 -2.124699403275457588e+00 -4.370068203735067991e-01 -2.688505710237079960e+00 8.455992256440565402e-01
-1.554267264702097417e+00 -7.663164053234609030e-01 -2.123779560736517080e+00 -4.499788419516968507e-01 -2.706989531558095408e+00 8.344856112933645154e-01
-1.572100046406469831e+00 -7.873260320666189971e-01 -2.122847069077971494e+00 -4.631098094399926923e-01 -2.725327374927282609e+00 8.232886274643483882e-01
-1.589976290595580766e+00 -8.083955118045577093e-01 -2.121901769189856068e+00 -4.763960344197463170e-01 -2.743512971915431642e+00 8.120077984919608083e-01
-1.607894565142247822e+00 -8.295235696147301718e-01 -2.120943500282467031e+00 -4.898336408870533898e-01 -2.761540113085303005e+00 8.006426492738665246e-01
-1.625853436208375635e+00 -8.507089372553479079e-01 -2.119972099127293230e+00 -5.034185648870742602e-01 -2.779402655142999112e+00 7.891927059378498477e-01
-1.643851468230370205e+00 -8.719503531619822168e-01 -2.118987400776078278e+00 -5.171465543757172156e-01 -2.797094528220517518e+00 7.776574965156084485e-01
-1.661887223920466949e+00 -8.932465624284949834e-01 -2.117989239359561182e+00 -5.310131693199757752e-01 -2.814609743284821608e+00 7.660365516218115012e-01
-1.679959264285656007e+00 -9.145963167705063457e-01 -2.116977445131539515e+00 -5.450137820457735538e-01 -2.831942399665710486e+00 7.543294051383041543e-01
-1.698066148583798673e+00 -9.359983745386796228e-01 -2.115951846613822074e+00 -5.591435778430270398e-01 -2.849086692694975831e+00 7.425355949025297386e-01
-1.716206434326125407e+00 -9.574515006907037273e-01 -2.114912267913503729e+00 -5.733975558386024129e-01 -2.866036921449810038e+00 7.306546633990561590e-01
-1.734378677222621068e+00 -9.789544668087181156e-01 -2.113858531339364077e+00 -5.877705301460478537e-01 -2.882787496590950571e+00 7.186861584535874092e-01
-1.752581431183530158e+00 -1.000506051065875646e+00 -2.112790456407375395e+00 -6.022571313007796245e-01 -2.899332948285464173e+00 7.066296339288470341e-01
-1.770813248299889286e+00 -1.022105038207555605e+00 -2.111707859630172379e+00 -6.168518079911919916e-01 -2.915667934205296241e+00 6.944846504215628213e-01
-1.789072678820019080e+00 -1.043750219533163381e+00 -2.110610554101582714e+00 -6.315488290948061412e-01 -2.931787247590689205e+00 6.822507759593410270e-01
-1.807358271117239124e+00 -1.065440392881944476e+00 -2.109498350050297066e+00 -6.463422860287836302e-01 -2.947685825367357904e+00 6.699275866966315496e-01
-1.825668571670011620e+00 -1.087174362605277889e+00 -2.108371056245414099e+00 -6.612260954221058640e-01 -2.963358756304192987e+00 6.575146676093978071e-01
-1.844002125072732756e+00 -1.108950939508889455e+00 -2.107228476077699586e+00 -6.761940021171418680e-01 -2.978801289198409030e+00 6.450116131873383507e-01
-1.862357473961963494e+00 -1.130768940863522865e+00 -2.106070409546711986e+00 -6.912395825119035386e-01 -2.994008841077134608e+00 6.324180281226308153e-01
-1.880733158985833153e+00 -1.152627190375307364e+00 -2.104896655027169494e+00 -7.063562482485711280e-01 -3.008977005399607663e+00 6.197335279942023378e-01
-1.899127718812593013e+00 -1.174524518119719918e+00 -2.103707006626225784e+00 -7.215372502550014833e-01 -3.023701560244818065e+00 6.069577399469484602e-01
-1.917539690081649040e+00 -1.196459760519863025e+00 -2.102501255558828941e+00 -7.367756831480750668e-01 -3.038178476470607681e+00 5.940903033648334830e-01
-1.935967607385049138e+00 -1.218431760295289212e+00 -2.101279190940684938e+00 -7.520644900040193148e-01 -3.052403925827091413e+00 5.811308705366914351e-01
-1.954410003267190721e+00 -1.240439366392126264e+00 -2.100040598241220913e+00 -7.673964675000117808e-01 -3.066374289006709830e+00 5.680791073139274117e-01
-1.972865408190790815e+00 -1.262481433937465702e+00 -2.098785261266011837e+00 -7.827642714346589869e-01 -3.080086163615045169e+00 5.549346937591062012e-01
-1.991332350546812346e+00 -1.284556824152513599e+00 -2.097512960378657976e+00 -7.981604226306536765e-01 -3.093536372043484750e+00 5.416973247849459216e-01
-2.009809356625872567e+00 -1.306664404294441528e+00 -2.096223474574787193e+00 -8.135773132224464188e-01 -3.106721969224467639e+00 5.283667107820428921e-01
-2.028294950635880944e+00 -1.328803047555679129e+00 -2.094916576754091153e+00 -8.290072133343400207e-01 -3.119640250251444424e+00 5.149425782348837632e-01
-2.046787654615201291e+00 -1.350971633046111009e+00 -2.093592035136286889e+00 -8.444422781496885300e-01 -3.132288757842720095e+00 5.014246703247885462e-01
-2.065285988376756254e+00 -1.373169045744782935e+00 -2.092249609251462861e+00 -8.598745553713993406e-01 -3.144665289628094218e+00 4.878127475194018459e-01
-2.083788469362926055e+00 -1.395394176521604024e+00 -2.090889044171288180e+00 -8.752959930761886609e-01 -3.156767905238501370e+00 4.741065881471019927e-01
-2.102293612371435749e+00 -1.417645922261482117e+00 -2.089510062867808937e+00 -8.906984479595180249e-01 -3.168594933175939765e+00 4.603059889558961393e-01
-2.120799929109729476e+00 -1.439923186125064092e+00 -2.088112362916857201e+00 -9.060736939715761107e-01 -3.180144977442906029e+00 4.464107656558061743e-01
-2.139305927674889141e+00 -1.462224877865257344e+00 -2.086695619347567643e+00 -9.214134313410786703e-01 -3.191416923908866998e+00 4.324207534440169809e-01
-2.157810112097259037e+00 -1.484549914084493327e+00 -2.085259503647943991e+00 -9.367092959834821819e-01 -3.202409946391321593e+00 4.183358075111934804e-01
-2.176310982311558284e+00 -1.506897218132727811e+00 -2.083803732910009199e+00 -9.519528692874285047e-01 -3.213123512428007977e+00 4.041558035287406980e-01
-2.194807035221996827e+00 -1.529265719046794647e+00 -2.082328043021628883e+00 -9.671356881512509496e-01 -3.223557388675086344e+00 3.898806381143674060e-01
-2.213296765191557824e+00 -1.551654351018969979e+00 -2.080832205883336172e+00 -9.822492554764649109e-01 -3.233711645988082140e+00 3.755102292766684391e-01
-2.231778665893657809e+00 -1.574062046218634325e+00 -2.079315991128122487e+00 -9.972850404152747705e-01 -3.243586664076939741e+00 3.610445166141060813e-01
-2.250251230389560320e+00 -1.596487734706995010e+00 -2.077779152931181539e+00 -1.012234488379881281e+00 -3.253183135906559720e+00 3.464834614991476047e-01
-2.268712950915170889e+00 -1.618930344590288506e+00 -2.076221440387854500e+00 -1.027089031383668694e+00 -3.262502071768393463e+00 3.318270472464666110e-01
-2.287162318904054192e+00 -1.641388801976006562e+00 -2.074642584336565232e+00 -1.041840098704109652e+00 -3.271544803001719348e+00 3.170752792651030383e-01
-2.305597824717440680e+00 -1.663862031167452571e+00 -2.073042294908298278e+00 -1.056479127860781242e+00 -3.280312985344954413e+00 3.022281851940893382e-01
-2.324017957321033556e+00 -1.686348954898401420e+00 -2.071420262653619115e+00 -1.070997575897166376e+00 -3.288808601896062722e+00 2.872858150208582595e-01
-2.342421203988619638e+00 -1.708848494541538532e+00 -2.069776164459702805e+00 -1.085386930953770479e+00 -3.297033965661269050e+00 2.722482411819270309e-01
-2.360806050140646484e+00 -1.731359570202369191e+00 -2.068109666613652919e+00 -1.099638724120589828e+00 -3.304991721672175586e+00 2.571155586456293496e-01
-2.379170979254236151e+00 -1.753881100751123245e+00 -2.066420426076231998e+00 -1.113744541553609579e+00 -3.312684848650854441e+00 2.418878849763440031e-01
-2.397514472804684882e+00 -1.776412003825631469e+00 -2.064708099678568054e+00 -1.127696036842497973e+00 -3.320116660203949355e+00 2.265653603795421689e-01
-2.415835010417271000e+00 -1.798951195659504343e+00 -2.062972337762376540e+00 -1.141484943609120561e+00 -3.327290805525413564e+00 2.111481477278740748e-01
-2.434131069879824860e+00 -1.821497591022125384e+00 -2.061212780723499005e+00 -1.155103088322888993e+00 -3.334211269590213966e+00 1.956364325672350912e-01
-2.452401127080537258e+00 -1.844050103215732150e+00 -2.059429059166242304e+00 -1.168542403310697475e+00 -3.340882372819808044e+00 1.800304231031799318e-01
-2.470643655953071338e+00 -1.866607644063530635e+00 -2.057620794386878949e+00 -1.181794939942577116e+00 -3.347308770202277017e+00 1.643303501667306432e-01
-2.488857128436211319e+00 -1.889169123882401546e+00 -2.055787597649427312e+00 -1.194852881970395631e+00 -3.353495449850038668e+00 1.485364671595089114e-01
-2.507040014420924390e+00 -1.911733451461949507e+00 -2.053929071729796441e+00 -1.207708558998114023e+00 -3.359447730979164604e+00 1.326490499779896526e-01
-2.525190781736522005e+00 -1.934299534008511845e+00 -2.052044811301172444e+00 -1.220354460057335722e+00 -3.365171261294822358e+00 1.166683969167219975e-01
-2.543307896149762382e+00 -1.956866277075113736e+00 -2.050134400678386815e+00 -1.232783247264386484e+00 -3.370672013768820641e+00 1.005948285502737544e-01
-2.561389821317781035e+00 -1.979432584525266492e+00 -2.048197413752781859e+00 -1.244987769531880062e+00 -3.375956282795957275e+00 8.442868759363246489e-02
-2.579435018744089980e+00 -2.001997358490075207e+00 -2.046233415522149546e+00 -1.256961076308132919e+00 -3.381030679717239806e+00 6.817033874092355561e-02
-2.597441947774194126e+00 -2.024559499289912079e+00 -2.044241959820620291e+00 -1.268696431312930528e+00 -3.385902127698785513e+00 5.182016848244113544e-02
-2.615409065545153400e+00 -2.047117905389048254e+00 -2.042222589435165325e+00 -1.280187326243432677e+00 -3.390577855957203735e+00 3.537858489988578159e-02
-2.633334826942890672e+00 -2.069671473339465440e+00 -2.040174834221117006e+00 -1.291427494416594879e+00 -3.395065393322951319e+00 1.884601743998484680e-02
-2.651217684522783280e+00 -2.092219097749866474e+00 -2.038098214610853720e+00 -1.302410924316867336e+00 -3.399372561135086901e+00 2.222916666293057314e-03
-2.669056088515299852e+00 -2.114759671182746992e+00 -2.035992238404815691e+00 -1.313131873019425466e+00 -3.403507465462269455e+00 -1.449024601074242954e-02
-2.686848486765334609e+00 -2.137292084099725820e+00 -2.033856401574071437e+00 -1.323584879451679575e+00 -3.407478488646213499e+00 -3.129297862529931834e-02
-2.704593324696006995e+00 -2.159815224782803522e+00 -2.031690185218426148e+00 -1.333764777462060014e+00 -3.411294280165741544e+00 -4.818476896912019664e-02
-2.722289045210702696e+00 -2.182327979299754528e+00 -2.029493058660906790e+00 -1.343666708661509501e+00 -3.414963746821139345e+00 -6.516508492583754364e-02
-2.739934088671748036e+00 -2.204829231403900636e+00 -2.027264478342584830e+00 -1.353286134999126977e+00 -3.418496042240429578e+00 -8.223337482601621173e-02
-2.757526892861812851e+00 -2.227317862443272567e+00 -2.025003886876743042e+00 -1.362618851040429346e+00 -3.421900555710918557e+00 -9.938906782312073585e-02
-2.775065892931530609e+00 -2.249792751275355940e+00 -2.022710712795482646e+00 -1.371660995909545155e+00 -3.425186900341355756e+00 -1.166315742897743174e-01
-2.792549521349570796e+00 -2.272252774174969847e+00 -2.020384370161577792e+00 -1.380409064861002122e+00 -3.428364900561872819e+00 -1.339602862340621703e-01
-2.809976207852383556e+00 -2.294696804737262230e+00 -2.018024256394439053e+00 -1.388859920442541585e+00 -3.431444578971170056e+00 -1.513745777353805722e-01
-2.827344379353935011e+00 -2.317123713806390040e+00 -2.015629753938176005e+00 -1.397010803215092078e+00 -3.434436142541996251e+00 -1.688738053995063604e-01
-2.844652459902174080e+00 -2.339532369362402164e+00 -2.013200229344334069e+00 -1.404859341992704680e+00 -3.437349968198282646e+00 -1.864573088321850036e-01
-2.861898870624536961e+00 -2.361921636411230541e+00 -2.010735032324902694e+00 -1.412403563566378084e+00 -3.440196587779309034e+00 -2.041244111309711284e-01
-2.879082029662352049e+00 -2.384290376877516326e+00 -2.008233495845964889e+00 -1.419641901876046441e+00 -3.442986672408312021e+00 -2.218744193942603915e-01
-2.896200352118065258e+00 -2.406637449482232682e+00 -2.005694934574461463e+00 -1.426573206595071808e+00 -3.445731016285278336e+00 -2.397066252474017167e-01
-2.913252249978790065e+00 -2.428961709632491583e+00 -2.003118645553492616e+00 -1.433196751093622545e+00 -3.448440519925218162e+00 -2.576203053846750635e-01
-2.930236132066579291e+00 -2.451262009284937093e+00 -2.000503907059791864e+00 -1.439512239745497357e+00 -3.451126172866044950e+00 -2.756147221267147840e-01
-2.947150403975272059e+00 -2.473537196813518246e+00 -1.997849976366563807e+00 -1.445519814546887716e+00 -3.453799035871474743e+00 -2.936891239925118469e-01
-2.963993467970325035e+00 -2.495786116899300744e+00 -1.995156091175080970e+00 -1.451220061013462903e+00 -3.456470222657113567e+00 -3.118427462852957910e-01
-2.980763722934009152e+00 -2.518007610379446426e+00 -1.992421469563396608e+00 -1.456614013325673751e+00 -3.459150881169251956e+00 -3.300748116913609365e-01
-2.997459564323368575e+00 -2.540200514080492855e+00 -1.989645307037575250e+00 -1.461703158690781823e+00 -3.461852174448727837e+00 -3.483845308906046156e-01
-3.014079384077309687e+00 -2.562363660683657063e+00 -1.986826775668732559e+00 -1.466489440893911755e+00 -3.464585261113324766e+00 -3.667711031781448194e-01
-3.030621570520054320e+00 -2.584495878586181572e+00 -1.983965026234044471e+00 -1.470975263012660905e+00 -3.467361275493835659e+00 -3.852337170960941082e-01
-3.047084508328366415e+00 -2.606595991708483329e+00 -1.981059185481059082e+00 -1.475163489267377503e+00 -3.470191307461817143e+00 -4.037715510742987401e-01
-3.063466578454974165e+00 -2.628662819327568734e+00 -1.978108356665905232e+00 -1.479057445983452679e+00 -3.473086381988268467e+00 -4.223837740789481154e-01
-3.079766158081447269e+00 -2.650695175881728538e+00 -1.975111616395855529e+00 -1.482660921643672802e+00 -3.476057438473960204e+00 -4.410695462681322176e-01
-3.095981620520130928e+00 -2.672691870806471748e+00 -1.972068014354779519e+00 -1.485978166010547108e+00 -3.479115309893856089e+00 -4.598280196528898300e-01
-3.112111335129662315e+00 -2.694651708353445141e+00 -1.968976573899440030e+00 -1.489013888301769395e+00 -3.482270701798932055e+00 -4.786583387631239694e-01
-3.128153667263961157e+00 -2.716573487377449414e+00 -1.965836290185209112e+00 -1.491773254400156068e+00 -3.485534171221565281e+00 -4.975596413165283005e-01
-3.144106978201508973e+00 -2.738456001131424955e+00 -1.962646129235125825e+00 -1.494261883086059228e+00 -3.488916105530482703e+00 -5.165310588898647248e-01
-3.159969625076605837e+00 -2.760298037052835607e+00 -1.959405025317242366e+00 -1.496485841279085349e+00 -3.492426701283555257e+00 -5.355717175910008621e-01
-3.175739960776919002e+00 -2.782098376567475828e+00 -1.956111882091256637e+00 -1.498451638281830478e+00 -3.496075943126194741e+00 -5.546807387306257331e-01
-3.191416333890997326e+00 -2.803855794849538174e+00 -1.952765571435722380e+00 -1.500166219017698088e+00 -3.499873582785683279e+00 -5.738572394921818143e-01
-3.206997088656149408e+00 -2.825569060574785851e+00 -1.949364931848571070e+00 -1.501636956258346478e+00 -3.503829118211996274e+00 -5.931003335990220338e-01
-3.222480564898566602e+00 -2.847236935671995983e+00 -1.945908767305357667e+00 -1.502871641840262784e+00 -3.507951772915467448e+00 -6.124091319770432751e-01
-3.237865097977273621e+00 -2.868858175064817218e+00 -1.942395846328841991e+00 -1.503878476871236103e+00 -3.512250475553010620e+00 -6.317827434119944741e-01
-3.253149018737730547e+00 -2.890431526399473761e+00 -1.938824899145959124e+00 -1.504666060928959048e+00 -3.516733839815590290e+00 -6.512202751996859496e-01
-3.268330653435197686e+00 -2.911955729786583902e+00 -1.935194617717630905e+00 -1.505243380259783326e+00 -3.521410144668233322e+00 -6.707208337878842741e-01
-3.283408323691891617e+00 -2.933429517512148532e+00 -1.931503653385264307e+00 -1.505619794986779114e+00 -3.526287314994626776e+00 -6.902835254086048256e-01
-3.298380346437838284e+00 -2.954851613752669248e+00 -1.927750615494437270e+00 -1.505805025337968450e+00 -3.531372902699144500e+00 -7.099074566996429470e-01
-3.313245033858412292e+00 -2.976220734278437252e+00 -1.923934070334720525e+00 -1.505809136910936319e+00 -3.536674068316974395e+00 -7.295917353137171268e-01
-3.328000693356870432e+00 -2.997535586138693642e+00 -1.920052537868891962e+00 -1.505642524990125075e+00 -3.542197563184647624e+00 -7.493354705138450811e-01
-3.342645627486847459e+00 -3.018794867360546252e+00 -1.916104487181650384e+00 -1.505315897937213876e+00 -3.547949712221754481e+00 -7.691377737539951687e-01
-3.357178133830318600e+00 -3.039997266677807453e+00 -1.912088336429803581e+00 -1.504840259678154935e+00 -3.553936397373546274e+00 -7.889977592435181153e-01
-3.371596504919328829e+00 -3.061141463221107362e+00 -1.908002452463507304e+00 -1.504226891313175107e+00 -3.560163041763044767e+00 -8.089145444937339002e-01
-3.385899028196898808e+00 -3.082226126173714054e+00 -1.903845148530135534e+00 -1.503487331877486621e+00 -3.566634594601618691e+00 -8.288872508461760935e-01
-3.400083985979212908e+00 -3.103249914419794031e+00 -1.899614684511700791e+00 -1.502633358283592457e+00 -3.573355516904916929e+00 -8.489150039804862491e-01
-3.414149655475239964e+00 -3.124211476147044309e+00 -1.895309265528025700e+00 -1.501676964478793952e+00 -3.580329768060386275e+00 -8.689969344012316022e-01
-3.428094308831998394e+00 -3.145109448426607557e+00 -1.890927039803205867e+00 -1.500630339854973627e+00 -3.587560793289341632e+00 -8.891321779021725824e-01
-3.441916213193088492e+00 -3.165942456779056613e+00 -1.886466104420442935e+00 -1.499505846948627763e+00 -3.595051512047395370e+00 -9.093198760071444786e-01
-3.455613630937642178e+00 -3.186709114617300997e+00 -1.881924504506622853e+00 -1.498315998473219723e+00 -3.602804307402418971e+00 -9.295591763861533741e-01
-3.469184819962896960e+00 -3.207408022659380187e+00 -1.877300224641033521e+00 -1.497073433726708869e+00 -3.610821016429957009e+00 -9.498492332460423127e-01
-3.482628033851395077e+00 -3.228037768416047726e+00 -1.872591192990949560e+00 -1.495790894421581863e+00 -3.619102921660060979e+00 -9.701892076941714960e-01
-3.495941522188619643e+00 -3.248596925578088879e+00 -1.867795270268124641e+00 -1.494481199980969288e+00 -3.627650743615974172e+00 -9.905782680744722457e-01
-3.509123530717704220e+00 -3.269084053507442356e+00 -1.862910214822554256e+00 -1.493157222352845537e+00 -3.636464634474097846e+00 -1.011015590274801479e+00
-3.522172300835756609e+00 -3.289497697132346410e+00 -1.857933668199717614e+00 -1.491831860799539111e+00 -3.645544172239995273e+00 -1.031500358004062923e+00
-3.535086068879622623e+00 -3.309836386962405008e+00 -1.852863189453005432e+00 -1.490518016181960892e+00 -3.654888356166710039e+00 -1.052031763038209888e+00
-3.547863066207511018e+00 -3.330098638584584769e+00 -1.847696265881841438e+00 -1.489228564510417296e+00 -3.664495603955245429e+00 -1.072609005434902674e+00
-3.560501519579732488e+00 -3.350282951965671607e+00 -1.842430309499374141e+00 -1.487976330225431854e+00 -3.674363750203585521e+00 -1.093231293716358188e+00
-3.572999651549552347e+00 -3.370387810748421309e+00 -1.837062642708197302e+00 -1.486774059268954673e+00 -3.684490046123345852e+00 -1.113897845019410582e+00
-3.585355680652082100e+00 -3.390411681672986788e+00 -1.831590483258094260e+00 -1.485634392007206817e+00 -3.694871160541781663e+00 -1.134607885212727485e+00
-3.597567816801007012e+00 -3.410353013872811978e+00 -1.826010943875920223e+00 -1.484569849248106310e+00 -3.705503161713874949e+00 -1.155360648854951489e+00
-3.609634261328680260e+00 -3.430210238309386206e+00 -1.820321030112208582e+00 -1.483592802934516897e+00 -3.716381521142944511e+00 -1.176155379110106480e+00
-3.621553207090660642e+00 -3.449981767163134982e+00 -1.814517639705376384e+00 -1.482715446925204184e+00 -3.727501118889401166e+00 -1.196991327620497314e+00
-3.633322838669939436e+00 -3.469665993160835349e+00 -1.808597559421724510e+00 -1.481949767939888085e+00 -3.738856250371382473e+00 -1.217867754336704467e+00
-3.644941332636218334e+00 -3.489261288869260014e+00 -1.802557461046855103e+00 -1.481307516747239594e+00 -3.750440634651337479e+00 -1.238783927304448973e+00
-3.656406857850272640e+00 -3.508766005962704604e+00 -1.796393897294768616e+00 -1.480800179672469907e+00 -3.762247424205122037e+00 -1.259739122408404022e+00
-3.667717575819110731e+00 -3.528178474463177672e+00 -1.790103297129407522e+00 -1.480438950502435791e+00 -3.774269216161242113e+00 -1.280732623073144172e+00
-3.678871641097573253e+00 -3.547497001957216511e+00 -1.783681960916043030e+00 -1.480234702865564245e+00 -3.786498064994862300e+00 -1.301763719921127382e+00
-3.689867201741212632e+00 -3.566719872788348233e+00 -1.777126054371648944e+00 -1.480197963163649044e+00 -3.798925496657670653e+00 -1.322831710388508331e+00
-3.700702399795343656e+00 -3.585845347236061187e+00 -1.770431601264952581e+00 -1.480338884131243482e+00 -3.811542524120168807e+00 -1.343935898299186249e+00
-3.711375371805234913e+00 -3.604871660690462498e+00 -1.763594478933795173e+00 -1.480667219097969722e+00 -3.824339664299554187e+00 -1.365075593398271225e+00
-3.721884249410215784e+00 -3.623797022788575184e+00 -1.756610408873620299e+00 -1.481192297027573712e+00 -3.837306956339082475e+00 -1.386250110844826189e+00
-3.732227159937173244e+00 -3.642619616561754370e+00 -1.749474950653208127e+00 -1.481922998406223879e+00 -3.850433981204763434e+00 -1.407458770665160008e+00
-3.742402227067199494e+00 -3.661337597554389589e+00 -1.742183493663238991e+00 -1.482867732050596743e+00 -3.863709882560436792e+00 -1.428700897168271755e+00
-3.752407571544100318e+00 -3.679949092932650601e+00 -1.734731249824774668e+00 -1.484034412905801625e+00 -3.877123388872684373e+00 -1.449975818324301224e+00
-3.762241311953696599e+00 -3.698452200568985049e+00 -1.727113244981898443e+00 -1.485430440898895865e+00 -3.890662836700687244e+00 -1.471282865106713356e+00
-3.771901565560717096e+00 -3.716844988112388393e+00 -1.719324311249493586e+00 -1.487062680912805135e+00 -3.904316195118495258e+00 -1.492621370800339298e+00
-3.781386449232281954e+00 -3.735125492030777927e+00 -1.711359076538462087e+00 -1.488937443942857097e+00 -3.918071091215870716e+00 -1.513990670276764705e+00
-3.790694080408466782e+00 -3.753291716649451715e+00 -1.703211955642419007e+00 -1.491060469495086194e+00 -3.931914836617531606e+00 -1.535390099238614026e+00
-3.799822578161701436e+00 -3.771341633164915663e+00 -1.694877140567363716e+00 -1.493436909283013314e+00 -3.945834454958863535e+00 -1.556818993434501586e+00
-3.808770064344257911e+00 -3.789273178638620010e+00 -1.686348590287910065e+00 -1.496071312275806031e+00 -3.959816710250438909e+00 -1.578276687846720705e+00
-3.817534664827585189e+00 -3.807084254971233150e+00 -1.677620020723324057e+00 -1.498967611147771217e+00 -3.973848136065355252e+00 -1.599762515853581757e+00
-3.826114510851814643e+00 -3.824772727852634446e+00 -1.668684892711615353e+00 -1.502129110175971727e+00 -3.987915065474296750e+00 -1.621275808368211502e+00
-3.834507740464805359e+00 -3.842336425701099678e+00 -1.659536398997866202e+00 -1.505558474627974874e+00 -4.002003661655618494e+00 -1.642815892956474455e+00
-3.842712500049781266e+00 -3.859773138595453901e+00 -1.650167453105856552e+00 -1.509257721679785336e+00 -4.016099949107218237e+00 -1.664382092936101065e+00
-3.850726945991207462e+00 -3.877080617180458155e+00 -1.640570675744255968e+00 -1.513228212897769209e+00 -4.030189845373004509e+00 -1.685973726459073729e+00
-3.858549246452723569e+00 -3.894256571563594171e+00 -1.630738379697283635e+00 -1.517470648315977000e+00 -4.044259193206613645e+00 -1.707590105580120365e+00
-3.866177583259455819e+00 -3.911298670210195283e+00 -1.620662556047395286e+00 -1.521985062135622124e+00 -4.058293793091069190e+00 -1.729230535313544648e+00
-3.873610153926381194e+00 -3.928204538823615977e+00 -1.610334859704163346e+00 -1.526770820068142243e+00 -4.072279436023475085e+00 -1.750894312681072984e+00
-3.880845173839837070e+00 -3.944971759211874485e+00 -1.599746592004308576e+00 -1.531826618340031088e+00 -4.086201936481496766e+00 -1.772580725752703756e+00
-3.887880878562428588e+00 -3.961597868161399916e+00 -1.588888684641752036e+00 -1.537150484372312720e+00 -4.100047165482410882e+00 -1.794289052684401753e+00
-3.894715526304838527e+00 -3.978080356303474119e+00 -1.577751681807419981e+00 -1.542739779142875411e+00 -4.113801083645826751e+00 -1.816018560753951405e+00
-3.901347400555809752e+00 -3.994416666985798336e+00 -1.566325722461652914e+00 -1.548591201235219428e+00 -4.127449774169583918e+00 -1.837768505398592600e+00
-3.907774812894015515e+00 -4.010604195145112350e+00 -1.554600520139283626e+00 -1.554700792572079493e+00 -4.140979475628833839e+00 -1.859538129255886796e+00
-3.913996105963528649e+00 -4.026640286196080609e+00 -1.542565342824992580e+00 -1.561063945828171429e+00 -4.154376614508787924e+00 -1.881326661211866424e+00
-3.920009656637016171e+00 -4.042522234934592618e+00 -1.530208991457144618e+00 -1.567675413510644544e+00 -4.167627837379839661e+00 -1.903133315458464425e+00
-3.925813879367420878e+00 -4.058247284463435633e+00 -1.517519778843200884e+00 -1.574529318690432333e+00 -4.180720042622721344e+00 -1.924957290562792744e+00
-3.931407229757769350e+00 -4.073812625137501975e+00 -1.504485505044406368e+00 -1.581619167364920031e+00 -4.193640411618789976e+00 -1.946797768550973196e+00
-3.936788208316099880e+00 -4.089215393550900579e+00 -1.491093433771559784e+00 -1.588937862423806857e+00 -4.206376439310529847e+00 -1.968653914008657857e+00
-3.941955364435148379e+00 -4.104452671558052046e+00 -1.477330267910639927e+00 -1.596477719190075639e+00 -4.218915964053093326e+00 -1.990524873201366951e+00
-3.946907300605669633e+00 -4.119521485336431255e+00 -1.463182122572887378e+00 -1.604230482498093524e+00 -4.231247196664407184e+00 -2.012409773216895736e+00
-3.951642676847467506e+00 -4.134418804505378908e+00 -1.448634499503554274e+00 -1.612187345269578076e+00 -4.243358748593248464e+00 -2.034307721131922264e+00
-3.956160215400147173e+00 -4.149141541298497771e+00 -1.433672258217672635e+00 -1.620338968540424807e+00 -4.255239659119249396e+00 -2.056217803205602213e+00
-3.960458705643803867e+00 -4.163686549806873138e+00 -1.418279587330036007e+00 -1.628675502891528515e+00 -4.266879421511530879e+00 -2.078139084102342604e+00
-3.964537009271853041e+00 -4.178050625294487119e+00 -1.402439974473200124e+00 -1.637186611226276067e+00 -4.278268008062793726e+00 -2.100070606145405527e+00
-3.968394065711465135e+00 -4.192230503597161650e+00 -1.386136176560864852e+00 -1.645861492836004691e+00 -4.289395893925205705e+00 -2.122011388603608051e+00
-3.972028897810575998e+00 -4.206222860604675873e+00 -1.369350187687824905e+00 -1.654688908691954286e+00 -4.300254079680109420e+00 -2.143960427013730907e+00
-3.975440617768202678e+00 -4.220024311839150499e+00 -1.352063207186619875e+00 -1.663657207895627543e+00 -4.310834112571900079e+00 -2.165916692539620048e+00
-3.978628433317967783e+00 -4.233631412130865357e+00 -1.334255607441751978e+00 -1.672754355215521738e+00 -4.321128106340905717e+00 -2.187879131370010111e+00
-3.981591654164831073e+00 -4.247040655390778241e+00 -1.315906900753045505e+00 -1.681967959637783450e+00 -4.331128759598615652e+00 -2.209846664157112173e+00
-3.984329698659542451e+00 -4.260248474483407044e+00 -1.296995706356347755e+00 -1.691285303850488031e+00 -4.340829372686265231e+00 -2.231818185496452056e+00
-3.986842100704955261e+00 -4.273251241193523953e+00 -1.277499717326917139e+00 -1.700693374580977135e+00 -4.350223862966446475e+00 -2.253792563450399911e+00
-3.989128516878783337e+00 -4.286045266277492161e+00 -1.257395667819852347e+00 -1.710178893700877722e+00 -4.359306778500101842e+00 -2.275768639116117154e+00
-3.991188733754874374e+00 -4.298626799584384095e+00 -1.236659300353269320e+00 -1.719728350011883622e+00 -4.368073310066754367e+00 -2.297745226239297445e+00
-3.993022675394155119e+00 -4.310992030224392479e+00 -1.215265333335957321e+00 -1.729328031624203899e+00 -4.376519301492969305e+00 -2.319721110874277237e+00
-3.994630410970650303e+00 -4.323137086752486979e+00 -1.193187430527151704e+00 -1.738964058832020543e+00 -4.384641258252455209e+00 -2.341695051091466251e+00
-3.996012162510191867e+00 -4.335058037320386859e+00 -1.170398171506738638e+00 -1.748622417395698125e+00 -4.392436354315418789e+00 -2.363665776733188117e+00
-3.997168312698623716e+00 -4.346750889737664991e+00 -1.146869024196271569e+00 -1.758288992131714190e+00 -4.399902437221587803e+00 -2.385631989217632309e+00
-3.998099412721690893e+00 -4.358211591364434589e+00 -1.122570320417156653e+00 -1.767949600717841685e+00 -4.407038031365508424e+00 -2.407592361392216329e+00
-3.998806190101891200e+00 -4.369436028738339139e+00 -1.097471234341283575e+00 -1.777590027611775314e+00 -4.413842339479546517e+00 -2.429545537436070823e+00
-3.999289556492908293e+00 -4.380420026813514056e+00 -1.071539763713668325e+00 -1.787196057987828546e+00 -4.420315242313089144e+00 -2.451490132811936729e+00
-3.999550615388583807e+00 -4.391159347666181212e+00 -1.044742715313959014e+00 -1.796753511591315133e+00 -4.426457296506910666e+00 -2.473424734266937097e+00
-3.999590669725938685e+00 -4.401649688492457635e+00 -1.017045699053058749e+00 -1.806248276412383058e+00 -4.432269730670017616e+00 -2.495347899882786713e+00
-3.999411229421611313e+00 -4.411886678696918196e+00 -9.884131197051114759e-01 -1.815666342074115258e+00 -4.437754439664335138e+00 -2.517258159174664556e+00
-3.999014018791032132e+00 -4.421865875835397475e+00 -9.588081722156812647e-01 -1.824993832855776876e+00 -4.442913977133998493e+00 -2.539154013238605678e+00
-3.998400983911360118e+00 -4.431582760159624712e+00 -9.281928508652638188e-01 -1.834217040245303076e+00 -4.447751546292302294e+00 -2.561033934946283619e+00
-3.997574300157220151e+00 -4.441032727512836509e+00 -8.965279910669305963e-01 -1.843322454925054643e+00 -4.452270988994894374e+00 -2.582896369186556740e+00
-3.996536380393785670e+00 -4.450211080377222572e+00 -8.637733803977071245e-01 -1.852296798103480802e+00 -4.456476773138161818e+00 -2.604739733153716319e+00
-3.995289884700175431e+00 -4.459113017018858649e+00 -8.298880032688495945e-01 -1.861127052097069523e+00 -4.460373978419266194e+00 -2.626562416680255030e+00
-3.993837733043756000e+00 -4.467733618929228712e+00 -7.948305031802402887e-01 -1.869800490078871613e+00 -4.463968280506808384e+00 -2.648362782613992383e+00
-3.992183122816078455e+00 -4.476067837115130565e+00 -7.585599453567104522e-01 -1.878304704909538048e+00 -4.467265933673005840e+00 -2.670139167237748357e+00
-3.990329553245455685e+00 -4.484110478067309558e+00 -7.210369002204526367e-01 -1.886627636967335153e+00 -4.470273751941955531e+00 -2.691889880730501616e+00
-3.988280857777219968e+00 -4.491856190022463835e+00 -6.822246956408950513e-01 -1.894757600900716987e+00 -4.472999088815638125e+00 -2.713613207668593041e+00
-3.986041242472612378e+00 -4.499299449050628397e+00 -6.420903433225582102e-01 -1.902683310279982498e+00 -4.475449814969721274e+00 -2.735307409144930979e+00
-3.983615332771903716e+00 -4.506434535716323353e+00 -6.006041176339567134e-01 -1.910393866531943763e+00 -4.477634281919588233e+00 -2.756970723407304646e+00
-3.981008196118444253e+00 -4.513255496816646506e+00 -5.577361495731529839e-01 -1.917878780638047731e+00 -4.479561300749196562e+00 -2.778601366525760508e+00
-3.978225324734587787e+00 -4.519756062134147712e+00 -5.134479523149624303e-01 -1.925127993681280403e+00 -4.481240119799728028e+00 -2.800197533087725343e+00
-3.975272550234644431e+00 -4.525929475034248028e+00 -4.676771216061580971e-01 -1.932131894406908801e+00 -4.482680400758311201e+00 -2.821757396919761796e+00
-3.972155869944052675e+00 -4.531768187635052847e+00 -4.203157530534086250e-01 -1.938881337264776406e+00 -4.483892194625915373e+00 -2.843279111834163597e+00
-3.968881199844541907e+00 -4.537263390015758624e+00 -3.711885069076394927e-01 -1.945367659190393894e+00 -4.484885916868203815e+00 -2.864760812398917000e+00
-3.965454139400222289e+00 -4.542404423296712679e+00 -3.200461060039535566e-01 -1.951582695075814167e+00 -4.485672321822965714e+00 -2.886200614729528269e+00
-3.961879937396100892e+00 -4.547178313718818643e+00 -2.666043155997344094e-01 -1.957518791878162245e+00 -4.486262476444221825e+00 -2.907596617301135389e+00
-3.958163951241938872e+00 -4.551569996765450377e+00 -2.106737578928101207e-01 -1.963168821289657195e+00 -4.486667733469343666e+00 -2.928946901779279521e+00
-3.954312909669861931e+00 -4.555564256740059825e+00 -1.524324502151899463e-01 -1.968526190826024314e+00 -4.486899704104555298e+00 -2.950249533867571383e+00
-3.950337085448718533e+00 -4.559150809026651707e+00 -9.287093587450802323e-02 -1.973584853004509698e+00 -4.486970230337237631e+00 -2.971502564170353189e+00
-3.946252953709670663e+00 -4.562333789678490348e+00 -3.435815110866843186e-02 -1.978339311753186669e+00 -4.486891356999442415e+00 -2.992704029068297800e+00
-3.942085205458257580e+00 -4.565145105403495940e+00 1.890251608968696734e-02 -1.982784623608295105e+00 -4.486675303706571860e+00 -3.013851951604035406e+00
-3.937866896100361114e+00 -4.567655797543848095e+00 6.105884521073329935e-02 -1.986916386453676298e+00 -4.486334436669494607e+00 -3.034944342371595827e+00
-3.933638676256095756e+00 -4.569968789629399453e+00 8.637175660852966508e-02 -1.990730696423493873e+00 -4.485881239765149964e+00 -3.055979200389554507e+00
