-1.225106125422721071e-01 9.168237659609853596e-01 -1.424383703549444657e+00 3.205819548830269455e-02 -9.176644492766760086e-01 1.633361308153987057e+00
-1.225106125422721071e-01 9.168237659609853596e-01 -1.424383703549444657e+00 3.205819548830269455e-02 -9.176644492766760086e-01 1.633361308153987057e+00
-1.225124730308790044e-01 9.167728207290568587e-01 -1.425147465826907656e+00 3.206058109726906552e-02 -9.176963527569935719e-01 1.633314421134195893e+00
-1.225162100739677351e-01 9.166708744365289485e-01 -1.426640284680346094e+00 3.206539037869388098e-02 -9.177607406595603701e-01 1.633220792885605288e+00
-1.225219525956025568e-01 9.165178785156847807e-01 -1.428828254982424273e+00 3.207265667977702434e-02 -9.178581930725414617e-01 1.633080569024858431e+00
-1.225299356756664598e-01 9.163137919576387347e-01 -1.431678270911148187e+00 3.208240848321333716e-02 -9.179892891575434088e-01 1.632893894993080242e+00
-1.225404939941932003e-01 9.160585819378059824e-01 -1.435158023933037041e+00 3.209466926037440881e-02 -9.181546070760638889e-01 1.632660916054690547e+00
-1.225540554228131823e-01 9.157522247027038986e-01 -1.439236000073621957e+00 3.210945732593304541e-02 -9.183547239151353958e-01 1.632381777296201042e+00
-1.225711347627319453e-01 9.153947066580143677e-01 -1.443881476509736528e+00 3.212678569397809519e-02 -9.185902156121117379e-01 1.632056623624995817e+00
-1.225923276281262464e-01 9.149860256037074535e-01 -1.449064517517187678e+00 3.214666193566687730e-02 -9.188616568785489269e-01 1.631685599768096129e+00
-1.226183044736685462e-01 9.145261920675772371e-01 -1.454755969806527105e+00 3.216908803846223880e-02 -9.191696211231369373e-01 1.631268850270907622e+00
-1.226498047649881157e-01 9.140152306937860960e-01 -1.460927457278779595e+00 3.219406026700073059e-02 -9.195146803736328200e-01 1.630806519495952678e+00
-1.226876312911724942e-01 9.134531816479473099e-01 -1.467551375232128086e+00 3.222156902563831637e-02 -9.198974051977543143e-01 1.630298751621586106e+00
-1.227326446188425207e-01 9.128401020049224934e-01 -1.474600884049708904e+00 3.225159872271948086e-02 -9.203183646229892156e-01 1.629745690640694411e+00
-1.227857576878437773e-01 9.121760670898696466e-01 -1.482049902397832852e+00 3.228412763661565182e-02 -9.207781260552804214e-01 1.629147480359379063e+00
-1.228479305491424478e-01 9.114611717471574615e-01 -1.489873099963116454e+00 3.231912778357836497e-02 -9.212772551965453527e-01 1.628504264395624457e+00
-1.229201652460588795e-01 9.106955315155836894e-01 -1.498045889756192572e+00 3.235656478745239928e-02 -9.218163159609918944e-01 1.627816186177948543e+00
-1.230035008404855301e-01 9.098792836918911942e-01 -1.506544420008858687e+00 3.239639775129414534e-02 -9.223958703901938838e-01 1.627083388944039255e+00
-1.230990085861987937e-01 9.090125882678893321e-01 -1.515345565690725760e+00 3.243857913093987216e-02 -9.230164785668883987e-01 1.626306015739373168e+00
-1.232077872517649275e-01 9.080956287295539608e-01 -1.524426919670644587e+00 3.248305461056889137e-02 -9.236786985274630934e-01 1.625484209415820169e+00
-1.233309585958504567e-01 9.071286127093196594e-01 -1.533766783547411361e+00 3.252976298030593738e-02 -9.243830861730986115e-01 1.624618112630231481e+00
-1.234696629979670779e-01 9.061117724853823274e-01 -1.543344158173492797e+00 3.257863601590737374e-02 -9.251301951795352085e-01 1.623707867843011687e+00
-1.236250552478075082e-01 9.050453653242230834e-01 -1.553138733894760870e+00 3.262959836057551660e-02 -9.259205769054341673e-01 1.622753617316676333e+00
-1.237983004963600919e-01 9.039296736647359776e-01 -1.563130880528488920e+00 3.268256740894515816e-02 -9.267547802993043593e-01 1.621755503114392649e+00
-1.239905703719298008e-01 9.027650051443170121e-01 -1.573301637101133466e+00 3.273745319328647679e-02 -9.276333518049679761e-01 1.620713667098506061e+00
-1.242030392640434550e-01 9.015516924690344380e-01 -1.583632701366714635e+00 3.279415827196838218e-02 -9.285568352655395596e-01 1.619628250929050495e+00
-1.244368807779861891e-01 9.002900931315824806e-01 -1.594106419125904228e+00 3.285257762022598255e-02 -9.295257718258944646e-01 1.618499396062243800e+00
-1.246932643624090314e-01 8.989805889821077534e-01 -1.604705773365244559e+00 3.291259852327626384e-02 -9.305406998336038793e-01 1.617327243748967858e+00
-1.249733521120745955e-01 8.976235856582090999e-01 -1.615414373235241285e+00 3.297410047182555703e-02 -9.316021547383177559e-01 1.616111935033233138e+00
-1.252782957473767278e-01 8.962195118814528794e-01 -1.626216442885411340e+00 3.303695506001255028e-02 -9.327106689895728886e-01 1.614853610750629498e+00
-1.256092337717913121e-01 8.947688186286217871e-01 -1.637096810173715777e+00 3.310102588583045680e-02 -9.338667719330124850e-01 1.613552411526760544e+00
-1.259672888078977870e-01 8.932719781866375053e-01 -1.648040895267164574e+00 3.316616845407192177e-02 -9.350709897049979125e-01 1.612208477775664228e+00
-1.263535651120655245e-01 8.917294831006697953e-01 -1.659034699149758874e+00 3.323223008184013338e-02 -9.363238451256010730e-01 1.610821949698217681e+00
-1.267691462673339042e-01 8.901418450253851811e-01 -1.670064792053315150e+00 3.329904980666961029e-02 -9.376258575899623082e-01 1.609392967280528719e+00
-1.272150930534394209e-01 8.885095934895930192e-01 -1.681118301826117989e+00 3.336645829730009588e-02 -9.389775429580045074e-01 1.607921670292311589e+00
-1.276924414923681084e-01 8.868332745847334886e-01 -1.692182902253754451e+00 3.343427776714685135e-02 -9.403794134424928730e-01 1.606408198285249167e+00
-1.282022010672396739e-01 8.851134495877317487e-01 -1.703246801345906114e+00 3.350232189051059739e-02 -9.418319774954341250e-01 1.604852690591339837e+00
-1.287453531117755123e-01 8.833506935287157580e-01 -1.714298729602309335e+00 3.357039572157043128e-02 -9.433357396928062633e-01 1.603255286321231043e+00
-1.293228493670667834e-01 8.815455937139768938e-01 -1.725327928270536715e+00 3.363829561620274022e-02 -9.448912006176183320e-01 1.601616124362539084e+00
-1.299356107018488915e-01 8.796987482143561188e-01 -1.736324137607713425e+00 3.370580915666925026e-02 -9.464988567412930820e-01 1.599935343378153130e+00
-1.305845259920123125e-01 8.778107643289604356e-01 -1.747277585157750002e+00 3.377271507921726645e-02 -9.481592003033758598e-01 1.598213081804527480e+00
-1.312704511546365915e-01 8.758822570337809754e-01 -1.758178974055154553e+00 3.383878320463487577e-02 -9.498727191895666166e-01 1.596449477849958942e+00
-1.319942083314311621e-01 8.739138474243847154e-01 -1.769019471365977703e+00 3.390377437180410597e-02 -9.516398968080800325e-01 1.594644669492850442e+00
-1.327565852161053661e-01 8.719061611614128404e-01 -1.779790696475953338e+00 3.396744037429461766e-02 -9.534612119643361972e-01 1.592798794479962199e+00
-1.335583345198717298e-01 8.698598269271361483e-01 -1.790484709535408392e+00 3.402952390004065908e-02 -9.553371387339885112e-01 1.590911990324648473e+00
-1.344001735690128763e-01 8.677754749008040891e-01 -1.801093999970044601e+00 3.408975847414374288e-02 -9.572681463342965769e-01 1.588984394305081871e+00
-1.352827840282149197e-01 8.656537352599874557e-01 -1.811611475066235544e+00 3.414786840484333730e-02 -9.592546989938521840e-01 1.587016143462464779e+00
-1.362068117431866066e-01 8.634952367145575236e-01 -1.822030448639028188e+00 3.420356873269787823e-02 -9.612972558206694940e-01 1.585007374599226582e+00
-1.371728666959456944e-01 8.613006050793776680e-01 -1.832344629790604973e+00 3.425656518301816583e-02 -9.633962706686538535e-01 1.582958224277210224e+00
-1.381815230660588534e-01 8.590704618912134993e-01 -1.842548111766528551e+00 3.430655412159491074e-02 -9.655521920024608962e-01 1.580868828815844340e+00
-1.392333193910695599e-01 8.568054230747917943e-01 -1.852635360916680796e+00 3.435322251376227848e-02 -9.677654627607639171e-01 1.578739324290304280e+00
-1.403287588193349034e-01 8.545060976623725102e-01 -1.862601205767398183e+00 3.439624788683883633e-02 -9.700365202179467294e-01 1.576569846529659813e+00
-1.414683094485189863e-01 8.521730865706411695e-01 -1.872440826210912901e+00 3.443529829598717534e-02 -9.723657958442420979e-01 1.574360531115012396e+00
-1.426524047430511311e-01 8.498069814381796760e-01 -1.882149742817825988e+00 3.447003229353335502e-02 -9.747537151643365094e-01 1.572111513377618452e+00
-1.438814440239519210e-01 8.474083635262503744e-01 -1.891723806277962883e+00 3.450009890178677707e-02 -9.772006976144654855e-01 1.569822928397002881e+00
-1.451557930245542527e-01 8.449778026851106905e-01 -1.901159186974603843e+00 3.452513758940112254e-02 -9.797071563980226383e-01 1.567494910999060131e+00
-1.464757845057990948e-01 8.425158563875972950e-01 -1.910452364696725747e+00 3.454477825131654217e-02 -9.822734983397097830e-01 1.565127595754143730e+00
-1.478417189249615071e-01 8.400230688312447791e-01 -1.919600118493554275e+00 3.455864119232296416e-02 -9.849001237382568608e-01 1.562721116975145597e+00
-1.492538651518615367e-01 8.374999701097729510e-01 -1.928599516675391090e+00 3.456633711428406391e-02 -9.875874262177415375e-01 1.560275608715563811e+00
-1.507124612268302133e-01 8.349470754543600881e-01 -1.937447906964363087e+00 3.456746710706119080e-02 -9.903357925775386761e-01 1.557791204767559723e+00
-1.522177151549344021e-01 8.323648845447353395e-01 -1.946142906798427052e+00 3.456162264317591548e-02 -9.931456026409358762e-01 1.555268038660005070e+00
-1.537698057312097966e-01 8.297538808897688689e-01 -1.954682393791667527e+00 3.454838557624979878e-02 -9.960172291024471658e-01 1.552706243656518215e+00
-1.553688833919069645e-01 8.271145312769060398e-01 -1.963064496353628119e+00 3.452732814325918526e-02 -9.989510373738642590e-01 1.550105952753490390e+00
-1.570150710870196753e-01 8.244472852894951798e-01 -1.971287584470142074e+00 3.449801297064267191e-02 -1.001947385429083903e+00 1.547467298678102843e+00
-1.587084651696344106e-01 8.217525748907826832e-01 -1.979350260647854354e+00 3.445999308429822938e-02 -1.005006623647750397e+00 1.544790413886333980e+00
-1.604491362979118541e-01 8.190308140731072939e-01 -1.987251351024363455e+00 3.441281192350660600e-02 -1.008129094657755243e+00 1.542075430560956528e+00
-1.622371303457854907e-01 8.162823985706026964e-01 -1.994989896645663618e+00 3.435600335881688894e-02 -1.011315133176638792e+00 1.539322480609526700e+00
-1.640724693187352035e-01 8.135077056335303647e-01 -2.002565144912320960e+00 3.428909171392985344e-02 -1.014565065851939174e+00 1.536531695662363806e+00
-1.659551522712642835e-01 8.107070938621921963e-01 -2.009976541195585664e+00 3.421159179161383651e-02 -1.017879211100533476e+00 1.533703207070521657e+00
-1.678851562229740080e-01 8.078809030982329054e-01 -2.017223720624415240e+00 3.412300890368743372e-02 -1.021257878947023690e+00 1.530837145903751528e+00
-1.698624370703916420e-01 8.050294543710173611e-01 -2.024306500044171564e+00 3.402283890510261755e-02 -1.024701370861214711e+00 1.527933642948456905e+00
-1.718869304919606877e-01 8.021530498966734646e-01 -2.031224870147541495e+00 3.391056823216120897e-02 -1.028209979594739476e+00 1.524992828705640457e+00
-1.739585528438490347e-01 7.992519731273072248e-01 -2.037978987778034767e+00 3.378567394489693371e-02 -1.031783989016881398e+00 1.522014833388843913e+00
-1.760772020444677788e-01 7.963264888478407411e-01 -2.044569168406224158e+00 3.364762377365466267e-02 -1.035423673949650958e+00 1.518999786922080375e+00
-1.782427584458213810e-01 7.933768433178790547e-01 -2.050995878778707038e+00 3.349587616989736089e-02 -1.039129300002177070e+00 1.515947818937759539e+00
-1.804550856900271616e-01 7.904032644559870757e-01 -2.057259729739591592e+00 3.332988036127090825e-02 -1.042901123404463837e+00 1.512859058774606691e+00
-1.827140315495502931e-01 7.874059620637454682e-01 -2.063361469224152867e+00 3.314907641095591467e-02 -1.046739390840580652e+00 1.509733635475574820e+00
-1.850194287498948542e-01 7.843851280869599263e-01 -2.069301975424131967e+00 3.295289528133461127e-02 -1.050644339281341821e+00 1.506571677785751850e+00
-1.873710957736781646e-01 7.813409369114098224e-01 -2.075082250124010486e+00 3.274075890200036504e-02 -1.054616195816544311e+00 1.503373314150260320e+00
-1.897688376451875103e-01 7.782735456905534033e-01 -2.080703412207446146e+00 3.251208024213606690e-02 -1.058655177486825361e+00 1.500138672712153287e+00
-1.922124466946816823e-01 7.751830947026387975e-01 -2.086166691332912659e+00 3.226626338728703219e-02 -1.062761491115207901e+00 1.496867881310304460e+00
-1.947017033018493826e-01 7.720697077347205006e-01 -2.091473421777466868e+00 3.200270362055310930e-02 -1.066935333138398168e+00 1.493561067477293891e+00
-1.972363766179766609e-01 7.689334924911316316e-01 -2.096625036447430812e+00 3.172078750822337340e-02 -1.071176889437906565e+00 1.490218358437288337e+00
-1.998162252665040273e-01 7.657745410240240913e-01 -2.101623061054674668e+00 3.141989298987563767e-02 -1.075486335171066399e+00 1.486839881103919181e+00
-2.024409980217707072e-01 7.625929301836564811e-01 -2.106469108457061257e+00 3.109938947296226122e-02 -1.079863834602020400e+00 1.483425762078155019e+00
-2.051104344658514489e-01 7.593887220861799126e-01 -2.111164873161520461e+00 3.075863793190267495e-02 -1.084309540932747451e+00 1.479976127646171813e+00
-2.078242656234878805e-01 7.561619645967486703e-01 -2.115712125988119752e+00 3.039699101170159970e-02 -1.088823596134205651e+00 1.476491103777219704e+00
-2.105822145752037633e-01 7.529126918258631784e-01 -2.120112708893405085e+00 3.001379313611073074e-02 -1.093406130777669905e+00 1.472970816121487614e+00
-2.133839970487714510e-01 7.496409246369331036e-01 -2.124368529951201623e+00 2.960838062035076046e-02 -1.098057263866340394e+00 1.469415390007964728e+00
-2.162293219892656437e-01 7.463466711631350226e-01 -2.128481558488983794e+00 2.918008178840933442e-02 -1.102777102667299669e+00 1.465824950442300656e+00
-2.191178921080019215e-01 7.430299273317233499e-01 -2.132453820377850917e+00 2.872821709492860698e-02 -1.107565742543903387e+00 1.462199622104664254e+00
-2.220494044107093057e-01 7.396906773940412627e-01 -2.136287393474070928e+00 2.825209925169553868e-02 -1.112423266788685083e+00 1.458539529347600894e+00
-2.250235507053320871e-01 7.363288944595653973e-01 -2.139984403210094754e+00 2.775103335874634647e-02 -1.117349746456855808e+00 1.454844796193889289e+00
-2.280400180898942142e-01 7.329445410324046950e-01 -2.143547018332885301e+00 2.722431704009505016e-02 -1.122345240200488981e+00 1.451115546334397655e+00
-2.310984894208910068e-01 7.295375695487623657e-01 -2.146977446787343702e+00 2.667124058409478526e-02 -1.127409794103470642e+00 1.447351903125940309e+00
-2.341986437626999984e-01 7.261079229139539848e-01 -2.150277931742575532e+00 2.609108708843919239e-02 -1.132543441517305016e+00 1.443553989589134501e+00
-2.373401568185206645e-01 7.226555350376610010e-01 -2.153450747758687722e+00 2.548313260980968747e-02 -1.137746202897861325e+00 1.439721928406258344e+00
-2.405227013433711147e-01 7.191803313661838670e-01 -2.156498197091767377e+00 2.484664631817247449e-02 -1.143018085643153769e+00 1.435855841919109865e+00
-2.437459475396771547e-01 7.156822294105370519e-01 -2.159422606134656419e+00 2.418089065572833624e-02 -1.148359083932241287e+00 1.431955852126868045e+00
-2.470095634359981418e-01 7.121611392693140141e-01 -2.162226321991109756e+00 2.348512150051553296e-02 -1.153769178565346776e+00 1.428022080683955863e+00
-2.503132152494349505e-01 7.086169641453224921e-01 -2.164911709180884714e+00 2.275858833466599951e-02 -1.159248336805276614e+00 1.424054648897906006e+00
-2.536565677322655254e-01 7.050496008550725113e-01 -2.167481146473291709e+00 2.200053441731188511e-02 -1.164796512220246161e+00 1.420053677727229902e+00
-2.570392845033492302e-01 7.014589403302675663e-01 -2.169937023846717938e+00 2.121019696213881367e-02 -1.170413644528198072e+00 1.416019287779289870e+00
-2.604610283648346458e-01 6.978448681105254847e-01 -2.172281739571608750e+00 2.038680731958031692e-02 -1.176099659442709111e+00 1.411951599308175265e+00
-2.639214616046974826e-01 6.942072648266214285e-01 -2.174517697414382944e+00 1.952959116364545375e-02 -1.181854468520588730e+00 1.407850732212583500e+00
-2.674202462856238860e-01 6.905460066736139879e-01 -2.176647303959746260e+00 1.863776868337130299e-02 -1.187677969011256662e+00 1.403716806033705966e+00
-2.709570445207417633e-01 6.868609658732767187e-01 -2.178672966048860182e+00 1.771055477888825239e-02 -1.193570043708006789e+00 1.399549939953118605e+00
-2.745315187366902387e-01 6.831520111253228666e-01 -2.180597088330811673e+00 1.674715926208564590e-02 -1.199530560801252088e+00 1.395350252790679146e+00
-2.781433319245003588e-01 6.794190080469633131e-01 -2.182422070924836088e+00 1.574678706186320373e-02 -1.205559373733851469e+00 1.391117863002430566e+00
-2.817921478787468459e-01 6.756618196004018362e-01 -2.184150307190739326e+00 1.470863843395143339e-02 -1.211656321058615760e+00 1.386852888678510753e+00
-2.854776314254113823e-01 6.718803065079176351e-01 -2.185784181604967014e+00 1.363190917528235568e-02 -1.217821226298098747e+00 1.382555447541070626e+00
-2.891994486388834718e-01 6.680743276542417952e-01 -2.187326067739782332e+00 1.251579084288993379e-02 -1.224053897806771651e+00 1.378225656942198674e+00
-2.929572670485051100e-01 6.642437404759792274e-01 -2.188778326343010505e+00 1.135947097731726183e-02 -1.230354128635687605e+00 1.373863633861855282e+00
-2.967507558350505059e-01 6.603884013378753526e-01 -2.190143303515825757e+00 1.016213333050634826e-02 -1.236721696399736059e+00 1.369469494905814821e+00
-3.005795860175123346e-01 6.565081658957691024e-01 -2.191423328986066732e+00 8.922958098143883576e-03 -1.243156363147589261e+00 1.365043356303617283e+00
-3.044434306305497939e-01 6.526028894461155527e-01 -2.192620714474575738e+00 7.641122156433761969e-03 -1.249657875234448934e+00 1.360585333906530803e+00
-3.083419648929366375e-01 6.486724272620010279e-01 -2.193737752152079334e+00 6.315799303266127901e-03 -1.256225963197692419e+00 1.356095543185522612e+00
-3.122748663673307057e-01 6.447166349156067122e-01 -2.194776713184144246e+00 4.946160503749033599e-03 -1.262860341635531736e+00 1.351574099229242654e+00
-3.162418151116684895e-01 6.407353685871159943e-01 -2.195739846361755898e+00 3.531374140068647971e-03 -1.269560709088778383e+00 1.347021116742018298e+00
-3.202424938224754936e-01 6.367284853600867489e-01 -2.196629376815097068e+00 2.070606265639842597e-03 -1.276326747925831118e+00 1.342436710041860382e+00
-3.242765879703642939e-01 6.326958435033458450e-01 -2.197447504808118790e+00 5.630208635075545365e-04 -1.283158124230986408e+00 1.337820993058482122e+00
-3.283437859279810800e-01 6.286373027394853708e-01 -2.198196404611523214e+00 -9.922198910423049578e-04 -1.290054487696179919e+00 1.333174079331331363e+00
-3.324437790906445978e-01 6.245527245000703775e-01 -2.198878223451806058e+00 -2.595955363706034524e-03 -1.297015471516258511e+00 1.328496082007636137e+00
-3.365762619899095309e-01 6.204419721676888155e-01 -2.199495080534024094e+00 -4.249026190266735892e-03 -1.304040692287898207e+00 1.323787113840463991e+00
-3.407409324002741435e-01 6.163049113049980932e-01 -2.200049066135990383e+00 -5.952274001628753142e-03 -1.311129749912270492e+00 1.319047287186797535e+00
-3.449374914392390190e-01 6.121414098709417884e-01 -2.200542240771625746e+00 -7.706541144831352552e-03 -1.318282227501557768e+00 1.314276714005623070e+00
-3.491656436609127945e-01 6.079513384243309115e-01 -2.200976634421218492e+00 -9.512670400096817636e-03 -1.325497691289432733e+00 1.309475505856036781e+00
-3.534250971433521293e-01 6.037345703149978871e-01 -2.201354245826386613e+00 -1.137150469396784602e-02 -1.332775690545604297e+00 1.304643773895366454e+00
-3.577155635698106573e-01 5.994909818627491838e-01 -2.201677041847557081e+00 -1.328388680859136223e-02 -1.340115757494532822e+00 1.299781628877310746e+00
-3.620367583040656756e-01 5.952204525243559585e-01 -2.201946956881819073e+00 -1.525065908721127267e-02 -1.347517407238428833e+00 1.294889181150095103e+00
-3.663884004599801125e-01 5.909228650488338452e-01 -2.202165892339031927e+00 -1.727266313592989294e-02 -1.354980137684629327e+00 1.289966540654646998e+00
-3.707702129654534273e-01 5.865981056212749012e-01 -2.202335716174109503e+00 -1.935073952180545176e-02 -1.362503429477464056e+00 1.285013816922788266e+00
-3.751819226209041069e-01 5.822460639955033823e-01 -2.202458262473434125e+00 -2.148572746735232658e-02 -1.370086745934716355e+00 1.280031119075448531e+00
-3.796232601524238692e-01 5.778666336158381212e-01 -2.202535331093388837e+00 -2.367846454151400354e-02 -1.377729532988778205e+00 1.275018555820896626e+00
-3.840939602597360780e-01 5.734597117282469458e-01 -2.202568687349032217e+00 -2.592978634718041270e-02 -1.385431219132604808e+00 1.269976235452993762e+00
-3.885937616590858790e-01 5.690251994811910130e-01 -2.202560061750972409e+00 -2.824052620532625790e-02 -1.393191215370575442e+00 1.264904265849467135e+00
-3.931224071211862903e-01 5.645630020164547069e-01 -2.202511149788541900e+00 -3.061151483584583638e-02 -1.401008915174357661e+00 1.259802754470205066e+00
-3.976796435043391531e-01 5.600730285502693029e-01 -2.202423611757401645e+00 -3.304358003516547765e-02 -1.408883694443881396e+00 1.254671808355574347e+00
-4.022652217828474042e-01 5.555551924450332635e-01 -2.202299072629745780e+00 -3.553754635071514761e-02 -1.416814911473519789e+00 1.249511534124760459e+00
-4.068788970708320241e-01 5.510094112719405857e-01 -2.202139121965314139e+00 -3.809423475234440665e-02 -1.424801906923581774e+00 1.244322037974130879e+00
-4.115204286415632406e-01 5.464356068648272835e-01 -2.201945313861454423e+00 -4.071446230076970069e-02 -1.432844003797212551e+00 1.239103425675622816e+00
-4.161895799424155662e-01 5.418337053655465363e-01 -2.201719166940517169e+00 -4.339904181314174075e-02 -1.440940507422796557e+00 1.233855802575154481e+00
-4.208861186055520287e-01 5.372036372611844746e-01 -2.201462164372902208e+00 -4.614878152582601450e-02 -1.449090705441968385e+00 1.228579273591062337e+00
-4.256098164544434015e-01 5.325453374134256901e-01 -2.201175753934112134e+00 -4.896448475449293597e-02 -1.457293867803325593e+00 1.223273943212564108e+00
-4.303604495063260149e-01 5.278587450803777781e-01 -2.200861348094208303e+00 -5.184694955161133628e-02 -1.465549246761934654e+00 1.217939915498247094e+00
-4.351377979706998467e-01 5.231438039311615551e-01 -2.200520324138096395e+00 -5.479696836144681144e-02 -1.473856076884729749e+00 1.212577294074584033e+00
-4.399416462439711406e-01 5.184004620535700436e-01 -2.200154024315117418e+00 -5.781532767266755329e-02 -1.482213575061892108e+00 1.207186182134476482e+00
-4.447717829003386969e-01 5.136286719550975377e-01 -2.199763756016443583e+00 -6.090280766866030399e-02 -1.490620940524305382e+00 1.201766682435826405e+00
-4.496280006790263073e-01 5.088283905576358457e-01 -2.199350791978826880e+00 -6.406018187566653310e-02 -1.499077354867177414e+00 1.196318897300135298e+00
-4.545100964679616995e-01 5.039995791861289209e-01 -2.198916370513278373e+00 -6.728821680884528034e-02 -1.507581982079915228e+00 1.190842928611133944e+00
-4.594178712840027989e-01 4.991422035514772593e-01 -2.198461695757296663e+00 -7.058767161637677368e-02 -1.516133968582341840e+00 1.185338877813441050e+00
-4.643511302498116722e-01 4.942562337279725049e-01 -2.197987937949299475e+00 -7.395929772172046834e-02 -1.524732443267339477e+00 1.179806845911252511e+00
-4.693096825674772932e-01 4.893416441255415417e-01 -2.197496233723948755e+00 -7.740383846414333746e-02 -1.533376517550004925e+00 1.174246933467061993e+00
-4.742933414889878296e-01 4.843984134570732958e-01 -2.196987686427095632e+00 -8.092202873763945647e-02 -1.542065285423396936e+00 1.168659240600412597e+00
-4.793019242836525917e-01 4.794265247010944253e-01 -2.196463366449107557e+00 -8.451459462836069525e-02 -1.550797823520958740e+00 1.163043866986681163e+00
-4.843352522025760054e-01 4.744259650600546885e-01 -2.195924311575375931e+00 -8.818225305068391751e-02 -1.559573191185692931e+00 1.157400911855894332e+00
-4.893931504402830868e-01 4.693967259144770643e-01 -2.195371527352836249e+00 -9.192571138204166936e-02 -1.568390430546171332e+00 1.151730473991579462e+00
-4.944754480935985574e-01 4.643388027732201495e-01 -2.194805987471373232e+00 -9.574566709664394937e-02 -1.577248566599447344e+00 1.146032651729647744e+00
-4.995819781178811869e-01 4.592521952200950830e-01 -2.194228634159005153e+00 -9.964280739822023447e-02 -1.586146607300945810e+00 1.140307542957313069e+00
-5.047125772807130595e-01 4.541369068570712542e-01 -2.193640378589793993e+00 -1.036178088519206508e-01 -1.595083543661406811e+00 1.134555245112045085e+00
-5.098670861131462395e-01 4.489929452442994462e-01 -2.193042101303442237e+00 -1.076713370155075733e-01 -1.604058349850949083e+00 1.128775855180558674e+00
-5.150453488586076434e-01 4.438203218371731817e-01 -2.192434652635589121e+00 -1.118040460699749883e-01 -1.613069983310314370e+00 1.122969469697838063e+00
-5.202472134195621489e-01 4.386190519206428773e-01 -2.191818853157833313e+00 -1.160165784497283192e-01 -1.622117384869342427e+00 1.117136184746199801e+00
-5.254725313020355282e-01 4.333891545409896962e-01 -2.191195494126560561e+00 -1.203095644724837820e-01 -1.631199478872778830e+00 1.111276095954390586e+00
-5.307211575990700148e-01 4.281306523187080604e-01 -2.190565337961937420e+00 -1.246836171515024461e-01 -1.640315163508249352e+00 1.105389298498989925e+00
-5.359929509428214001e-01 4.228435713662492823e-01 -2.189929118743140446e+00 -1.291393294833373118e-01 -1.649463306853592215e+00 1.099475887106044825e+00
-5.412877734435567190e-01 4.175279412128806156e-01 -2.189287542710195211e+00 -1.336772737842607250e-01 -1.658642747266014572e+00 1.093535956052825053e+00
-5.466054906270848557e-01 4.121837947279296532e-01 -2.188641288771620896e+00 -1.382980010293232143e-01 -1.667852293787149831e+00 1.087569599169698753e+00
-5.519459713707245418e-01 4.068111680425944288e-01 -2.187991009017097976e+00 -1.430020401944707420e-01 -1.677090726564091749e+00 1.081576909842130174e+00
-5.573090878379172164e-01 4.014101004704914155e-01 -2.187337329234419148e+00 -1.477898976021526645e-01 -1.686356797286467479e+00 1.075557981012802200e+00
-5.626947154115879979e-01 3.959806344271089573e-01 -2.186680849429998297e+00 -1.526620562708495554e-01 -1.695649229639593969e+00 1.069512905183864770e+00
-5.681027326263573540e-01 3.905228153483236708e-01 -2.186022144352251395e+00 -1.576189752689730605e-01 -1.704966719773780781e+00 1.063441774419309649e+00
-5.735330210997078293e-01 3.850366916081335855e-01 -2.185361764017186736e+00 -1.626610890735805670e-01 -1.714307936789818410e+00 1.057344680347474197e+00
-5.789854654622031971e-01 3.795223144357543488e-01 -2.184700234235566807e+00 -1.677888069343457522e-01 -1.723671523240652981e+00 1.051221714163675491e+00
-5.844599532868621772e-01 3.739797378322167187e-01 -2.184038057141036937e+00 -1.730025122432459483e-01 -1.733056095649287087e+00 1.045072966632974998e+00
-5.899563750177816424e-01 3.684090184866000151e-01 -2.183375711718635426e+00 -1.783025619104219306e-01 -1.742460245042904532e+00 1.038898528093076257e+00
-5.954746238981070139e-01 3.628102156920279819e-01 -2.182713654333129583e+00 -1.836892857466645990e-01 -1.751882537503204773e+00 1.032698488457355124e+00
-6.010145958974425495e-01 3.571833912615473006e-01 -2.182052319256647444e+00 -1.891629858530003150e-01 -1.761321514732947735e+00 1.026472937218025905e+00
-6.065761896387941166e-01 3.515286094440048803e-01 -2.181392119195094903e+00 -1.947239360178331102e-01 -1.770775694638665687e+00 1.020221963449441827e+00
-6.121593063251349331e-01 3.458459368400326195e-01 -2.180733445812876425e+00 -2.003723811221204687e-01 -1.780243571929516877e+00 1.013945655811532731e+00
-6.177638496656815414e-01 3.401354423182424425e-01 -2.180076670255460147e+00 -2.061085365530526403e-01 -1.789723618732227184e+00 1.007644102553379550e+00
-6.233897258019668319e-01 3.343971969317300896e-01 -2.179422143669347278e+00 -2.119325876267022790e-01 -1.799214285222049847e+00 1.001317391516926225e+00
-6.290368432337929416e-01 3.286312738349808082e-01 -2.178770197719033241e+00 -2.178446890201273800e-01 -1.808714000269675548e+00 9.949656101408312914e-01
-6.347051127451467378e-01 3.228377482012627642e-01 -2.178121145100566203e+00 -2.238449642134036077e-01 -1.818221172104011352e+00 9.885888454644574663e-01
-6.403944473301559359e-01 3.170166971405914413e-01 -2.177475280051328177e+00 -2.299335049420634380e-01 -1.827734188990721265e+00 9.821871841320010121e-01
-6.461047621191632340e-01 3.111681996183423005e-01 -2.176832878855692321e+00 -2.361103706604238406e-01 -1.837251419926425378e+00 9.757607123967607654e-01
-6.518359743049929600e-01 3.052923363745837504e-01 -2.176194200346216689e+00 -2.423755880162857812e-01 -1.846771215348435025e+00 9.693095161255474990e-01
-6.575880030694817302e-01 2.993891898441981558e-01 -2.175559486400069797e+00 -2.487291503374872703e-01 -1.856291907859889401e+00 9.628336808032332828e-01
-6.633607695103433954e-01 2.934588440778554963e-01 -2.174928962430388690e+00 -2.551710171307864372e-01 -1.865811812970134875e+00 9.563332915374406218e-01
-6.691541965684338900e-01 2.875013846638969639e-01 -2.174302837872296834e+00 -2.617011135935684574e-01 -1.875329229850203561e+00 9.498084330633723704e-01
-6.749682089554814857e-01 2.815168986511848992e-01 -2.173681306663323376e+00 -2.683193301388476781e-01 -1.884842442103200622e+00 9.432591897487809796e-01
-6.808027330823439582e-01 2.755054744729693583e-01 -2.173064547717984407e+00 -2.750255219340506097e-01 -1.894349718549418693e+00 9.366856455990778541e-01
-6.866576969878515069e-01 2.694672018718181628e-01 -2.172452725396303297e+00 -2.818195084540568995e-01 -1.903849314025971351e+00 9.300878842625818210e-01
-6.925330302682924932e-01 2.634021718256539524e-01 -2.171845989966060042e+00 -2.887010730489804056e-01 -1.913339470200739578e+00 9.234659890359060430e-01
-6.984286640075957342e-01 2.573104764749379880e-01 -2.171244478058583116e+00 -2.956699625271684839e-01 -1.922818416400396746e+00 9.168200428694838200e-01
-7.043445307082606410e-01 2.511922090510368966e-01 -2.170648313117904848e+00 -3.027258867538953901e-01 -1.932284370452276079e+00 9.101501283732309489e-01
-7.102805642230847205e-01 2.450474638058049992e-01 -2.170057605843117798e+00 -3.098685182662178073e-01 -1.941735539539812372e+00 9.034563278223455285e-01
-7.162366996877338465e-01 2.388763359424125321e-01 -2.169472454623789570e+00 -3.170974919044677875e-01 -1.951170121071297281e+00 8.967387231632426570e-01
-7.222128734541990447e-01 2.326789215474461825e-01 -2.168892945968299735e+00 -3.244124044608444057e-01 -1.960586303561655086e+00 8.899973960196243539e-01
-7.282090230251822005e-01 2.264553175243052552e-01 -2.168319154924979397e+00 -3.318128143455666423e-01 -1.969982267526939612e+00 8.832324276986823763e-01
-7.342250869894468845e-01 2.202056215279158957e-01 -2.167751145495947274e+00 -3.392982412710576212e-01 -1.979356186391248773e+00 8.764438991974334847e-01
-7.402610049581731522e-01 2.139299319007798017e-01 -2.167188971043549461e+00 -3.468681659546034579e-01 -1.988706227405719673e+00 8.696318912091850484e-01
-7.463167175023478483e-01 2.076283476103751857e-01 -2.166632674689315419e+00 -3.545220298399414105e-01 -1.998030552579263652e+00 8.627964841301301036e-01
-7.523921660912227249e-01 2.013009681879220913e-01 -2.166082289705366204e+00 -3.622592348382178140e-01 -2.007327319620682005e+00 8.559377580660695317e-01
-7.584872930318687922e-01 1.949478936685232755e-01 -2.165537839898209693e+00 -3.700791430887623856e-01 -2.016594682891798218e+00 8.490557928392603593e-01
-7.646020414098537721e-01 1.885692245326906491e-01 -2.164999339984876592e+00 -3.779810767401040605e-01 -2.025830794371211940e+00 8.421506679953871810e-01
-7.707363550310660782e-01 1.821650616492622721e-01 -2.164466795961357271e+00 -3.859643177516584034e-01 -2.035033804628278986e+00 8.352224628106559301e-01
-7.768901783647083059e-01 1.757355062197164530e-01 -2.163940205463310118e+00 -3.940281077165080914e-01 -2.044201863806907937e+00 8.282712562990071081e-01
-7.830634564874793258e-01 1.692806597238848410e-01 -2.163419558119024533e+00 -4.021716477056853090e-01 -2.053333122618734574e+00 8.212971272194456995e-01
-7.892561350289619693e-01 1.628006238670659522e-01 -2.162904835894623901e+00 -4.103940981343586758e-01 -2.062425733345233159e+00 8.143001540834868823e-01
-7.954681601182331807e-01 1.562955005285389110e-01 -2.162396013431510777e+00 -4.186945786503250555e-01 -2.071477850848312929e+00 8.072804151627134273e-01
-8.016994783317087370e-01 1.497653917114742939e-01 -2.161893058376058718e+00 -4.270721680451917690e-01 -2.080487633588919749e+00 8.002379884964428980e-01
-8.079500366422346369e-01 1.432103994942398595e-01 -2.161395931701566742e+00 -4.355259041886215265e-01 -2.089453244653160180e+00 7.931729518995020989e-01
-8.142197823694342640e-01 1.366306259830949443e-01 -2.160904588022495076e+00 -4.440547839860122803e-01 -2.098372852785443499e+00 7.860853829701055506e-01
-8.205086631313194268e-01 1.300261732662673086e-01 -2.160418975901017280e+00 -4.526577633599684902e-01 -2.107244633428130065e+00 7.789753590978346631e-01
-8.268166267971702732e-01 1.233971433694052156e-01 -2.159939038145919366e+00 -4.613337572559154665e-01 -2.116066769767164235e+00 7.718429574717148300e-01
-8.331436214416888530e-01 1.167436382123953065e-01 -2.159464712103892570e+00 -4.700816396721827495e-01 -2.124837453783134045e+00 7.646882550883877805e-01
-8.394895953004283262e-01 1.100657595675368361e-01 -2.158995929943266390e+00 -4.789002437148880409e-01 -2.133554887307217207e+00 7.575113287603739698e-01
-8.458544967264984837e-01 1.033636090190608314e-01 -2.158532618930238733e+00 -4.877883616779329357e-01 -2.142217283081437440e+00 7.503122551244241212e-01
-8.522382741485470259e-01 9.663728792398207368e-02 -2.158074701697661357e+00 -4.967447451484099386e-01 -2.150822865822649366e+00 7.430911106499538121e-01
-8.586408760300133780e-01 8.988689737427180138e-02 -2.157622096506448539e+00 -5.057681051376996528e-01 -2.159369873289655128e+00 7.358479716475589960e-01
-8.650622508296528235e-01 8.311253816033647990e-02 -2.157174717499679595e+00 -5.148571122385354748e-01 -2.167856557352842994e+00 7.285829142776079070e-01
-8.715023469633240705e-01 7.631431073578842650e-02 -2.156732474949469847e+00 -5.240103968082948649e-01 -2.176281185065732870e+00 7.212960145589055738e-01
-8.779611127670349235e-01 6.949231518349330283e-02 -2.156295275496690422e+00 -5.332265491787573364e-01 -2.184642039737789254e+00 7.139873483774268337e-01
-8.844384964612377331e-01 6.264665118287859880e-02 -2.155863022383620375e+00 -5.425041198925649732e-01 -2.192937422007863457e+00 7.066569914951134068e-01
-8.909344461163660744e-01 5.577741797848567717e-02 -2.155435615679623051e+00 -5.518416199665958644e-01 -2.201165650917607408e+00 6.993050195587315887e-01
-8.974489096196024418e-01 4.888471434974994700e-02 -2.155012952499931966e+00 -5.612375211824417454e-01 -2.209325064984185349e+00 6.919315081087852315e-01
-9.039818346428659668e-01 4.196863858198995878e-02 -2.154594927217646561e+00 -5.706902564041789194e-01 -2.217414023271610635e+00 6.845365325884799068e-01
-9.105331686120077261e-01 3.502928843858843511e-02 -2.154181431669035973e+00 -5.801982199235944382e-01 -2.225430906460013514e+00 6.771201683527332538e-01
-9.171028586772010938e-01 2.806676113434636299e-02 -2.153772355352248091e+00 -5.897597678330038784e-01 -2.233374117912139134e+00 6.696824906772279595e-01
-9.236908516845130368e-01 2.108115330999138504e-02 -2.153367585619533120e+00 -5.993732184258067086e-01 -2.241242084736369655e+00 6.622235747675011552e-01
-9.302970941486412570e-01 1.407256100782161568e-02 -2.152967007863085147e+00 -6.090368526248739478e-01 -2.249033258845546612e+00 6.547434957680660084e-01
-9.369215322267989698e-01 7.041079648468007157e-03 -2.152570505694610947e+00 -6.187489144393688578e-01 -2.256746118011249358e+00 6.472423287715942664e-01
-9.435641116937374395e-01 -1.319599124982584470e-05 -2.152177961118740601e+00 -6.285076114490887322e-01 -2.264379166912016128e+00 6.397201488280876980e-01
-9.502247779178861764e-01 -7.090171799391864482e-03 -2.151789254700387843e+00 -6.383111153168674612e-01 -2.271930938175159120e+00 6.321770309540664101e-01
-9.569034758385934758e-01 -1.418975434891001086e-02 -2.151404265726175158e+00 -6.481575623290696253e-01 -2.279399993411413750e+00 6.246130501417684888e-01
-9.636001499444492024e-01 -2.131185091662390896e-02 -2.151022872360044857e+00 -6.580450539641755636e-01 -2.286784924241655581e+00 6.170282813683570788e-01
-9.703147442526715016e-01 -2.845636950118157760e-02 -2.150644951793167170e+00 -6.679716574894708492e-01 -2.294084353314930880e+00 6.094227996051275742e-01
-9.770472022895380082e-01 -3.562321884002439543e-02 -2.150270380388267899e+00 -6.779354065857997602e-01 -2.301296935317016956e+00 6.017966798267110340e-01
-9.837974670718433456e-01 -4.281230842537742109e-02 -2.149899033818495120e+00 -6.879343020003396703e-01 -2.308421357968744037e+00 5.941499970202674952e-01
-9.905654810893622653e-01 -5.002354851928503265e-02 -2.149530787200943927e+00 -6.979663122273083165e-01 -2.315456343013271301e+00 5.864828261946639643e-01
-9.973511862882987744e-01 -5.725685016771253633e-02 -2.149165515224962686e+00 -7.080293742165268966e-01 -2.322400647191553702e+00 5.787952423896314258e-01
-1.004154524055701714e+00 -6.451212521373439479e-02 -2.148803092275361593e+00 -7.181213941097110975e-01 -2.329253063205188656e+00 5.710873206848950945e-01
-1.010975435204825912e+00 -7.178928630982883696e-02 -2.148443392550644759e+00 -7.282402480043653759e-01 -2.336012420665857903e+00 5.633591362092721377e-01
-1.017813859961417489e+00 -7.908824692929916633e-02 -2.148086290176391966e+00 -7.383837827450953073e-01 -2.342677587030554065e+00 5.556107641497315397e-01
-1.024669737950905768e+00 -8.640892137684230701e-02 -2.147731659313909525e+00 -7.485498167421783533e-01 -2.349247468521803661e+00 5.478422797604100003e-01
-1.031543008186476262e+00 -9.375122479828423838e-02 -2.147379374264275498e+00 -7.587361408171563459e-01 -2.355721011032067214e+00 5.400537583715776524e-01
-1.038433609058009743e+00 -1.011150731895019694e-01 -2.147029309567899169e+00 -7.689405190752389707e-01 -2.362097201011528202e+00 5.322452753985486007e-01
-1.045341478321861084e+00 -1.085003834045520366e-01 -2.146681340099724000e+00 -7.791606898042443552e-01 -2.368375066338456847e+00 5.244169063505300654e-01
-1.052266553091461665e+00 -1.159070731630252871e-01 -2.146335341160188204e+00 -7.893943663998129745e-01 -2.374553677171354238e+00 5.165687268394034692e-01
-1.059208769828721808e+00 -1.233350610566456007e-01 -2.145991188562071716e+00 -7.996392383165783491e-01 -2.380632146782071246e+00 5.087008125884334708e-01
-1.066168064336214361e+00 -1.307842665551336436e-01 -2.145648758713346815e+00 -8.098929720449691283e-01 -2.386609632369106837e+00 5.008132394408963961e-01
-1.073144371750118120e+00 -1.382546100113536403e-01 -2.145307928696156718e+00 -8.201532121132750763e-01 -2.392485335850276229e+00 4.929060833686250698e-01
-1.080137626533901773e+00 -1.457460126657607047e-01 -2.144968576342041189e+00 -8.304175821146146941e-01 -2.398258504633972166e+00 4.849794204804614983e-01
-1.087147762472727930e+00 -1.532583966501676054e-01 -2.144630580303528156e+00 -8.406836857584014666e-01 -2.403928432368228396e+00 4.770333270306136852e-01
-1.094174712668555927e+00 -1.607916849908500589e-01 -2.144293820122211258e+00 -8.509491079458725293e-01 -2.409494459666797095e+00 4.690678794269090290e-01
-1.101218409535928533e+00 -1.683458016110063182e-01 -2.143958176293431883e+00 -8.612114158692210086e-01 -2.414955974811461292e+00 4.610831542389396409e-01
-1.108278784798416572e+00 -1.759206713325890403e-01 -2.143623530327681159e+00 -8.714681601338798433e-01 -2.420312414429826475e+00 4.530792282060934761e-01
-1.115355769485708803e+00 -1.835162198775271980e-01 -2.143289764808839593e+00 -8.817168759034209602e-01 -2.425563264147807097e+00 4.450561782454649506e-01
-1.122449293931324643e+00 -1.911323738683535778e-01 -2.142956763449368474e+00 -8.919550840665600999e-01 -2.430708059216065919e+00 4.370140814596399914e-01
-1.129559287770933063e+00 -1.987690608282540738e-01 -2.142624411142565855e+00 -9.021802924257222855e-01 -2.435746385109665013e+00 4.289530151443495254e-01
-1.136685679941258575e+00 -2.064262091805565413e-01 -2.142292594012003004e+00 -9.123899969065859539e-01 -2.440677878100184106e+00 4.208730567959859670e-01
-1.143828398679558545e+00 -2.141037482476720877e-01 -2.141961199458248810e+00 -9.225816827879889104e-01 -2.445502225799578877e+00 4.127742841189767642e-01
-1.150987371523653380e+00 -2.218016082495056773e-01 -2.141630116202994483e+00 -9.327528259515945885e-01 -2.450219167675077525e+00 4.046567750330099522e-01
-1.158162525312492974e+00 -2.295197203013507048e-01 -2.141299234330686918e+00 -9.429008941506691333e-01 -2.454828495534407740e+00 3.965206076801057744e-01
-1.165353786187243612e+00 -2.372580164112821910e-01 -2.140968445327777747e+00 -9.530233482972789716e-01 -2.459330053980665731e+00 3.883658604315294860e-01
-1.172561079592879363e+00 -2.450164294770603712e-01 -2.140637642119692874e+00 -9.631176437672285262e-01 -2.463723740836154086e+00 3.801926118945399002e-01
-1.179784330280262639e+00 -2.527948932825624384e-01 -2.140306719105629973e+00 -9.731812317220130959e-01 -2.468009507534532521e+00 3.720009409189683480e-01
-1.187023462308699484e+00 -2.605933424937506571e-01 -2.139975572191282982e+00 -9.832115604470555992e-01 -2.472187359480635838e+00 3.637909266036231104e-01
-1.194278399048954276e+00 -2.684117126541941678e-01 -2.139644098819597051e+00 -9.932060767054585737e-01 -2.476257356377336016e+00 3.555626483025142726e-01
-1.201549063186709843e+00 -2.762499401801540300e-01 -2.139312197999652998e+00 -1.003162227106471294e+00 -2.480219612518828498e+00 3.473161856308941697e-01
-1.208835376726462352e+00 -2.841079623552432709e-01 -2.138979770333780284e+00 -1.013077459487883747e+00 -2.484074297049760904e+00 3.390516184711085401e-01
-1.216137260995833413e+00 -2.919857173246763749e-01 -2.138646718042992667e+00 -1.022949224311513250e+00 -2.487821634189629538e+00 3.307690269782538328e-01
-1.223454636650292082e+00 -2.998831440891155387e-01 -2.138312944990845121e+00 -1.032774976070941264e+00 -2.491461903421888113e+00 3.224684915856361189e-01
-1.230787423678270764e+00 -3.078001824981267953e-01 -2.137978356705798610e+00 -1.042552174710609014e+00 -2.494995439647233137e+00 3.141500930100270539e-01
-1.238135541406666373e+00 -3.157367732432548868e-01 -2.137642860402192202e+00 -1.052278287055405270e+00 -2.498422633300557028e+00 3.058139122567128387e-01
-1.245498908506715408e+00 -3.236928578507282106e-01 -2.137306364999904229e+00 -1.061950788249842237e+00 -2.501743930431083118e+00 2.974600306243321834e-01
-1.252877443000231628e+00 -3.316683786738013895e-01 -2.136968781142796203e+00 -1.071567163205861428e+00 -2.504959832745198955e+00 2.890885297094986095e-01
-1.260271062266199227e+00 -3.396632788847452344e-01 -2.136630021216022079e+00 -1.081124908058346934e+00 -2.508070897611557104e+00 2.806994914112039829e-01
-1.267679683047708616e+00 -3.476775024664925384e-01 -2.136289999362287695e+00 -1.090621531627383733e+00 -2.511077738028015816e+00 2.722929979349994478e-01
-1.275103221459230385e+00 -3.557109942039476946e-01 -2.135948631497142980e+00 -1.100054556886279844e+00 -2.513981022550025202e+00 2.638691317969495964e-01
-1.282541592994216328e+00 -3.637636996749676888e-01 -2.135605835323388213e+00 -1.109421522434351104e+00 -2.516781475180083216e+00 2.554279758273574341e-01
-1.289994712533022003e+00 -3.718355652410217926e-01 -2.135261530344670255e+00 -1.118719983973462284e+00 -2.519479875217919940e+00 2.469696131742566969e-01
-1.297462494351142803e+00 -3.799265380375361767e-01 -2.134915637878349592e+00 -1.127947515787299793e+00 -2.522077057071084649e+00 2.384941273066678302e-01
-1.304944852127757571e+00 -3.880365659639303244e-01 -2.134568081067709233e+00 -1.137101712222336358e+00 -2.524573910025650125e+00 2.300016020176156861e-01
-1.312441698954573965e+00 -3.961655976733505780e-01 -2.134218784893580523e+00 -1.146180189169432762e+00 -2.526971377976760191e+00 2.214921214269058580e-01
-1.319952947344971150e+00 -4.043135825621072543e-01 -2.133867676185456030e+00 -1.155180585545031446e+00 -2.529270459118793557e+00 2.129657699836571549e-01
-1.327478509243432470e+00 -4.124804707588191066e-01 -2.133514683632157904e+00 -1.164100564770828461e+00 -2.531472205594922809e+00 2.044226324685879115e-01
-1.335018296035267893e+00 -4.206662131132709037e-01 -2.133159737792132749e+00 -1.172937816250869902e+00 -2.533577723105894020e+00 1.958627939960540798e-01
-1.342572218556618902e+00 -4.288707611849876811e-01 -2.132802771103432082e+00 -1.181690056844960202e+00 -2.535588170477881764e+00 1.872863400158374103e-01
-1.350140187104744482e+00 -4.370940672315294373e-01 -2.132443717893447221e+00 -1.190355032337279351e+00 -2.537504759189284531e+00 1.786933563146818893e-01
-1.357722111448585789e+00 -4.453360841965104955e-01 -2.132082514388455419e+00 -1.198930518899095965e+00 -2.539328752856384597e+00 1.700839290175767404e-01
-1.365317900839606136e+00 -4.535967656973459716e-01 -2.131719098723040329e+00 -1.207414324544460849e+00 -2.541061466677805303e+00 1.614581445887850186e-01
-1.372927464019417343e+00 -4.618760660109902938e-01 -2.131353410946779103e+00 -1.215804290779383123e+00 -2.542704266897912735e+00 1.528160898315107097e-01
-1.380550709173422375e+00 -4.701739399190799640e-01 -2.130985392992213345e+00 -1.224098295491889088e+00 -2.544258570410716569e+00 1.441578518850429591e-01
-1.388187543942652979e+00 -4.784903426960119832e-01 -2.130614988642989704e+00 -1.232294254049732363e+00 -2.545725843973636771e+00 1.354835182217471456e-01
-1.395837875435542053e+00 -4.868252300970886681e-01 -2.130242143502219854e+00 -1.240390120384156525e+00 -2.547107603394507702e+00 1.267931766439041319e-01
-1.403501610239627162e+00 -4.951785583467299690e-01 -2.129866804961114912e+00 -1.248383888059014124e+00 -2.548405412692054561e+00 1.180869152803991629e-01
-1.411178654433184132e+00 -5.035502841267583962e-01 -2.129488922167944054e+00 -1.256273591324567507e+00 -2.549620883230069524e+00 1.093648225832616894e-01
-1.418868913596787573e+00 -5.119403645647574441e-01 -2.129108445997363486e+00 -1.264057306155303761e+00 -2.550755672825562481e+00 1.006269873240578233e-01
-1.426572292824796362e+00 -5.203487572225039548e-01 -2.128725329020163315e+00 -1.271733151271066786e+00 -2.551811484831149279e+00 9.187349859013690945e-02
-1.434288696736763624e+00 -5.287754200844788643e-01 -2.128339525473474048e+00 -1.279299289140860107e+00 -2.552790067191982537e+00 8.310444578073415689e-02
-1.442018029488770559e+00 -5.372203115464536660e-01 -2.127950991231475797e+00 -1.286753926968640771e+00 -2.553693211477528813e+00 7.431991860293091223e-02
-1.449760194784682987e+00 -5.456833904041559213e-01 -2.127559683776651056e+00 -1.294095317660457045e+00 -2.554522751888531840e+00 6.552000706747451719e-02
-1.457515095887331524e+00 -5.541646158420124868e-01 -2.127165562171617896e+00 -1.301321760772280012e+00 -2.555280564239502450e+00 5.670480148445990187e-02
-1.465282635629616248e+00 -5.626639474219700121e-01 -2.126768587031579560e+00 -1.308431603437884228e+00 -2.555968564917103336e+00 4.787439245887464140e-02
-1.473062716425536545e+00 -5.711813450723931540e-01 -2.126368720497424647e+00 -1.315423241276135080e+00 -2.556588709814812344e+00 3.902887088600982823e-02
-1.480855240281146790e+00 -5.797167690770385073e-01 -2.125965926209513412e+00 -1.322295119277039355e+00 -2.557142993244258200e+00 3.016832794673896673e-02
-1.488660108805442084e+00 -5.882701800641035872e-01 -2.125560169282176393e+00 -1.329045732665938395e+00 -2.557633446823651457e+00 2.129285510266695769e-02
-1.496477223221173825e+00 -5.968415389953484196e-01 -2.125151416278957317e+00 -1.335673627745251668e+00 -2.558062138343743186e+00 1.240254409115203356e-02
-1.504306484375599329e+00 -6.054308071552886306e-01 -2.124739635188627407e+00 -1.342177402713145673e+00 -2.558431170611759509e+00 3.497486920202616534e-03
-1.512147792751167286e+00 -6.140379461404573691e-01 -2.124324795401995924e+00 -1.348555708458531566e+00 -2.558742680273782266e+00 -5.422224136748239262e-03
-1.520001048476144589e+00 -6.226629178487333993e-01 -2.123906867689542288e+00 -1.354807249331808627e+00 -2.558998836616054540e+00 -1.435649654618803561e-02
-1.527866151335184774e+00 -6.313056844687324753e-01 -2.123485824179889736e+00 -1.360930783890782481e+00 -2.559201840345715961e+00 -2.330523751998727841e-02
-1.535743000779846490e+00 -6.399662084692584463e-01 -2.123061638339143631e+00 -1.366925125621165860e+00 -2.559353922351479849e+00 -3.226835402097623373e-02
-1.543631495939062015e+00 -6.486444525888120927e-01 -2.122634284951112171e+00 -1.372789143631145015e+00 -2.559457342444781958e+00 -4.124575276863329254e-02
-1.551531535629564029e+00 -6.573403798251525876e-01 -2.122203740098427271e+00 -1.378521763319422444e+00 -2.559514388081952418e+00 -5.023734024488196725e-02
-1.559443018366272637e+00 -6.660539534249075855e-01 -2.121769981144583372e+00 -1.384121967016249011e+00 -2.559527373067967293e+00 -5.924302269999377063e-02
-1.567365842372650420e+00 -6.747851368732297184e-01 -2.121332986716905289e+00 -1.389588794596887666e+00 -2.559498636242358849e+00 -6.826270615859371393e-02
-1.575299905591029503e+00 -6.835338938834928380e-01 -2.120892736690459746e+00 -1.394921344067016289e+00 -2.559430540147879185e+00 -7.729629642576563153e-02
-1.583245105692916654e+00 -6.923001883870246731e-01 -2.120449212172923481e+00 -1.400118772119586463e+00 -2.559325469682512733e+00 -8.634369909325405323e-02
-1.591201340089282157e+00 -7.010839845228712397e-01 -2.120002395490416358e+00 -1.405180294662636609e+00 -2.559185830735471789e+00 -9.540481954575939783e-02
-1.599168505940839591e+00 -7.098852466275876738e-01 -2.119552270174306141e+00 -1.410105187317591380e+00 -2.559014048807795927e+00 -1.044795629673232751e-01
-1.607146500168322278e+00 -7.187039392250512693e-01 -2.119098820948996487e+00 -1.414892785887611248e+00 -2.558812567618208966e+00 -1.135678343478007390e-01
-1.615135219462762617e+00 -7.275400270162893923e-01 -2.118642033720699480e+00 -1.419542486795528191e+00 -2.558583847694895219e+00 -1.226695384894160717e-01
-1.623134560295781403e+00 -7.363934748693202748e-01 -2.118181895567198048e+00 -1.424053747490964028e+00 -2.558330364953862457e+00 -1.317845800133985168e-01
-1.631144418929894702e+00 -7.452642478089982481e-01 -2.117718394728604014e+00 -1.428426086826215968e+00 -2.558054609264582169e+00 -1.409128633666946462e-01
-1.639164691428845355e+00 -7.541523110068589775e-01 -2.117251520599108261e+00 -1.432659085400523002e+00 -2.557759083003598555e+00 -1.500542928287541267e-01
-1.647195273667964477e+00 -7.630576297709600331e-01 -2.116781263719725636e+00 -1.436752385872309468e+00 -2.557446299596823458e+00 -1.592087725183848057e-01
-1.655236061344573129e+00 -7.719801695357088045e-01 -2.116307615772032857e+00 -1.440705693239065832e+00 -2.557118782051235328e+00 -1.683762064006741332e-01
-1.663286949988429519e+00 -7.809198958516744282e-01 -2.115830569572896724e+00 -1.444518775084514317e+00 -2.556779061476707859e+00 -1.775564982939728254e-01
-1.671347834972231272e+00 -7.898767743753759563e-01 -2.115350119070186885e+00 -1.448191461792745383e+00 -2.556429675598720141e+00 -1.867495518769373142e-01
-1.679418611522177862e+00 -7.988507708590412149e-01 -2.114866259339470922e+00 -1.451723646728986461e+00 -2.556073167262692625e+00 -1.959552706956272927e-01
-1.687499174728603890e+00 -8.078418511403323565e-01 -2.114378986581679332e+00 -1.455115286386720719e+00 -2.555712082930718498e+00 -2.051735581706546352e-01
-1.695589419556688293e+00 -8.168499811320287796e-01 -2.113888298121737730e+00 -1.458366400500896498e+00 -2.555348971171456984e+00 -2.144043176043798349e-01
-1.703689240857250375e+00 -8.258751268116647504e-01 -2.113394192408152961e+00 -1.461477072126942112e+00 -2.554986381143968366e+00 -2.236474521881523514e-01
-1.711798533377637099e+00 -8.349172542111135131e-01 -2.112896669013542894e+00 -1.464447447685358838e+00 -2.554626861076287003e+00 -2.329028650095907038e-01
-1.719917191772713183e+00 -8.439763294061130017e-01 -2.112395728636097036e+00 -1.467277736971672741e+00 -2.554272956739522815e+00 -2.421704590598985907e-01
-1.728045110615958002e+00 -8.530523185057273805e-01 -2.111891373101955960e+00 -1.469968213131537693e+00 -2.553927209918295471e+00 -2.514501372412136782e-01
-1.736182184410681284e+00 -8.621451876417384197e-01 -2.111383605368490901e+00 -1.472519212600805538e+00 -2.553592156878322417e+00 -2.607418023739844770e-01
-1.744328307601362038e+00 -8.712549029579609305e-01 -2.110872429528469763e+00 -1.474931135010394856e+00 -2.553270326831967196e+00 -2.700453572043717831e-01
-1.752483374585120712e+00 -8.803814305994760447e-01 -2.110357850815089087e+00 -1.477204443055812666e+00 -2.552964240402586960e+00 -2.793607044116706573e-01
-1.760647279723331238e+00 -8.895247367017785622e-01 -2.109839875607857795e+00 -1.479339662331216498e+00 -2.552676408088496718e+00 -2.886877466157489192e-01
-1.768819917353380733e+00 -8.986847873798308184e-01 -2.109318511439302934e+00 -1.481337381127892039e+00 -2.552409328727396343e+00 -2.980263863844982430e-01
-1.777001181800585305e+00 -9.078615487170197396e-01 -2.108793767002484110e+00 -1.483198250197083956e+00 -2.552165487962090751e+00 -3.073765262412939681e-01
-1.785190967390267502e+00 -9.170549867540102040e-01 -2.108265652159287296e+00 -1.484922982477086428e+00 -2.551947356708362591e+00 -3.167380686724596828e-01
-1.793389168460005845e+00 -9.262650674774909332e-01 -2.107734177949474486e+00 -1.486512352784557622e+00 -2.551757389625837202e+00 -3.261109161347325869e-01
-1.801595679372059555e+00 -9.354917568088078061e-01 -2.107199356600464313e+00 -1.487967197470045688e+00 -2.551598023592690279e+00 -3.354949710627255777e-01
-1.809810394525978916e+00 -9.447350205924797129e-01 -2.106661201537812556e+00 -1.489288414037700514e+00 -2.551471676185064208e+00 -3.448901358763822311e-01
-1.818033208371406584e+00 -9.539948245845933927e-01 -2.106119727396364105e+00 -1.490476960729198996e+00 -2.551380744162039527e+00 -3.542963129884204032e-01
-1.826264015421076525e+00 -9.632711344410714860e-01 -2.105574950032048864e+00 -1.491533856071925346e+00 -2.551327601957026125e+00 -3.637134048117608431e-01
-1.834502710264016567e+00 -9.725639157058115769e-01 -2.105026886534283381e+00 -1.492460178391452397e+00 -2.551314600176433522e+00 -3.731413137669367663e-01
-1.842749187578962111e+00 -9.818731337986917884e-01 -2.104475555238948026e+00 -1.493257065288395191e+00 -2.551344064106487064e+00 -3.825799422894803348e-01
-1.851003342147984787e+00 -9.911987540034395971e-01 -2.103920975741904176e+00 -1.493925713079762074e+00 -2.551418292229040929e+00 -3.920291928372820478e-01
-1.859265068870343596e+00 -1.000540741455360205e+00 -2.103363168913011449e+00 -1.494467376204908104e+00 -2.551539554747258798e+00 -4.014889678979193799e-01
-1.867534262775763176e+00 -1.009899061127541575e+00 -2.102802156907115805e+00 -1.494883365817093468e+00 -2.551710092452836420e+00 -4.109591699959561084e-01
-1.875810818993257634e+00 -1.019273677683901980e+00 -2.102237963126941889e+00 -1.495175039200848266e+00 -2.551932119677755129e+00 -4.204397017003779213e-01
-1.884094632765609401e+00 -1.028664555466383135e+00 -2.101670612185656761e+00 -1.495343798811669123e+00 -2.552207823456857483e+00 -4.299304656318988505e-01
-1.892385599463618728e+00 -1.038071658482461412e+00 -2.101100129869058364e+00 -1.495391091300090292e+00 -2.552539362721571781e+00 -4.394313644701383637e-01
-1.900683614600114479e+00 -1.047494950392996227e+00 -2.100526543097340770e+00 -1.495318406521429333e+00 -2.552928867525004364e+00 -4.489423009606670067e-01
-1.908988573843718006e+00 -1.056934394500416818e+00 -2.099949879886389592e+00 -1.495127276532469685e+00 -2.553378438298589348e+00 -4.584631779219207059e-01
-1.917300373032353233e+00 -1.066389953737255869e+00 -2.099370169308554690e+00 -1.494819274576354884e+00 -2.553890145140420564e+00 -4.679938982519824542e-01
-1.925618908186490952e+00 -1.075861590655045053e+00 -2.098787441452854896e+00 -1.494396014056998512e+00 -2.554466027135335882e+00 -4.775343649352314368e-01
-1.933944075522120221e+00 -1.085349267413576513e+00 -2.098201727384561455e+00 -1.493859147504330798e+00 -2.555108091706751239e+00 -4.870844810488595966e-01
-1.942275771463433554e+00 -1.094852945770539598e+00 -2.097613059104107336e+00 -1.493210365531699280e+00 -2.555818314000188440e+00 -4.966441497692551388e-01
-1.950613892655218118e+00 -1.104372587071548839e+00 -2.097021469505274904e+00 -1.492451395786739354e+00 -2.556598636298383909e+00 -5.062132743782539190e-01
-1.958958335974938070e+00 -1.113908152240565386e+00 -2.096426992332605099e+00 -1.491584001897050094e+00 -2.557450967467788772e+00 -5.157917582692588265e-01
-1.967308998544498255e+00 -1.123459601770729677e+00 -2.095829662137979277e+00 -1.490609982411998047e+00 -2.558377182436224029e+00 -5.253795049532280492e-01
-1.975665777741674400e+00 -1.133026895715611104e+00 -2.095229514236315094e+00 -1.489531169741961980e+00 -2.559379121701377713e+00 -5.349764180645328882e-01
-1.984028571211197800e+00 -1.142609993680889335e+00 -2.094626584660329804e+00 -1.488349429096326171e+00 -2.560458590869785667e+00 -5.445824013666871188e-01
-1.992397276875479184e+00 -1.152208854816477057e+00 -2.094020910114311462e+00 -1.487066657421518556e+00 -2.561617360225860729e+00 -5.541973587579480665e-01
-2.000771792944957106e+00 -1.161823437809096582e+00 -2.093412527926846955e+00 -1.485684782340359167e+00 -2.562857164330489379e+00 -5.638211942767921148e-01
-2.009152017928056644e+00 -1.171453700875320969e+00 -2.092801476002451810e+00 -1.484205761093977394e+00 -2.564179701648650944e+00 -5.734538121072658701e-01
-2.017537850640738206e+00 -1.181099601755096540e+00 -2.092187792772047139e+00 -1.482631579487530216e+00 -2.565586634205444305e+00 -5.830951165842144235e-01
-2.025929190215623787e+00 -1.190761097705752558e+00 -2.091571517142229997e+00 -1.480964250840919760e+00 -2.567079587269872842e+00 -5.927450121983902642e-01
-2.034325936110683131e+00 -1.200438145496518949e+00 -2.090952688443286078e+00 -1.479205814945678599e+00 -2.568660149065667753e+00 -6.024034036014438431e-01
-2.042727988117454263e+00 -1.210130701403557829e+00 -2.090331346375885246e+00 -1.477358337029146540e+00 -2.570329870508389902e+00 -6.120701956107991171e-01
-2.051135246368791964e+00 -1.219838721205527499e+00 -2.089707530956405712e+00 -1.475423906727027390e+00 -2.572090264967998419e+00 -6.217452932144158506e-01
-2.059547611346109974e+00 -1.229562160179692665e+00 -2.089081282460841571e+00 -1.473404637065385714e+00 -2.573942808056015163e+00 -6.314286015754427828e-01
-2.067964983886108499e+00 -1.239300973098589775e+00 -2.088452641367231077e+00 -1.471302663453061710e+00 -2.575888937436396464e+00 -6.411200260367635462e-01
-2.076387265186958153e+00 -1.249055114227269225e+00 -2.087821648296558141e+00 -1.469120142685460984e+00 -2.577930052659164417e+00 -6.508194721254391135e-01
-2.084814356813923464e+00 -1.258824537321122428e+00 -2.087188343952072422e+00 -1.466859251960618282e+00 -2.580067515015812329e+00 -6.605268455570494357e-01
-2.093246160704399728e+00 -1.268609195624314179e+00 -2.086552769056974288e+00 -1.464522187908358308e+00 -2.582302647415479324e+00 -6.702420522399387126e-01
-2.101682579172340137e+00 -1.278409041868830087e+00 -2.085914964290414453e+00 -1.462111165633339649e+00 -2.584636734280856274e+00 -6.799649982793662950e-01
-2.110123514912053189e+00 -1.288224028274158162e+00 -2.085274970221758561e+00 -1.459628417772688813e+00 -2.587071021462749698e+00 -6.896955899815682134e-01
-2.118568871001341947e+00 -1.298054106547619213e+00 -2.084632827243060760e+00 -1.457076193568875633e+00 -2.589606716172226264e+00 -6.994337338577318874e-01
-2.127018550903959415e+00 -1.307899227885360727e+00 -2.083988575499702733e+00 -1.454456757958412672e+00 -2.592244986929234773e+00 -7.091793366278887900e-01
-2.135472458471356472e+00 -1.317759342974032410e+00 -2.083342254819142259e+00 -1.451772390676898450e+00 -2.594986963526581647e+00 -7.189323052247280632e-01
-2.143930497943696611e+00 -1.327634401993155855e+00 -2.082693904637727300e+00 -1.449025385380837472e+00 -2.597833737008156785e+00 -7.286925467973351944e-01
-2.152392573950104637e+00 -1.337524354618209621e+00 -2.082043563925525032e+00 -1.446218048786621191e+00 -2.600786359660269387e+00 -7.384599687148597491e-01
-2.160858591508127979e+00 -1.347429150024442190e+00 -2.081391271109117813e+00 -1.443352699826962793e+00 -2.603845845014987948e+00 -7.482344785701164902e-01
-2.169328456022378671e+00 -1.357348736891432317e+00 -2.080737063992320834e+00 -1.440431668825026490e+00 -2.607013167864354664e+00 -7.580159841831228817e-01
-2.177802073282326223e+00 -1.367283063408412769e+00 -2.080080979674776120e+00 -1.437457296686405872e+00 -2.610289264284373800e+00 -7.678043936045776396e-01
-2.186279349459214760e+00 -1.377232077280373002e+00 -2.079423054468374055e+00 -1.434431934109046125e+00 -2.613675031667679782e+00 -7.775996151192842154e-01
-2.194760191102070657e+00 -1.387195725734962526e+00 -2.078763323811462449e+00 -1.431357940811110563e+00 -2.617171328763827187e+00 -7.874015572495232096e-01
-2.203244505132771369e+00 -1.397173955530209177e+00 -2.078101822180797864e+00 -1.428237684776759053e+00 -2.620778975726135496e+00 -7.972101287583769347e-01
-2.211732198840144825e+00 -1.407166712963070498e+00 -2.077438583001197880e+00 -1.425073541519705556e+00 -2.624498754164083181e+00 -8.070252386530113453e-01
-2.220223179873066943e+00 -1.417173943878836884e+00 -2.076773638552852574e+00 -1.421867893364383129e+00 -2.628331407200239056e+00 -8.168467961879173345e-01
-2.228717356232522651e+00 -1.427195593681405139e+00 -2.076107019876254345e+00 -1.418623128744441075e+00 -2.632277639530808955e+00 -8.266747108681172795e-01
-2.237214636262600642e+00 -1.437231607344441109e+00 -2.075438756674707896e+00 -1.415341641518279125e+00 -2.636338117488850497e+00 -8.365088924523383929e-01
-2.245714928640386354e+00 -1.447281929423446023e+00 -2.074768877214383078e+00 -1.412025830301246065e+00 -2.640513469109289524e+00 -8.463492509561583166e-01
-2.254218142364719846e+00 -1.457346504068753656e+00 -2.074097408221871941e+00 -1.408678097814054730e+00 -2.644804284194914423e+00 -8.561956966551249604e-01
-2.262724186743784394e+00 -1.467425275039466293e+00 -2.073424374779216262e+00 -1.405300850246951505e+00 -2.649211114382545418e+00 -8.660481400878552449e-01
-2.271232971381491161e+00 -1.477518185718359689e+00 -2.072749800216370453e+00 -1.401896496639090550e+00 -2.653734473208654521e+00 -8.759064920591155268e-01
-2.279744406162623527e+00 -1.487625179127767261e+00 -2.072073706001067883e+00 -1.398467448272542102e+00 -2.658374836173736711e+00 -8.857706636428862579e-01
-2.288258401236705986e+00 -1.497746197946468349e+00 -2.071396111626056857e+00 -1.395016118080305789e+00 -2.663132640804803053e+00 -8.956405661854156541e-01
-2.296774867000563880e+00 -1.507881184527598339e+00 -2.070717034493680497e+00 -1.391544920067653734e+00 -2.668008286715426003e+00 -9.055161113082631497e-01
-2.305293714079533096e+00 -1.518030080917599278e+00 -2.070036489797769441e+00 -1.388056268746128197e+00 -2.673002135662782663e+00 -9.153972109113375222e-01
-2.313814853307287756e+00 -1.528192828876232756e+00 -2.069354490402819824e+00 -1.384552578579437920e+00 -2.678114511601247028e+00 -9.252837771759311325e-01
-2.322338195704246377e+00 -1.538369369897675032e+00 -2.068671046720436113e+00 -1.381036263440504674e+00 -2.683345700732107542e+00 -9.351757225677530538e-01
-2.330863652454518320e+00 -1.548559645232711279e+00 -2.067986166583009489e+00 -1.377509736078863734e+00 -2.688695951549065377e+00 -9.450729598399634224e-01
-2.339391134881356749e+00 -1.558763595912052047e+00 -2.067299855114616669e+00 -1.373975407597626264e+00 -2.694165474879191446e+00 -9.549754020362120066e-01
-2.347920554421076389e+00 -1.568981162770792359e+00 -2.066612114599116978e+00 -1.370435686939176501e+00 -2.699754443919107239e+00 -9.648829624936822169e-01
-2.356451822595400536e+00 -1.579212286474030780e+00 -2.065922944345430778e+00 -1.366892980378769717e+00 -2.705462994266199850e+00 -9.747955548461426645e-01
-2.364984850982198239e+00 -1.589456907543670638e+00 -2.065232340549985945e+00 -1.363349691025190324e+00 -2.711291223944729545e+00 -9.847130930270084903e-01
-2.373519551184573473e+00 -1.599714966386424742e+00 -2.064540296156318178e+00 -1.359808218327623219e+00 -2.717239193426757904e+00 -9.946354912724136854e-01
-2.382055834798268990e+00 -1.609986403323039994e+00 -2.063846800711818030e+00 -1.356270957587890402e+00 -2.723306925647856147e+00 -1.004562664124296179e+00
-2.390593613377343107e+00 -1.620271158618766361e+00 -2.063151840221614464e+00 -1.352740299477205310e+00 -2.729494406017628272e+00 -1.014494526433497024e+00
-2.399132798398084354e+00 -1.630569172515086596e+00 -2.062455396999592683e+00 -1.349218629556604654e+00 -2.735801582425117395e+00 -1.024430993362874354e+00
-2.407673301221124884e+00 -1.640880385262729391e+00 -2.061757449516543605e+00 -1.345708327800235304e+00 -2.742228365239203658e+00 -1.034371980390433876e+00
-2.416215033051710037e+00 -1.651204737155982816e+00 -2.061057972245445846e+00 -1.342211768120662008e+00 -2.748774627304184204e+00 -1.044317403312476689e+00
-2.424757904898090732e+00 -1.661542168568331146e+00 -2.060356935503886877e+00 -1.338731317895404560e+00 -2.755440203930725307e+00 -1.054267178246763859e+00
-2.433301827527996508e+00 -1.671892619989430617e+00 -2.059654305293629584e+00 -1.335269337493909081e+00 -2.762224892882455762e+00 -1.064221221635700987e+00
-2.441846711423150573e+00 -1.682256032063446760e+00 -2.058950043137334873e+00 -1.331828179804194656e+00 -2.769128454358478653e+00 -1.074179450249540091e+00
-2.450392466731790897e+00 -1.692632345628768853e+00 -2.058244105912458100e+00 -1.328410189758423066e+00 -2.776150610972151878e+00 -1.084141781189601472e+00
-2.458939003219156483e+00 -1.703021501759121925e+00 -2.057536445682335291e+00 -1.325017703856677276e+00 -2.783291047726490941e+00 -1.094108131891514457e+00
-2.467486230215901077e+00 -1.713423441806092740e+00 -2.056827009524484939e+00 -1.321653049688251924e+00 -2.790549411986601225e+00 -1.104078420128477678e+00
-2.476034056564398345e+00 -1.723838107443089740e+00 -2.056115739356148442e+00 -1.318318545449790102e+00 -2.797925313449577622e+00 -1.114052564014538005e+00
-2.484582390562896315e+00 -1.734265440710750283e+00 -2.055402571757106500e+00 -1.315016499459638499e+00 -2.805418324112312067e+00 -1.124030482007889020e+00
-2.493131139907489136e+00 -1.744705384063815146e+00 -2.054687437789799898e+00 -1.311749209667804950e+00 -2.813027978237726767e+00 -1.134012092914187919e+00
-2.501680211631863493e+00 -1.755157880419482730e+00 -2.053970262816802617e+00 -1.308518963160956394e+00 -2.820753772319915864e+00 -1.143997315889889954e+00
-2.510229512044789502e+00 -1.765622873207261190e+00 -2.053250966315689041e+00 -1.305328035661910357e+00 -2.828595165048761739e+00 -1.153986070445601086e+00
-2.518778946665557683e+00 -1.776100306420840269e+00 -2.052529461696125157e+00 -1.302178691587709158e+00 -2.836551575999421537e+00 -1.163978276449409321e+00
-2.527328420142173293e+00 -1.786590124729558582e+00 -2.051805656177715154e+00 -1.299073189976993170e+00 -2.844622370564052094e+00 -1.173973854128724126e+00
-2.535877836182120149e+00 -1.797092273531018858e+00 -2.051079450665036052e+00 -1.296013783186573010e+00 -2.852806859954492680e+00 -1.183972724072032578e+00
-2.544427097481463118e+00 -1.807606699004697504e+00 -2.050350739619921203e+00 -1.293002715586607509e+00 -2.861104301235081859e+00 -1.193974807230569590e+00
-2.552976105652250638e+00 -1.818133348166564023e+00 -2.049619410931056596e+00 -1.290042222255090243e+00 -2.869513897385663537e+00 -1.203980024919901082e+00
-2.561524761148187501e+00 -1.828672168924720953e+00 -2.048885345780968592e+00 -1.287134527672337825e+00 -2.878034797394807942e+00 -1.213988298821420342e+00
-2.570072963188542836e+00 -1.839223110136077199e+00 -2.048148418510478130e+00 -1.284281844416171880e+00 -2.886666096383304847e+00 -1.223999550983754458e+00
-2.578620609680263076e+00 -1.849786121664067640e+00 -2.047408496480710660e+00 -1.281486371858496787e+00 -2.895406835757905473e+00 -1.234013703824079933e+00
-2.587167597138255282e+00 -1.860361154437423004e+00 -2.046665439932755959e+00 -1.278750294863969739e+00 -2.904256003395322416e+00 -1.244030680129346811e+00
-2.595713820603811506e+00 -1.870948160510002900e+00 -2.045919101845077748e+00 -1.276075782491463029e+00 -2.913212533856451181e+00 -1.254050403057410445e+00
-2.604259173561147112e+00 -1.881547093121696879e+00 -2.045169327788781466e+00 -1.273464986699014201e+00 -2.922275308630773782e+00 -1.264072796138067556e+00
-2.612803547852016628e+00 -1.892157906760395303e+00 -2.044415955780858329e+00 -1.270920041052963301e+00 -2.931443156410879158e+00 -1.274097783273999251e+00
-2.621346833588386716e+00 -1.902780557225038471e+00 -2.043658816135525580e+00 -1.268443059441968668e+00 -2.940714853397043527e+00 -1.284125288741616133e+00
-2.629888919063132491e+00 -1.913415001689739103e+00 -2.042897731313796150e+00 -1.266036134796600265e+00 -2.950089123631752575e+00 -1.294155237191807251e+00
-2.638429690658734561e+00 -1.924061198768983516e+00 -2.042132515771416745e+00 -1.263701337815197778e+00 -2.959564639364073546e+00 -1.304187553650590026e+00
-2.646969032753951456e+00 -1.934719108583902614e+00 -2.041362975805320001e+00 -1.261440715696684922e+00 -2.969140021443751998e+00 -1.314222163519662478e+00
-2.655506827628439925e+00 -1.945388692829613131e+00 -2.040588909398746598e+00 -1.259256290881024309e+00 -2.978813839744889780e+00 -1.324258992576854643e+00
-2.664042955365306220e+00 -1.956069914843618474e+00 -2.039810106065202078e+00 -1.257150059797998320e+00 -2.988584613619047037e+00 -1.334297966976478955e+00
-2.672577293751561278e+00 -1.966762739675260274e+00 -2.039026346691419356e+00 -1.255123991624993440e+00 -2.998450812377596364e+00 -1.344339013249580717e+00
-2.681109718176464263e+00 -1.977467134156209116e+00 -2.038237403379505430e+00 -1.253180027054464851e+00 -3.008410855803136386e+00 -1.354382058304085090e+00
-2.689640101527733584e+00 -1.988183066971979773e+00 -2.037443039288467261e+00 -1.251320077071751413e+00 -3.018463114689766247e+00 -1.364427029424841731e+00
-2.698168314085608532e+00 -1.998910508734452307e+00 -2.036643008475309991e+00 -1.249546021743909163e+00 -3.028605911411987872e+00 -1.374473854273566609e+00
-2.706694223414748635e+00 -2.009649432055378604e+00 -2.035837055735919332e+00 -1.247859709020220365e+00 -3.038837520522017499e+00 -1.384522460888679696e+00
-2.715217694253954761e+00 -2.020399811620852581e+00 -2.035024916445941301e+00 -1.246262953545036245e+00 -3.049156169375244030e+00 -1.394572777685037845e+00
-2.723738588403702199e+00 -2.031161624266716093e+00 -2.034206316401889758e+00 -1.244757535483603572e+00 -3.059560038783565528e+00 -1.404624733453563534e+00
-2.732256764611475042e+00 -2.041934849054869439e+00 -2.033380971662714920e+00 -1.243345199361516107e+00 -3.070047263696331186e+00 -1.414678257360768354e+00
-2.740772078454896121e+00 -2.052719467350456739e+00 -2.032548588392080191e+00 -1.242027652918430203e+00 -3.080615933908570359e+00 -1.424733278948170589e+00
-2.749284382222643153e+00 -2.063515462899883079e+00 -2.031708862701604890e+00 -1.240806565976672271e+00 -3.091264094796222217e+00 -1.434789728131607989e+00
-2.757793524793152873e+00 -2.074322821909630132e+00 -2.030861480495333105e+00 -1.239683569325360057e+00 -3.101989748078026299e+00 -1.444847535200443511e+00
-2.766299351511106952e+00 -2.085141533125818292e+00 -2.030006117315713787e+00 -1.238660253620652796e+00 -3.112790852603735114e+00 -1.454906630816665603e+00
-2.774801704061706342e+00 -2.095971587914472689e+00 -2.029142438191370523e+00 -1.237738168302738195e+00 -3.123665325168291318e+00 -1.464966946013882554e+00
-2.783300420342733617e+00 -2.106812980342436248e+00 -2.028270097486963852e+00 -1.236918820530151786e+00 -3.134611041351604399e+00 -1.475028412196209615e+00
-2.791795334334410406e+00 -2.117665707258874264e+00 -2.027388738755452557e+00 -1.236203674132021035e+00 -3.145625836383536988e+00 -1.485090961137051080e+00
-2.800286275967062810e+00 -2.128529768377307452e+00 -2.026497994593071894e+00 -1.235594148578813556e+00 -3.156707506033705091e+00 -1.495154524977775345e+00
-2.808773070986600118e+00 -2.139405166358109511e+00 -2.025597486497360933e+00 -1.235091617972159161e+00 -3.167853807525687238e+00 -1.505219036226284723e+00
-2.817255540817827253e+00 -2.150291906891395488e+00 -2.024686824728579193e+00 -1.234697410054309774e+00 -3.179062460475211349e+00 -1.515284427755478669e+00
-2.825733502425606947e+00 -2.161189998780225441e+00 -2.023765608174864283e+00 -1.234412805237786959e+00 -3.190331147851893423e+00 -1.525350632801611761e+00
-2.834206768173888946e+00 -2.172099454024042586e+00 -2.022833424221495591e+00 -1.234239035655759320e+00 -3.201657516964066641e+00 -1.535417584962546655e+00
-2.842675145682637794e+00 -2.183020287902260215e+00 -2.021889848624641051e+00 -1.234177284233680894e+00 -3.213039180466246592e+00 -1.545485218195901123e+00
-2.851138437682678273e+00 -2.193952519057901451e+00 -2.020934445389971135e+00 -1.234228683782710112e+00 -3.224473717388756544e+00 -1.555553466817092056e+00
-2.859596441868494043e+00 -2.204896169581199938e+00 -2.019966766656541068e+00 -1.234394316115418277e+00 -3.235958674189025608e+00 -1.565622265497274013e+00
-2.868048950749014558e+00 -2.215851265093052636e+00 -2.018986352586354283e+00 -1.234675211184286248e+00 -3.247491565824063731e+00 -1.575691549261175384e+00
-2.876495751496424891e+00 -2.226817834828218157e+00 -2.017992731260025430e+00 -1.235072346243473618e+00 -3.259069876843605496e+00 -1.585761253484830435e+00
-2.884936625793041998e+00 -2.237795911718146513e+00 -2.016985418578983502e+00 -1.235586645034336684e+00 -3.270691062503403579e+00 -1.595831313893210091e+00
-2.893371349676305382e+00 -2.248785532473313253e+00 -2.015963918174659142e+00 -1.236218976995155039e+00 -3.282352549898138516e+00 -1.605901666557750351e+00
-2.901799693381929224e+00 -2.259786737664936762e+00 -2.014927721325115773e+00 -1.236970156495519113e+00 -3.294051739113406096e+00 -1.615972247893780356e+00
-2.910221421185270607e+00 -2.270799571805939721e+00 -2.013876306879600619e+00 -1.237840942095813634e+00 -3.305786004396226829e+00 -1.626042994657850294e+00
-2.918636291240976011e+00 -2.281824083431013062e+00 -2.012809141191497009e+00 -1.238832035832222234e+00 -3.317552695343522817e+00 -1.636113843944960067e+00
-2.927044055420964686e+00 -2.292860325175638536e+00 -2.011725678060174882e+00 -1.239944082527665303e+00 -3.329349138107986938e+00 -1.646184733185689364e+00
-2.935444459150819974e+00 -2.303908353853911350e+00 -2.010625358682252006e+00 -1.241177669129067906e+00 -3.341172636620765246e+00 -1.656255600143231366e+00
-2.943837241244663172e+00 -2.314968230535000782e+00 -2.009507611612785460e+00 -1.242533324071342982e+00 -3.353020473830360171e+00 -1.666326382910328752e+00
-2.952222133738582333e+00 -2.326040020618082238e+00 -2.008371852736931196e+00 -1.244011516668461548e+00 -3.364889912957167883e+00 -1.676397019906116448e+00
-2.960598861722707476e+00 -2.337123793905563129e+00 -2.007217485252617006e+00 -1.245612656531966955e+00 -3.376778198763035643e+00 -1.686467449872868452e+00
-2.968967143172015710e+00 -2.348219624674416472e+00 -2.006043899664789798e+00 -1.247337093017275800e+00 -3.388682558835222292e+00 -1.696537611872653617e+00
-2.977326688775962182e+00 -2.359327591745435715e+00 -2.004850473791812249e+00 -1.249185114698094790e+00 -3.400600204884146827e+00 -1.706607445283898405e+00
-2.985677201767040767e+00 -2.370447778550207385e+00 -2.003636572784590175e+00 -1.251156948869270424e+00 -3.412528334054295787e+00 -1.716676889797860150e+00
-2.994018377748377535e+00 -2.381580273195597730e+00 -2.002401549159033234e+00 -1.253252761078368804e+00 -3.424464130247654392e+00 -1.726745885415011283e+00
-3.002349904520473789e+00 -2.392725168525539736e+00 -2.001144742842456026e+00 -1.255472654686274225e+00 -3.436404765459014410e+00 -1.736814372441336740e+00
-3.010671461907216795e+00 -2.403882562179897153e+00 -1.999865481234545772e+00 -1.257816670457075459e+00 -3.448347401122515254e+00 -1.746882291484543881e+00
-3.018982721581288331e+00 -2.415052556650177706e+00 -1.998563079283527832e+00 -1.260284786177497285e+00 -3.460289189468758408e+00 -1.756949583450189145e+00
-3.027283346889102500e+00 -2.426235259331855687e+00 -1.997236839578180545e+00 -1.262876916306117314e+00 -3.472227274891838800e+00 -1.767016189537721882e+00
-3.035572992675416693e+00 -2.437430782573065002e+00 -1.995886052456356863e+00 -1.265592911652595909e+00 -3.484158795325632330e+00 -1.777082051236446025e+00
-3.043851305107765359e+00 -2.448639243719403336e+00 -1.994509996130685359e+00 -1.268432559087129263e+00 -3.496080883628661429e+00 -1.787147110321402277e+00
-3.052117921500875575e+00 -2.459860765154591622e+00 -1.993107936832131832e+00 -1.271395581280320153e+00 -3.507990668976866733e+00 -1.797211308849173461e+00
-3.060372470141231371e+00 -2.471095474336721498e+00 -1.991679128972119850e+00 -1.274481636473647095e+00 -3.519885278263603645e+00 -1.807274589153612609e+00
-3.068614570111959150e+00 -2.482343503829813613e+00 -1.990222815323913874e+00 -1.277690318280698678e+00 -3.531761837506189217e+00 -1.817336893841496881e+00
-3.076843831118225125e+00 -2.493604991330406584e+00 -1.988738227223982413e+00 -1.281021155519320054e+00 -3.543617473258307005e+00 -1.827398165788109319e+00
-3.085059853313333544e+00 -2.504880079688885264e+00 -1.987224584794071269e+00 -1.284473612074805926e+00 -3.555449314027579355e+00 -1.837458348132750441e+00
-3.093262227125733954e+00 -2.516168916925256127e+00 -1.985681097184723853e+00 -1.288047086794257945e+00 -3.567254491697620544e+00 -1.847517384274179886e+00
-3.101450533087152461e+00 -2.527471656239061115e+00 -1.984106962840998856e+00 -1.291740913412208647e+00 -3.579030142953870897e+00 -1.857575217865993000e+00
-3.109624341662069913e+00 -2.538788456013125749e+00 -1.982501369791143553e+00 -1.295554360507597425e+00 -3.590773410712515101e+00 -1.867631792811931701e+00
-3.117783213078788140e+00 -2.550119479810823542e+00 -1.980863495958991694e+00 -1.299486631492171584e+00 -3.602481445551792838e+00 -1.877687053261133832e+00
-3.125926697162332069e+00 -2.561464896366535626e+00 -1.979192509500864006e+00 -1.303536864630364667e+00 -3.614151407144994721e+00 -1.887740943603321231e+00
-3.134054333139936421e+00 -2.572824879605024595e+00 -1.977487569223528974e+00 -1.307704132116343176e+00 -3.625780462558863881e+00 -1.897793408459437670e+00
-3.142165649479139233e+00 -2.584199608617923083e+00 -1.975747825043283168e+00 -1.311987439824418678e+00 -3.637365787116856986e+00 -1.907844392671821598e+00
-3.150260163729095009e+00 -2.595589267631159824e+00 -1.973972418472211610e+00 -1.316385727404020045e+00 -3.648904566253998727e+00 -1.917893841294291635e+00
-3.158337382365666635e+00 -2.606994045963686446e+00 -1.972160483132429531e+00 -1.320897868427263200e+00 -3.660393997371205632e+00 -1.927941699582151003e+00
-3.166396800640620679e+00 -2.618414137977170597e+00 -1.970311145299110223e+00 -1.325522670589114327e+00 -3.671831291687572385e+00 -1.937987912982118255e+00
-3.174437902435266246e+00 -2.629849743016313024e+00 -1.968423524473112973e+00 -1.330258875960097287e+00 -3.683213676089108546e+00 -1.948032427122190491e+00
-3.182460160118894432e+00 -2.641301065339448861e+00 -1.966496733984026024e+00 -1.335105161291453957e+00 -3.694538394972423756e+00 -1.958075187801445960e+00
-3.190463034412390098e+00 -2.652768314039089415e+00 -1.964529881624448082e+00 -1.340060138372621168e+00 -3.705802712081846195e+00 -1.968116140979793371e+00
-3.198445974257407620e+00 -2.664251702952062928e+00 -1.962522070316330414e+00 -1.345122354440838830e+00 -3.717003912338470606e+00 -1.978155232767674576e+00
-3.206408416691516550e+00 -2.675751450558915501e+00 -1.960472398810210626e+00 -1.350290292642668089e+00 -3.728139303659637527e+00 -1.988192409415728168e+00
-3.214349786729745251e+00 -2.687267779872230644e+00 -1.958379962418163256e+00 -1.355562372547148398e+00 -3.739206218767345824e+00 -1.998227617304420889e+00
-3.222269497252965298e+00 -2.698800918313532637e+00 -1.956243853781300501e+00 -1.360936950710276871e+00 -3.750202016984103714e+00 -2.008260802933654166e+00
-3.230166948903583357e+00 -2.710351097578444612e+00 -1.954063163672652426e+00 -1.366412321290455312e+00 -3.761124086014742129e+00 -2.018291912912354213e+00
-3.238041529989023282e+00 -2.721918553489770520e+00 -1.951836981836254425e+00 -1.371986716714500343e+00 -3.771969843712714709e+00 -2.028320893948050596e+00
-3.245892616393509122e+00 -2.733503525838185233e+00 -1.949564397863272180e+00 -1.377658308393770792e+00 -3.782736739829417605e+00 -2.038347692836454783e+00
-3.253719571498670859e+00 -2.745106258210218808e+00 -1.947244502105983877e+00 -1.383425207489923592e+00 -3.793422257745084014e+00 -2.048372256451041373e+00
-3.261521746113527964e+00 -2.756726997803231161e+00 -1.944876386630445042e+00 -1.389285465729763969e+00 -3.804023916179806175e+00 -2.058394531732643529e+00
-3.269298478414422782e+00 -2.768365995227087595e+00 -1.942459146208644905e+00 -1.395237076268620147e+00 -3.814539270883276156e+00 -2.068414465679068392e+00
-3.277049093895499254e+00 -2.780023504292250536e+00 -1.939991879350966952e+00 -1.401277974601619736e+00 -3.824965916301828361e+00 -2.078432005334740040e+00
-3.284772905330350934e+00 -2.791699781784024559e+00 -1.937473689379750397e+00 -1.407406039522210994e+00 -3.835301487221390193e+00 -2.088447097780379291e+00
-3.292469212745481322e+00 -2.803395087222700255e+00 -1.934903685544745455e+00 -1.413619094127224862e+00 -3.845543660384974860e+00 -2.098459690122724819e+00
-3.300137303406252887e+00 -2.815109682609362896e+00 -1.932280984181242722e+00 -1.419914906867741689e+00 -3.855690156083361853e+00 -2.108469729484305777e+00
-3.307776451816017094e+00 -2.826843832157152736e+00 -1.929604709911643790e+00 -1.426291192644974171e+00 -3.865738739717632377e+00 -2.118477162993272600e+00
-3.315385919729155972e+00 -2.838597802007776227e+00 -1.926873996891229623e+00 -1.432745613950346497e+00 -3.875687223332250575e+00 -2.128481937773295307e+00
-3.322964956178780405e+00 -2.850371859933101604e+00 -1.924087990098865886e+00 -1.439275782048912600e+00 -3.885533467117407547e+00 -2.138484000933531526e+00
-3.330512797519870283e+00 -2.862166275021686079e+00 -1.921245846673369506e+00 -1.445879258205204243e+00 -3.895275380879361204e+00 -2.148483299558679338e+00
-3.338028667488659451e+00 -2.873981317350116971e+00 -1.918346737296241056e+00 -1.452553554950579917e+00 -3.904910925477539152e+00 -2.158479780699114947e+00
-3.345511777279102983e+00 -2.885817257639071265e+00 -1.915389847621448371e+00 -1.459296137391092874e+00 -3.914438114227196230e+00 -2.168473391361128488e+00
-3.352961325637287437e+00 -2.897674366894036346e+00 -1.912374379752926234e+00 -1.466104424554869778e+00 -3.923855014266442343e+00 -2.178464078497261092e+00
-3.360376498974682491e+00 -2.909552916030661240e+00 -1.909299553770430258e+00 -1.472975790777951488e+00 -3.933159747886494362e+00 -2.188451788996752523e+00
-3.367756471501146542e+00 -2.921453175484747700e+00 -1.906164609304363156e+00 -1.479907567127509926e+00 -3.942350493824020141e+00 -2.198436469676106064e+00
-3.375100405378645085e+00 -2.933375414806929538e+00 -1.902968807160157816e+00 -1.486897042861330176e+00 -3.951425488514495044e+00 -2.208418067269775964e+00
-3.382407450896652623e+00 -2.945319902242124588e+00 -1.899711430992777617e+00 -1.493941466922404482e+00 -3.960383027305508286e+00 -2.218396528420988556e+00
-3.389676746670251095e+00 -2.957286904293891627e+00 -1.896391789031859787e+00 -1.501038049467453783e+00 -3.969221465628990586e+00 -2.228371799672698828e+00
-3.396907419861955546e+00 -2.969276685273870342e+00 -1.893009215857996974e+00 -1.508183963428161967e+00 -3.977939220131372355e+00 -2.238343827458691759e+00
-3.404098586428331519e+00 -2.981289506836526382e+00 -1.889563074230612427e+00 -1.515376346103880945e+00 -3.986534769760721186e+00 -2.248312558094834657e+00
-3.411249351392495743e+00 -2.993325627499479946e+00 -1.886052756967852018e+00 -1.522612300784523143e+00 -3.995006656809926504e+00 -2.258277937770486687e+00
-3.418358809143611232e+00 -3.005385302149747417e+00 -1.882477688878869015e+00 -1.529888898402343100e+00 -4.003353487915057407e+00 -2.268239912540072734e+00
-3.425426043764525197e+00 -3.017468781536281064e+00 -1.878837328748842683e+00 -1.537203179211269477e+00 -4.011573935008037495e+00 -2.278198428314824664e+00
-3.432450129388707971e+00 -3.029576311749252238e+00 -1.875131171377020012e+00 -1.544552154492428331e+00 -4.019666736222836434e+00 -2.288153430854698911e+00
-3.439430130587689316e+00 -3.041708133686587434e+00 -1.871358749668027066e+00 -1.551932808284471221e+00 -4.027630696754401107e+00 -2.298104865760475679e+00
-3.446365102790198254e+00 -3.053864482508322542e+00 -1.867519636776643566e+00 -1.559342099137290383e+00 -4.035464689669598037e+00 -2.308052678466042895e+00
-3.453254092734237446e+00 -3.066045587079417878e+00 -1.863613448306183251e+00 -1.566776961887681230e+00 -4.043167656669472976e+00 -2.317996814230875113e+00
-3.460096138953344447e+00 -3.078251669401736113e+00 -1.859639844560566635e+00 -1.574234309455490921e+00 -4.050738608802179286e+00 -2.327937218132705155e+00
-3.466890272298301934e+00 -3.090482944035962909e+00 -1.855598532850114113e+00 -1.581711034658761728e+00 -4.058176627125966718e+00 -2.337873835060402250e+00
-3.473635516495578113e+00 -3.102739617514320258e+00 -1.851489269851028130e+00 -1.589204012046359082e+00 -4.065480863321652372e+00 -2.347806609707052683e+00
-3.480330888743787376e+00 -3.115021887744998885e+00 -1.847311864018467364e+00 -1.596710099746552647e+00 -4.072650540254071139e+00 -2.357735486563254490e+00
-3.486975400349473730e+00 -3.127329943409312918e+00 -1.843066178053050841e+00 -1.604226141329993194e+00 -4.079684952481993143e+00 -2.367660409910627095e+00
-3.493568057403516391e+00 -3.139663963352660403e+00 -1.838752131420559266e+00 -1.611748967685509015e+00 -4.086583466716091628e+00 -2.377581323815539882e+00
-3.500107861499475170e+00 -3.152024115970456286e+00 -1.834369702924529166e+00 -1.619275398907120245e+00 -4.093345522224551836e+00 -2.387498172123063700e+00
-3.506593810495174601e+00 -3.164410558590276423e+00 -1.829918933331358355e+00 -1.626802246190659940e+00 -4.099970631185970049e+00 -2.397410898451151517e+00
-3.513024899318835104e+00 -3.176823436851545779e+00 -1.825399928047464426e+00 -1.634326313738357461e+00 -4.106458378989239044e+00 -2.407319446185047340e+00
-3.519400120850861846e+00 -3.189262884036708989e+00 -1.820812859782004356e+00 -1.641844395832886327e+00 -4.112808420180537716e+00 -2.417223758475508077e+00
-3.525718466822417962e+00 -3.201729020449816332e+00 -1.816157971255866865e+00 -1.649353277913832683e+00 -4.119020478255570161e+00 -2.427123778237237683e+00
-3.531978928761639214e+00 -3.214221952797999826e+00 -1.811435577961109766e+00 -1.656849738025533147e+00 -4.125094345775825566e+00 -2.437019448147440759e+00
-3.538180498988622524e+00 -3.226741773577049166e+00 -1.806646070970046702e+00 -1.664330548263396770e+00 -4.131029884452530609e+00 -2.446910710644499609e+00
-3.544322171660404308e+00 -3.239288560462806998e+00 -1.801789919793089334e+00 -1.671792476217772050e+00 -4.136827025198271279e+00 -2.456797507926768098e+00
-3.550402943867100980e+00 -3.251862375710178554e+00 -1.796867675284352428e+00 -1.679232286414407804e+00 -4.142485768146324965e+00 -2.466679781951490735e+00
-3.556421816780361400e+00 -3.264463265561637684e+00 -1.791879972593929837e+00 -1.686646741750532197e+00 -4.148006182637731243e+00 -2.476557474433842110e+00
-3.562377796855224599e+00 -3.277091259667179735e+00 -1.786827534165639886e+00 -1.694032604925553853e+00 -4.153388407176159092e+00 -2.486430526846088895e+00
-3.568269897086435716e+00 -3.289746370517748097e+00 -1.781711172778932761e+00 -1.701386639865365646e+00 -4.158632649350649579e+00 -2.496298880416874866e+00
-3.574097138320221134e+00 -3.302428592894231407e+00 -1.776531794633539718e+00 -1.708705613139219537e+00 -4.163739185726336167e+00 -2.506162476130629368e+00
-3.579858550622457614e+00 -3.315137903334191449e+00 -1.771290402475324655e+00 -1.715986295368101544e+00 -4.168708361703264309e+00 -2.516021254727097478e+00
-3.585553174704106727e+00 -3.327874259618545771e+00 -1.765988098761682945e+00 -1.723225462623525051e+00 -4.173540591343456008e+00 -2.525875156700994051e+00
-3.591180063404718403e+00 -3.340637600280477848e+00 -1.760626088864707839e+00 -1.730419897815632435e+00 -4.178236357166391635e+00 -2.535724122301780348e+00
-3.596738283234723443e+00 -3.353427844138906266e+00 -1.755205684310213732e+00 -1.737566392069475496e+00 -4.182796209913112406e+00 -2.545568091533563670e+00
-3.602226915977150501e+00 -3.366244889858868383e+00 -1.749728306050581272e+00 -1.744661746088309373e+00 -4.187220768279170002e+00 -2.555407004155119566e+00
-3.607645060349318644e+00 -3.379088615541228968e+00 -1.744195487769248265e+00 -1.751702771502724687e+00 -4.191510718616680009e+00 -2.565240799680034822e+00
-3.612991833724950475e+00 -3.391958878344127903e+00 -1.738608879214536662e+00 -1.758686292204410417e+00 -4.195666814605770512e+00 -2.575069417376973924e+00
-3.618266373917056633e+00 -3.404855514138605876e+00 -1.732970249560362053e+00 -1.765609145663325830e+00 -4.199689876895760676e+00 -2.584892796270064963e+00
-3.623467841021826175e+00 -3.417778337200846117e+00 -1.727281490791221952e+00 -1.772468184227035115e+00 -4.203580792716428149e+00 -2.594710875139405903e+00
-3.628595419323648485e+00 -3.430727139943461346e+00 -1.721544621108717310e+00 -1.779260276400951746e+00 -4.207340515459780939e+00 -2.604523592521691189e+00
-3.633648319261267190e+00 -3.443701692688235561e+00 -1.715761788356698903e+00 -1.785982308108212235e+00 -4.210970064232771648e+00 -2.614330886710956481e+00
-3.638625779454945253e+00 -3.456701743482681444e+00 -1.709935273461977046e+00 -1.792631183927911431e+00 -4.214470523381474543e+00 -2.624132695759439304e+00
-3.643527068794385482e+00 -3.469727017962741300e+00 -1.704067493887370333e+00 -1.799203828310413034e+00 -4.217843041987253905e+00 -2.633928957478558708e+00
-3.648351488587021851e+00 -3.482777219263875068e+00 -1.698161007093701436e+00 -1.805697186768470131e+00 -4.221088833335546298e+00 -2.643719609440009055e+00
-3.653098374766147405e+00 -3.495852027982697230e+00 -1.692218514007176822e+00 -1.812108227042892761e+00 -4.224209174357918428e+00 -2.653504588976966172e+00
-3.657767100158215268e+00 -3.508951102191223193e+00 -1.686242862488414263e+00 -1.818433940241529045e+00 -4.227205405048109377e+00 -2.663283833185407623e+00
-3.662357076808492984e+00 -3.522074077505655154e+00 -1.680237050799203491e+00 -1.824671341950372838e+00 -4.230078927852878756e+00 -2.673057278925543567e+00
-3.666867758364103391e+00 -3.535220567211493581e+00 -1.674204231062897286e+00 -1.830817473315644373e+00 -4.232831207038491250e+00 -2.682824862823355527e+00
-3.671298642513340038e+00 -3.548390162446596108e+00 -1.668147712714147968e+00 -1.836869402095753223e+00 -4.235463768033781662e+00 -2.692586521272244848e+00
-3.675649273479990153e+00 -3.561582432443607615e+00 -1.662070965933508226e+00 -1.842824223682143270e+00 -4.237978196750796123e+00 -2.702342190434784630e+00
-3.679919244571244530e+00 -3.574796924832964073e+00 -1.655977625062218683e+00 -1.848679062088111502e+00 -4.240376138884093926e+00 -2.712091806244577796e+00
-3.684108200777628017e+00 -3.588033166007451591e+00 -1.649871491992301875e+00 -1.854431070904795087e+00 -4.242659299189843303e+00 -2.721835304408215084e+00
-3.688215841423225783e+00 -3.601290661549004568e+00 -1.643756539526877170e+00 -1.860077434223663451e+00 -4.244829440745954585e+00 -2.731572620407335616e+00
-3.692241922864340165e+00 -3.614568896718153290e+00 -1.637636914705395075e+00 -1.865615367524978252e+00 -4.246888384194514643e+00 -2.741303689500782514e+00
-3.696186261234565062e+00 -3.627867337006184911e+00 -1.631516942088278466e+00 -1.871042118531875298e+00 -4.248838006967897485e+00 -2.751028446726858423e+00
-3.700048735234115149e+00 -3.641185428749751374e+00 -1.625401126995229761e+00 -1.876354968029875447e+00 -4.250680242499960571e+00 -2.760746826905672968e+00
-3.703829288961124178e+00 -3.654522599807237704e+00 -1.619294158691235941e+00 -1.881551230651847373e+00 -4.252417079423789659e+00 -2.770458764641582139e+00
-3.707527934782480550e+00 -3.667878260295818649e+00 -1.613200913514071466e+00 -1.886628255628638895e+00 -4.254050560757506538e+00 -2.780164194325722260e+00
-3.711144756241651521e+00 -3.681251803387656452e+00 -1.607126457936856267e+00 -1.891583427505811876e+00 -4.255582783079675302e+00 -2.789863050138627454e+00
-3.714679911000819068e+00 -3.694642606163220933e+00 -1.601076051558980584e+00 -1.896414166827123715e+00 -4.257015895695861474e+00 -2.799555266052939029e+00
-3.718133633814549199e+00 -3.708050030519186357e+00 -1.595055150018454437e+00 -1.901117930785630072e+00 -4.258352099797902746e+00 -2.809240775836198356e+00
-3.721506239532101912e+00 -3.721473424127819563e+00 -1.589069407818479052e+00 -1.905692213843491301e+00 -4.259593647617426981e+00 -2.818919513053724124e+00
-3.724798126125397513e+00 -3.734912121444176947e+00 -1.583124681060771533e+00 -1.910134548321762660e+00 -4.260742841575138051e+00 -2.828591411071574857e+00
-3.728009777739567543e+00 -3.748365444756803555e+00 -1.577227030077894998e+00 -1.914442504961662017e+00 -4.261802033427321668e+00 -2.838256403059591371e+00
