-3.015246651163583369e+00 -5.414133946331053160e+00 1.532200004687394257e+00 -3.030828726035855958e+00 -3.608850195733978250e+00 -1.549924804298145276e+00
-3.015246651163583369e+00 -5.414133946331053160e+00 1.532200004687394257e+00 -3.030828726035855958e+00 -3.608850195733978250e+00 -1.549924804298145276e+00
-3.015242089205221188e+00 -5.414094526738402635e+00 1.531629232376770178e+00 -3.030824608911210749e+00 -3.608853706568316166e+00 -1.549943712384982186e+00
-3.015232962903998448e+00 -5.414015655338514144e+00 1.530513602713119425e+00 -3.030816388463029032e+00 -3.608860352541526151e+00 -1.549981441084460565e+00
-3.015219204660364305e+00 -5.413897309744368336e+00 1.528878432088377481e+00 -3.030804078661884837e+00 -3.608869757640931208e+00 -1.550037902804726198e+00
-3.015200685590888163e+00 -5.413739477179434267e+00 1.526748439313696304e+00 -3.030787693603419264e+00 -3.608881545574657679e+00 -1.550113009836168398e+00
-3.015177219378692985e+00 -5.413542154408887086e+00 1.524147747163143718e+00 -3.030767247464210890e+00 -3.608895339809508496e+00 -1.550206674351339409e+00
-3.015148566040189326e+00 -5.413305347790437594e+00 1.521099884449812034e+00 -3.030742754457919741e+00 -3.608910763608689454e+00 -1.550318808404887561e+00
-3.015114435605760423e+00 -5.413029073418805126e+00 1.517627788608574946e+00 -3.030714228791721698e+00 -3.608927440069404913e+00 -1.550449323933507983e+00
-3.015074491712502081e+00 -5.412713357340434683e+00 1.513753808760373909e+00 -3.030681684623045768e+00 -3.608944992160319831e+00 -1.550598132755908409e+00
-3.015028355107439051e+00 -5.412358235817500862e+00 1.509499709233557585e+00 -3.030645136016621333e+00 -3.608963042758903228e+00 -1.550765146572790298e+00
-3.014975607059870555e+00 -5.411963755622534400e+00 1.504886673518437856e+00 -3.030604596901853576e+00 -3.608981214688649963e+00 -1.550950276966847285e+00
-3.014915792681654327e+00 -5.411529974347200955e+00 1.499935308631852537e+00 -3.030560081030531983e+00 -3.608999130756191498e+00 -1.551153435402777836e+00
-3.014848424154323414e+00 -5.411056960710797448e+00 1.494665649869157509e+00 -3.030511601934887889e+00 -3.609016413788302291e+00 -1.551374533227315000e+00
-3.014772983862008537e+00 -5.410544794855938200e+00 1.489097165921687393e+00 -3.030459172886012631e+00 -3.609032686668802281e+00 -1.551613481669271932e+00
-3.014688927429166387e+00 -5.409993568620707904e+00 1.483248764338340964e+00 -3.030402806852640296e+00 -3.609047572375363444e+00 -1.551870191839602731e+00
-3.014595686662154606e+00 -5.409403385778219331e+00 1.477138797310554752e+00 -3.030342516460316382e+00 -3.609060694016228421e+00 -1.552144574731480153e+00
-3.014492672393706663e+00 -5.408774362236057343e+00 1.470785067760530307e+00 -3.030278313950953262e+00 -3.609071674866838109e+00 -1.552436541220389099e+00
-3.014379277229419785e+00 -5.408106626189539412e+00 1.464204835713170283e+00 -3.030210211142790655e+00 -3.609080138406381533e+00 -1.552746002064236075e+00
-3.014254878195388176e+00 -5.407400318224024893e+00 1.457414824932771413e+00 -3.030138219390766441e+00 -3.609085708354267563e+00 -1.553072867903474208e+00
-3.014118839286196394e+00 -5.406655591362718560e+00 1.450431229806093514e+00 -3.030062349547308020e+00 -3.609088008706523354e+00 -1.553417049261245797e+00
-3.013970513912558324e+00 -5.405872611057538357e+00 1.443269722453998538e+00 -3.029982611923558444e+00 -3.609086663772126613e+00 -1.553778456543539077e+00
-3.013809247247983603e+00 -5.405051555121593410e+00 1.435945460054415257e+00 -3.029899016251043076e+00 -3.609081298209269928e+00 -1.554157000039362746e+00
-3.013634378473985631e+00 -5.404192613602742057e+00 1.428473092359936025e+00 -3.029811571643788337e+00 -3.609071537061571355e+00 -1.554552589920935590e+00
-3.013445242923459499e+00 -5.403295988598504351e+00 1.420866769393901663e+00 -3.029720286560900089e+00 -3.609057005794220174e+00 -1.554965136243892765e+00
-3.013241174122040178e+00 -5.402361894013330890e+00 1.413140149309362048e+00 -3.029625168769614518e+00 -3.609037330330077342e+00 -1.555394548947508504e+00
-3.013021505727396576e+00 -5.401390555259851567e+00 1.405306406395832930e+00 -3.029526225308828202e+00 -3.609012137085723104e+00 -1.555840737854933931e+00
-3.012785573366623115e+00 -5.400382208906306047e+00 1.397378239219284390e+00 -3.029423462453114446e+00 -3.608981053007456197e+00 -1.556303612673451964e+00
-3.012532716372072095e+00 -5.399337102272795619e+00 1.389367878881309082e+00 -3.029316885677240556e+00 -3.608943705607254415e+00 -1.556783082994748879e+00
-3.012262279416181521e+00 -5.398255492979453507e+00 1.381287097383919305e+00 -3.029206499621190041e+00 -3.608899722998693438e+00 -1.557279058295200302e+00
-3.011973614046065340e+00 -5.397137648449898073e+00 1.373147216086910927e+00 -3.029092308055697735e+00 -3.608848733932823905e+00 -1.557791447936175189e+00
-3.011666080118840849e+00 -5.395983845373664600e+00 1.364959114245221761e+00 -3.028974313848311617e+00 -3.608790367834021851e+00 -1.558320161164355122e+00
-3.011339047138898106e+00 -5.394794369131476586e+00 1.356733237614179188e+00 -3.028852518929983972e+00 -3.608724254835803613e+00 -1.558865107112070048e+00
-3.010991895498507986e+00 -5.393569513187389752e+00 1.348479607111001899e+00 -3.028726924262201692e+00 -3.608650025816608764e+00 -1.559426194797650211e+00
-3.010624017623396487e+00 -5.392309578451942365e+00 1.340207827521372463e+00 -3.028597529804666344e+00 -3.608567312435557284e+00 -1.560003333125794311e+00
-3.010234819025107367e+00 -5.391014872620485399e+00 1.331927096240348440e+00 -3.028464334483526255e+00 -3.608475747168180536e+00 -1.560596430887953634e+00
-3.009823719262164854e+00 -5.389685709490895427e+00 1.323646212037313585e+00 -3.028327336160174799e+00 -3.608374963342130037e+00 -1.561205396762732622e+00
-3.009390152812237762e+00 -5.388322408264833108e+00 1.315373583835101057e+00 -3.028186531600617570e+00 -3.608264595172856470e+00 -1.561830139316305877e+00
-3.008933569857688006e+00 -5.386925292836636459e+00 1.307117239493840843e+00 -3.028041916445415982e+00 -3.608144277799276711e+00 -1.562470567002850697e+00
-3.008453436987023721e+00 -5.385494691073871465e+00 1.298884834590490200e+00 -3.027893485180218391e+00 -3.608013647319415096e+00 -1.563126588164996722e+00
-3.007949237814942833e+00 -5.384030934093408938e+00 1.290683661185413111e+00 -3.027741231106880981e+00 -3.607872340826023816e+00 -1.563798111034290672e+00
-3.007420473523773730e+00 -5.382534355536773063e+00 1.282520656567760042e+00 -3.027585146315188602e+00 -3.607719996442192212e+00 -1.564485043731678182e+00
-3.006866663329230693e+00 -5.381005290848320577e+00 1.274402411971789384e+00 -3.027425221655179133e+00 -3.607556253356936082e+00 -1.565187294268001184e+00
-3.006287344873506573e+00 -5.379444076559653176e+00 1.266335181256640796e+00 -3.027261446710082460e+00 -3.607380751860767454e+00 -1.565904770544511937e+00
-3.005682074548798877e+00 -5.377851049583439291e+00 1.258324889542439040e+00 -3.027093809769875410e+00 -3.607193133381252803e+00 -1.566637380353402609e+00
-3.005050427754434317e+00 -5.376226546519628613e+00 1.250377141795961933e+00 -3.026922297805461515e+00 -3.606993040518554849e+00 -1.567385031378351501e+00
-3.004391999090802123e+00 -5.374570902976834930e+00 1.242497231359455334e+00 -3.026746896443482715e+00 -3.606780117080959247e+00 -1.568147631195085268e+00
-3.003706402493339311e+00 -5.372884452911419473e+00 1.234690148416514033e+00 -3.026567589941765668e+00 -3.606554008120383070e+00 -1.568925087271956675e+00
-3.002993271309826628e+00 -5.371167527986592916e+00 1.226960588389280682e+00 -3.026384361165410652e+00 -3.606314359967864647e+00 -1.569717306970539017e+00
-3.002252258324255685e+00 -5.369420456953637455e+00 1.219312960261535128e+00 -3.026197191563531064e+00 -3.606060820269042733e+00 -1.570524197546236733e+00
-3.001483035730513116e+00 -5.367643565057108823e+00 1.211751394822557337e+00 -3.026006061146639947e+00 -3.605793038019612595e+00 -1.571345666148911135e+00
-3.000685295059103197e+00 -5.365837173465660470e+00 1.204279752826956651e+00 -3.025810948464700445e+00 -3.605510663600770993e+00 -1.572181619823523002e+00
-2.999858747060088149e+00 -5.364001598729916331e+00 1.196901633065948101e+00 -3.025611830585838824e+00 -3.605213348814640284e+00 -1.573031965510790942e+00
-2.999003121545376072e+00 -5.362137152268607210e+00 1.189620380345853379e+00 -3.025408683075722749e+00 -3.604900746919665000e+00 -1.573896610047865297e+00
-2.998118167193426498e+00 -5.360244139883960202e+00 1.182439093369874961e+00 -3.025201479977616348e+00 -3.604572512665999096e+00 -1.574775460169018038e+00
-2.997203651319367168e+00 -5.358322861307167173e+00 1.175360632519467874e+00 -3.024990193793111182e+00 -3.604228302330862554e+00 -1.575668422506349309e+00
-2.996259359613439699e+00 -5.356373609774525590e+00 1.168387627531894069e+00 -3.024774795463541999e+00 -3.603867773753881565e+00 -1.576575403590508628e+00
-2.995285095850604318e+00 -5.354396671634691351e+00 1.161522485070801469e+00 -3.024555254352084610e+00 -3.603490586372398941e+00 -1.577496309851432743e+00
-2.994280681574034375e+00 -5.352392325987307409e+00 1.154767396186912487e+00 -3.024331538226548322e+00 -3.603096401256751680e+00 -1.578431047619099248e+00
-2.993245955755137633e+00 -5.350360844353091672e+00 1.148124343666152125e+00 -3.024103613242862476e+00 -3.602684881145528095e+00 -1.579379523124295082e+00
-2.992180774432632973e+00 -5.348302490375346885e+00 1.141595109262768970e+00 -3.023871443929260217e+00 -3.602255690480790751e+00 -1.580341642499401900e+00
-2.991085010333101923e+00 -5.346217519552683761e+00 1.135181280815234395e+00 -3.023634993171166130e+00 -3.601808495443262093e+00 -1.581317311779196322e+00
-2.989958552475325604e+00 -5.344106179002631407e+00 1.128884259242914911e+00 -3.023394222196787329e+00 -3.601342963987478552e+00 -1.582306436901665947e+00
-2.988801305760602656e+00 -5.341968707255699833e+00 1.122705265421724219e+00 -3.023149090563415964e+00 -3.600858765876901124e+00 -1.583308923708841354e+00
-2.987613190551130948e+00 -5.339805334079327892e+00 1.116645346937161998e+00 -3.022899556144442279e+00 -3.600355572718981989e+00 -1.584324677947642757e+00
-2.986394142238414595e+00 -5.337616280331065610e+00 1.110705384713341015e+00 -3.022645575117083538e+00 -3.599833058000192487e+00 -1.585353605270743094e+00
-2.985144110803554796e+00 -5.335401757840254611e+00 1.104886099516791287e+00 -3.022387101950829713e+00 -3.599290897121003585e+00 -1.586395611237446435e+00
-2.983863060371153342e+00 -5.333161969317377959e+00 1.099188058334008344e+00 -3.022124089396611701e+00 -3.598728767430817932e+00 -1.587450601314580823e+00
-2.982550968758461263e+00 -5.330897108290185926e+00 1.093611680621888294e+00 -3.021856488476691194e+00 -3.598146348262837968e+00 -1.588518480877407546e+00
-2.981207827021281176e+00 -5.328607359065660631e+00 1.088157244430356219e+00 -3.021584248475277068e+00 -3.597543320968894065e+00 -1.589599155210545289e+00
-2.979833638998031997e+00 -5.326292896716802616e+00 1.082824892396657246e+00 -3.021307316929867870e+00 -3.596919368954197616e+00 -1.590692529508909603e+00
-2.978428420853271863e+00 -5.323953887093206383e+00 1.077614637610929682e+00 -3.021025639623324821e+00 -3.596274177712039499e+00 -1.591798508878667029e+00
-2.976992200621883633e+00 -5.321590486854335111e+00 1.072526369352828413e+00 -3.020739160576676685e+00 -3.595607434858404616e+00 -1.592916998338205659e+00
-2.975525017755015877e+00 -5.319202843524396762e+00 1.067559858699107966e+00 -3.020447822042656494e+00 -3.594918830166531354e+00 -1.594047902819118789e+00
-2.974026922668784323e+00 -5.316791095567692693e+00 1.062714764002207435e+00 -3.020151564499974128e+00 -3.594208055601383567e+00 -1.595191127167205902e+00
-2.972497976296649913e+00 -5.314355372483290374e+00 1.057990636240009330e+00 -3.019850326648322536e+00 -3.593474805354043511e+00 -1.596346576143486518e+00
-2.970938249646291496e+00 -5.311895794917882441e+00 1.053386924237067479e+00 -3.019544045404123356e+00 -3.592718775876027060e+00 -1.597514154425230259e+00
-2.969347823361721428e+00 -5.309412474795672132e+00 1.048902979757714515e+00 -3.019232655897010176e+00 -3.591939665913516766e+00 -1.598693766607001132e+00
-2.967726787291304014e+00 -5.306905515464147349e+00 1.044538062471573214e+00 -3.018916091467048091e+00 -3.591137176541479903e+00 -1.599885317201716672e+00
-2.966075240062267415e+00 -5.304375011854594035e+00 1.040291344792100059e+00 -3.018594283662695332e+00 -3.590311011197706570e+00 -1.601088710641721979e+00
-2.964393288662221071e+00 -5.301821050656227108e+00 1.036161916588890008e+00 -3.018267162239504309e+00 -3.589460875716740329e+00 -1.602303851279878177e+00
-2.962681048028144470e+00 -5.299243710502826055e+00 1.032148789774570696e+00 -3.017934655159560720e+00 -3.588586478363710253e+00 -1.603530643390665311e+00
-2.960938640643219877e+00 -5.296643062170789840e+00 1.028250902767197328e+00 -3.017596688591666076e+00 -3.587687529868025305e+00 -1.604768991171300119e+00
-2.959166196141861160e+00 -5.294019168787525764e+00 1.024467124829153031e+00 -3.017253186912257412e+00 -3.586763743456982567e+00 -1.606018798742868015e+00
-2.957363850923201642e+00 -5.291372086049152657e+00 1.020796260283634904e+00 -3.016904072707068618e+00 -3.585814834889235581e+00 -1.607279970151468840e+00
-2.955531747773282980e+00 -5.288701862446481883e+00 1.017237052609883730e+00 -3.016549266773529414e+00 -3.584840522488121906e+00 -1.608552409369377711e+00
-2.953670035496126278e+00 -5.286008539498307179e+00 1.013788188418388359e+00 -3.016188688123905504e+00 -3.583840527174875668e+00 -1.609836020296220083e+00
-2.951778868553825319e+00 -5.283292151991033414e+00 1.010448301307357966e+00 -3.015822253989176804e+00 -3.582814572501714423e+00 -1.611130706760159681e+00
-2.949858406715771597e+00 -5.280552728223740111e+00 1.007215975601824631e+00 -3.015449879823650647e+00 -3.581762384684779033e+00 -1.612436372519101990e+00
-2.947908814717077330e+00 -5.277790290257788008e+00 1.004089749976792456e+00 -3.015071479310313496e+00 -3.580683692636900339e+00 -1.613752921261910611e+00
-2.945930261926235971e+00 -5.275004854170112445e+00 1.001068120965905139e+00 -3.014686964366914523e+00 -3.579578228000227735e+00 -1.615080256609637610e+00
-2.943922922022029098e+00 -5.272196430309398885e+00 9.981495463571555815e-01 -3.014296245152787712e+00 -3.578445725178695636e+00 -1.616418282116768301e+00
-2.941886972679668588e+00 -5.269365023554359873e+00 9.953324484772076985e-01 -3.013899230076400038e+00 -3.577285921370335853e+00 -1.617766901272478686e+00
-2.939822595266124328e+00 -5.266510633573368239e+00 9.926152173659431588e-01 -3.013495825803631067e+00 -3.576098556599387468e+00 -1.619126017501907544e+00
-2.937729974544593503e+00 -5.263633255084756435e+00 9.899962138428849423e-01 -3.013085937266784864e+00 -3.574883373748260151e+00 -1.620495534167440743e+00
-2.935609298388022648e+00 -5.260732878117097222e+00 9.874737724672240091e-01 -3.012669467668267931e+00 -3.573640118467603433e+00 -1.621875354570009975e+00
-2.933460757501594518e+00 -5.257809488268861742e+00 9.850462043931337286e-01 -3.012246318490412467e+00 -3.572368539208632843e+00 -1.623265381950404818e+00
-2.931284545154077659e+00 -5.254863066966836804e+00 9.827118001221247789e-01 -3.011816389506014158e+00 -3.571068387255276200e+00 -1.624665519490596788e+00
-2.929080856917916531e+00 -5.251893591722760490e+00 9.804688321542182061e-01 -3.011379578789577849e+00 -3.569739416756107619e+00 -1.626075670315077826e+00
-2.926849890417938305e+00 -5.248901036387663588e+00 9.783155575397359804e-01 -3.010935782729277310e+00 -3.568381384756105223e+00 -1.627495737492211658e+00
-2.924591845088539976e+00 -5.245885371403407049e+00 9.762502203335342577e-01 -3.010484896039617997e+00 -3.566994051228213003e+00 -1.628925624035597153e+00
-2.922306921939215041e+00 -5.242846564050990033e+00 9.742710539535174297e-01 -3.010026811774808131e+00 -3.565577179104690408e+00 -1.630365232905445216e+00
-2.919995323328274051e+00 -5.239784578695197759e+00 9.723762834452887027e-01 -3.009561421342825227e+00 -3.564130534308229237e+00 -1.631814467009968350e+00
-2.917657252744604968e+00 -5.236699377025210822e+00 9.705641276548050422e-01 -3.009088614520184723e+00 -3.562653885782874230e+00 -1.633273229206782862e+00
-2.915292914597323204e+00 -5.233590918290818905e+00 9.688328013109146486e-01 -3.008608279467402724e+00 -3.561147005524695430e+00 -1.634741422304323510e+00
-2.912902514013151922e+00 -5.230459159533922708e+00 9.671805170196632329e-01 -3.008120302745146635e+00 -3.559609668612234490e+00 -1.636218949063270367e+00
-2.910486256641380276e+00 -5.227304055815027439e+00 9.656054871722598021e-01 -3.007624569331077691e+00 -3.558041653236710733e+00 -1.637705712197988328e+00
-2.908044348466236162e+00 -5.224125560434474735e+00 9.641059257685993256e-01 -3.007120962637371164e+00 -3.556442740731948771e+00 -1.639201614377978622e+00
-2.905576995626521608e+00 -5.220923625148158109e+00 9.626800501582363223e-01 -3.006609364528920025e+00 -3.554812715604082296e+00 -1.640706558229342527e+00
-2.903084404242352257e+00 -5.217698200377543394e+00 9.613260827007064080e-01 -3.006089655342215394e+00 -3.553151365561006081e+00 -1.642220446336257078e+00
-2.900566780248844623e+00 -5.214449235413781913e+00 9.600422523470886205e-01 -3.005561713904890908e+00 -3.551458481541521994e+00 -1.643743181242462548e+00
-2.898024329236600583e+00 -5.211176678615781377e+00 9.588267961446980125e-01 -3.005025417555941214e+00 -3.549733857744222565e+00 -1.645274665452761687e+00
-2.895457256298834547e+00 -5.207880477602083502e+00 9.576779606667906730e-01 -3.004480642166592830e+00 -3.547977291656080556e+00 -1.646814801434530739e+00
-2.892865765884999441e+00 -5.204560579436452450e+00 9.565940033691573419e-01 -3.003927262161839806e+00 -3.546188584080768980e+00 -1.648363491619241561e+00
-2.890250061660757375e+00 -5.201216930807065708e+00 9.555731938754711274e-01 -3.003365150542625983e+00 -3.544367539166660031e+00 -1.649920638403995721e+00
-2.887610346374158699e+00 -5.197849478199253248e+00 9.546138151932440641e-01 -3.002794178908670286e+00 -3.542513964434513607e+00 -1.651486144153069935e+00
-2.884946821727883748e+00 -5.194458168061726333e+00 9.537141648622368129e-01 -3.002214217481940839e+00 -3.540627670804879390e+00 -1.653059911199471932e+00
-2.882259688257410080e+00 -5.191042946966260452e+00 9.528725560371498204e-01 -3.001625135130754796e+00 -3.538708472625157864e+00 -1.654641841846507866e+00
-2.879549145214969741e+00 -5.187603761760821719e+00 9.520873185064114841e-01 -3.001026799394513223e+00 -3.536756187696344700e+00 -1.656231838369360387e+00
-2.876815390459167787e+00 -5.184140559716137631e+00 9.513567996488625500e-01 -3.000419076509056815e+00 -3.534770637299449181e+00 -1.657829803016678261e+00
-2.874058620350123494e+00 -5.180653288665721945e+00 9.506793653301178759e-01 -2.999801831432638455e+00 -3.532751646221572006e+00 -1.659435638012175307e+00
-2.871279029650017023e+00 -5.177141897139384774e+00 9.500534007403703685e-01 -2.999174927872508167e+00 -3.530699042781622055e+00 -1.661049245556241116e+00
-2.868476811428913198e+00 -5.173606334490283842e+00 9.494773111753811445e-01 -2.998538228312098486e+00 -3.528612658855711182e+00 -1.662670527827561529e+00
-2.865652156975738052e+00 -5.170046551015544445e+00 9.489495227623809814e-01 -2.997891594038814223e+00 -3.526492329902183531e+00 -1.664299386984749107e+00
-2.862805255714294894e+00 -5.166462498070545806e+00 9.484684831325866927e-01 -2.997234885172407104e+00 -3.524337894986286912e+00 -1.665935725167984716e+00
-2.859936295124198224e+00 -5.162854128176925350e+00 9.480326620420153061e-01 -2.996567960693941490e+00 -3.522149196804499116e+00 -1.667579444500668195e+00
-2.857045460666615355e+00 -5.159221395124407472e+00 9.476405519422557155e-01 -2.995890678475333857e+00 -3.519926081708465659e+00 -1.669230447091079039e+00
-2.854132935714698505e+00 -5.155564254066541174e+00 9.472906685028338325e-01 -2.995202895309461155e+00 -3.517668399728540063e+00 -1.670888635034047276e+00
-2.851198901488602555e+00 -5.151882661610447833e+00 9.469815510867855002e-01 -2.994504466940835385e+00 -3.515376004596982629e+00 -1.672553910412633016e+00
-2.848243536994975678e+00 -5.148176575900706986e+00 9.467117631810252343e-01 -2.993795248096829287e+00 -3.513048753770716015e+00 -1.674226175299816211e+00
-2.845267018970819350e+00 -5.144445956697476063e+00 9.464798927830746500e-01 -2.993075092519454028e+00 -3.510686508453725985e+00 -1.675905331760195960e+00
-2.842269521831610302e+00 -5.140690765448988842e+00 9.462845527457106609e-01 -2.992343852991813602e+00 -3.508289133563501583e+00 -1.677591281851697591e+00
-2.839251217623581347e+00 -5.136910965358547188e+00 9.461243810810034960e-01 -2.991601381376764568e+00 -3.505856497810337924e+00 -1.679283927627290174e+00
-2.836212275980063868e+00 -5.133106521446146431e+00 9.459980412252533277e-01 -2.990847528650305343e+00 -3.503388473718581420e+00 -1.680983171136711807e+00
-2.833152864081779576e+00 -5.129277400604874693e+00 9.459042222662850108e-01 -2.990082144935491293e+00 -3.500884937647478878e+00 -1.682688914428204452e+00
-2.830073146620995850e+00 -5.125423571652219401e+00 9.458416391345345620e-01 -2.989305079536854759e+00 -3.498345769811604278e+00 -1.684401059550256541e+00
-2.826973285769434074e+00 -5.121545005376439974e+00 9.458090327593337010e-01 -2.988516180975321568e+00 -3.495770854300835229e+00 -1.686119508553354907e+00
-2.823853441149840826e+00 -5.117641674578137234e+00 9.458051701917719045e-01 -2.987715297023620931e+00 -3.493160079099884019e+00 -1.687844163491743377e+00
-2.820713769811120653e+00 -5.113713554107182091e+00 9.458288446954870032e-01 -2.986902274742180285e+00 -3.490513336107425424e+00 -1.689574926425191581e+00
-2.817554426206936746e+00 -5.109760620895147376e+00 9.458788758067088187e-01 -2.986076960515489098e+00 -3.487830521154750230e+00 -1.691311699420769532e+00
-2.814375562177680035e+00 -5.105782853983397374e+00 9.459541093648516918e-01 -2.985239200088929845e+00 -3.485111534023968005e+00 -1.693054384554631753e+00
-2.811177326935720533e+00 -5.101780234546984261e+00 9.460534175149249991e-01 -2.984388838606062855e+00 -3.482356278465760901e+00 -1.694802883913807623e+00
-2.807959867053833936e+00 -5.097752745914509553e+00 9.461756986830007765e-01 -2.983525720646357904e+00 -3.479564662216682258e+00 -1.696557099597999718e+00
-2.804723326456721288e+00 -5.093700373584098884e+00 9.463198775259531459e-01 -2.982649690263359687e+00 -3.476736597015953389e+00 -1.698316933721390143e+00
-2.801467846415522711e+00 -5.089623105235642875e+00 9.464849048566527090e-01 -2.981760591023287610e+00 -3.473871998621865131e+00 -1.700082288414452414e+00
-2.798193565545231465e+00 -5.085520930739460432e+00 9.466697575457734271e-01 -2.980858266044044580e+00 -3.470970786827626053e+00 -1.701853065825771560e+00
-2.794900619804920883e+00 -5.081393842161523011e+00 9.468734384013413052e-01 -2.979942558034637035e+00 -3.468032885476771465e+00 -1.703629168123870441e+00
-2.791589142500686460e+00 -5.077241833765407719e+00 9.470949760271258899e-01 -2.979013309334988868e+00 -3.465058222478051064e+00 -1.705410497499043165e+00
-2.788259264291216954e+00 -5.073064902011107158e+00 9.473334246609497189e-01 -2.978070361956144829e+00 -3.462046729819850288e+00 -1.707196956165193624e+00
-2.784911113195899901e+00 -5.068863045550855873e+00 9.475878639939600001e-01 -2.977113557620854944e+00 -3.458998343584137825e+00 -1.708988446361682456e+00
-2.781544814605371840e+00 -5.064636265222112854e+00 9.478573989718841464e-01 -2.976142737804520877e+00 -3.455913003959893093e+00 -1.710784870355178011e+00
-2.778160491294421774e+00 -5.060384564037837762e+00 9.481411595792592628e-01 -2.975157743776499775e+00 -3.452790655256015029e+00 -1.712586130441514420e+00
-2.774758263437165251e+00 -5.056107947174209194e+00 9.484383006076019251e-01 -2.974158416641757174e+00 -3.449631245913766797e+00 -1.714392128947554994e+00
-2.771338248624387379e+00 -5.051806421955911119e+00 9.487480014084563873e-01 -2.973144597382854748e+00 -3.446434728518696478e+00 -1.716202768233061171e+00
-2.767900561882977062e+00 -5.047479997839130483e+00 9.490694656322335998e-01 -2.972116126902263122e+00 -3.443201059812048825e+00 -1.718017950692567242e+00
-2.764445315697361405e+00 -5.043128686392395643e+00 9.494019209537261084e-01 -2.971072846064984674e+00 -3.439930200701623697e+00 -1.719837578757259955e+00
-2.760972620032847935e+00 -5.038752501275376439e+00 9.497446187851594779e-01 -2.970014595741486296e+00 -3.436622116272162408e+00 -1.721661554896863011e+00
-2.757482582360795575e+00 -5.034351458215785335e+00 9.500968339776140192e-01 -2.968941216850916387e+00 -3.433276775795172764e+00 -1.723489781621526662e+00
-2.753975307685522900e+00 -5.029925574984488890e+00 9.504578645116279478e-01 -2.967852550404609602e+00 -3.429894152738244273e+00 -1.725322161483721750e+00
-2.750450898572869285e+00 -5.025474871368957430e+00 9.508270311777604622e-01 -2.966748437549860284e+00 -3.426474224773839783e+00 -1.727158597080138858e+00
-2.746909455180325033e+00 -5.020999369145163982e+00 9.512036772478795754e-01 -2.965628719613959241e+00 -3.423016973787586625e+00 -1.728998991053591006e+00
-2.743351075288649188e+00 -5.016499092048048780e+00 9.515871681379065583e-01 -2.964493238148476983e+00 -3.419522385886001103e+00 -1.730843246094920351e+00
-2.739775854334882688e+00 -5.011974065740658624e+00 9.519768910627283143e-01 -2.963341834973776123e+00 -3.415990451403668526e+00 -1.732691264944909770e+00
-2.736183885446690223e+00 -5.007424317782064094e+00 9.523722546839650249e-01 -2.962174352223759577e+00 -3.412421164909903215e+00 -1.734542950396197547e+00
-2.732575259477934004e+00 -5.002849877594162109e+00 9.527726887512569798e-01 -2.960990632390818611e+00 -3.408814525214820090e+00 -1.736398205295195396e+00
-2.728950065045410600e+00 -4.998250776427463293e+00 9.531776437377101896e-01 -2.959790518371000267e+00 -3.405170535374957730e+00 -1.738256932544010480e+00
-2.725308388566665130e+00 -4.993627047325951196e+00 9.535865904701203988e-01 -2.958573853509355978e+00 -3.401489202698290804e+00 -1.740119035102369871e+00
-2.721650314298811768e+00 -4.988978725091125277e+00 9.539990197545697992e-01 -2.957340481645471808e+00 -3.397770538748718483e+00 -1.741984415989548562e+00
-2.717975924378275288e+00 -4.984305846245295157e+00 9.544144419979725402e-01 -2.956090247159164797e+00 -3.394014559349998184e+00 -1.743852978286300370e+00
-2.714285298861387474e+00 -4.979608448994233605e+00 9.548323868261193725e-01 -2.954822995016332499e+00 -3.390221284589118866e+00 -1.745724625136790831e+00
-2.710578515765756258e+00 -4.974886573189253092e+00 9.552524026987555539e-01 -2.953538570814949971e+00 -3.386390738819142765e+00 -1.747599259750532763e+00
-2.706855651112341388e+00 -4.970140260288800960e+00 9.556740565222010542e-01 -2.952236820831204422e+00 -3.382522950661524863e+00 -1.749476785404324053e+00
-2.703116778968161160e+00 -4.965369553319638918e+00 9.560969332600230963e-01 -2.950917592060225303e+00 -3.378617952977295946e+00 -1.751357105444187878e+00
-2.699361971489561807e+00 -4.960574496837686809e+00 9.565206355422291029e-01 -2.949580732257342852e+00 -3.374675782841618954e+00 -1.753240123287314045e+00
-2.695591298965980709e+00 -4.955755136888604362e+00 9.569447832734172543e-01 -2.948226089984147258e+00 -3.370696481544694034e+00 -1.755125742424002100e+00
-2.691804829864137716e+00 -4.950911520968164226e+00 9.573690132403389619e-01 -2.946853514647768790e+00 -3.366680094555320135e+00 -1.757013866419606662e+00
-2.688002630872587950e+00 -4.946043697982498877e+00 9.577929787192649425e-01 -2.945462856546839259e+00 -3.362626671520851929e+00 -1.758904398916482537e+00
-2.684184766946571266e+00 -4.941151718208272037e+00 9.582163490835655661e-01 -2.944053966912907327e+00 -3.358536266242441393e+00 -1.760797243635932263e+00
-2.680351301353098403e+00 -4.936235633252832322e+00 9.586388094118694081e-01 -2.942626697956338688e+00 -3.354408936673998642e+00 -1.762692304380153452e+00
-2.676502295716213897e+00 -4.931295496014417523e+00 9.590600600971607159e-01 -2.941180902912269968e+00 -3.350244744920683804e+00 -1.764589485034187888e+00
-2.672637810062371777e+00 -4.926331360642445922e+00 9.594798164571596288e-01 -2.939716436086577733e+00 -3.346043757236804250e+00 -1.766488689567869974e+00
-2.668757902865873000e+00 -4.921343282497956828e+00 9.598978083463124422e-01 -2.938233152901864820e+00 -3.341806044023162503e+00 -1.768389822037776060e+00
-2.664862631094301548e+00 -4.916331318114247395e+00 9.603137797697040012e-01 -2.936730909943452872e+00 -3.337531679823884545e+00 -1.770292786589173328e+00
-2.660952050253917456e+00 -4.911295525157743924e+00 9.607274884992033082e-01 -2.935209565000505449e+00 -3.333220743298656252e+00 -1.772197487457969123e+00
-2.657026214434937916e+00 -4.906235962389161820e+00 9.611387056921357752e-01 -2.933668977103454090e+00 -3.328873317177563962e+00 -1.774103828972660057e+00
-2.653085176356671404e+00 -4.901152689624985292e+00 9.615472155127190446e-01 -2.932109006569478371e+00 -3.324489488256618941e+00 -1.776011715556279791e+00
-2.649128987412446179e+00 -4.896045767699306772e+00 9.619528147565163945e-01 -2.930529515047934019e+00 -3.320069347392665904e+00 -1.777921051728346358e+00
-2.645157697714293210e+00 -4.890915258426069556e+00 9.623553124781611956e-01 -2.928930365559080595e+00 -3.315612989466151017e+00 -1.779831742106809278e+00
-2.641171356137331117e+00 -4.885761224561732341e+00 9.627545296226444060e-01 -2.927311422516809536e+00 -3.311120513269715016e+00 -1.781743691409994446e+00
-2.637170010363816264e+00 -4.880583729768409817e+00 9.631502986603049932e-01 -2.925672551768086826e+00 -3.306592021479610732e+00 -1.783656804458548573e+00
-2.633153706926815385e+00 -4.875382838577491995e+00 9.635424632257882926e-01 -2.924013620616610520e+00 -3.302027620554978338e+00 -1.785570986177381858e+00
-2.629122491253456317e+00 -4.870158616353792880e+00 9.639308777614733481e-01 -2.922334497770454398e+00 -3.297427420292929678e+00 -1.787486141597608658e+00
-2.625076407707726656e+00 -4.864911129260233835e+00 9.643154071699561181e-01 -2.920635052250780461e+00 -3.292791528684279712e+00 -1.789402175858487265e+00
-2.621015499685867223e+00 -4.859640444351606803e+00 9.646959264885579532e-01 -2.918915151311293421e+00 -3.288120042453749559e+00 -1.791318994210367554e+00
-2.616939809658035632e+00 -4.854346629540334135e+00 9.650723205697814278e-01 -2.917174660080668502e+00 -3.283413045803948549e+00 -1.793236502017661271e+00
-2.612849379209545742e+00 -4.849029753562740019e+00 9.654444837666752433e-01 -2.915413441488436952e+00 -3.278670610469903490e+00 -1.795154604761837414e+00
-2.608744249081657696e+00 -4.843689885945843265e+00 9.658123196233264762e-01 -2.913631356170121922e+00 -3.273892795681665913e+00 -1.797073208044440484e+00
-2.604624459211890120e+00 -4.838327096974682995e+00 9.661757405705122537e-01 -2.911828262393221234e+00 -3.269079648220397871e+00 -1.798992217590135612e+00
-2.600490048773834939e+00 -4.832941457660187012e+00 9.665346676266168835e-01 -2.910004015983605363e+00 -3.264231202475036397e+00 -1.800911539249778981e+00
-2.596341056216451726e+00 -4.827533039707607720e+00 9.668890301039113622e-01 -2.908158470252362626e+00 -3.259347480499485972e+00 -1.802831079003515358e+00
-2.592177519302821143e+00 -4.822101915485514922e+00 9.672387653202897395e-01 -2.906291475923121315e+00 -3.254428492070423395e+00 -1.804750742963903809e+00
-2.587999475148339279e+00 -4.816648157995373936e+00 9.675838183165356154e-01 -2.904402881059872321e+00 -3.249474234745601819e+00 -1.806670437379072292e+00
-2.583806960258336893e+00 -4.811171840841694802e+00 9.679241415791923764e-01 -2.902492530995307796e+00 -3.244484693922678353e+00 -1.808590068635901105e+00
-2.579600010565107127e+00 -4.805673038202782799e+00 9.682596947690990108e-01 -2.900560268259716690e+00 -3.239459842898560815e+00 -1.810509543263237209e+00
-2.575378661464327479e+00 -4.800151824802068035e+00 9.685904444556465709e-01 -2.898605932510460281e+00 -3.234399642929289609e+00 -1.812428767935139851e+00
-2.571142947850864946e+00 -4.794608275880042569e+00 9.689163638568019099e-01 -2.896629360462030345e+00 -3.229304043290331272e+00 -1.814347649474158830e+00
-2.566892904153951882e+00 -4.789042467166790829e+00 9.692374325849372196e-01 -2.894630385816737927e+00 -3.224172981337368959e+00 -1.816266094854644297e+00
-2.562628564371725037e+00 -4.783454474855115102e+00 9.695536363984987860e-01 -2.892608839196047388e+00 -3.219006382567551228e+00 -1.818184011206092299e+00
-2.558349962105115338e+00 -4.777844375574267666e+00 9.698649669595386102e-01 -2.890564548072574347e+00 -3.213804160681163147e+00 -1.820101305816523629e+00
-2.554057130591087521e+00 -4.772212246364277100e+00 9.701714215971279920e-01 -2.888497336702764873e+00 -3.208566217643662455e+00 -1.822017886135899545e+00
-2.549750102735217183e+00 -4.766558164650875007e+00 9.704730030766650639e-01 -2.886407026060299863e+00 -3.203292443748195772e+00 -1.823933659779573224e+00
-2.545428911143608808e+00 -4.760882208221011602e+00 9.707697193750811637e-01 -2.884293433770233062e+00 -3.197982717678471420e+00 -1.825848534531778755e+00
-2.541093588154143212e+00 -4.755184455198968152e+00 9.710615834619494846e-01 -2.882156374043886693e+00 -3.192636906572026589e+00 -1.827762418349159201e+00
-2.536744165867057532e+00 -4.749464984023052061e+00 9.713486130864832369e-01 -2.879995657614510485e+00 -3.187254866083802263e+00 -1.829675219364333527e+00
-2.532380676174858181e+00 -4.743723873422876380e+00 9.716308305704175474e-01 -2.877811091673746713e+00 -3.181836440450074743e+00 -1.831586845889503934e+00
-2.528003150791563236e+00 -4.737961202397214855e+00 9.719082626066637420e-01 -2.875602479832644942e+00 -3.176381462641646447e+00 -1.833497206420104053e+00
-2.523611621281275585e+00 -4.732177050192424517e+00 9.721809400638073972e-01 -2.873369622060395923e+00 -3.170889754427999474e+00 -1.835406209638489772e+00
-2.519206119086093931e+00 -4.726371496281435824e+00 9.724488977953190671e-01 -2.871112314911387742e+00 -3.165361127502634542e+00 -1.837313764417672690e+00
-2.514786675553267070e+00 -4.720544620343176234e+00 9.727121744511633139e-01 -2.868830352458513033e+00 -3.159795387152580126e+00 -1.839219779825096213e+00
-2.510353321912833557e+00 -4.714696502116751731e+00 9.729708122740714504e-01 -2.866523528793517350e+00 -3.154192341580993375e+00 -1.841124165125074930e+00
-2.505906089303600925e+00 -4.708827221382279937e+00 9.732248569003010275e-01 -2.864191638318140498e+00 -3.148551802820443335e+00 -1.843026829781250209e+00
-2.501445008798313108e+00 -4.702936857942368931e+00 9.734743571652144656e-01 -2.861834475986615445e+00 -3.142873587437558847e+00 -1.844927683459063328e+00
-2.496970111428006511e+00 -4.697025491604259528e+00 9.737193649142784624e-01 -2.859451837353477188e+00 -3.137157516518799927e+00 -1.846826636028242596e+00
-2.492481428205552518e+00 -4.691093202162609721e+00 9.739599348193186401e-01 -2.857043518654967862e+00 -3.131403415774514087e+00 -1.848723597565308463e+00
-2.487978990148402403e+00 -4.685140069382914163e+00 9.741961242000914956e-01 -2.854609316857509071e+00 -3.125611115523032169e+00 -1.850618478356092833e+00
-2.483462828300522229e+00 -4.679166172985560479e+00 9.744279928510930500e-01 -2.852149029714438289e+00 -3.119780450703310226e+00 -1.852511188898274819e+00
-2.478932973753541269e+00 -4.673171592630508187e+00 9.746556028735714472e-01 -2.849662455814462536e+00 -3.113911260857767260e+00 -1.854401639903930477e+00
-2.474389457667106385e+00 -4.667156407902578685e+00 9.748790185126814389e-01 -2.847149394629996166e+00 -3.108003390114606024e+00 -1.856289742302098977e+00
-2.469832311288460147e+00 -4.661120698297358089e+00 9.750983059996830571e-01 -2.844609646576255368e+00 -3.102056687206732555e+00 -1.858175407241362986e+00
-2.465261565971240465e+00 -4.655064543207688033e+00 9.753135333991335143e-01 -2.842043013065959300e+00 -3.096071005474493987e+00 -1.860058546092443033e+00
-2.460677253193520375e+00 -4.648988021910753332e+00 9.755247704610215953e-01 -2.839449296557607472e+00 -3.090046202846115531e+00 -1.861939070450807421e+00
-2.456079404575087999e+00 -4.642891213555745189e+00 9.757320884777751502e-01 -2.836828300603578601e+00 -3.083982141817617872e+00 -1.863816892139295245e+00
-2.451468051893980871e+00 -4.636774197152087496e+00 9.759355601460686369e-01 -2.834179829898029634e+00 -3.077878689432191450e+00 -1.865691923210753833e+00
-2.446843227102285745e+00 -4.630637051558230688e+00 9.761352594333568833e-01 -2.831503690324596256e+00 -3.071735717259074683e+00 -1.867564075950689961e+00
-2.442204962341209651e+00 -4.624479855470988277e+00 9.763312614490593511e-01 -2.828799689003879791e+00 -3.065553101371935263e+00 -1.869433262879933721e+00
-2.437553289955436853e+00 -4.618302687415413388e+00 9.765236423203184080e-01 -2.826067634340713397e+00 -3.059330722326771834e+00 -1.871299396757317046e+00
-2.432888242506783705e+00 -4.612105625735203773e+00 9.767124790722522265e-01 -2.823307336071188889e+00 -3.053068465139321397e+00 -1.873162390582364001e+00
-2.428209852787158951e+00 -4.605888748583618408e+00 9.768978495126241501e-01 -2.820518605309422000e+00 -3.046766219261949793e+00 -1.875022157597994621e+00
-2.423518153830847233e+00 -4.599652133914911012e+00 9.770798321208201687e-01 -2.817701254603965921e+00 -3.040423878591610674e+00 -1.876878611293240295e+00
-2.418813178926120244e+00 -4.593395859476250287e+00 9.772585059410805464e-01 -2.814855097984262144e+00 -3.034041341445676387e+00 -1.878731665405973583e+00
-2.414094961626198188e+00 -4.587120002800127772e+00 9.774339504799033351e-01 -2.811979951006790657e+00 -3.027618510537237295e+00 -1.880581233925647355e+00
-2.409363535759565522e+00 -4.580824641197239977e+00 9.776062456075377272e-01 -2.809075630800948797e+00 -3.021155292950028937e+00 -1.882427231096048370e+00
-2.404618935439657434e+00 -4.574509851749834155e+00 9.777754714634829813e-01 -2.806141956114593938e+00 -3.014651600112824958e+00 -1.884269571418061062e+00
-2.399861195073934361e+00 -4.568175711305506148e+00 9.779417083658931142e-01 -2.803178747365900669e+00 -3.008107347793846031e+00 -1.886108169652443101e+00
-2.395090349372349436e+00 -4.561822296471436111e+00 9.781050367248198540e-01 -2.800185826688405211e+00 -3.001522456074224632e+00 -1.887942940822612270e+00
-2.390306433355229743e+00 -4.555449683609058553e+00 9.782655369591897188e-01 -2.797163017983983924e+00 -2.994896849346242007e+00 -1.889773800217444233e+00
-2.385509482360584244e+00 -4.549057948829148934e+00 9.784232894174316186e-01 -2.794110146974673636e+00 -2.988230456307940042e+00 -1.891600663394081394e+00
-2.380699532050845946e+00 -4.542647167987320600e+00 9.785783743016908121e-01 -2.791027041246956220e+00 -2.981523209935059704e+00 -1.893423446180751979e+00
-2.375876618419072273e+00 -4.536217416679914294e+00 9.787308715955442828e-01 -2.787913530295661246e+00 -2.974775047452539400e+00 -1.895242064679599325e+00
-2.371040777794607202e+00 -4.529768770240281128e+00 9.788808609951338280e-01 -2.784769445567491619e+00 -2.967985910305661168e+00 -1.897056435269521391e+00
-2.366192046848229147e+00 -4.523301303735431489e+00 9.790284218436325903e-01 -2.781594620504155291e+00 -2.961155744130802070e+00 -1.898866474609020250e+00
-2.361330462596789026e+00 -4.516815091963061413e+00 9.791736330689614354e-01 -2.778388890585074211e+00 -2.954284498725747721e+00 -1.900672099639061141e+00
-2.356456062407362939e+00 -4.510310209448918251e+00 9.793165731246744610e-01 -2.775152093369682049e+00 -2.947372128019657644e+00 -1.902473227585940840e+00
-2.351568884000921678e+00 -4.503786730444518938e+00 9.794573199339244862e-01 -2.771884068539298251e+00 -2.940418590042651381e+00 -1.904269775964165357e+00
-2.346668965455545042e+00 -4.497244728925197776e+00 9.795959508364348034e-01 -2.768584657938562898e+00 -2.933423846895036213e+00 -1.906061662579336291e+00
-2.341756345209179635e+00 -4.490684278588478406e+00 9.797325425383895947e-01 -2.765253705616429247e+00 -2.926387864716178733e+00 -1.907848805531045855e+00
-2.336831062061970332e+00 -4.484105452852751306e+00 9.798671710651601918e-01 -2.761891057866687760e+00 -2.919310613652992714e+00 -1.909631123215781212e+00
-2.331893155178163646e+00 -4.477508324856258604e+00 9.799999117167943474e-01 -2.758496563268052260e+00 -2.912192067828163200e+00 -1.911408534329836151e+00
-2.326942664087607859e+00 -4.470892967456366662e+00 9.801308390261804782e-01 -2.755070072723749153e+00 -2.905032205307967352e+00 -1.913180957872230747e+00
-2.321979628686860586e+00 -4.464259453229121988e+00 9.802600267198150474e-01 -2.751611439500643463e+00 -2.897831008069819525e+00 -1.914948313147639913e+00
-2.317004089239914855e+00 -4.457607854469072706e+00 9.803875476810919309e-01 -2.748120519267880812e+00 -2.890588461969527234e+00 -1.916710519769328602e+00
-2.312016086378559265e+00 -4.450938243189357379e+00 9.805134739160351609e-01 -2.744597170135015585e+00 -2.883304556708189637e+00 -1.918467497662094123e+00
-2.307015661102385096e+00 -4.444250691122040742e+00 9.806378765214021076e-01 -2.741041252689644825e+00 -2.875979285798829999e+00 -1.920219167065216670e+00
-2.302002854778455010e+00 -4.437545269718691010e+00 9.807608256550787162e-01 -2.737452630034526102e+00 -2.868612646532737287e+00 -1.921965448535416288e+00
-2.296977709140645363e+00 -4.430822050151194347e+00 9.808823905086909711e-01 -2.733831167824173569e+00 -2.861204639945531980e+00 -1.923706262949815837e+00
-2.291940266288669648e+00 -4.424081103312783370e+00 9.810026392823684160e-01 -2.730176734300931329e+00 -2.853755270782968090e+00 -1.925441531508911508e+00
-2.286890568686807956e+00 -4.417322499819290371e+00 9.811216391615761312e-01 -2.726489200330513896e+00 -2.846264547466493600e+00 -1.927171175739549103e+00
-2.281828659162342898e+00 -4.410546310010592386e+00 9.812394562959459998e-01 -2.722768439436983101e+00 -2.838732482058500484e+00 -1.928895117497906098e+00
-2.276754580903719294e+00 -4.403752603952265865e+00 9.813561557800458690e-01 -2.719014327837190770e+00 -2.831159090227378439e+00 -1.930613278972480140e+00
-2.271668377458440080e+00 -4.396941451437417214e+00 9.814718016360121089e-01 -2.715226744474667608e+00 -2.823544391212343463e+00 -1.932325582687082877e+00
-2.266570092730710861e+00 -4.390112921988696293e+00 9.815864567979722954e-01 -2.711405571052944552e+00 -2.815888407788034176e+00 -1.934031951503838664e+00
-2.261459770978841100e+00 -4.383267084860483109e+00 9.817001830981957333e-01 -2.707550692068305676e+00 -2.808191166228895863e+00 -1.935732308626189280e+00
-2.256337456812416598e+00 -4.376404009041232612e+00 9.818130412549127550e-01 -2.703661994841965566e+00 -2.800452696273367792e+00 -1.937426577601903066e+00
-2.251203195189253048e+00 -4.369523763255974025e+00 9.819250908617297435e-01 -2.699739369551677814e+00 -2.792673031087908875e+00 -1.939114682326088746e+00
-2.246057031412143967e+00 -4.362626415968955840e+00 9.820363903785791493e-01 -2.695782709262740440e+00 -2.784852207230793297e+00 -1.940796547044214115e+00
-2.240899011125409679e+00 -4.355712035386434700e+00 9.821469971241418850e-01 -2.691791909958403117e+00 -2.776990264615727177e+00 -1.942472096355129185e+00
-2.235729180311259334e+00 -4.348780689459586846e+00 9.822569672696813692e-01 -2.687766870569682442e+00 -2.769087246475319120e+00 -1.944141255214092423e+00
-2.230547585285980627e+00 -4.341832445887550129e+00 9.823663558342343727e-01 -2.683707493004577671e+00 -2.761143199324401998e+00 -1.945803948935802108e+00
-2.225354272695959423e+00 -4.334867372120579709e+00 9.824752166810934995e-01 -2.679613682176669620e+00 -2.753158172923192204e+00 -1.947460103197430792e+00
-2.220149289513545732e+00 -4.327885535363312997e+00 9.825836025155297859e-01 -2.675485346033104062e+00 -2.745132220240313892e+00 -1.949109644041662648e+00
-2.214932683032769134e+00 -4.320887002578137626e+00 9.826915648837016848e-01 -2.671322395581966269e+00 -2.737065397415718415e+00 -1.950752497879735259e+00
-2.209704500864923649e+00 -4.313871840488658016e+00 9.827991541726901481e-01 -2.667124744919022294e+00 -2.728957763723466101e+00 -1.952388591494483849e+00
-2.204464790934015817e+00 -4.306840115583248085e+00 9.829064196116047425e-01 -2.662892311253822530e+00 -2.720809381534375682e+00 -1.954017852043388181e+00
-2.199213601472098212e+00 -4.299791894118687452e+00 9.830134092737181639e-01 -2.658625014935181330e+00 -2.712620316278598231e+00 -1.955640207061621894e+00
-2.193950981014491042e+00 -4.292727242123881126e+00 9.831201700795700882e-01 -2.654322779476021577e+00 -2.704390636408105397e+00 -1.957255584465105613e+00
-2.188676978394899830e+00 -4.285646225403638709e+00 9.832267478009965034e-01 -2.649985531577573106e+00 -2.696120413359091472e+00 -1.958863912553560072e+00
-2.183391642740438066e+00 -4.278548909542534417e+00 9.833331870660330098e-01 -2.645613201152930305e+00 -2.687809721514304417e+00 -1.960465120013563656e+00
-2.178095023466561475e+00 -4.271435359908812401e+00 9.834395313646497883e-01 -2.641205721349962676e+00 -2.679458638165328033e+00 -1.962059135921609743e+00
-2.172787170271928137e+00 -4.264305641658356905e+00 9.835458230552670544e-01 -2.636763028573558820e+00 -2.671067243474772646e+00 -1.963645889747167139e+00
-2.167468133133177766e+00 -4.257159819738709494e+00 9.836521033720098117e-01 -2.632285062507222495e+00 -2.662635620438443151e+00 -1.965225311355740967e+00
-2.162137962299652827e+00 -4.249997958893127148e+00 9.837584124326613777e-01 -2.627771766134006981e+00 -2.654163854847461312e+00 -1.966797331011935324e+00
-2.156796708288057474e+00 -4.242820123664682974e+00 9.838647892472683898e-01 -2.623223085756785533e+00 -2.645652035250362744e+00 -1.968361879382516610e+00
-2.151444421877066304e+00 -4.235626378400403347e+00 9.839712717273584319e-01 -2.618638971017876571e+00 -2.637100252915219656e+00 -1.969918887539477970e+00
-2.146081154101884714e+00 -4.228416787255429909e+00 9.840778966957313134e-01 -2.614019374917976535e+00 -2.628508601791703647e+00 -1.971468286963104388e+00
-2.140706956248774162e+00 -4.221191414197216218e+00 9.841846998967904714e-01 -2.609364253834427050e+00 -2.619877178473143609e+00 -1.973010009545037802e+00
-2.135321879849539251e+00 -4.213950323009731491e+00 9.842917160073729743e-01 -2.604673567538817736e+00 -2.611206082158631592e+00 -1.974543987591343086e+00
-2.129925976675988597e+00 -4.206693577297702547e+00 9.843989786480411563e-01 -2.599947279213918439e+00 -2.602495414615140668e+00 -1.976070153825573605e+00
-2.124519298734375283e+00 -4.199421240490847751e+00 9.845065203948022425e-01 -2.595185355469928012e+00 -2.593745280139664988e+00 -1.977588441391836760e+00
-2.119101898259815986e+00 -4.192133375848136723e+00 9.846143727912252119e-01 -2.590387766360043642e+00 -2.584955785521382499e+00 -1.979098783857859534e+00
-2.113673827710700337e+00 -4.184830046462050035e+00 9.847225663609228130e-01 -2.585554485395341384e+00 -2.576127040003845625e+00 -1.980601115218053154e+00
-2.108235139763090960e+00 -4.177511315262841585e+00 9.848311306203622051e-01 -2.580685489558978141e+00 -2.567259155247236802e+00 -1.982095369896577086e+00
-2.102785887305122170e+00 -4.170177245022800072e+00 9.849400940919761371e-01 -2.575780759319722168e+00 -2.558352245290702598e+00 -1.983581482750402580e+00
-2.097326123431398681e+00 -4.162827898360511369e+00 9.850494843175553461e-01 -2.570840278644802801e+00 -2.549406426514768675e+00 -1.985059389072374447e+00
-2.091855901437399634e+00 -4.155463337745110231e+00 9.851593278718817626e-01 -2.565864035012067834e+00 -2.540421817603817356e+00 -1.986529024594272164e+00
-2.086375274813891956e+00 -4.148083625500520455e+00 9.852696503765254743e-01 -2.560852019456686612e+00 -2.531398539588452401e+00 -1.987990325489869869e+00
-2.080884297241358816e+00 -4.140688823809693275e+00 9.853804765138313160e-01 -2.555804226582386818e+00 -2.522336715807915297e+00 -1.989443228377993700e+00
-2.075383022584439185e+00 -4.133278994718813770e+00 9.854918300410777654e-01 -2.550720654572002033e+00 -2.513236471872619227e+00 -1.990887670325578007e+00
-2.069871504886392266e+00 -4.125854200141512607e+00 9.856037338047781704e-01 -2.545601305197311426e+00 -2.504097935626758087e+00 -1.992323588850720251e+00
-2.064349798363583233e+00 -4.118414501863036037e+00 9.857162097551036561e-01 -2.540446183828178661e+00 -2.494921237111033641e+00 -1.993750921925731889e+00
-2.058817957399991627e+00 -4.110959961544413233e+00 9.858292789604061745e-01 -2.535255299441000254e+00 -2.485706508525514113e+00 -1.995169607980189497e+00
-2.053276036541753946e+00 -4.103490640726586314e+00 9.859429616218234882e-01 -2.530028664626448709e+00 -2.476453884192608257e+00 -1.996579585903980769e+00
-2.047724090491732873e+00 -4.096006600834521727e+00 9.860572770879467708e-01 -2.524766295596514443e+00 -2.467163500520171304e+00 -1.997980795050350089e+00
-2.042162174104123817e+00 -4.088507903181293202e+00 9.861722438695268433e-01 -2.519468212190850931e+00 -2.457835495964761918e+00 -1.999373175238939648e+00
-2.036590342379096086e+00 -4.080994608972136284e+00 9.862878796542087212e-01 -2.514134437882435069e+00 -2.448470010995068336e+00 -2.000756666758828572e+00
-2.031008650457473141e+00 -4.073466779308467345e+00 9.864042013212727111e-01 -2.508764999782517879e+00 -2.439067188055473068e+00 -2.002131210371568493e+00
-2.025417153615452825e+00 -4.065924475191875054e+00 9.865212249563686253e-01 -2.503359928644877996e+00 -2.429627171529787688e+00 -2.003496747314215565e+00
-2.019815907259371990e+00 -4.058367757528078101e+00 9.866389658662274575e-01 -2.497919258869382819e+00 -2.420150107705157261e+00 -2.004853219302358713e+00
-2.014204966920514650e+00 -4.050796687130842066e+00 9.867574385933381986e-01 -2.492443028504855995e+00 -2.410636144736149511e+00 -2.006200568533146100e+00
-2.008584388249966324e+00 -4.043211324725867861e+00 9.868766569305753578e-01 -2.486931279251249904e+00 -2.401085432609035841e+00 -2.007538737688304487e+00
-2.002954227013514110e+00 -4.035611730954635767e+00 9.869966339357658658e-01 -2.481384056461129806e+00 -2.391498123106263307e+00 -2.008867669937158151e+00
-1.997314539086602059e+00 -4.027997966378213945e+00 9.871173819461834809e-01 -2.475801409140456766e+00 -2.381874369771113109e+00 -2.010187308939640261e+00
-1.991665380449329836e+00 -4.020370091481026975e+00 9.872389125929612597e-01 -2.470183389948693353e+00 -2.372214327872587347e+00 -2.011497598849302459e+00
-1.986006807181508238e+00 -4.012728166674581765e+00 9.873612368154114360e-01 -2.464530055198213887e+00 -2.362518154370491175e+00 -2.012798484316318692e+00
-1.980338875457765324e+00 -4.005072252301154379e+00 9.874843648752448244e-01 -2.458841464853032122e+00 -2.352786007880747654e+00 -2.014089910490485469e+00
-1.974661641542708068e+00 -3.997402408637435567e+00 9.876083063706818654e-01 -2.453117682526852139e+00 -2.343018048640945317e+00 -2.015371823024215026e+00
-1.968975161786137740e+00 -3.989718695898126555e+00 9.877330702504464321e-01 -2.447358775480435789e+00 -2.333214438476116648e+00 -2.016644168075526711e+00
-1.963279492618322131e+00 -3.982021174239500638e+00 9.878586648276378446e-01 -2.441564814618284451e+00 -2.323375340764741281e+00 -2.017906892311030820e+00
-1.957574690545323959e+00 -3.974309903762910601e+00 9.879850977934742096e-01 -2.435735874484649344e+00 -2.313500920405001882e+00 -2.019159942908907990e+00
-1.951860812144386781e+00 -3.966584944518261047e+00 9.881123762309036440e-01 -2.429872033258866360e+00 -2.303591343781290490e+00 -2.020403267561883265e+00
-1.946137914059379082e+00 -3.958846356507426556e+00 9.882405066280761652e-01 -2.423973372750017230e+00 -2.293646778730962232e+00 -2.021636814480194833e+00
-1.940406052996297204e+00 -3.951094199687630315e+00 9.883694948916769141e-01 -2.418039978390927658e+00 -2.283667394511360360e+00 -2.022860532394556099e+00
-1.934665285718827343e+00 -3.943328533974772565e+00 9.884993463601124963e-01 -2.412071939231495765e+00 -2.273653361767101977e+00 -2.024074370559112879e+00
-1.928915669043966608e+00 -3.935549419246714198e+00 9.886300658165527722e-01 -2.406069347931356628e+00 -2.263604852497634212e+00 -2.025278278754395256e+00
-1.923157259837705357e+00 -3.927756915346513722e+00 9.887616575018247644e-01 -2.400032300751891334e+00 -2.253522040025063511e+00 -2.026472207290260563e+00
-1.917390115010769280e+00 -3.919951082085614935e+00 9.888941251271573529e-01 -2.393960897547577016e+00 -2.243405098962277577e+00 -2.027656107008833697e+00
-1.911614291514422526e+00 -3.912131979246990632e+00 9.890274718867777537e-01 -2.387855241756685398e+00 -2.233254205181338214e+00 -2.028829929287437661e+00
-1.905829846336332567e+00 -3.904299666588233908e+00 9.891617004703596727e-01 -2.381715440391327654e+00 -2.223069535782165929e+00 -2.029993626041520116e+00
-1.900036836496495019e+00 -3.896454203844605058e+00 9.892968130753223566e-01 -2.375541604026857545e+00 -2.212851269061527404e+00 -2.031147149727572376e+00
-1.894235319043222621e+00 -3.888595650732028730e+00 9.894328114189850920e-01 -2.369333846790625309e+00 -2.202599584482299200e+00 -2.032290453346040415e+00
-1.888425351049193956e+00 -3.880724066950042683e+00 9.895696967505767105e-01 -2.363092286350096494e+00 -2.192314662643050305e+00 -2.033423490444231430e+00
-1.882606989607566339e+00 -3.872839512184698130e+00 9.897074698631035394e-01 -2.356817043900340192e+00 -2.181996685247929335e+00 -2.034546215119211077e+00
-1.876780291828149538e+00 -3.864942046111411678e+00 9.898461311050796851e-01 -2.350508244150877779e+00 -2.171645835076852826e+00 -2.035658582020694052e+00
-1.870945314833643902e+00 -3.857031728397767090e+00 9.899856803921232018e-01 -2.344166015311913931e+00 -2.161262295956016821e+00 -2.036760546353928891e+00
-1.865102115755940648e+00 -3.849108618706266860e+00 9.901261172184214754e-01 -2.337790489079940137e+00 -2.150846252728722874e+00 -2.037852063882573450e+00
-1.859250751732485663e+00 -3.841172776697041158e+00 9.902674406680714858e-01 -2.331381800622717382e+00 -2.140397891226509586e+00 -2.038933090931562830e+00
-1.853391279902706801e+00 -3.833224262030495488e+00 9.904096494263006090e-01 -2.324940088563645979e+00 -2.129917398240610993e+00 -2.040003584389970648e+00
-1.847523757404504696e+00 -3.825263134369919715e+00 9.905527417905733989e-01 -2.318465494965520346e+00 -2.119404961493740469e+00 -2.041063501713863193e+00
-1.841648241370809069e+00 -3.817289453384041131e+00 9.906967156815897901e-01 -2.311958165313685587e+00 -2.108860769612196151e+00 -2.042112800929142935e+00
-1.835764788926198099e+00 -3.809303278749527344e+00 9.908415686541830469e-01 -2.305418248498591449e+00 -2.098285012098309199e+00 -2.043151440634386695e+00
-1.829873457183582852e+00 -3.801304670153442089e+00 9.909872979081236766e-01 -2.298845896797748090e+00 -2.087677879303214912e+00 -2.044179380003674051e+00
-1.823974303240958328e+00 -3.793293687295645089e+00 9.911339002988371893e-01 -2.292241265857092980e+00 -2.077039562399959571e+00 -2.045196578789408193e+00
-1.818067384178218671e+00 -3.785270389891146614e+00 9.912813723480436989e-01 -2.285604514671763177e+00 -2.066370253356929254e+00 -2.046202997325128781e+00
-1.812152757054039443e+00 -3.777234837672405199e+00 9.914297102543284668e-01 -2.278935805566289385e+00 -2.055670144911624586e+00 -2.047198596528314152e+00
-1.806230478902826952e+00 -3.769187090391576955e+00 9.915789099036521614e-01 -2.272235304174219817e+00 -2.044939430544790326e+00 -2.048183337903178192e+00
-1.800300606731733755e+00 -3.761127207822712037e+00 9.917289668798088265e-01 -2.265503179417163171e+00 -2.034178304454861141e+00 -2.049157183543455663e+00
-1.794363197517743647e+00 -3.753055249763896484e+00 9.918798764748433250e-01 -2.258739603483267633e+00 -2.023386961532756878e+00 -2.050120096135181313e+00
-1.788418308204824836e+00 -3.744971276039342101e+00 9.920316336994368100e-01 -2.251944751805136313e+00 -2.012565597337022005e+00 -2.051072038959456556e+00
-1.782465995701152162e+00 -3.736875346501425277e+00 9.921842332932719888e-01 -2.245118803037186694e+00 -2.001714408069300788e+00 -2.052012975895210811e+00
-1.776506316876401037e+00 -3.728767521032664956e+00 9.923376697353886167e-01 -2.238261939032458514e+00 -1.990833590550163512e+00 -2.052942871421952198e+00
-1.770539328559111114e+00 -3.720647859547650871e+00 9.924919372545405460e-01 -2.231374344818878086e+00 -1.979923342195276437e+00 -2.053861690622507119e+00
-1.764565087534123666e+00 -3.712516421994915383e+00 9.926470298395649872e-01 -2.224456208574976834e+00 -1.968983860991910140e+00 -2.054769399185754963e+00
-1.758583650540091803e+00 -3.704373268358747140e+00 9.928029412497760831e-01 -2.217507721605077808e+00 -1.958015345475794700e+00 -2.055665963409348596e+00
-1.752595074267065511e+00 -3.696218458660947448e+00 9.929596650253965651e-01 -2.210529078313950180e+00 -1.947017994708319932e+00 -2.056551350202428630e+00
-1.746599415354152640e+00 -3.688052052962530247e+00 9.931171944980383692e-01 -2.203520476180941934e+00 -1.935992008254079577e+00 -2.057425527088327044e+00
-1.740596730387257152e+00 -3.679874111365361244e+00 9.932755228012455362e-01 -2.196482115733592533e+00 -1.924937586158760983e+00 -2.058288462207260139e+00
-1.734587075896896202e+00 -3.671684694013737094e+00 9.934346428811122731e-01 -2.189414200520730880e+00 -1.913854928927373855e+00 -2.059140124319013943e+00
-1.728570508356097157e+00 -3.663483861095904182e+00 9.935945475069904997e-01 -2.182316937085067465e+00 -1.902744237502817404e+00 -2.059980482805617630e+00
-1.722547084178377430e+00 -3.655271672845514352e+00 9.937552292822984246e-01 -2.175190534935282027e+00 -1.891605713244796760e+00 -2.060809507674008056e+00
-1.716516859715807142e+00 -3.647048189543017127e+00 9.939166806554468048e-01 -2.168035206517617830e+00 -1.880439557909072690e+00 -2.061627169558684081e+00
-1.710479891257157936e+00 -3.638813471516986642e+00 9.940788939308953243e-01 -2.160851167186987443e+00 -1.869245973627056578e+00 -2.062433439724351114e+00
-1.704436235026139945e+00 -3.630567579145382417e+00 9.942418612803533007e-01 -2.153638635177590910e+00 -1.858025162885742487e+00 -2.063228290068554127e+00
-1.698385947179727795e+00 -3.622310572856742183e+00 9.944055747541398205e-01 -2.146397831573061410e+00 -1.846777328507973159e+00 -2.064011693124302216e+00
-1.692329083806578316e+00 -3.614042513131306311e+00 9.945700262927182900e-01 -2.139128980276128633e+00 -1.835502673633034210e+00 -2.064783622062681623e+00
-1.686265700925543953e+00 -3.605763460502070306e+00 9.947352077384197244e-01 -2.131832307977821195e+00 -1.824201401697583380e+00 -2.065544050695458989e+00
-1.680195854484281881e+00 -3.597473475555763578e+00 9.949011108473706511e-01 -2.124508044126212525e+00 -1.812873716416917524e+00 -2.066292953477673500e+00
-1.674119600357963256e+00 -3.589172618933756720e+00 9.950677273016406144e-01 -2.117156420894708901e+00 -1.801519821766562446e+00 -2.067030305510218824e+00
-1.668036994348084168e+00 -3.580860951332888398e+00 9.952350487216247155e-01 -2.109777673149891619e+00 -1.790139921964189140e+00 -2.067756082542414386e+00
-1.661948092181382064e+00 -3.572538533506217640e+00 9.954030666786768400e-01 -2.102372038418918176e+00 -1.778734221451857556e+00 -2.068470260974565544e+00
-1.655852949508860306e+00 -3.564205426263692633e+00 9.955717727080098944e-01 -2.094939756856485147e+00 -1.767302924878573656e+00 -2.069172817860513991e+00
-1.649751621904923526e+00 -3.555861690472739589e+00 9.957411583218782614e-01 -2.087481071211360728e+00 -1.755846237083162453e+00 -2.069863730910175725e+00
-1.643644164866628010e+00 -3.547507387058763673e+00 9.959112150230589044e-01 -2.079996226792500291e+00 -1.744364363077466340e+00 -2.070542978492070141e+00
-1.637530633813049974e+00 -3.539142577005565116e+00 9.960819343186471109e-01 -2.072485471434737381e+00 -1.732857508029837401e+00 -2.071210539635835790e+00
-1.631411084084774865e+00 -3.530767321355664290e+00 9.962533077341833021e-01 -2.064949055464067929e+00 -1.721325877248951919e+00 -2.071866394034737269e+00
-1.625285570943512559e+00 -3.522381681210535298e+00 9.964253268281265674e-01 -2.057387231662535232e+00 -1.709769676167930186e+00 -2.072510522048160109e+00
-1.619154149571841117e+00 -3.513985717730742753e+00 9.965979832066922395e-01 -2.049800255232711255e+00 -1.698189110328748308e+00 -2.073142904704093237e+00
-1.613016875073084000e+00 -3.505579492135984410e+00 9.967712685390688332e-01 -2.042188383761788906e+00 -1.686584385366953098e+00 -2.073763523701603440e+00
-1.606873802471323609e+00 -3.497163065705030327e+00 9.969451745730316672e-01 -2.034551877185290625e+00 -1.674955706996668070e+00 -2.074372361413294730e+00
-1.600724986711557829e+00 -3.488736499775556332e+00 9.971196931509689332e-01 -2.026890997750392387e+00 -1.663303280995883426e+00 -2.074969400887759718e+00
-1.594570482660001343e+00 -3.480299855743879789e+00 9.972948162263368665e-01 -2.019206009978885774e+00 -1.651627313192037816e+00 -2.075554625852016777e+00
-1.588410345104537491e+00 -3.471853195064572795e+00 9.974705358805604494e-01 -2.011497180629762571e+00 -1.639928009447873425e+00 -2.076128020713938760e+00
-1.582244628755326232e+00 -3.463396579249974572e+00 9.976468443403954112e-01 -2.003764778661452084e+00 -1.628205575647571512e+00 -2.076689570564666631e+00
-1.576073388245571305e+00 -3.454930069869580400e+00 9.978237339957686247e-01 -1.996009075193696969e+00 -1.616460217683154399e+00 -2.077239261181015539e+00
-1.569896678132452816e+00 -3.446453728549310647e+00 9.980011974181129952e-01 -1.988230343469091110e+00 -1.604692141441165010e+00 -2.077777079027866236e+00
-1.563714552898230581e+00 -3.437967616970662554e+00 9.981792273792121639e-01 -1.980428858814275328e+00 -1.592901552789597552e+00 -2.078303011260546729e+00
-1.557527066951522876e+00 -3.429471796869725697e+00 9.983578168705721234e-01 -1.972604898600797130e+00 -1.581088657565083988e+00 -2.078817045727200608e+00
-1.551334274628766385e+00 -3.420966330036077085e+00 9.985369591233346220e-01 -1.964758742205649389e+00 -1.569253661560339630e+00 -2.079319170971146047e+00
-1.545136230195862437e+00 -3.412451278311532388e+00 9.987166476287483441e-01 -1.956890670971486390e+00 -1.557396770511844331e+00 -2.079809376233220153e+00
-1.538932987850016643e+00 -3.403926703588765257e+00 9.988968761592140755e-01 -1.949000968166530567e+00 -1.545518190087776134e+00 -2.080287651454114428e+00
-1.532724601721776603e+00 -3.395392667809780107e+00 9.990776387899182875e-01 -1.941089918944167048e+00 -1.533618125876164751e+00 -2.080753987276696026e+00
-1.526511125877274111e+00 -3.386849232964239675e+00 9.992589299210706821e-01 -1.933157810302243984e+00 -1.521696783373283512e+00 -2.081208375048319237e+00
-1.520292614320678082e+00 -3.378296461087642033e+00 9.994407443007606862e-01 -1.925204931042081569e+00 -1.509754367972270028e+00 -2.081650806823123201e+00
-1.514069120996864193e+00 -3.369734414259342170e+00 9.996230770484469952e-01 -1.917231571727187500e+00 -1.497791084951947127e+00 -2.082081275364319417e+00
-1.507840699794309236e+00 -3.361163154600412817e+00 9.998059236790955984e-01 -1.909238024641701781e+00 -1.485807139465872950e+00 -2.082499774146465921e+00
-1.501607404548213953e+00 -3.352582744271341841e+00 9.999892801279788301e-01 -1.901224583748560626e+00 -1.473802736531580226e+00 -2.082906297357730807e+00
-1.495369289043864347e+00 -3.343993245469562225e+00 1.000173142776149993e+00 -1.893191544647400804e+00 -1.461778081020026487e+00 -2.083300839902141544e+00
-1.489126407020235243e+00 -3.335394720426806181e+00 1.000357508476606982e+00 -1.885139204532198409e+00 -1.449733377645225030e+00 -2.083683397401826287e+00
-1.482878812173846095e+00 -3.326787231406282963e+00 1.000542374581158356e+00 -1.877067862148660060e+00 -1.437668830954069943e+00 -2.084053966199238328e+00
-1.476626558162873692e+00 -3.318170840699672830e+00 1.000727738968002045e+00 -1.868977817751368287e+00 -1.425584645316340993e+00 -2.084412543359372538e+00
-1.470369698611529996e+00 -3.309545610623934486e+00 1.000913600070032938e+00 -1.860869373060689114e+00 -1.413481024914883477e+00 -2.084759126671967167e+00
-1.464108287114712859e+00 -3.300911603517918014e+00 1.001099956903886312e+00 -1.852742831219444275e+00 -1.401358173735947510e+00 -2.085093714653694530e+00
-1.457842377242936083e+00 -3.292268881738780628e+00 1.001286809099732222e+00 -1.844598496749357164e+00 -1.389216295559685399e+00 -2.085416306550340160e+00
-1.451572022547547469e+00 -3.283617507658200818e+00 1.001474156931829063e+00 -1.836436675507282290e+00 -1.377055593950805346e+00 -2.085726902338968181e+00
-1.445297276566242184e+00 -3.274957543658382431e+00 1.001662001349846731e+00 -1.828257674641219355e+00 -1.364876272249361921e+00 -2.086025502730076475e+00
-1.439018192828877885e+00 -3.266289052127846926e+00 1.001850344010968952e+00 -1.820061802546124596e+00 -1.352678533561690877e+00 -2.086312109169738971e+00
-1.432734824863601597e+00 -3.257612095457007140e+00 1.002039187312784962e+00 -1.811849368819524075e+00 -1.340462580751473620e+00 -2.086586723841734603e+00
-1.426447226203295005e+00 -3.248926736033516338e+00 1.002228534426977236e+00 -1.803620684216935555e+00 -1.328228616430926046e+00 -2.086849349669665621e+00
-1.420155450392346141e+00 -3.240233036237388564e+00 1.002418389333811888e+00 -1.795376060607106083e+00 -1.315976842952103265e+00 -2.087099990319063902e+00
-1.413859550993756153e+00 -3.231531058435886283e+00 1.002608756857441552e+00 -1.787115810927071058e+00 -1.303707462398311812e+00 -2.087338650199483947e+00
-1.407559581596588227e+00 -3.222820864978164668e+00 1.002799642701956317e+00 -1.778840249154510333e+00 -1.291420676606376716e+00 -2.087565334466583433e+00
-1.401255595823767797e+00 -3.214102518189675184e+00 1.002991053488257345e+00 -1.770549690262740006e+00 -1.279116687158656340e+00 -2.087780049024194007e+00
-1.394947647340240904e+00 -3.205376080366315161e+00 1.003182996791755821e+00 -1.762244450175544097e+00 -1.266795695375142916e+00 -2.087982800526377414e+00
-1.388635789861499603e+00 -3.196641613768324230e+00 1.003375481180901252e+00 -1.753924845721853698e+00 -1.254457902305647465e+00 -2.088173596379470087e+00
-1.382320077162482175e+00 -3.187899180613918748e+00 1.003568516256541532e+00 -1.745591194590281336e+00 -1.242103508722057992e+00 -2.088352444744116632e+00
-1.376000563086857698e+00 -3.179148843072660213e+00 1.003762112692116570e+00 -1.737243815283519011e+00 -1.229732715110672281e+00 -2.088519354537289097e+00
-1.369677301556701865e+00 -3.170390663258550124e+00 1.003956282274482303e+00 -1.728883027149187734e+00 -1.217345721799054203e+00 -2.088674335434296925e+00
-1.363350346582570927e+00 -3.161624703222851718e+00 1.004151037945568481e+00 -1.720509150334101678e+00 -1.204942728948497521e+00 -2.088817397870781800e+00
-1.357019752273983082e+00 -3.152851024946627501e+00 1.004346393844868013e+00 -1.712122505738393308e+00 -1.192523936546534102e+00 -2.088948553044702283e+00
-1.350685572850314209e+00 -3.144069690332990774e+00 1.004542365352756317e+00 -1.703723414969512184e+00 -1.180089544399490986e+00 -2.089067812918305567e+00
-1.344347862652116588e+00 -3.135280761199066735e+00 1.004738969134636228e+00 -1.695312200296102967e+00 -1.167639752125082531e+00 -2.089175190220087686e+00
-1.338006676152869945e+00 -3.126484299267654254e+00 1.004936223185904032e+00 -1.686889184601769953e+00 -1.155174759145031871e+00 -2.089270698446740404e+00
-1.331662067971170815e+00 -3.117680366158587013e+00 1.005134146877730172e+00 -1.678454691338737259e+00 -1.142694764677717689e+00 -2.089354351865087445e+00
-1.325314092883370876e+00 -3.108869023379785990e+00 1.005332761003647546e+00 -1.670009044481399751e+00 -1.130199967730817434e+00 -2.089426165514007394e+00
-1.318962805836669583e+00 -3.100050332317999757e+00 1.005532087826937593e+00 -1.661552568479784275e+00 -1.117690567093962528e+00 -2.089486155206345064e+00
-1.312608261962671552e+00 -3.091224354229228144e+00 1.005732151128805540e+00 -1.653085588212930279e+00 -1.105166761331396241e+00 -2.089534337530809971e+00
-1.306250516591414668e+00 -3.082391150228823040e+00 1.005932976257331912e+00 -1.644608428942185840e+00 -1.092628748774616909e+00 -2.089570729853865050e+00
-1.299889625265876703e+00 -3.073550781281263689e+00 1.006134590177187427e+00 -1.636121416264428419e+00 -1.080076727514990065e+00 -2.089595350321600709e+00
-1.293525643756970211e+00 -3.064703308189598907e+00 1.006337021520097075e+00 -1.627624876065223436e+00 -1.067510895396342807e+00 -2.089608217861597339e+00
-1.287158628079029699e+00 -3.055848791584555357e+00 1.006540300636036722e+00 -1.619119134471921795e+00 -1.054931450007515537e+00 -2.089609352184777169e+00
-1.280788634505801049e+00 -3.046987291913303864e+00 1.006744459645144474e+00 -1.610604517806699221e+00 -1.042338588674859956e+00 -2.089598773787243235e+00
-1.274415719586939000e+00 -3.038118869427885116e+00 1.006949532490327037e+00 -1.602081352539552972e+00 -1.029732508454687334e+00 -2.089576503952105480e+00
-1.268039940165019752e+00 -3.029243584173284098e+00 1.007155554990539326e+00 -1.593549965241259248e+00 -1.017113406125652819e+00 -2.089542564751297071e+00
-1.261661353393075169e+00 -3.020361495975156352e+00 1.007362564894716428e+00 -1.585010682536292848e+00 -1.004481478181061593e+00 -2.089496979047376968e+00
-1.255280016752656325e+00 -3.011472664427196300e+00 1.007570601936329524e+00 -1.576463831055722409e+00 -9.918369208210942034e-01 -2.089439770495320925e+00
-1.248895988072429741e+00 -3.002577148878149860e+00 1.007779707888541099e+00 -1.567909737390086766e+00 -9.791799299449452931e-01 -2.089370963544301851e+00
-1.242509325547315635e+00 -2.993675008418465122e+00 1.007989926619931031e+00 -1.559348728042257770e+00 -9.665107011428633044e-01 -2.089290583439456839e+00
-1.236120087758170838e+00 -2.984766301866579763e+00 1.008201304150759592e+00 -1.550781129380295553e+00 -9.538294296880791556e-01 -2.089198656223643091e+00
-1.229728333692023501e+00 -2.975851087754841640e+00 1.008413888709738471e+00 -1.542207267590301578e+00 -9.411363105286176811e-01 -2.089095208739182752e+00
-1.223334122762864462e+00 -2.966929424315061681e+00 1.008627730791271437e+00 -1.533627468629280788e+00 -9.284315382789838367e-01 -2.088980268629594850e+00
-1.216937514832998612e+00 -2.958001369463697738e+00 1.008842883213129094e+00 -1.525042058178013971e+00 -9.157153072117165671e-01 -2.088853864341316147e+00
-1.210538570234962030e+00 -2.949066980786665404e+00 1.009059401174517312e+00 -1.516451361593949221e+00 -9.029878112487916830e-01 -2.088716025125410880e+00
-1.204137349794008216e+00 -2.940126315523777123e+00 1.009277342314498283e+00 -1.507855703864122709e+00 -8.902492439528844059e-01 -2.088566781039268516e+00
-1.197733914851166537e+00 -2.931179430552807830e+00 1.009496766770718867e+00 -1.499255409558109875e+00 -8.774997985184649352e-01 -2.088406162948289957e+00
-1.191328327286876210e+00 -2.922226382373187992e+00 1.009717737238400970e+00 -1.490650802781013029e+00 -8.647396677627199324e-01 -2.088234202527562200e+00
-1.184920649545198712e+00 -2.913267227089321842e+00 1.009940319029543065e+00 -1.482042207126496924e+00 -8.519690441163021433e-01 -2.088050932263522785e+00
-1.178510944658611059e+00 -2.904302020393533912e+00 1.010164580132282497e+00 -1.473429945629872506e+00 -8.391881196138837318e-01 -2.087856385455611363e+00
-1.172099276273379731e+00 -2.895330817548642965e+00 1.010390591270364125e+00 -1.464814340721237507e+00 -8.263970858845128831e-01 -2.087650596217910604e+00
-1.165685708675519017e+00 -2.886353673370165129e+00 1.010618425962657607e+00 -1.456195714178683431e+00 -8.135961341417692338e-01 -2.087433599480776891e+00
-1.159270306817331786e+00 -2.877370642208149754e+00 1.010848160582664246e+00 -1.447574387081575154e+00 -8.007854551737061399e-01 -2.087205430992458144e+00
-1.152853136344534901e+00 -2.868381777928648901e+00 1.011079874417950997e+00 -1.438950679763897567e+00 -7.879652393325544679e-01 -2.086966127320702746e+00
-1.146434263623967054e+00 -2.859387133894823574e+00 1.011313649729336017e+00 -1.430324911808335653e+00 -7.751356765958252737e-01 -2.086715725854355608e+00
-1.140013755761012160e+00 -2.850386762923333706e+00 1.011549571795861358e+00 -1.421697405717710749e+00 -7.622969631398137658e-01 -2.086454264803101477e+00
-1.133591680582919370e+00 -2.841380717148723978e+00 1.011787728935730879e+00 -1.413068490576031788e+00 -7.494493079219535225e-01 -2.086181783194903439e+00
-1.127168106667553404e+00 -2.832369048003098300e+00 1.012028212526647764e+00 -1.404438502080326279e+00 -7.365929328419920097e-01 -2.085898320873416978e+00
-1.120743103372374705e+00 -2.823351806195690372e+00 1.012271117025619560e+00 -1.395807782515223305e+00 -7.237280728053701040e-01 -2.085603918495383624e+00
-1.114316740863645627e+00 -2.814329041692335220e+00 1.012516539988149944e+00 -1.387176680726497802e+00 -7.108549757877820063e-01 -2.085298617527997500e+00
-1.107889090145853794e+00 -2.805300803694852796e+00 1.012764582086735254e+00 -1.378545552093584092e+00 -6.979739029009088824e-01 -2.084982460246251890e+00
-1.101460223091347279e+00 -2.796267140620348091e+00 1.013015347128578769e+00 -1.369914758501053820e+00 -6.850851284592986978e-01 -2.084655489730256495e+00
-1.095030212470172515e+00 -2.787228100080440640e+00 1.013268942072434342e+00 -1.361284668309074464e+00 -6.721889400484024613e-01 -2.084317749862533820e+00
-1.088599131980106272e+00 -2.778183728860428747e+00 1.013525477044487921e+00 -1.352655656322832245e+00 -6.592856385937149177e-01 -2.083969285325287135e+00
-1.082167056276872374e+00 -2.769134072898402188e+00 1.013785065353180359e+00 -1.344028103760935844e+00 -6.463755384310259089e-01 -2.083610141597643128e+00
-1.075734061004531839e+00 -2.760079177264314065e+00 1.014047823502874923e+00 -1.335402398222798048e+00 -6.334589673777593077e-01 -2.083240364952870127e+00
-1.069300222826036872e+00 -2.751019086139022019e+00 1.014313871206266482e+00 -1.326778933655000881e+00 -6.205362668053808761e-01 -2.082860002455567017e+00
-1.062865619453934318e+00 -2.741953842793313889e+00 1.014583331395430221e+00 -1.318158110316644871e+00 -6.076077917128559491e-01 -2.082469101958825508e+00
-1.056430329681205871e+00 -2.732883489566928503e+00 1.014856330231399317e+00 -1.309540334743682921e+00 -5.946739108011334096e-01 -2.082067712101365764e+00
-1.049994433412233308e+00 -2.723808067847588443e+00 1.015132997112162982e+00 -1.300926019712244530e+00 -5.817350065486341926e-01 -2.081655882304644045e+00
-1.043558011693869636e+00 -2.714727618050060798e+00 1.015413464678970090e+00 -1.292315584200960155e+00 -5.687914752877469837e-01 -2.081233662769930604e+00
-1.037121146746603273e+00 -2.705642179595257435e+00 1.015697868820822025e+00 -1.283709453352274155e+00 -5.558437272822720487e-01 -2.080801104475359598e+00
-1.030683921995796837e+00 -2.696551790889397449e+00 1.015986348677033968e+00 -1.275108058432757208e+00 -5.428921868058109723e-01 -2.080358259172951030e+00
-1.024246422102982113e+00 -2.687456489303246432e+00 1.016279046637741157e+00 -1.266511836792420853e+00 -5.299372922210778825e-01 -2.079905179385601599e+00
-1.017808732997191878e+00 -2.678356311151452118e+00 1.016576108342224005e+00 -1.257921231823031949e+00 -5.169794960600988531e-01 -2.079441918404046241e+00
-1.011370941906309717e+00 -2.669251291671995929e+00 1.016877682674923511e+00 -1.249336692915437030e+00 -5.040192651052821660e-01 -2.078968530283789917e+00
-1.004933137388412945e+00 -2.660141465005784855e+00 1.017183921759012177e+00 -1.240758675415894796e+00 -4.910570804713323412e-01 -2.078485069842009647e+00
-9.984954093630888927e-01 -2.651026864176398323e+00 1.017494980947160954e+00 -1.232187640665767248e+00 -4.780934378395915729e-01 -2.077991592654423236e+00
-9.920578491426979006e-01 -2.641907521070022913e+00 1.017811018809586132e+00 -1.223624055956024081e+00 -4.651288475425214841e-01 -2.077488155052130914e+00
-9.856205494635550401e-01 -2.632783466415592244e+00 1.018132197119237858e+00 -1.215068394480750991e+00 -4.521638346489580407e-01 -2.076974814118421442e+00
-9.791836045170074776e-01 -2.623654729765160898e+00 1.018458680833983054e+00 -1.206521135289651436e+00 -4.391989390500881107e-01 -2.076451627685549362e+00
-9.727471099803781662e-01 -2.614521339474535910e+00 1.018790638075636856e+00 -1.197982763239558546e+00 -4.262347155461378989e-01 -2.075918654331479818e+00
-9.663111630477465575e-01 -2.605383322684196479e+00 1.019128240105690919e+00 -1.189453768944954026e+00 -4.132717339337368401e-01 -2.075375953376600524e+00
-9.598758624605343570e-01 -2.596240705300526308e+00 1.019471661297583598e+00 -1.180934648727494540e+00 -4.003105790939121000e-01 -2.074823584880401306e+00
-9.534413085378674602e-01 -2.587093511977390126e+00 1.019821079105357686e+00 -1.172425904564552646e+00 -3.873518510806932547e-01 -2.074261609638121673e+00
-9.470076032066780947e-01 -2.577941766098085896e+00 1.020176674028544728e+00 -1.163928044036778076e+00 -3.743961652102960613e-01 -2.073690089177364637e+00
-9.405748500315120886e-01 -2.568785489757700713e+00 1.020538629573114031e+00 -1.155441580274675140e+00 -3.614441521508360289e-01 -2.073109085754678116e+00
-9.341431542440070679e-01 -2.559624703745908558e+00 1.020907132208321855e+00 -1.146967031904198908e+00 -3.484964580125340383e-01 -2.072518662352102137e+00
-9.277126227720025042e-01 -2.550459427530237022e+00 1.021282371319292448e+00 -1.138504922991381729e+00 -3.355537444383940304e-01 -2.071918882673681850e+00
-9.212833642682389801e-01 -2.541289679239846500e+00 1.021664539155161089e+00 -1.130055782985991852e+00 -3.226166886953065749e-01 -2.071309811141949009e+00
-9.148554891386129206e-01 -2.532115475649849401e+00 1.022053830772606142e+00 -1.121620146664217499e+00 -3.096859837655285830e-01 -2.070691512894366149e+00
-9.084291095699357221e-01 -2.522936832166213339e+00 1.022450443974594281e+00 -1.113198554070389257e+00 -2.967623384385076335e-01 -2.070064053779738789e+00
-9.020043395571590850e-01 -2.513753762811283821e+00 1.022854579244162343e+00 -1.104791550457744798e+00 -2.838464774030158289e-01 -2.069427500354592997e+00
-8.955812949300163694e-01 -2.504566280209966411e+00 1.023266439673053529e+00 -1.096399686228237913e+00 -2.709391413395438875e-01 -2.068781919879516540e+00
-8.891600933790360095e-01 -2.495374395576610116e+00 1.023686230885027637e+00 -1.088023516871386320e+00 -2.580410870128999612e-01 -2.068127380315467168e+00
-8.827408544808736934e-01 -2.486178118702632833e+00 1.024114160953659924e+00 -1.079663602902173336e+00 -2.451530873649829800e-01 -2.067463950320044042e+00
-8.763236997229149061e-01 -2.476977457944933292e+00 1.024550440314442090e+00 -1.071320509798005638e+00 -2.322759316076865588e-01 -2.066791699243726299e+00
-8.699087525270927657e-01 -2.467772420215131213e+00 1.024995281670996849e+00 -1.062994807934729780e+00 -2.194104253158810636e-01 -2.066110697126073870e+00
-8.634961382728678636e-01 -2.458563010969685436e+00 1.025448899895214927e+00 -1.054687072521706126e+00 -2.065573905204174388e-01 -2.065421014691894097e+00
-8.570859843193106009e-01 -2.449349234200930869e+00 1.025911511921124175e+00 -1.046397883535949758e+00 -1.937176658011132702e-01 -2.064722723347371947e+00
-8.506784200262313966e-01 -2.440131092429086213e+00 1.026383336632295418e+00 -1.038127825655341674e+00 -1.808921063796686823e-01 -2.064015895176166460e+00
-8.442735767742939323e-01 -2.430908586695279094e+00 1.026864594742590064e+00 -1.029877488190920953e+00 -1.680815842124694370e-01 -2.063300602935467243e+00
-8.378715879840514802e-01 -2.421681716555637465e+00 1.027355508670053874e+00 -1.021647465018247214e+00 -1.552869880832008498e-01 -2.062576920052019425e+00
-8.314725891338401453e-01 -2.412450480076498760e+00 1.027856302403759026e+00 -1.013438354507847361e+00 -1.425092236952347768e-01 -2.061844920618109533e+00
-8.250767177764628535e-01 -2.403214873830788800e+00 1.028367201363395100e+00 -1.005250759454754839e+00 -1.297492137637332732e-01 -2.061104679387515848e+00
-8.186841135545974701e-01 -2.393974892895620155e+00 1.028888432251410467e+00 -9.970852870071338359e-01 -1.170078981074040847e-01 -2.060356271771422776e+00
-8.122949182148531122e-01 -2.384730530851166819e+00 1.029420222897502679e+00 -9.889425485940090965e-01 -1.042862337398604566e-01 -2.059599773834298375e+00
-8.059092756204080388e-01 -2.375481779780866720e+00 1.029962802095258922e+00 -9.808231598520955608e-01 -9.158519496052264230e-02 -2.058835262289734569e+00
-7.995273317621469644e-01 -2.366228630273005784e+00 1.030516399430744912e+00 -9.727277405517340547e-01 -7.890577344499183354e-02 -2.058062814496251836e+00
-7.931492347682298494e-01 -2.356971071423744402e+00 1.031081245102839050e+00 -9.646569145219423547e-01 -6.624897833484277854e-02 -2.057282508453066594e+00
-7.867751349120015725e-01 -2.347709090841634261e+00 1.031657569735114910e+00 -9.566113095745785166e-01 -5.361583632676136801e-02 -2.056494422795821730e+00
-7.804051846181709884e-01 -2.338442674653691267e+00 1.032245604179067744e+00 -9.485915574276337914e-01 -4.100739176097745187e-02 -2.055698636792280265e+00
-7.740395384671696632e-01 -2.329171807513074288e+00 1.032845579308487416e+00 -9.405982936274788209e-01 -2.842470670858388004e-02 -2.054895230337980383e+00
-7.676783531976036912e-01 -2.319896472608433236e+00 1.033457725804777683e+00 -9.326321574704201645e-01 -1.586886105833551497e-02 -2.054084283951856715e+00
-7.613217877067155470e-01 -2.310616651674981092e+00 1.034082273933024210e+00 -9.246937919234050618e-01 -3.340952602547631045e-03 -2.053265878771820763e+00
-7.549700030487582758e-01 -2.301332325007350299e+00 1.034719453308613479e+00 -9.167838435438668832e-01 9.157902878009327452e-03 -2.052440096550306237e+00
-7.486231624311954214e-01 -2.292043471474291660e+00 1.035369492654207857e+00 -9.089029623987312512e-01 2.162657153026525947e-02 -2.051607019649775321e+00
-7.422814312086241095e-01 -2.282750068535275734e+00 1.036032619546884082e+00 -9.010518019825730640e-01 3.406390134615433496e-02 -2.050766731038190294e+00
-7.359449768743324682e-01 -2.273452092259054425e+00 1.036709060155242446e+00 -8.932310191349479567e-01 4.646872208111973990e-02 -2.049919314284443406e+00
-7.296139690493808061e-01 -2.264149517344243190e+00 1.037399038966299702e+00 -8.854412739568986446e-01 5.883984517390494773e-02 -2.049064853553752563e+00
-7.232885794691128467e-01 -2.254842317141982466e+00 1.038102778501978296e+00 -8.776832297266441429e-01 7.117606366770612425e-02 -2.048203433603018375e+00
-7.169689819669882169e-01 -2.245530463680736943e+00 1.038820499025009170e+00 -8.699575528144589676e-01 8.347615213276915469e-02 -2.047335139776142121e+00
-7.106553524556260548e-01 -2.236213927693292192e+00 1.039552418234070519e+00 -8.622649125967503103e-01 9.573886659051433767e-02 -2.046460057999306859e+00
-7.043478689049567087e-01 -2.226892678646003709e+00 1.040298750947983963e+00 -8.546059813693394069e-01 1.079629444392700144e-01 -2.045578274776220784e+00
-6.980467113173625116e-01 -2.217566684770362340e+00 1.041059708778800053e+00 -8.469814342599626400e-01 1.201471043816906281e-01 -2.044689877183321514e+00
-6.917520616996961635e-01 -2.208235913096924907e+00 1.041835499793603015e+00 -8.393919491399910449e-01 1.322900463539631311e-01 -2.043794952864943060e+00
-6.854641040320612611e-01 -2.198900329491673133e+00 1.042626328164875993e+00 -8.318382065353806532e-01 1.443904514568781217e-01 -2.042893590028443729e+00
-6.791830242332306256e-01 -2.189559898694852347e+00 1.043432393809267333e+00 -8.243208895368727696e-01 1.564469818888443164e-01 -2.041985877439295827e+00
-6.729090101225856380e-01 -2.180214584362345498e+00 1.044253892014609386e+00 -8.168406837094388528e-01 1.684582808809573784e-01 -2.041071904416137173e+00
-6.666422513784486803e-01 -2.170864349109635771e+00 1.045091013055045037e+00 -8.093982770009979788e-01 1.804229726341861628e-01 -2.040151760825783533e+00
-6.603829394926843399e-01 -2.161509154558408419e+00 1.045943941794122090e+00 -8.019943596503966710e-01 1.923396622588060545e-01 -2.039225537078201977e+00
-6.541312677214401461e-01 -2.152148961385844661e+00 1.046812857275728259e+00 -7.946296240946777445e-01 2.042069357161442333e-01 -2.038293324121446037e+00
-6.478874310318936125e-01 -2.142783729376653401e+00 1.047697932302740886e+00 -7.873047648756483774e-01 2.160233597627385649e-01 -2.037355213436550905e+00
-6.416516260448750231e-01 -2.133413417477890484e+00 1.048599333003277456e+00 -7.800204785457536261e-01 2.277874818970122561e-01 -2.036411297032389989e+00
-6.354240509732287379e-01 -2.124037983856609024e+00 1.049517218384441009e+00 -7.727774635732651554e-01 2.394978303085699700e-01 -2.035461667440491063e+00
-6.292049055557766835e-01 -2.114657385960385660e+00 1.050451739873461188e+00 -7.655764202468122726e-01 2.511529138301944464e-01 -2.034506417709814219e+00
-6.229943909867405871e-01 -2.105271580580762247e+00 1.051403040846147441e+00 -7.584180505792597060e-01 2.627512218926493226e-01 -2.033545641401488080e+00
-6.167927098404861752e-01 -2.095880523919642080e+00 1.052371256142572431e+00 -7.513030582109498923e-01 2.742912244823907386e-01 -2.032579432583508261e+00
-6.106000659914427864e-01 -2.086484171658677056e+00 1.053356511569923271e+00 -7.442321483123293113e-01 2.857713721022836495e-01 -2.031607885825392756e+00
-6.044166645290514062e-01 -2.077082479031682194e+00 1.054358923392463732e+00 -7.372060274859704165e-01 2.971900957354258743e-01 -2.030631096192798690e+00
-5.982427116675981260e-01 -2.067675400900100602e+00 1.055378597808563468e+00 -7.302254036680033700e-01 3.085458068121953445e-01 -2.029649159242097323e+00
-5.920784146507789281e-01 -2.058262891831557972e+00 1.056415630414768048e+00 -7.232909860289860049e-01 3.198368971806000438e-01 -2.028662171014908644e+00
-5.859239816508501342e-01 -2.048844906181519931e+00 1.057470105656886927e+00 -7.164034848742306671e-01 3.310617390800345561e-01 -2.027670228032593336e+00
-5.797796216622082000e-01 -2.039421398178084210e+00 1.058542096268100474e+00 -7.095636115435981495e-01 3.422186851185666789e-01 -2.026673427290704321e+00
-5.736455443892496397e-01 -2.029992322009916972e+00 1.059631662694096477e+00 -7.027720783107942459e-01 3.533060682538291530e-01 -2.025671866253394793e+00
-5.675219601283538751e-01 -2.020557631917354602e+00 1.060738852505263230e+00 -6.960295982821840255e-01 3.643222017776355237e-01 -2.024665642847784497e+00
-5.614090796438353514e-01 -2.011117282286678076e+00 1.061863699795980498e+00 -6.893368852951633485e-01 3.752653793043849717e-01 -2.023654855458282498e+00
-5.553071140377081605e-01 -2.001671227747570114e+00 1.063006224571072522e+00 -6.826946538160987288e-01 3.861338747633928925e-01 -2.022639602920866864e+00
-5.492162746131081796e-01 -1.992219423273755563e+00 1.064166432119489469e+00 -6.761036188378857226e-01 3.969259423951947419e-01 -2.021619984517321722e+00
-5.431367727312141902e-01 -1.982761824286824570e+00 1.065344312375328117e+00 -6.695644957771378358e-01 4.076398167519603710e-01 -2.020596099969426351e+00
-5.370688196615103216e-01 -1.973298386763238099e+00 1.066539839266291478e+00 -6.630780003710521342e-01 4.182737127020756951e-01 -2.019568049433103418e+00
-5.310126264252366113e-01 -1.963829067344500245e+00 1.067752970049731021e+00 -6.566448485739821983e-01 4.288258254389929469e-01 -2.018535933492519696e+00
-5.249684036318651437e-01 -1.954353823450488026e+00 1.068983644636416264e+00 -6.502657564537712709e-01 4.392943304944076921e-01 -2.017499853154140599e+00
-5.189363613084534421e-01 -1.944872613395919991e+00 1.070231784902219152e+00 -6.439414400878651357e-01 4.496773837558749598e-01 -2.016459909840738973e+00
-5.129167087217116894e-01 -1.935385396509941014e+00 1.071497293987901944e+00 -6.376726154592775586e-01 4.599731214888911346e-01 -2.015416205385355486e+00
-5.069096541926367827e-01 -1.925892133258796157e+00 1.072780055587234438e+00 -6.314599983524393778e-01 4.701796603635348681e-01 -2.014368842025211936e+00
-5.009154049035577927e-01 -1.916392785371561658e+00 1.074079933223683003e+00 -6.253043042489818681e-01 4.802950974857300714e-01 -2.013317922395575721e+00
-4.949341666974418352e-01 -1.906887315968899710e+00 1.075396769515940543e+00 -6.192062482235294318e-01 4.903175104331523038e-01 -2.012263549523572781e+00
-4.889661438693146955e-01 -1.897375689694791756e+00 1.076730385432593806e+00 -6.131665448395415829e-01 5.002449572958513890e-01 -2.011205826821953035e+00
-4.830115389496478784e-01 -1.887857872851209429e+00 1.078080579536250694e+00 -6.071859080452637336e-01 5.100754767216479912e-01 -2.010144858082802966e+00
-4.770705524795717523e-01 -1.878333833535671182e+00 1.079447127217475710e+00 -6.012650510698698270e-01 5.198070879662908261e-01 -2.009080747471205797e+00
-4.711433827777744554e-01 -1.868803541781629551e+00 1.080829779918911493e+00 -5.954046863198745321e-01 5.294377909483904965e-01 -2.008013599518849279e+00
-4.652302256989528928e-01 -1.859266969701633077e+00 1.082228264349993196e+00 -5.896055252758687359e-01 5.389655663091823534e-01 -2.006943519117577956e+00
-4.593312743836834855e-01 -1.849724091633196732e+00 1.083642281692693610e+00 -5.838682783896600448e-01 5.483883754771112784e-01 -2.005870611512891699e+00
-4.534467189995878833e-01 -1.840174884287316015e+00 1.085071506798767960e+00 -5.781936549818982307e-01 5.577041607372597021e-01 -2.004794982297387396e+00
-4.475767464736715162e-01 -1.830619326899552757e+00 1.086515587379001779e+00 -5.725823631402704450e-01 5.669108453055833330e-01 -2.003716737404142023e+00
-4.417215402157252946e-01 -1.821057401383616714e+00 1.087974143184993636e+00 -5.670351096183576800e-01 5.760063334079412734e-01 -2.002635983100039319e+00
-4.358812798326758831e-01 -1.811489092487367003e+00 1.089446765184047594e+00 -5.615525997352173171e-01 5.849885103639587136e-01 -2.001552825979033390e+00
-4.300561408337890690e-01 -1.801914387951147667e+00 1.090933014727779149e+00 -5.561355372757845750e-01 5.938552426756760205e-01 -2.000467372955353262e+00
-4.242462943266303022e-01 -1.792333278668376995e+00 1.092432422715075013e+00 -5.507846243921901142e-01 6.026043781209513561e-01 -1.999379731256643478e+00
-4.184519067036989171e-01 -1.782745758848299111e+00 1.093944488750090205e+00 -5.455005615060608548e-01 6.112337458516354793e-01 -1.998290008417041186e+00
-4.126731393196592101e-01 -1.773151826180810797e+00 1.095468680296004527e+00 -5.402840472119021520e-01 6.197411564964734332e-01 -1.997198312270187293e+00
-4.069101481591048675e-01 -1.763551482003269388e+00 1.097004431825292503e+00 -5.351357781816252768e-01 6.281244022687553219e-01 -1.996104750942170103e+00
-4.011630834947985669e-01 -1.753944731469189833e+00 1.098551143967313903e+00 -5.300564490703023601e-01 6.363812570787019673e-01 -1.995009432844400576e+00
-3.954320895363423460e-01 -1.744331583718737200e+00 1.100108182654068845e+00 -5.250467524232123040e-01 6.445094766506094253e-01 -1.993912466666416528e+00
-3.897173040692498702e-01 -1.734712052050917830e+00 1.101674878265010538e+00 -5.201073785842380559e-01 6.525067986447807833e-01 -1.992813961368614661e+00
-3.840188580843975075e-01 -1.725086154097375868e+00 1.103250524771846486e+00 -5.152390156056902981e-01 6.603709427842390234e-01 -1.991714026174909336e+00
-3.783368753978488819e-01 -1.715453911997702363e+00 1.104834378884308244e+00 -5.104423491595944107e-01 6.680996109863044374e-01 -1.990612770565314715e+00
-3.726714722610622310e-01 -1.705815352576159682e+00 1.106425659197927125e+00 -5.057180624504922228e-01 6.756904874990756760e-01 -1.989510304268448548e+00
-3.670227569615045482e-01 -1.696170507519738635e+00 1.108023545344888783e+00 -5.010668361297976325e-01 6.831412390428934778e-01 -1.988406737253958223e+00
-3.613908294137093691e-01 -1.686519413557451941e+00 1.109627177149098864e+00 -4.964893482117540557e-01 6.904495149568314893e-01 -1.987302179724862672e+00
-3.557757807408399309e-01 -1.676862112640785440e+00 1.111235653786644351e+00 -4.919862739910048077e-01 6.976129473503562828e-01 -1.986196742109812785e+00
-3.501776928468287586e-01 -1.667198652125226666e+00 1.112848032952884481e+00 -4.875582859618137199e-01 7.046291512602276264e-01 -1.985090535055264116e+00
-3.445966379791878254e-01 -1.657529084952795717e+00 1.114463330037462452e+00 -4.832060537389772925e-01 7.114957248126967393e-01 -1.983983669417562767e+00
-3.390326782826060814e-01 -1.647853469835509177e+00 1.116080517308590592e+00 -4.789302439804377087e-01 7.182102493911597385e-01 -1.982876256254940461e+00
-3.334858653434653597e-01 -1.638171871439719318e+00 1.117698523108012099e+00 -4.747315203116357907e-01 7.247702898093124624e-01 -1.981768406819417461e+00
-3.279562397254349726e-01 -1.628484360571274880e+00 1.119316231058109512e+00 -4.706105432516447529e-01 7.311733944898857196e-01 -1.980660232548610233e+00
-3.224438304963221924e-01 -1.618791014361458114e+00 1.120932479282684913e+00 -4.665679701411296065e-01 7.374170956490107010e-01 -1.979551845057443415e+00
-3.169486547463828963e-01 -1.609091916453667892e+00 1.122546059643007244e+00 -4.626044550721659654e-01 7.434989094862882730e-01 -1.978443356129760078e+00
-3.114707170983237461e-01 -1.599387157190827136e+00 1.124155716990777432e+00 -4.587206488199870869e-01 7.494163363805586009e-01 -1.977334877709832961e+00
-3.060100092092477020e-01 -1.589676833803506106e+00 1.125760148439737929e+00 -4.549171987767230974e-01 7.551668610913826463e-01 -1.976226521893768684e+00
-3.005665092648288628e-01 -1.579961050598765127e+00 1.127358002657723901e+00 -4.511947488872154466e-01 7.607479529661724804e-01 -1.975118400920807593e+00
-2.951401814660252754e-01 -1.570239919149738927e+00 1.128947879181011471e+00 -4.475539395869878589e-01 7.661570661529428783e-01 -1.974010627164512810e+00
-2.897309755086725502e-01 -1.560513558485999930e+00 1.130528327752899242e+00 -4.439954077424634882e-01 7.713916398186095869e-01 -1.972903313123849145e+00
-2.843388260563295411e-01 -1.550782095284751083e+00 1.132097847688533054e+00 -4.405197865935508439e-01 7.764490983726735074e-01 -1.971796571414145882e+00
-2.789636522067793223e-01 -1.541045664062926424e+00 1.133654887268060962e+00 -4.371277056987330489e-01 7.813268516961211496e-01 -1.970690514757944767e+00
