-1.547590644752394162e+00 -1.277670747547741570e+00 -1.565232647975099978e+00 -1.554203949843264265e+00 -3.346684197771385261e+00 1.436440188047970024e+00
-1.547590644752394162e+00 -1.277670747547741570e+00 -1.565232647975099978e+00 -1.554203949843264265e+00 -3.346684197771385261e+00 1.436440188047970024e+00
-1.547595718109707308e+00 -1.277639312730520116e+00 -1.563469318361642157e+00 -1.554184637849706840e+00 -3.346540104896429391e+00 1.436412450646653571e+00
-1.547605894777944524e+00 -1.277578311266655886e+00 -1.560022779274440108e+00 -1.554146004033151840e+00 -3.346251841291749685e+00 1.436357085670884937e+00
-1.547621346998459435e+00 -1.277489594516135085e+00 -1.554971282213312378e+00 -1.554088026621684326e+00 -3.345819330804742808e+00 1.436274202918904619e+00
-1.547642362762242207e+00 -1.277374997084506969e+00 -1.548391213783033571e+00 -1.554010671963659718e+00 -3.345242499068813213e+00 1.436163912150644206e+00
-1.547669321361084815e+00 -1.277236337595423654e+00 -1.540357101198184031e+00 -1.553913894590750688e+00 -3.344521273588469956e+00 1.436026323078039457e+00
-1.547702670926653035e+00 -1.277075419831340986e+00 -1.530941619467018233e+00 -1.553797637281324473e+00 -3.343655583825643429e+00 1.435861545355338942e+00
-1.547742907858029815e+00 -1.276894033961746278e+00 -1.520215600174051440e+00 -1.553661831124174553e+00 -3.342645361287197581e+00 1.435669688569410241e+00
-1.547790558043689702e+00 -1.276693957637834886e+00 -1.508248041781947046e+00 -1.553506395582628707e+00 -3.341490539613616306e+00 1.435450862230042368e+00
-1.547846159791177456e+00 -1.276476956784841521e+00 -1.495106121374347286e+00 -1.553331238559062744e+00 -3.340191054668827153e+00 1.435205175760244645e+00
-1.547910248385833132e+00 -1.276244785968879913e+00 -1.480855207762522330e+00 -1.553136256459837439e+00 -3.338746844631146793e+00 1.434932738486543125e+00
-1.547983342207883695e+00 -1.275999188254811623e+00 -1.465558875880079270e+00 -1.552921334260689123e+00 -3.337157850085310073e+00 1.434633659629272806e+00
-1.548065930344461938e+00 -1.275741894505893592e+00 -1.449278922391478597e+00 -1.552686345572591664e+00 -3.335424014115569324e+00 1.434308048292867399e+00
-1.548158461639242978e+00 -1.275474622105268407e+00 -1.432075382441714062e+00 -1.552431152708116491e+00 -3.333545282399825727e+00 1.433956013456145540e+00
-1.548261335127158356e+00 -1.275199073104182901e+00 -1.414006547476229336e+00 -1.552155606748311545e+00 -3.331521603304772317e+00 1.433577663962593451e+00
-1.548374891804943365e+00 -1.274916931822566157e+00 -1.395128984061937194e+00 -1.551859547610123347e+00 -3.329352927982023314e+00 1.433173108510645610e+00
-1.548499407690128171e+00 -1.274629861944591491e+00 -1.375497553642076820e+00 -1.551542804114382612e+00 -3.327039210465200458e+00 1.432742455643961188e+00
-1.548635088121542269e+00 -1.274339503165419218e+00 -1.355165433159576605e+00 -1.551205194054376957e+00 -3.324580407767952828e+00 1.432285813741698721e+00
-1.548782063253660635e+00 -1.274047467455744265e+00 -1.334184136485561778e+00 -1.550846524265029336e+00 -3.321976479982881258e+00 1.431803291008786561e+00
-1.548940384695314476e+00 -1.273755335018319057e+00 -1.312603536591665510e+00 -1.550466590692708646e+00 -3.319227390381345622e+00 1.431294995466191322e+00
-1.549110023240680478e+00 -1.273464650015555089e+00 -1.290471888406840906e+00 -1.550065178465687366e+00 -3.316333105514122082e+00 1.430761034941183896e+00
-1.549290867637254543e+00 -1.273176916149847404e+00 -1.267835852301429700e+00 -1.549642061965271322e+00 -3.313293595312896134e+00 1.430201517057601901e+00
-1.549482724331938899e+00 -1.272893592178679256e+00 -1.244740518143314434e+00 -1.549197004897619800e+00 -3.310108833192553224e+00 1.429616549226110367e+00
-1.549685318132665968e+00 -1.272616087445075150e+00 -1.221229429873041950e+00 -1.548729760366275743e+00 -3.306778796154247413e+00 1.429006238634459747e+00
-1.549898293719344400e+00 -1.272345757500816132e+00 -1.197344610546865473e+00 -1.548240070945426039e+00 -3.303303464889224550e+00 1.428370692237741491e+00
-1.550121217934533613e+00 -1.272083899895258607e+00 -1.173126587798695830e+00 -1.547727668753912544e+00 -3.299682823883367533e+00 1.427710016748641619e+00
-1.550353582781305750e+00 -1.271831750196827926e+00 -1.148614419673963605e+00 -1.547192275530008931e+00 -3.295916861522441899e+00 1.427024318627692523e+00
-1.550594809053362999e+00 -1.271590478307536687e+00 -1.123845720790388469e+00 -1.546633602706985799e+00 -3.292005570198019093e+00 1.426313704073521871e+00
-1.550844250520761358e+00 -1.271361185123411897e+00 -1.098856688782597679e+00 -1.546051351489479808e+00 -3.287948946414047224e+00 1.425578279013101080e+00
-1.551101198593620056e+00 -1.271144899585743726e+00 -1.073682130989452421e+00 -1.545445212930684820e+00 -3.283746990894040874e+00 1.424818149091991337e+00
-1.551364887386026847e+00 -1.270942576159770576e+00 -1.048355491344802992e+00 -1.544814868010385034e+00 -3.279399708688876203e+00 1.424033419664588074e+00
-1.551634499102980680e+00 -1.270755092769013883e+00 -1.022908877434214325e+00 -1.544159987713801696e+00 -3.274907109284885376e+00 1.423224195784364987e+00
-1.551909169674676514e+00 -1.270583249205117671e+00 -9.973730876819691948e-01 -1.543480233111355515e+00 -3.270269206712765442e+00 1.422390582194116293e+00
-1.552187994564658169e+00 -1.270427766024908145e+00 -9.717776386343682793e-01 -1.542775255439317483e+00 -3.265486019657012129e+00 1.421532683316198309e+00
-1.552470034681333821e+00 -1.270289283938612401e+00 -9.461507923070031634e-01 -1.542044696181364971e+00 -3.260557571565848800e+00 1.420650603242770149e+00
-1.552754322325976544e+00 -1.270168363685863611e+00 -9.205195835652785208e-01 -1.541288187151060862e+00 -3.255483890761627030e+00 1.419744445726034421e+00
-1.553039867114537786e+00 -1.270065486389382103e+00 -8.949098475090002669e-01 -1.540505350575267052e+00 -3.250265010551672606e+00 1.418814314168477031e+00
-1.553325661815317060e+00 -1.269981054370141527e+00 -8.693462468333327253e-01 -1.539695799178512070e+00 -3.244900969339550301e+00 1.417860311613107216e+00
-1.553610688049631428e+00 -1.269915392402449328e+00 -8.438522991398528239e-01 -1.538859136268320160e+00 -3.239391810736719446e+00 1.416882540733697793e+00
-1.553893921808034984e+00 -1.269868749382733419e+00 -8.184504041728010160e-01 -1.537994955821524679e+00 -3.233737583674565208e+00 1.415881103825026077e+00
-1.554174338740248018e+00 -1.269841300381962634e+00 -7.931618709569422387e-01 -1.537102842571573369e+00 -3.227938342516774473e+00 1.414856102793114356e+00
-1.554450919182659208e+00 -1.269833149048510634e+00 -7.680069448147113231e-01 -1.536182372096839277e+00 -3.221994147172026590e+00 1.413807639145473027e+00
-1.554722652892989165e+00 -1.269844330325920589e+00 -7.430048342415243035e-01 -1.535233110909954402e+00 -3.215905063206979886e+00 1.412735813981342847e+00
-1.554988543467345385e+00 -1.269874813448389261e+00 -7.181737376192963707e-01 -1.534254616548173411e+00 -3.209671161959528618e+00 1.411640727981940513e+00
-1.555247612420393999e+00 -1.269924505175829443e+00 -6.935308697493128838e-01 -1.533246437664783413e+00 -3.203292520652300190e+00 1.410522481400704908e+00
-1.555498902914642878e+00 -1.269993253230054631e+00 -6.690924881866652241e-01 -1.532208114121570874e+00 -3.196769222506375741e+00 1.409381174053545127e+00
-1.555741483129821745e+00 -1.270080849893886477e+00 -6.448739193594781316e-01 -1.531139177082355474e+00 -3.190101356855200798e+00 1.408216905309091604e+00
-1.555974449268010096e+00 -1.270187035735757197e+00 -6.208895844571336031e-01 -1.530039149107604191e+00 -3.183289019258666031e+00 1.407029774078949469e+00
-1.556196928194460094e+00 -1.270311503423616317e+00 -5.971530250726305722e-01 -1.528907544250135864e+00 -3.176332311617329207e+00 1.405819878807954781e+00
-1.556408079717958470e+00 -1.270453901593565194e+00 -5.736769285851177624e-01 -1.527743868151924866e+00 -3.169231342286761510e+00 1.404587317464433882e+00
-1.556607098518069332e+00 -1.270613838740586532e+00 -5.504731532695018581e-01 -1.526547618142017670e+00 -3.161986226191981331e+00 1.403332187530466735e+00
-1.556793215729657565e+00 -1.270790887100938349e+00 -5.275527531208591414e-01 -1.525318283335567848e+00 -3.154597084941962670e+00 1.402054585992153601e+00
-1.556965700197738611e+00 -1.270984586498180136e+00 -5.049260023821791066e-01 -1.524055344734001061e+00 -3.147064046944180848e+00 1.400754609329886158e+00
-1.557123859417925527e+00 -1.271194448127333398e+00 -4.826024197647345582e-01 -1.522758275326321131e+00 -3.139387247519186630e+00 1.399432353508623716e+00
-1.557267040179558970e+00 -1.271419958254311755e+00 -4.605907923511139423e-01 -1.521426540191559873e+00 -3.131566829015170583e+00 1.398087913968173668e+00
-1.557394628930040215e+00 -1.271660581810407642e+00 -4.388991991716636454e-01 -1.520059596602386653e+00 -3.123602940922496796e+00 1.396721385613477695e+00
-1.557506051879949949e+00 -1.271915765864279901e+00 -4.175350344457774976e-01 -1.518656894129877921e+00 -3.115495739988183299e+00 1.395332862804903762e+00
-1.557600774869257965e+00 -1.272184942956497089e+00 -3.965050304801350789e-01 -1.517217874749461570e+00 -3.107245390330307444e+00 1.393922439348543652e+00
-1.557678303015343380e+00 -1.272467534284219548e+00 -3.758152802166326856e-01 -1.515741972948037253e+00 -3.098852063552300251e+00 1.392490208486517833e+00
-1.557738180163670050e+00 -1.272762952726026242e+00 -3.554712594233720990e-01 -1.514228615832284186e+00 -3.090315938857121303e+00 1.391036262887286545e+00
-1.557779988161840157e+00 -1.273070605699191171e+00 -3.354778485226723728e-01 -1.512677223238161117e+00 -3.081637203161276428e+00 1.389560694635968652e+00
-1.557803345977403220e+00 -1.273389897843862917e+00 -3.158393540506513886e-01 -1.511087207841603330e+00 -3.072816051208655530e+00 1.388063595224667823e+00
-1.557807908679257558e+00 -1.273720233530593271e+00 -2.965595297434859279e-01 -1.509457975270425800e+00 -3.063852685684177679e+00 1.386545055542807825e+00
-1.557793366301787552e+00 -1.274061019189483224e+00 -2.776415972460031800e-01 -1.507788924217437376e+00 -3.054747317327207501e+00 1.385005165867474686e+00
-1.557759442610046285e+00 -1.274411665460870813e+00 -2.590882664387827994e-01 -1.506079446554769774e+00 -3.045500165044725982e+00 1.383444015853770193e+00
-1.557705893783351891e+00 -1.274771589168958164e+00 -2.409017553804588263e-01 -1.504328927449427811e+00 -3.036111456024224609e+00 1.381861694525173156e+00
-1.557632507033652081e+00 -1.275140215121085774e+00 -2.230838098624025878e-01 -1.502536745480065550e+00 -3.026581425846309514e+00 1.380258290263911336e+00
-1.557539099173926189e+00 -1.275516977736494084e+00 -2.056357225734452010e-01 -1.500702272754993016e+00 -3.016910318596977447e+00 1.378633890801343798e+00
-1.557425515150778983e+00 -1.275901322509395364e+00 -1.885583518727582120e-01 -1.498824875031417703e+00 -3.007098386979556892e+00 1.376988583208354378e+00
-1.557291626554246466e+00 -1.276292707311984520e+00 -1.718521401694559358e-01 -1.496903911835922640e+00 -2.997145892426269942e+00 1.375322453885756246e+00
-1.557137330116685092e+00 -1.276690603543706004e+00 -1.555171319079125813e-01 -1.494938736586188366e+00 -2.987053105209412696e+00 1.373635588554709352e+00
-1.556962546211495990e+00 -1.277094497133615336e+00 -1.395529911582014670e-01 -1.492928696713960557e+00 -2.976820304552115104e+00 1.371928072247148522e+00
-1.556767217361320510e+00 -1.277503889403096338e+00 -1.239590188114625402e-01 -1.490873133789265337e+00 -2.966447778738668717e+00 1.370199989296226661e+00
-1.556551306764272224e+00 -1.277918297796480473e+00 -1.087341693803890175e-01 -1.488771383645876467e+00 -2.955935825224383251e+00 1.368451423326770167e+00
-1.556314796845739812e+00 -1.278337256487309004e+00 -9.387706740539329686e-02 -1.486622776508036869e+00 -2.945284750744967539e+00 1.366682457245748550e+00
-1.556057687842305581e+00 -1.278760316868076563e+00 -7.938602346736739479e-02 -1.484426637118436920e+00 -2.934494871425398443e+00 1.364893173232758716e+00
-1.555779996423395151e+00 -1.279187047931306775e+00 -6.525904980829380642e-02 -1.482182284867450850e+00 -2.923566512888257307e+00 1.363083652730525230e+00
-1.555481754355396040e+00 -1.279617036549752784e+00 -5.149387556128910692e-02 -1.479889033923634356e+00 -2.912500010361516622e+00 1.361253976435414792e+00
-1.555163007212171822e+00 -1.280049887663394337e+00 -3.808796159197481296e-02 -1.477546193365484095e+00 -2.901295708785742278e+00 1.359404224287968255e+00
-1.554823813135129740e+00 -1.280485224380731868e+00 -2.503851495336848615e-02 -1.475153067314460165e+00 -2.889953962920703390e+00 1.357534475463448631e+00
-1.554464241645318490e+00 -1.280922688001656651e+00 -1.234250295677265241e-02 -1.472708955069277348e+00 -2.878475137451359966e+00 1.355644808362407305e+00
-1.554084372509386691e+00 -1.281361937968920284e+00 3.333138589778003591e-06 -1.470213151241457350e+00 -2.866859607093199092e+00 1.353735300601267788e+00
-1.553684294672667887e+00 -1.281802651714021968e+00 1.200246481250065791e-02 -1.467664949271903607e+00 -2.855107772085518469e+00 1.351806029004136489e+00
-1.553264105234071657e+00 -1.282244524485092185e+00 2.365856334534268551e-02 -1.465063642130242316e+00 -2.843220060260631676e+00 1.349857069594732284e+00
-1.552823908476843151e+00 -1.282687269123149232e+00 3.497548725097131966e-02 -1.462408522893497986e+00 -2.831196928463528995e+00 1.347888497588410894e+00
-1.552363814955332710e+00 -1.283130615791827189e+00 4.595727007717104184e-02 -1.459698885111853528e+00 -2.819038862948672453e+00 1.345900387384288299e+00
-1.551883940637280190e+00 -1.283574311666036305e+00 5.660810856978665262e-02 -1.456934023158002578e+00 -2.806746379667020008e+00 1.343892812557468508e+00
-1.551384406100808189e+00 -1.284018120584678346e+00 6.693235119642584885e-02 -1.454113232584753890e+00 -2.794320024555619675e+00 1.341865845851381245e+00
-1.550865335785039267e+00 -1.284461822672201103e+00 7.693448702544762596e-02 -1.451235810485962396e+00 -2.781760373808142006e+00 1.339819559170232877e+00
-1.550326857293021776e+00 -1.284905213933435597e+00 8.661913495578070499e-02 -1.448301055865224285e+00 -2.769068034145921064e+00 1.337754023571578799e+00
-1.549769100745455042e+00 -1.285348105825839804e+00 9.599103329295799458e-02 -1.445308270012397811e+00 -2.756243643089389295e+00 1.335669309259018833e+00
-1.549192198183542590e+00 -1.285790324812947638e+00 1.050550296666055011e-01 -1.442256756888014024e+00 -2.743287869229813936e+00 1.333565485575025189e+00
-1.548596283019177067e+00 -1.286231711902516617e+00 1.138160712844879519e-01 -1.439145823517478329e+00 -2.730201412508823644e+00 1.331442620993905201e+00
-1.547981489530552146e+00 -1.286672122172574761e+00 1.222791955180877604e-01 -1.435974780391520156e+00 -2.716985004490422906e+00 1.329300783114907514e+00
-1.547347952401233462e+00 -1.287111424288283068e+00 1.304495208145786678e-01 -1.432742941878542453e+00 -2.703639408648466969e+00 1.327140038655475474e+00
-1.546695806300658615e+00 -1.287549500012262982e+00 1.383322379299504190e-01 -1.429449626641446258e+00 -2.690165420638511939e+00 1.324960453444654629e+00
-1.546025185504011912e+00 -1.287986243710789624e+00 1.459326014779453451e-01 -1.426094158062646056e+00 -2.676563868569287408e+00 1.322762092416662094e+00
-1.545336223549403032e+00 -1.288421561858006825e+00 1.532559217893822157e-01 -1.422675864677322988e+00 -2.662835613273629498e+00 1.320545019604621340e+00
-1.544629052930284629e+00 -1.288855372540102628e+00 1.603075570763659308e-01 -1.419194080614973208e+00 -2.648981548578699829e+00 1.318309298134471730e+00
-1.543903804821056713e+00 -1.289287604961175671e+00 1.670929058958141034e-01 -1.415648146049295786e+00 -2.635002601575318959e+00 1.316054990219058585e+00
-1.543160608833840097e+00 -1.289718198952325867e+00 1.736173999066727425e-01 -1.412037407656465460e+00 -2.620899732886188271e+00 1.313782157152409980e+00
-1.542399592804432729e+00 -1.290147104485327656e+00 1.798864969151420801e-01 -1.408361219081829541e+00 -2.606673936932813795e+00 1.311490859304208723e+00
-1.541620882605518883e+00 -1.290574281192075290e+00 1.859056742021915620e-01 -1.404618941415060496e+00 -2.592326242200868602e+00 1.309181156114466837e+00
-1.540824601985246289e+00 -1.290999697890842457e+00 1.916804221276076914e-01 -1.400809943673801738e+00 -2.577857711503777516e+00 1.306853106088408767e+00
-1.540010872429356414e+00 -1.291423332120251288e+00 1.972162380047909058e-01 -1.396933603295826387e+00 -2.563269442244251461e+00 1.304506766791573513e+00
-1.539179813045109757e+00 -1.291845169681727690e+00 2.025186202404975488e-01 -1.392989306639724312e+00 -2.548562566673478802e+00 1.302142194845140377e+00
-1.538331540465323943e+00 -1.292265204191095140e+00 2.075930627337095047e-01 -1.388976449494130572e+00 -2.533738252147673453e+00 1.299759445921490286e+00
-1.537466168770907915e+00 -1.292683436639860739e+00 2.124450495278067674e-01 -1.384894437595491690e+00 -2.518797701381650711e+00 1.297358574740008264e+00
-1.536583809430352776e+00 -1.293099874966648244e+00 2.170800497102181037e-01 -1.380742687154361326e+00 -2.503742152699065304e+00 1.294939635063137029e+00
-1.535684571254714692e+00 -1.293514533639148478e+00 2.215035125537301031e-01 -1.376520625390205810e+00 -2.488572880278947963e+00 1.292502679692690615e+00
-1.534768560366694290e+00 -1.293927433246880643e+00 2.257208628936459571e-01 -1.372227691074688227e+00 -2.473291194398130610e+00 1.290047760466437321e+00
-1.533835880182502054e+00 -1.294338600104986359e+00 2.297374967350022390e-01 -1.367863335085214516e+00 -2.457898441675454571e+00 1.287574928254960449e+00
-1.532886631405262490e+00 -1.294748065869224973e+00 2.335587770840735211e-01 -1.363427020965096048e+00 -2.442396005304641182e+00 1.285084232958807915e+00
-1.531920912028791770e+00 -1.295155867162271823e+00 2.371900299984212312e-01 -1.358918225492003362e+00 -2.426785305281606853e+00 1.282575723505940068e+00
-1.530938817350651293e+00 -1.295562045211385849e+00 2.406365408497764535e-01 -1.354336439255423130e+00 -2.411067798628405701e+00 1.280049447849485711e+00
-1.529940439993451751e+00 -1.295966645497461434e+00 2.439035507940796599e-01 -1.349681167241413515e+00 -2.395244979607755731e+00 1.277505452965817634e+00
-1.528925869933448478e+00 -1.296369717415445599e+00 2.469962534430424905e-01 -1.344951929425294068e+00 -2.379318379930226435e+00 1.274943784852957673e+00
-1.527895194535541679e+00 -1.296771313946072590e+00 2.499197917316404727e-01 -1.340148261372105853e+00 -2.363289568953402586e+00 1.272364488529324156e+00
-1.526848498593849746e+00 -1.297171491338832361e+00 2.526792549759937501e-01 -1.335269714844641076e+00 -2.347160153872267063e+00 1.269767608032830175e+00
-1.525785864377096956e+00 -1.297570308806074157e+00 2.552796761161443273e-01 -1.330315858418819719e+00 -2.330931779900001999e+00 1.267153186420348021e+00
-1.524707371678107437e+00 -1.297967828228117737e+00 2.577260291382937885e-01 -1.325286278106153404e+00 -2.314606130438351173e+00 1.264521265767549529e+00
-1.523613097866760135e+00 -1.298364113869235448e+00 2.600232266711231532e-01 -1.320180577982991821e+00 -2.298184927236585295e+00 1.261871887169136119e+00
-1.522503117945812390e+00 -1.298759232104345518e+00 2.621761177508775131e-01 -1.314998380826217117e+00 -2.281669930538073210e+00 1.259205090739470068e+00
-1.521377504609051190e+00 -1.299153251156252242e+00 2.641894857499627602e-01 -1.309739328754999432e+00 -2.265062939213372761e+00 1.256520915613621669e+00
-1.520236328301282969e+00 -1.299546240843253653e+00 2.660680464638674469e-01 -1.304403083878176606e+00 -2.248365790878658288e+00 1.253819399948844948e+00
-1.519079657279717388e+00 -1.299938272336930600e+00 2.678164463512921478e-01 -1.298989328946762889e+00 -2.231580361998210194e+00 1.251100580926496342e+00
-1.517907557676347885e+00 -1.300329417929929177e+00 2.694392609224390278e-01 -1.293497768011034221e+00 -2.214708567969585040e+00 1.248364494754409471e+00
-1.516720093560971705e+00 -1.300719750813534414e+00 2.709409932704886503e-01 -1.287928127081573670e+00 -2.197752363190009106e+00 1.245611176669742859e+00
-1.515517327004533898e+00 -1.301109344864839201e+00 2.723260727413651661e-01 -1.282280154793580706e+00 -2.180713741102375813e+00 1.242840660942312825e+00
-1.514299318142515283e+00 -1.301498274443306569e+00 2.735988537369680174e-01 -1.276553623073676036e+00 -2.163594734219146609e+00 1.240052980878429301e+00
-1.513066125238122339e+00 -1.301886614196516634e+00 2.747636146471267304e-01 -1.270748327808328915e+00 -2.146397414122247049e+00 1.237248168825248351e+00
-1.511817804745064775e+00 -1.302274438874900353e+00 2.758245569056154145e-01 -1.264864089512961254e+00 -2.129123891436986771e+00 1.234426256175659153e+00
-1.510554411369746219e+00 -1.302661823155251364e+00 2.767858041656445223e-01 -1.258900754000661371e+00 -2.111776315777832203e+00 1.231587273373720981e+00
-1.509275998132710628e+00 -1.303048841472814523e+00 2.776514015903284172e-01 -1.252858193049334323e+00 -2.094356875663682338e+00 1.228731249920665736e+00
-1.507982616429224931e+00 -1.303435567861748412e+00 2.784253152537155551e-01 -1.246736305065989869e+00 -2.076867798400155340e+00 1.225858214381485123e+00
-1.506674316088893351e+00 -1.303822075803763525e+00 2.791114316480451940e-01 -1.240535015746730085e+00 -2.059311349926160162e+00 1.222968194392118679e+00
-1.505351145434230098e+00 -1.304208438084732746e+00 2.797135572929854153e-01 -1.234254278730867682e+00 -2.041689834621870148e+00 1.220061216667258863e+00
-1.504013151338131182e+00 -1.304594726659086712e+00 2.802354184426901762e-01 -1.227894076247428412e+00 -2.024005595074955810e+00 1.217137307008792524e+00
-1.502660379280210012e+00 -1.304981012521791106e+00 2.806806608866010966e-01 -1.221454419752142639e+00 -2.006261011801749206e+00 1.214196490314895183e+00
-1.501292873401975259e+00 -1.305367365587724260e+00 2.810528498400063357e-01 -1.214935350552844184e+00 -1.988458502919771664e+00 1.211238790589796777e+00
-1.499910676560848311e+00 -1.305753854578260986e+00 2.813554699204557918e-01 -1.208336940420995154e+00 -1.970600523767798595e+00 1.208264230954234852e+00
-1.498513830383028544e+00 -1.306140546914883460e+00 2.815919252062203948e-01 -1.201659292186866068e+00 -1.952689566469410165e+00 1.205272833656613196e+00
-1.497102375315231271e+00 -1.306527508619633515e+00 2.817655393730712499e-01 -1.194902540315684991e+00 -1.934728159435742612e+00 1.202264620084884328e+00
-1.495676350675325894e+00 -1.306914804222231608e+00 2.818795559057419298e-01 -1.188066851461829110e+00 -1.916718866802860965e+00 1.199239610779169185e+00
-1.494235794701923581e+00 -1.307302496673685033e+00 2.819371383805266973e-01 -1.181152424997924832e+00 -1.898664287798984995e+00 1.196197825445133534e+00
-1.492780744602956178e+00 -1.307690647266216644e+00 2.819413708155547038e-01 -1.174159493515479991e+00 -1.880567056036578588e+00 1.193139282968131987e+00
-1.491311236603307888e+00 -1.308079315559341316e+00 2.818952580853696932e-01 -1.167088323293434593e+00 -1.862429838724098730e+00 1.190064001428137841e+00
-1.489827305991553663e+00 -1.308468559311927848e+00 2.818017263965310049e-01 -1.159939214730792534e+00 -1.844255335792057027e+00 1.186971998115467386e+00
-1.488328987165867812e+00 -1.308858434420080874e+00 2.816636238210440957e-01 -1.152712502739266398e+00 -1.826046278927923927e+00 1.183863289547311792e+00
-1.486816313679167001e+00 -1.309248994860683579e+00 2.814837208845097360e-01 -1.145408557091671886e+00 -1.807805430514360712e+00 1.180737891485084567e+00
-1.485289318283541382e+00 -1.309640292640440684e+00 2.812647112059760701e-01 -1.138027782721638070e+00 -1.789535582465329400e+00 1.177595818952590578e+00
-1.483748032974038011e+00 -1.310032377750268706e+00 2.810092121865578330e-01 -1.130570619970060475e+00 -1.771239554954743944e+00 1.174437086255021079e+00
-1.482192489031842975e+00 -1.310425298124873406e+00 2.807197657439786664e-01 -1.123037544773632934e+00 -1.752920195032601214e+00 1.171261706998773855e+00
-1.480622717066883309e+00 -1.310819099607354321e+00 2.803988390902747430e-01 -1.115429068792637368e+00 -1.734580375128330854e+00 1.168069694112128909e+00
-1.479038747059932879e+00 -1.311213825918699838e+00 2.800488255499846701e-01 -1.107745739469882418e+00 -1.716222991428902445e+00 1.164861059866705739e+00
-1.477440608404218203e+00 -1.311609518632007809e+00 2.796720454162357483e-01 -1.099988140017986060e+00 -1.697850962132473107e+00 1.161635815899723090e+00
-1.475828329946538897e+00 -1.312006217151278964e+00 2.792707468422180872e-01 -1.092156889330800018e+00 -1.679467225575289158e+00 1.158393973237041408e+00
-1.474201940027892510e+00 -1.312403958694623229e+00 2.788471067656209668e-01 -1.084252641815264262e+00 -1.661074738230986725e+00 1.155135542316967578e+00
-1.472561466523589546e+00 -1.312802778281722871e+00 2.784032318636862069e-01 -1.076276087140487947e+00 -1.642676472582862868e+00 1.151860533014788190e+00
-1.470906936882813820e+00 -1.313202708725385248e+00 2.779411595366119148e-01 -1.068227949901558560e+00 -1.624275414871415579e+00 1.148568954667998687e+00
-1.469238378167580406e+00 -1.313603780627023765e+00 2.774628589171180271e-01 -1.060108989196458573e+00 -1.605874562721482324e+00 1.145260816102181334e+00
-1.467555817091015236e+00 -1.314006022375893590e+00 2.769702319040608374e-01 -1.051919998115456778e+00 -1.587476922655436606e+00 1.141936125657485812e+00
-1.465859280054872427e+00 -1.314409460151906961e+00 2.764651142180533649e-01 -1.043661803143524303e+00 -1.569085507501283949e+00 1.138594891215651606e+00
-1.464148793186188957e+00 -1.314814117931851989e+00 2.759492764771250828e-01 -1.035335263477515477e+00 -1.550703333706779041e+00 1.135237120227511554e+00
-1.462424382372968790e+00 -1.315220017498828220e+00 2.754244252905195256e-01 -1.026941270261233718e+00 -1.532333418573126993e+00 1.131862819740904191e+00
-1.460686073298779197e+00 -1.315627178454715995e+00 2.748922043687939687e-01 -1.018480745742795346e+00 -1.513978777424004774e+00 1.128471996428919821e+00
-1.458933891476143829e+00 -1.316035618235488203e+00 2.743541956484532029e-01 -1.009954642360048505e+00 -1.495642420727646194e+00 1.125064656618401715e+00
-1.457167862278616610e+00 -1.316445352129177015e+00 2.738119204294048314e-01 -1.001363941761287846e+00 -1.477327351191959348e+00 1.121640806318615624e+00
-1.455388010971433665e+00 -1.316856393296307548e+00 2.732668405235896270e-01 -9.927096537686556088e-01 -1.459036560851856068e+00 1.118200451250005001e+00
-1.453594362740645796e+00 -1.317268752792608355e+00 2.727203594131895059e-01 -9.839928152933824501e-01 -1.440773028170564629e+00 1.114743596872940445e+00
-1.451786942720661111e+00 -1.317682439593824695e+00 2.721738234168754045e-01 -9.752144892121412667e-01 -1.422539715175701991e+00 1.111270248416380335e+00
-1.449965776020136543e+00 -1.318097460622450035e+00 2.716285228626120762e-01 -9.663757632142864207e-01 -1.404339564650693317e+00 1.107780410906356039e+00
-1.448130887746189366e+00 -1.318513820776217704e+00 2.710856932655842377e-01 -9.574777486298200468e-01 -1.386175497401045398e+00 1.104274089194198449e+00
-1.446282303026917848e+00 -1.318931522958186831e+00 2.705465165098641656e-01 -9.485215792473642438e-01 -1.368050409612683094e+00 1.100751287984429894e+00
-1.444420047032244581e+00 -1.319350568108279553e+00 2.700121220324861460e-01 -9.395084101311942382e-01 -1.349967170318038479e+00 1.097212011862248371e+00
-1.442544144993120447e+00 -1.319770955236130305e+00 2.694835880086440816e-01 -9.304394164455762617e-01 -1.331928618982998191e+00 1.093656265320537502e+00
-1.440654622219143643e+00 -1.320192681455121031e+00 2.689619425367770766e-01 -9.213157922938022271e-01 -1.313937563225280325e+00 1.090084052786342239e+00
-1.438751504114668567e+00 -1.320615742017487992e+00 2.684481648223606132e-01 -9.121387495783247479e-01 -1.295996776672173389e+00 1.086495378646759491e+00
-1.436834816193648834e+00 -1.321040130350613184e+00 2.679431863592992014e-01 -9.029095168555578699e-01 -1.278108996902310501e+00 1.082890247273291306e+00
-1.434904584092961510e+00 -1.321465838093951017e+00 2.674478921077956817e-01 -8.936293382545684727e-01 -1.260276923600340382e+00 1.079268663046443422e+00
-1.432960833584516536e+00 -1.321892855136736600e+00 2.669631216676486285e-01 -8.842994724297552622e-01 -1.242503216859552673e+00 1.075630630379620367e+00
-1.431003590586250818e+00 -1.322321169656398343e+00 2.664896704459816523e-01 -8.749211915481160950e-01 -1.224790495627941400e+00 1.071976153742292936e+00
-1.429032881172121350e+00 -1.322750768157602064e+00 2.660282908184583572e-01 -8.654957803161781316e-01 -1.207141336301503998e+00 1.068305237682419584e+00
-1.427048731581197716e+00 -1.323181635511857746e+00 2.655796932830806756e-01 -8.560245350459330105e-01 -1.189558271457737959e+00 1.064617886848109762e+00
-1.425051168225959897e+00 -1.323613754997626124e+00 2.651445476057123218e-01 -8.465087627596945552e-01 -1.172043788723592606e+00 1.060914106008522539e+00
-1.423040217699895527e+00 -1.324047108340868251e+00 2.647234839565194009e-01 -8.369497803334733366e-01 -1.154600329771725331e+00 1.057193900073995829e+00
-1.421015906784486305e+00 -1.324481675755978749e+00 2.643170940365605071e-01 -8.273489136780699527e-01 -1.137230289438420971e+00 1.053457274115409348e+00
-1.418978262455668160e+00 -1.324917435987049918e+00 2.639259321938001168e-01 -8.177074969566865414e-01 -1.119936014956073755e+00 1.049704233382784624e+00
-1.416927311889836227e+00 -1.325354366349417168e+00 2.635505165278700379e-01 -8.080268718376527604e-01 -1.102719805293051802e+00 1.045934783323130057e+00
-1.414863082469466571e+00 -1.325792442771432045e+00 2.631913299829373720e-01 -7.983083867806520795e-01 -1.085583910593686419e+00 1.042148929597543017e+00
-1.412785601788410839e+00 -1.326231639836419340e+00 2.628488214280834123e-01 -7.885533963547111114e-01 -1.068530531711222142e+00 1.038346678097576969e+00
-1.410694897656916247e+00 -1.326671930824762757e+00 2.625234067246366432e-01 -7.787632605861550816e-01 -1.051561819826773547e+00 1.034528034960892517e+00
-1.408590998106418413e+00 -1.327113287756081839e+00 2.622154697799408685e-01 -7.689393443347021240e-01 -1.034679876147573285e+00 1.030693006586203886e+00
-1.406473931394142118e+00 -1.327555681431447088e+00 2.619253635870790187e-01 -7.590830166958677516e-01 -1.017886751678101831e+00 1.026841599647538184e+00
-1.404343726007545534e+00 -1.327999081475591536e+00 2.616534112501050502e-01 -7.491956504278460827e-01 -1.001184447057953619e+00 1.022973821107825865e+00
-1.402200410668634323e+00 -1.328443456379074794e+00 2.613999069943789277e-01 -7.392786214011949353e-01 -9.845749124608467184e-01 1.019089678231837937e+00
-1.400044014338166942e+00 -1.328888773540356505e+00 2.611651171616268807e-01 -7.293333080695888482e-01 -9.680600475493275070e-01 1.015189178598489006e+00
-1.397874566219768022e+00 -1.329334999307735243e+00 2.609492811893854847e-01 -7.193610909600709480e-01 -9.516417014802338592e-01 1.011272330112524154e+00
-1.395692095763968688e+00 -1.329782099021115105e+00 2.607526125745222023e-01 -7.093633521812563458e-01 -9.353216729562543463e-01 1.007339141015606954e+00
-1.393496632672175384e+00 -1.330230037053556025e+00 2.605752998205514981e-01 -6.993414749480606485e-01 -9.191017103193188653e-01 1.003389619896829066e+00
-1.391288206900582969e+00 -1.330678776852572964e+00 2.604175073684980579e-01 -6.892968431215896752e-01 -9.029835116818527574e-01 9.994237757026566138e-01
-1.389066848664031184e+00 -1.331128280981141776e+00 2.602793765110873458e-01 -6.792308407629402689e-01 -8.869687250922919652e-01 9.954416177463333293e-01
-1.386832588439808944e+00 -1.331578511158379330e+00 2.601610262900663773e-01 -6.691448516997392515e-01 -8.710589487315432144e-01 9.914431557167566744e-01
-1.384585456971405781e+00 -1.332029428299858820e+00 2.600625543764953362e-01 -6.590402591043125202e-01 -8.552557311373267801e-01 9.874283996868444824e-01
-1.382325485272210663e+00 -1.332480992557530275e+00 2.599840379338631546e-01 -6.489184450824858619e-01 -8.395605714536515940e-01 9.833973601214094362e-01
-1.380052704629154414e+00 -1.332933163359208972e+00 2.599255344639102017e-01 -6.387807902720601394e-01 -8.239749197028629624e-01 9.793500478845569290e-01
-1.377767146606290183e+00 -1.333385899447605549e+00 2.598870826350705987e-01 -6.286286734501116413e-01 -8.085001770779900454e-01 9.752864742466231807e-01
-1.375468843048312184e+00 -1.333839158918862511e+00 2.598687030934567765e-01 -6.184634711482982494e-01 -7.931376962532654673e-01 9.712066508906685991e-01
-1.373157826084001831e+00 -1.334292899260574927e+00 2.598703992563395904e-01 -6.082865572754515560e-01 -7.778887817109465530e-01 9.671105899185419297e-01
-1.370834128129599483e+00 -1.334747077389261793e+00 2.598921580880969029e-01 -5.980993027467675915e-01 -7.627546900826946974e-01 9.629983038565294029e-01
-1.368497781892092702e+00 -1.335201649687268954e+00 2.599339508586172576e-01 -5.879030751189910919e-01 -7.477366305039825356e-01 9.588698056606037579e-01
-1.366148820372417472e+00 -1.335656572039073398e+00 2.599957338841740184e-01 -5.776992382310091045e-01 -7.328357649800927298e-01 9.547251087212869081e-01
-1.363787276868561049e+00 -1.336111799866972927e+00 2.600774492507906266e-01 -5.674891518493377918e-01 -7.180532087624449389e-01 9.505642268681392393e-01
-1.361413184978566449e+00 -1.336567288166134126e+00 2.601790255201465452e-01 -5.572741713180284773e-01 -7.033900307341087732e-01 9.463871743738886400e-01
-1.359026578603425905e+00 -1.337022991538982186e+00 2.603003784180807356e-01 -5.470556472125596148e-01 -6.888472538034702275e-01 9.421939659582124760e-01
-1.356627491949859321e+00 -1.337478864228914599e+00 2.604414115057720469e-01 -5.368349249973261017e-01 -6.744258553051305505e-01 9.379846167911837229e-01
-1.354215959532973246e+00 -1.337934860153321637e+00 2.606020168336833365e-01 -5.266133446863734413e-01 -6.601267674072204272e-01 9.337591424963935793e-01
-1.351792016178789968e+00 -1.338390932935895394e+00 2.607820755783794020e-01 -5.163922405072047805e-01 -6.459508775245863532e-01 9.295175591537622184e-01
-1.349355697026646927e+00 -1.338847035938218966e+00 2.609814586623298016e-01 -5.061729405670487569e-01 -6.318990287367514114e-01 9.252598833020482250e-01
-1.346907037531454909e+00 -1.339303122290618653e+00 2.612000273568317321e-01 -4.959567665214807963e-01 -6.179720202102751969e-01 9.209861319410671543e-01
-1.344446073465815239e+00 -1.339759144922268996e+00 2.614376338681919099e-01 -4.857450332451795916e-01 -6.041706076250168422e-01 9.166963225336307586e-01
-1.341972840921989318e+00 -1.340215056590541964e+00 2.616941219073213865e-01 -4.755390485045953852e-01 -5.904955036038193050e-01 9.123904730072154301e-01
-1.339487376313715394e+00 -1.340670809909591199e+00 2.619693272429048925e-01 -4.653401126323701842e-01 -5.769473781452409966e-01 9.080686017553702971e-01
-1.336989716377871451e+00 -1.341126357378161105e+00 2.622630782383197356e-01 -4.551495182033173936e-01 -5.635268590589430637e-01 9.037307276388746313e-01
-1.334479898175979340e+00 -1.341581651406619446e+00 2.625751963724853866e-01 -4.449685497118429645e-01 -5.502345324034507712e-01 8.993768699866526717e-01
-1.331957959095547039e+00 -1.342036644343204355e+00 2.629054967448354319e-01 -4.347984832506772701e-01 -5.370709429260127621e-01 8.950070485964553013e-01
-1.329423936851249266e+00 -1.342491288499483071e+00 2.632537885646070164e-01 -4.246405861908120194e-01 -5.240365945043223839e-01 8.906212837353174594e-01
-1.326877869485941108e+00 -1.342945536175020216e+00 2.636198756246551089e-01 -4.144961168625498349e-01 -5.111319505899025728e-01 8.862195961397986155e-01
-1.324319795371506014e+00 -1.343399339681253357e+00 2.640035567600074184e-01 -4.043663242376049904e-01 -4.983574346529984211e-01 8.818020070160146329e-01
-1.321749753209537248e+00 -1.343852651364573880e+00 2.644046262913765100e-01 -3.942524476122108990e-01 -4.857134306288557468e-01 8.773685380394692368e-01
-1.319167782031849923e+00 -1.344305423628615159e+00 2.648228744538513313e-01 -3.841557162911624079e-01 -4.732002833652377838e-01 8.729192113546917486e-01
-1.316573921200825836e+00 -1.344757608955749584e+00 2.652580878110040175e-01 -3.740773492727982319e-01 -4.608182990711329197e-01 8.684540495746891908e-01
-1.313968210409591331e+00 -1.345209159927793552e+00 2.657100496546414004e-01 -3.640185549348755600e-01 -4.485677457665460111e-01 8.639730757802194239e-01
-1.311350689682027948e+00 -1.345660029245925760e+00 2.661785403904453062e-01 -3.539805307213506058e-01 -4.364488537333488516e-01 8.594763135188919767e-01
-1.308721399372617000e+00 -1.346110169749823671e+00 2.666633379097410605e-01 -3.439644628300619900e-01 -4.244618159671444957e-01 8.549637868041035649e-01
-1.306080380166121602e+00 -1.346559534436018835e+00 2.671642179476433343e-01 -3.339715259013436022e-01 -4.126067886301378884e-01 8.504355201138146247e-01
-1.303427673077103943e+00 -1.347008076475480154e+00 2.676809544278290764e-01 -3.240028827075780438e-01 -4.008838915049950380e-01 8.458915383891730810e-01
-1.300763319449286248e+00 -1.347455749230429545e+00 2.682133197941899971e-01 -3.140596838438898253e-01 -3.892932084498794687e-01 8.413318670329916760e-01
-1.298087360954750524e+00 -1.347902506270397094e+00 2.687610853296197311e-01 -3.041430674196996531e-01 -3.778347878543124594e-01 8.367565319080844111e-01
-1.295399839592986435e+00 -1.348348301387521930e+00 2.693240214621924200e-01 -2.942541587513389789e-01 -3.665086430960609043e-01 8.321655593354680969e-01
-1.292700797689786629e+00 -1.348793088611109692e+00 2.699018980589917849e-01 -2.843940700557947565e-01 -3.553147529990967612e-01 8.275589760924350058e-01
-1.289990277895993742e+00 -1.349236822221451693e+00 2.704944847078503134e-01 -2.745639001456372519e-01 -3.442530622926525119e-01 8.229368094105010689e-01
-1.287268323186103292e+00 -1.349679456762918228e+00 2.711015509872595208e-01 -2.647647341252026276e-01 -3.333234820714237046e-01 8.182990869732359451e-01
-1.284534976856726018e+00 -1.350120947056333343e+00 2.717228667247129081e-01 -2.549976430880960265e-01 -3.225258902569527741e-01 8.136458369139796254e-01
-1.281790282524913671e+00 -1.350561248210641940e+00 2.723582022437435191e-01 -2.452636838161073030e-01 -3.118601320602589766e-01 8.089770878134505683e-01
-1.279034284126350229e+00 -1.351000315633881010e+00 2.730073285999178867e-01 -2.355638984796220026e-01 -3.013260204457677283e-01 8.042928686972504737e-01
-1.276267025913419895e+00 -1.351438105043464066e+00 2.736700178060485489e-01 -2.258993143396059722e-01 -2.909233365965815388e-01 7.995932090332703579e-01
-1.273488552453145406e+00 -1.351874572475791680e+00 2.743460430468860345e-01 -2.162709434512630757e-01 -2.806518303811573745e-01 7.948781387290024814e-01
-1.270698908625013335e+00 -1.352309674295198993e+00 2.750351788835511124e-01 -2.066797823694630498e-01 -2.705112208214495162e-01 7.901476881287632370e-01
-1.267898139618680586e+00 -1.352743367202253966e+00 2.757372014479672617e-01 -1.971268118560434157e-01 -2.605011965625783077e-01 7.854018880108301071e-01
-1.265086290931574986e+00 -1.353175608241416361e+00 2.764518886275513232e-01 -1.876129965890802609e-01 -2.506214163440736442e-01 7.806407695844986838e-01
-1.262263408366389950e+00 -1.353606354808071455e+00 2.771790202404200154e-01 -1.781392848742413548e-01 -2.408715094727611472e-01 7.758643644870627520e-01
-1.259429538028480788e+00 -1.354035564654952228e+00 2.779183782013676107e-01 -1.687066083583284026e-01 -2.312510762973407630e-01 7.710727047807216517e-01
-1.256584726323165313e+00 -1.354463195897962047e+00 2.786697466788686239e-01 -1.593158817451236775e-01 -2.217596886847199578e-01 7.662658229494196949e-01
-1.253729019952938728e+00 -1.354889207021411135e+00 2.794329122433573676e-01 -1.499680025136507222e-01 -2.123968904981485828e-01 7.614437518956206352e-01
-1.250862465914600374e+00 -1.355313556882680848e+00 2.802076640070340074e-01 -1.406638506389668031e-01 -2.031621980772113645e-01 7.566065249370214074e-01
-1.247985111496305199e+00 -1.355736204716329940e+00 2.809937937554447540e-01 -1.314042883156092412e-01 -1.940551007197282019e-01 7.517541758032088017e-01
-1.245097004268857388e+00 -1.356157110135327581e+00 2.817910960703479684e-01 -1.221901608202153877e-01 -1.850750622274697221e-01 7.468867386322306512e-01
-1.242198191935186768e+00 -1.356576233070591053e+00 2.825993684337707590e-01 -1.130223082756331987e-01 -1.762215324970903829e-01 7.420042479673183422e-01
-1.239288722329070946e+00 -1.356993533773774852e+00 2.834184113246183689e-01 -1.039015655244375225e-01 -1.674939476631038815e-01 7.371067387536094362e-01
-1.236368643413763291e+00 -1.357408972819566184e+00 2.842480283079896197e-01 -9.482876290098474215e-02 -1.588917310563853214e-01 7.321942463348707353e-01
-1.233438003280530770e+00 -1.357822511107503738e+00 2.850880261175194885e-01 -8.580472607246836247e-02 -1.504142932855967452e-01 7.272668064502227914e-01
-1.230496850147112076e+00 -1.358234109863334371e+00 2.859382147309790789e-01 -7.683027587307345030e-02 -1.420610323142481590e-01 7.223244552308660804e-01
-1.227545232356096250e+00 -1.358643730639923719e+00 2.867984074393604699e-01 -6.790622812733104752e-02 -1.338313335303089602e-01 7.173672291968092862e-01
-1.224583198373230486e+00 -1.359051335317735809e+00 2.876684209096694866e-01 -5.903339348906766482e-02 -1.257245698319402472e-01 7.123951652535998047e-01
-1.221610796785663089e+00 -1.359456886104897011e+00 2.885480752416471062e-01 -5.021257726621430884e-02 -1.177401017028256724e-01 7.074083006890576897e-01
-1.218628076300125151e+00 -1.359860345536860970e+00 2.894371940186367675e-01 -4.144457924641042901e-02 -1.098772772905891593e-01 7.024066731700128186e-01
-1.215635085741056276e+00 -1.360261676475686299e+00 2.903356043528104169e-01 -3.273019352345518662e-02 -1.021354324882803866e-01 6.973903207390461656e-01
-1.212631874048681890e+00 -1.360660842108945667e+00 2.912431369249642854e-01 -2.407020832466466587e-02 -9.451389101891294331e-02 6.923592818112351832e-01
-1.209618490277043934e+00 -1.361057805948279853e+00 2.921596260190899019e-01 -1.546540583918853962e-02 -8.701196452303161522e-02 6.873135951709045122e-01
-1.206594983591992021e+00 -1.361452531827609613e+00 2.930849095519241221e-01 -6.916562047337482255e-03 -7.962895264928882000e-02 6.822532999683810218e-01
-1.203561403269138852e+00 -1.361844983901022488e+00 2.940188290976766261e-01 1.575553449030264730e-03 -7.236414314800132530e-02 6.771784357167559554e-01
-1.200517798691784765e+00 -1.362235126640347405e+00 2.949612299081309508e-01 1.001017759500744120e-02 -6.521681196766770938e-02 6.720890422886517390e-01
-1.197464219348816306e+00 -1.362622924832431526e+00 2.959119609283109020e-01 1.838655404998279508e-02 -5.818622335440881699e-02 6.669851599129966724e-01
-1.194400714832580590e+00 -1.363008343576133319e+00 2.968708748079002535e-01 2.670393335378373756e-02 -5.127162995430767367e-02 6.618668291718055041e-01
-1.191327334836744356e+00 -1.363391348279044957e+00 2.978378279086005831e-01 3.496157308382619178e-02 -4.447227292464850379e-02 6.567340909969685558e-01
-1.188244129154138129e+00 -1.363771904653958034e+00 2.988126803076072147e-01 4.315873801868996829e-02 -3.778738204172649162e-02 6.515869866670476185e-01
-1.185151147674587957e+00 -1.364149978715085476e+00 2.997952957973811228e-01 5.129470030036475947e-02 -3.121617581145486042e-02 6.464255578040810635e-01
-1.182048440382743815e+00 -1.364525536774053194e+00 3.007855418818892734e-01 5.936873959513366827e-02 -2.475786158273596271e-02 6.412498463703971696e-01
-1.178936057355903788e+00 -1.364898545435673682e+00 3.017832897694832095e-01 6.738014325305163865e-02 -1.841163566355907832e-02 6.360598946654363317e-01
-1.175814048761838482e+00 -1.365268971593512237e+00 3.027884143625812485e-01 7.532820646598548109e-02 -1.217668343978628442e-02 6.308557453225833722e-01
-1.172682464856619422e+00 -1.365636782425262652e+00 3.038007942443164411e-01 8.321223242417774557e-02 -6.052179496593090846e-03 6.256374413060090678e-01
-1.169541355982454789e+00 -1.366001945387939287e+00 3.048203116623083297e-01 9.103153246846251712e-02 -3.728774457067984827e-05 6.204050259075224449e-01
-1.166390772565535139e+00 -1.366364428212898607e+00 3.058468525097131074e-01 9.878542624377795178e-02 5.868838453736646699e-03 6.151585427434331788e-01
-1.163230765113890897e+00 -1.366724198900703735e+00 3.068803063037025547e-01 1.064732418511167289e-01 1.166705615476670843e-02 6.098980357514256490e-01
-1.160061384215266278e+00 -1.367081225715840231e+00 3.079205661615194156e-01 1.140943159978895505e-01 1.735823270239089666e-02 6.046235491874435430e-01
-1.156882680535011643e+00 -1.367435477181295100e+00 3.089675287742521537e-01 1.216479941466721559e-01 2.294324559392046936e-02 5.993351276225866719e-01
-1.153694704813994942e+00 -1.367786922073008560e+00 3.100210943784689754e-01 1.291336306623191987e-01 2.842298234371742893e-02 5.940328159400197761e-01
-1.150497507866536928e+00 -1.368135529414210794e+00 3.110811667258472912e-01 1.365505889574196718e-01 3.379834034444773039e-02 5.887166593318933216e-01
-1.147291140578372337e+00 -1.368481268469650347e+00 3.121476530509313951e-01 1.438982416360701233e-01 3.907022672602300517e-02 5.833867032962771759e-01
-1.144075653904635059e+00 -1.368824108739727041e+00 3.132204640371469839e-01 1.511759706359521171e-01 4.423955821227254503e-02 5.780429936341076047e-01
-1.140851098867876168e+00 -1.369164019954535405e+00 3.142995137811986361e-01 1.583831673686921793e-01 4.930726097539173125e-02 5.726855764461468157e-01
-1.137617526556109704e+00 -1.369500972067830835e+00 3.153847197559718762e-01 1.655192328565990856e-01 5.427427048699051682e-02 5.673144981299566014e-01
-1.134374988120892214e+00 -1.369834935250922703e+00 3.164760027720584512e-01 1.725835778695496980e-01 5.914153136828392832e-02 5.619298053768855272e-01
-1.131123534775436035e+00 -1.370165879886509508e+00 3.175732869380206158e-01 1.795756230601222025e-01 6.390999723819312806e-02 5.565315451690706627e-01
-1.127863217792758777e+00 -1.370493776562454524e+00 3.186764996195056709e-01 1.864947990969494374e-01 6.858063055939123132e-02 5.511197647764527474e-01
-1.124594088503868550e+00 -1.370818596065520589e+00 3.197855713973197234e-01 1.933405467962892033e-01 7.315440248234317266e-02 5.456945117538071210e-01
-1.121316198295987832e+00 -1.371140309375061150e+00 3.209004360245660825e-01 2.001123172517924598e-01 7.763229268737337208e-02 5.402558339377885321e-01
-1.118029598610816411e+00 -1.371458887656681780e+00 3.220210303829501020e-01 2.068095719622200512e-01 8.201528922466305715e-02 5.348037794439917114e-01
-1.114734340942835633e+00 -1.371774302255876377e+00 3.231472944383499968e-01 2.134317829575846925e-01 8.630438835251474927e-02 5.293383966640267113e-01
-1.111430476837651948e+00 -1.372086524691643161e+00 3.242791711957487277e-01 2.199784329234628633e-01 9.050059437377067084e-02 5.238597342626100106e-01
-1.108118057890384200e+00 -1.372395526650089348e+00 3.254166066536205437e-01 2.264490153234668401e-01 9.460491947042237726e-02 5.183678411746716064e-01
-1.104797135744093328e+00 -1.372701279978028266e+00 3.265595497578612783e-01 2.328430345198750917e-01 9.861838353645691058e-02 5.128627666024770937e-01
-1.101467762088255808e+00 -1.373003756676576037e+00 3.277079523553497187e-01 2.391600058924066019e-01 1.025420140089683407e-01 5.073445600127669541e-01
-1.098129988657280620e+00 -1.373302928894750252e+00 3.288617691472236482e-01 2.453994559551302412e-01 1.063768456975755505e-01 5.018132711339109431e-01
-1.094783867229072172e+00 -1.373598768923081082e+00 3.300209576419514401e-01 2.515609224715009695e-01 1.101239206121813474e-01 4.962689499530796855e-01
-1.091429449623637193e+00 -1.373891249187231933e+00 3.311854781082780863e-01 2.576439545675168752e-01 1.137842877891075410e-01 4.907116467134324811e-01
-1.088066787701738036e+00 -1.374180342241641428e+00 3.323552935281205434e-01 2.636481128429846166e-01 1.173590031156361846e-01 4.851414119113217072e-01
-1.084695933363591713e+00 -1.374466020763186469e+00 3.335303695494852283e-01 2.695729694808872701e-01 1.208491291529965039e-01 4.795582962935142635e-01
-1.081316938547614903e+00 -1.374748257544870178e+00 3.347106744394776623e-01 2.754181083548450371e-01 1.242557349578232717e-01 4.739623508544296149e-01
-1.077929855229216027e+00 -1.375027025489541144e+00 3.358961790374720424e-01 2.811831251346457172e-01 1.275798959021123835e-01 4.683536268333950980e-01
-1.074534735419633957e+00 -1.375302297603644641e+00 3.370868567085054668e-01 2.868676273897965423e-01 1.308226934916874029e-01 4.627321757119183809e-01
-1.071131631164821352e+00 -1.375574046991009380e+00 3.382826832969592079e-01 2.924712346911992888e-01 1.339852151832592320e-01 4.570980492109768534e-01
-1.067720594544378621e+00 -1.375842246846674000e+00 3.394836370805872083e-01 2.979935787108729528e-01 1.370685542000753543e-01 4.514512992883248921e-01
-1.064301677670530299e+00 -1.376106870450753750e+00 3.406896987249493636e-01 3.034343033188282579e-01 1.400738093457567501e-01 4.457919781358180566e-01
-1.060874932687152494e+00 -1.376367891162350032e+00 3.419008512383045484e-01 3.087930646788410449e-01 1.430020848172262049e-01 4.401201381767548826e-01
-1.057440411768842514e+00 -1.376625282413507678e+00 3.431170799270167326e-01 3.140695313363548458e-01 1.458544900135358979e-01 4.344358320632362713e-01
-1.053998167120039575e+00 -1.376879017703216634e+00 3.443383723515247574e-01 3.192633843102410385e-01 1.486321393463083673e-01 4.287391126735425884e-01
-1.050548250974188580e+00 -1.377129070591463833e+00 3.455647182829241215e-01 3.243743171825412830e-01 1.513361520488953893e-01 4.230300331095281363e-01
-1.047090715592951193e+00 -1.377375414693334132e+00 3.467961096602074633e-01 3.294020361861809132e-01 1.539676519842787528e-01 4.173086466940336137e-01
-1.043625613265464214e+00 -1.377618023673163661e+00 3.480325405482079804e-01 3.343462602906424053e-01 1.565277674517346895e-01 4.115750069683162260e-01
-1.040152996307641686e+00 -1.377856871238742897e+00 3.492740070962878640e-01 3.392067212855727210e-01 1.590176309922828324e-01 4.058291676894975608e-01
-1.036672917061524757e+00 -1.378091931135573933e+00 3.505205074978122171e-01 3.439831638623167542e-01 1.614383791929459022e-01 4.000711828280293925e-01
-1.033185427894675712e+00 -1.378323177141180134e+00 3.517720419504465901e-01 3.486753456933437967e-01 1.637911524898325588e-01 3.943011065651771396e-01
-1.029690581199617094e+00 -1.378550583059467316e+00 3.530286126173148298e-01 3.532830375095608044e-01 1.660770949700705046e-01 3.885189932905213084e-01
-1.026188429393315893e+00 -1.378774122715139994e+00 3.542902235890513229e-01 3.578060231754875975e-01 1.682973541726076050e-01 3.827248975994769209e-01
-1.022679024916713697e+00 -1.378993769948169135e+00 3.555568808467809983e-01 3.622440997607119240e-01 1.704530808872748437e-01 3.769188742908307077e-01
-1.019162420234298150e+00 -1.379209498608312323e+00 3.568285922260575060e-01 3.665970776044082946e-01 1.725454289509258388e-01 3.711009783642963966e-01
-1.015638667833721032e+00 -1.379421282549685879e+00 3.581053673817889971e-01 3.708647803839135726e-01 1.745755550451537630e-01 3.652712650180877096e-01
-1.012107820225459420e+00 -1.379629095625387381e+00 3.593872177541794222e-01 3.750470451810854478e-01 1.765446184929571061e-01 3.594297896465095121e-01
-1.008569929942519705e+00 -1.379832911682168817e+00 3.606741565357107215e-01 3.791437225464147076e-01 1.784537810543755931e-01 3.535766078375666144e-01
-1.005025049540184234e+00 -1.380032704555158363e+00 3.619661986391908837e-01 3.831546765608679905e-01 1.803042067211144683e-01 3.477117753705908365e-01
-1.001473231595802371e+00 -1.380228448062628788e+00 3.632633606668899673e-01 3.870797848954348197e-01 1.820970615101762391e-01 3.418353482138858923e-01
-9.979145287086229610e-01 -1.380420116000812936e+00 3.645656608807855137e-01 3.909189388405214238e-01 1.838335132466157873e-01 3.359473825223900922e-01
-9.943489934996690982e-01 -1.380607682138763170e+00 3.658731191739374999e-01 3.946720433607255885e-01 1.855147313559464273e-01 3.300479346353569765e-01
-9.907766786116550817e-01 -1.380791120213253453e+00 3.671857570430043238e-01 3.983390170721121670e-01 1.871418866298752981e-01 3.241370610740541558e-01
-9.871976367089452253e-01 -1.380970403923722500e+00 3.685035975619234683e-01 4.019197922919515165e-01 1.887161510187560509e-01 3.182148185394795825e-01
-9.836119204775539693e-01 -1.381145506927254241e+00 3.698266653567721107e-01 4.054143150860978206e-01 1.902386974231693451e-01 3.122812639100961962e-01
-9.800195826251870690e-01 -1.381316402833596690e+00 3.711549865818219440e-01 4.088225453138476517e-01 1.917106994846085044e-01 3.063364542395838885e-01
-9.764206758813245290e-01 -1.381483065200214133e+00 3.724885888968008651e-01 4.121444566705323442e-01 1.931333313753835768e-01 3.003804467546098422e-01
-9.728152529973438378e-01 -1.381645467527369942e+00 3.738275014453731893e-01 4.153800367276727634e-01 1.945077675877175949e-01 2.944132988526162453e-01
-9.692033667466822822e-01 -1.381803583253239820e+00 3.751717548348234010e-01 4.185292869000947213e-01 1.958351827006481471e-01 2.884350680996259908e-01
-9.655850697749434053e-01 -1.381957385669790206e+00 3.765213811032021574e-01 4.215922074950877452e-01 1.971167466944128144e-01 2.824458122286493400e-01
-9.619604145974274267e-01 -1.382106847915653969e+00 3.778764136872307389e-01 4.245687971185352350e-01 1.983536249462827250e-01 2.764455891380940833e-01
-9.583294535995598995e-01 -1.382251942970531111e+00 3.792368873914171434e-01 4.274590526524395528e-01 1.995469784077266162e-01 2.704344568901656531e-01
-9.546922390373838718e-01 -1.382392643649656083e+00 3.806028383583950903e-01 4.302629693019233148e-01 2.006979638009935840e-01 2.644124737092545807e-01
-9.510488230381172192e-01 -1.382528922598336596e+00 3.819743040404911527e-01 4.329805406498146159e-01 2.018077338157007183e-01 2.583796979803108518e-01
-9.473992576007733701e-01 -1.382660752286553940e+00 3.833513231725255710e-01 4.356117587188432783e-01 2.028774373052026903e-01 2.523361882472033302e-01
-9.437435945968458695e-01 -1.382788105003627699e+00 3.847339357458507414e-01 4.381566140414308030e-01 2.039082194824959338e-01 2.462820032110626944e-01
-9.400818857710555587e-01 -1.382910952852940412e+00 3.861221829836297137e-01 4.406150957286445458e-01 2.049012221133090783e-01 2.402172017286067496e-01
-9.364141827421617048e-01 -1.383029267746717306e+00 3.875161073173573612e-01 4.429871915551983896e-01 2.058575837106020323e-01 2.341418428104463934e-01
-9.327405370038348575e-01 -1.383143021400861539e+00 3.889157523646248338e-01 4.452728880520373522e-01 2.067784397278966679e-01 2.280559856193712098e-01
-9.290609999255924345e-01 -1.383252185329838957e+00 3.903211629081272949e-01 4.474721706064994642e-01 2.076649227512041840e-01 2.219596894686130806e-01
-9.253756227537967005e-01 -1.383356730841611482e+00 3.917323848759146632e-01 4.495850235699867525e-01 2.085181626893013451e-01 2.158530138200865089e-01
-9.216844566127142535e-01 -1.383456629032614682e+00 3.931494653228829184e-01 4.516114303731515456e-01 2.093392869621291119e-01 2.097360182826044084e-01
-9.179875525056380159e-01 -1.383551850782776427e+00 3.945724524135039157e-01 4.535513736485303760e-01 2.101294206870663039e-01 2.036087626100678283e-01
-9.142849613160703992e-01 -1.383642366750573505e+00 3.960013954057902130e-01 4.554048353605870680e-01 2.108896868628478138e-01 1.974713066996284516e-01
-9.105767338089685303e-01 -1.383728147368122885e+00 3.974363446364905794e-01 4.571717969513433566e-01 2.116212065525333585e-01 1.913237105898225321e-01
-9.068629206320507619e-01 -1.383809162836304285e+00 3.988773515075115239e-01 4.588522394850320651e-01 2.123250990617817635e-01 1.851660344586750495e-01
-9.031435723171650221e-01 -1.383885383119910717e+00 4.003244684735587366e-01 4.604461437999747275e-01 2.130024821140601432e-01 1.789983386217726680e-01
-8.994187392817193372e-01 -1.383956777942821459e+00 4.017777490310217581e-01 4.619534907840829874e-01 2.136544720436277522e-01 1.728206835303043587e-01
-8.956884719765327851e-01 -1.384023316865028219e+00 4.032372477216470963e-01 4.633742741223336736e-01 2.142821861900214842e-01 1.666331297687902169e-01
-8.919528208923024337e-01 -1.384084969281474065e+00 4.047030201382744163e-01 4.647085014822001092e-01 2.148867429108616278e-01 1.604357380528038945e-01
-8.882118365607433175e-01 -1.384141704417983787e+00 4.061751229318742440e-01 4.659561954883897350e-01 2.154692615225917152e-01 1.542285692267001962e-01
-8.844655695557689379e-01 -1.384193491327148084e+00 4.076536138197728310e-01 4.671173937794406150e-01 2.160308620682465097e-01 1.480116842613481420e-01
-8.807140704947136189e-01 -1.384240298884161113e+00 4.091385515950533014e-01 4.681921490613727421e-01 2.165726650837158651e-01 1.417851442518695548e-01
-8.769573900395970512e-01 -1.384282095782603639e+00 4.106299961371208118e-01 4.691805291582800130e-01 2.170957913625257696e-01 1.355490104153833919e-01
-8.731955788984321343e-01 -1.384318850530171785e+00 4.121280084234189567e-01 4.700826170598153553e-01 2.176013617191707716e-01 1.293033440887557672e-01
-8.694286878265768959e-01 -1.384350531444343169e+00 4.136326505422912581e-01 4.708985110349508396e-01 2.180904967600638678e-01 1.230482067263561352e-01
-8.656567676281314849e-01 -1.384377106647979971e+00 4.151439857069665895e-01 4.716283246724759515e-01 2.185643166422401862e-01 1.167836598978193169e-01
-8.618798691573809068e-01 -1.384398544064864067e+00 4.166620782706542125e-01 4.722721869181873977e-01 2.190239408307363966e-01 1.105097652858140767e-01
-8.580980433202848312e-01 -1.384414811415157764e+00 4.181869937427325490e-01 4.728302421087247076e-01 2.194704878546924753e-01 1.042265846838179022e-01
-8.543113410760159177e-01 -1.384425876210791273e+00 4.197187988060159802e-01 4.733026500019961169e-01 2.199050750622109085e-01 9.793417999389851525e-02
-8.505198134385465458e-01 -1.384431705750768016e+00 4.212575613350830750e-01 4.736895858034655404e-01 2.203288183739546824e-01 9.163261322450205748e-02
-8.467235114782868388e-01 -1.384432267116388449e+00 4.228033504156483713e-01 4.739912402044947903e-01 2.207428320370472541e-01 8.532194648824815986e-02
-8.429224863237738674e-01 -1.384427527166384397e+00 4.243562363649596714e-01 4.742078194113528156e-01 2.211482283769012902e-01 7.900224199973208961e-02
-8.391167891634140341e-01 -1.384417452531965020e+00 4.259162907532018649e-01 4.743395451612681946e-01 2.215461175469628508e-01 7.267356207333415530e-02
-8.353064712472796360e-01 -1.384402009611765960e+00 4.274835864258870188e-01 4.743866547348494223e-01 2.219376072774572606e-01 6.633596912103659204e-02
-8.314915838889618271e-01 -1.384381164566702349e+00 4.290581975272109716e-01 4.743494009648094867e-01 2.223238026231881825e-01 5.998952565024796846e-02
-8.276721784674802018e-01 -1.384354883314719675e+00 4.306401995243542835e-01 4.742280522409711985e-01 2.227058057104418509e-01 5.363429426163536518e-02
-8.238483064292515534e-01 -1.384323131525439843e+00 4.322296692327057266e-01 4.740228925115248515e-01 2.230847154830515322e-01 4.727033764696449147e-02
-8.200200192901192509e-01 -1.384285874614700651e+00 4.338266848419852773e-01 4.737342212804791508e-01 2.234616274476719511e-01 4.089771858694794815e-02
-8.161873686374445658e-01 -1.384243077738982475e+00 4.354313259432430194e-01 4.733623536012827593e-01 2.238376334183254102e-01 3.451649994910179625e-02
-8.123504061322617265e-01 -1.384194705789722146e+00 4.370436735567085340e-01 4.729076200665813801e-01 2.242138212602706737e-01 2.812674468561056351e-02
-8.085091835114991410e-01 -1.384140723387509597e+00 4.386638101604659612e-01 4.723703667991907551e-01 2.245912746333980081e-01 2.172851583120099725e-02
-8.046637525902674559e-01 -1.384081094876164597e+00 4.402918197199277017e-01 4.717509554339160971e-01 2.249710727347888906e-01 1.532187650102460885e-02
-8.008141652642178920e-01 -1.384015784316691144e+00 4.419277877180793346e-01 4.710497630954022519e-01 2.253542900407792260e-01 8.906889888549235357e-03
-7.969604735119709682e-01 -1.383944755481106403e+00 4.435718011864673849e-01 4.702671823719701827e-01 2.257419960485838040e-01 2.483619263459876589e-03
-7.931027293976194992e-01 -1.383867971846143075e+00 4.452239487369007986e-01 4.694036212854384438e-01 2.261352550175499410e-01 -3.947872030431058554e-03
-7.892409850733066445e-01 -1.383785396586820537e+00 4.468843205938349827e-01 4.684595032568612538e-01 2.265351257100971516e-01 -1.038752057726390586e-02
-7.853752927818820062e-01 -1.383696992569885431e+00 4.485530086274078232e-01 4.674352670681800603e-01 2.269426611324099063e-01 -1.683526289120210184e-02
-7.815057048596368849e-01 -1.383602722347117009e+00 4.502301063870944309e-01 4.663313668197575090e-01 2.273589082749456480e-01 -2.329103541849255471e-02
-7.776322737391224704e-01 -1.383502548148497713e+00 4.519157091359474188e-01 4.651482718837804953e-01 2.277849078528277893e-01 -2.975477453951582557e-02
-7.737550519520522974e-01 -1.383396431875245858e+00 4.536099138853880164e-01 4.638864668534821156e-01 2.282216940461836430e-01 -3.622641657082596722e-02
-7.698740921322909658e-01 -1.383284335092707984e+00 4.553128194305119392e-01 4.625464514881891809e-01 2.286702942404996719e-01 -4.270589776717975683e-02
-7.659894470189329008e-01 -1.383166219023113763e+00 4.570245263858730977e-01 4.611287406541522138e-01 2.291317287670606717e-01 -4.919315432355523404e-02
-7.621011694594727048e-01 -1.383042044538185467e+00 4.587451372217070666e-01 4.596338642611419445e-01 2.296070106435399438e-01 -5.568812237715922708e-02
-7.582093124130696582e-01 -1.382911772151608432e+00 4.604747563005547328e-01 4.580623671948069742e-01 2.300971453148119572e-01 -6.219073800942372804e-02
-7.543139289539090298e-01 -1.382775362011356091e+00 4.622134899142454900e-01 4.564148092447624094e-01 2.306031303940554444e-01 -6.870093724799099244e-02
-7.504150722746637525e-01 -1.382632773891871780e+00 4.639614463211981232e-01 4.546917650284076906e-01 2.311259554042210951e-01 -7.521865606868707865e-02
-7.465127956900574624e-01 -1.382483967186106888e+00 4.657187357839959185e-01 4.528938239104398633e-01 2.316666015199304596e-01 -8.174383039748359114e-02
-7.426071526405334522e-01 -1.382328900897413115e+00 4.674854706071915889e-01 4.510215899187071109e-01 2.322260413098322651e-01 -8.827639611244757212e-02
-7.386981966960309842e-01 -1.382167533631293299e+00 4.692617651752961638e-01 4.490756816550924846e-01 2.328052384795706864e-01 -9.481628904567931948e-02
-7.347859815598729583e-01 -1.381999823587004572e+00 4.710477359909040485e-01 4.470567322020748691e-01 2.334051476154073157e-01 -1.013634449852377772e-01
-7.308705610727666002e-01 -1.381825728549022525e+00 4.728435017129058449e-01 4.449653890249449795e-01 2.340267139285701070e-01 -1.079177996770535330e-01
-7.269519892169216124e-01 -1.381645205878359484e+00 4.746491831947388662e-01 4.428023138696830507e-01 2.346708730004012367e-01 -1.144792888268290343e-01
-7.230303201202874508e-01 -1.381458212503743788e+00 4.764649035226229401e-01 4.405681826564828985e-01 2.353385505283833723e-01 -1.210478481019259811e-01
-7.191056080609132817e-01 -1.381264704912657848e+00 4.782907880537292655e-01 4.382636853689314549e-01 2.360306620731131844e-01 -1.276234131332396604e-01
-7.151779074714346152e-01 -1.381064639142239425e+00 4.801269644542265902e-01 4.358895259420267898e-01 2.367481128058925854e-01 -1.342059195170599573e-01
-7.112472729436877250e-01 -1.380857970770044352e+00 4.819735627371493081e-01 4.334464221425435859e-01 2.374917972577605951e-01 -1.407953028169188214e-01
-7.073137592334570733e-01 -1.380644654904678914e+00 4.838307153000289684e-01 4.309351054450483165e-01 2.382625990697055940e-01 -1.473914985654242449e-01
-7.033774212653579605e-01 -1.380424646176297232e+00 4.856985569622296883e-01 4.283563209036216346e-01 2.390613907441259123e-01 -1.539944422660803058e-01
-6.994383141378572866e-01 -1.380197898726971850e+00 4.875772250019266285e-01 4.257108270191667376e-01 2.398890333976355649e-01 -1.606040693950931963e-01
-6.954964931284366436e-01 -1.379964366200940429e+00 4.894668591926644718e-01 4.229993956023623269e-01 2.407463765152826340e-01 -1.672203154031630945e-01
-6.915520136989004030e-01 -1.379724001734727423e+00 4.913676018394313449e-01 4.202228116322788143e-01 2.416342577062575714e-01 -1.738431157172616037e-01
-6.876049315008322393e-01 -1.379476757947150967e+00 4.932795978141820692e-01 4.173818731106615498e-01 2.425535024611713553e-01 -1.804724057423945094e-01
-6.836553023812029783e-01 -1.379222586929215177e+00 4.952029945907426289e-01 4.144773909118926181e-01 2.435049239109803310e-01 -1.871081208633499637e-01
-6.797031823881345414e-01 -1.378961440233892777e+00 4.971379422790261904e-01 4.115101886286351984e-01 2.444893225876350051e-01 -1.937501964464315996e-01
-6.757486277768212091e-01 -1.378693268865804678e+00 4.990845936584888953e-01 4.084811024131835833e-01 2.455074861865327307e-01 -2.003985678411765448e-01
-6.717916950156134215e-01 -1.378418023270801429e+00 5.010431042107524879e-01 4.053909808145279570e-01 2.465601893308515535e-01 -2.070531703820581715e-01
-6.678324407922666683e-01 -1.378135653325450294e+00 5.030136321513177800e-01 4.022406846111479251e-01 2.476481933378447131e-01 -2.137139393901733297e-01
-6.638709220203585781e-01 -1.377846108326436836e+00 5.049963384602932370e-01 3.990310866398969480e-01 2.487722459870984615e-01 -2.203808101749140103e-01
-6.599071958458783138e-01 -1.377549336979886574e+00 5.069913869120580285e-01 3.957630716203148769e-01 2.499330812909721367e-01 -2.270537180356230200e-01
-6.559413196539907176e-01 -1.377245287390612916e+00 5.089989441037803264e-01 3.924375359755374326e-01 2.511314192670450751e-01 -2.337325982632338095e-01
-6.519733510759793127e-01 -1.376933907051298700e+00 5.110191794827073641e-01 3.890553876481963602e-01 2.523679657130042386e-01 -2.404173861418941738e-01
-6.480033479963712706e-01 -1.376615142831622229e+00 5.130522653721427684e-01 3.856175459121427007e-01 2.536434119838864021e-01 -2.471080169505734114e-01
-6.440313685602466753e-01 -1.376288940967332008e+00 5.150983769960248981e-01 3.821249411800331508e-01 2.549584347717495092e-01 -2.538044259646533574e-01
-6.400574711807371919e-01 -1.375955247049280405e+00 5.171576925020173743e-01 3.785785148067959405e-01 2.563136958878526883e-01 -2.605065484575024293e-01
-6.360817145467152489e-01 -1.375614006012427337e+00 5.192303929830218712e-01 3.749792188890266331e-01 2.577098420474186469e-01 -2.672143197020331318e-01
-6.321041576306785092e-01 -1.375265162124820417e+00 5.213166624970202445e-01 3.713280160603171787e-01 2.591475046570628216e-01 -2.739276749722423521e-01
-6.281248596968316278e-01 -1.374908658976565334e+00 5.234166880851532921e-01 3.676258792825706223e-01 2.606272996049576740e-01 -2.806465495447348912e-01
-6.241438803093687371e-01 -1.374544439468793566e+00 5.255306597879374486e-01 3.638737916333205646e-01 2.621498270538173969e-01 -2.873708787002293152e-01
-6.201612793409597701e-01 -1.374172445802641640e+00 5.276587706595230465e-01 3.600727460891088860e-01 2.637156712367705325e-01 -2.941005977250467640e-01
-6.161771169814429516e-01 -1.373792619468250820e+00 5.298012167798945571e-01 3.562237453049275082e-01 2.653254002562071001e-01 -3.008356419125819414e-01
-6.121914537467263440e-01 -1.373404901233803210e+00 5.319581972649090051e-01 3.523278013897919170e-01 2.669795658856664033e-01 -3.075759465647566748e-01
-6.082043504879018903e-01 -1.373009231134601826e+00 5.341299142740704164e-01 3.483859356784722028e-01 2.686787033748454512e-01 -3.143214469934552113e-01
-6.042158684005728420e-01 -1.372605548462213720e+00 5.363165730159337174e-01 3.443991784995412697e-01 2.704233312577644099e-01 -3.210720785219420281e-01
-6.002260690343986793e-01 -1.372193791753685277e+00 5.385183817510303950e-01 3.403685689395377079e-01 2.722139511642374110e-01 -3.278277764862612131e-01
-5.962350143028588567e-01 -1.371773898780846546e+00 5.407355517922065591e-01 3.362951546034156358e-01 2.740510476346877944e-01 -3.345884762366177489e-01
-5.922427664932373714e-01 -1.371345806539719270e+00 5.429682975022618319e-01 3.321799913713352481e-01 2.759350879383752897e-01 -3.413541131387403671e-01
-5.882493882768308202e-01 -1.370909451240041932e+00 5.452168362887767072e-01 3.280241431518291506e-01 2.778665218951137383e-01 -3.481246225752260837e-01
-5.842549427193809430e-01 -1.370464768294933355e+00 5.474813885960118087e-01 3.238286816313993288e-01 2.798457817005473025e-01 -3.548999399468658611e-01
-5.802594932917337633e-01 -1.370011692310703522e+00 5.497621778937642478e-01 3.195946860205827189e-01 2.818732817550628766e-01 -3.616800006739517848e-01
-5.762631038807265460e-01 -1.369550157076836916e+00 5.520594306630607351e-01 3.153232427965453333e-01 2.839494184964039825e-01 -3.684647401975653103e-01
-5.722658388003040164e-01 -1.369080095556159726e+00 5.543733763785687607e-01 3.110154454422582315e-01 2.860745702360589782e-01 -3.752540939808464149e-01
-5.682677628028637296e-01 -1.368601439875214876e+00 5.567042474876041647e-01 3.066723941823206179e-01 2.882490969994857544e-01 -3.820479975102439862e-01
-5.642689410908331427e-01 -1.368114121314859322e+00 5.590522793856099737e-01 3.022951957154527136e-01 2.904733403702564054e-01 -3.888463862967468931e-01
-5.602694393284768370e-01 -1.367618070301104938e+00 5.614177103879837150e-01 2.978849629437443358e-01 2.927476233381778314e-01 -3.956491958770956829e-01
-5.562693236539353325e-01 -1.367113216396226072e+00 5.638007816981261966e-01 2.934428146987171360e-01 2.950722501514535523e-01 -4.024563618149751276e-01
-5.522686606914950502e-01 -1.366599488290148434e+00 5.662017373715833024e-01 2.889698754642375800e-01 2.974475061729662251e-01 -4.092678197021873410e-01
-5.482675175640885357e-01 -1.366076813792147737e+00 5.686208242761533471e-01 2.844672750963597174e-01 2.998736577407359327e-01 -4.160835051598051337e-01
-5.442659619060246090e-01 -1.365545119822874964e+00 5.710582920478279867e-01 2.799361485401536953e-01 3.023509520326208566e-01 -4.229033538393059399e-01
-5.402640618759471103e-01 -1.365004332406733578e+00 5.735143930424366765e-01 2.753776355435926249e-01 3.048796169353238383e-01 -4.297273014236860922e-01
-5.362618861700205741e-01 -1.364454376664631541e+00 5.759893822828611176e-01 2.707928803685544228e-01 3.074598609177678910e-01 -4.365552836285550020e-01
-5.322595040353410578e-01 -1.363895176807132126e+00 5.784835174016866866e-01 2.661830314990025759e-01 3.100918729089041648e-01 -4.433872362032098002e-01
-5.282569852835696800e-01 -1.363326656128027059e+00 5.809970585791561781e-01 2.615492413464273191e-01 3.127758221800087668e-01 -4.502230949316898267e-01
-5.242544003047857615e-01 -1.362748736998359078e+00 5.835302684762907477e-01 2.568926659526444833e-01 3.155118582315106224e-01 -4.570627956338113584e-01
-5.202518200815566818e-01 -1.362161340860918557e+00 5.860834121630420501e-01 2.522144646898833997e-01 3.183001106844796091e-01 -4.639062741661821310e-01
-5.162493162032206762e-01 -1.361564388225240840e+00 5.886567570413389072e-01 2.475157999583690316e-01 3.211406891767674132e-01 -4.707534664231957655e-01
-5.122469608803781327e-01 -1.360957798663130713e+00 5.912505727628920571e-01 2.427978368813970000e-01 3.240336832638948117e-01 -4.776043083380059340e-01
-5.082448269595856161e-01 -1.360341490804743536e+00 5.938651311416190959e-01 2.380617429980058652e-01 3.269791623247297885e-01 -4.844587358834805402e-01
-5.042429879382492874e-01 -1.359715382335248579e+00 5.965007060605522771e-01 2.333086879533312619e-01 3.299771754720013384e-01 -4.913166850731353619e-01
-5.002415179797090605e-01 -1.359079389992105869e+00 5.991575733730920561e-01 2.285398431867200486e-01 3.330277514677080219e-01 -4.981780919620476533e-01
-4.962404919285094973e-01 -1.358433429562984296e+00 6.018360107984687124e-01 2.237563816176781906e-01 3.361308986434670132e-01 -5.050428926477491531e-01
-4.922399853258476732e-01 -1.357777415884351635e+00 6.045362978112746033e-01 2.189594773297327546e-01 3.392866048258627032e-01 -5.119110232710987196e-01
-4.882400744251911284e-01 -1.357111262840767330e+00 6.072587155249312696e-01 2.141503052522846229e-01 3.424948372668401575e-01 -5.187824200171350375e-01
-4.842408362080576900e-01 -1.356434883364906918e+00 6.100035465689539471e-01 2.093300408405378565e-01 3.457555425791909443e-01 -5.256570191159078975e-01
-4.802423483999467280e-01 -1.355748189438353846e+00 6.127710749598798134e-01 2.044998597535885310e-01 3.490686466771792951e-01 -5.325347568432898804e-01
-4.762446894864107438e-01 -1.355051092093185749e+00 6.155615859657241895e-01 1.996609375290370192e-01 3.524340547233650867e-01 -5.394155695217675017e-01
-4.722479387292590758e-01 -1.354343501414391859e+00 6.183753659638326905e-01 1.948144492575973885e-01 3.558516510797367083e-01 -5.462993935212110408e-01
-4.682521761828777329e-01 -1.353625326543152374e+00 6.212127022919967656e-01 1.899615692561158475e-01 3.593212992641219294e-01 -5.531861652596248291e-01
-4.642574827106562552e-01 -1.352896475681013122e+00 6.240738830927035075e-01 1.851034707392738010e-01 3.628428419118021608e-01 -5.600758212038765560e-01
-4.602639400015047233e-01 -1.352156856094991033e+00 6.269591971503900574e-01 1.802413254896899630e-01 3.664161007425907890e-01 -5.669682978704059240e-01
-4.562716305864484845e-01 -1.351406374123643950e+00 6.298689337215779283e-01 1.753763035266910908e-01 3.700408765333143002e-01 -5.738635318259128759e-01
-4.522806378552830520e-01 -1.350644935184136974e+00 6.328033823577623451e-01 1.705095727738448197e-01 3.737169490957263918e-01 -5.807614596880253943e-01
-4.482910460732729696e-01 -1.349872443780345765e+00 6.357628327209354779e-01 1.656422987253456380e-01 3.774440772598945948e-01 -5.876620181259468723e-01
-4.443029403978768777e-01 -1.349088803512025425e+00 6.387475743916257720e-01 1.607756441113392665e-01 3.812219988630940470e-01 -5.945651438610825013e-01
-4.403164068954803501e-01 -1.348293917085087834e+00 6.417578966693380238e-01 1.559107685622835859e-01 3.850504307442408347e-01 -6.014707736676456751e-01
-4.363315325581142989e-01 -1.347487686323014966e+00 6.447940883652812927e-01 1.510488282724355980e-01 3.889290687438964333e-01 -6.083788443732436324e-01
-4.323484053201394062e-01 -1.346670012179452591e+00 6.478564375872771786e-01 1.461909756625672241e-01 3.928575877098663405e-01 -6.152892928594424493e-01
-4.283671140748739337e-01 -1.345840794752013458e+00 6.509452315167448821e-01 1.413383590419807767e-01 3.968356415084408617e-01 -6.222020560623122698e-01
-4.243877486911393770e-01 -1.344999933297331474e+00 6.540607561776621282e-01 1.364921222699342351e-01 4.008628630412900407e-01 -6.291170709729513311e-01
-4.204104000297008703e-01 -1.344147326247399077e+00 6.572032961974076937e-01 1.316534044165791340e-01 4.049388642680384898e-01 -6.360342746379901158e-01
-4.164351599595736975e-01 -1.343282871227227782e+00 6.603731345593951696e-01 1.268233394234985489e-01 4.090632362345449913e-01 -6.429536041600749652e-01
-4.124621213741699322e-01 -1.342406465073865629e+00 6.635705523474132450e-01 1.220030557639371072e-01 4.132355491069161779e-01 -6.498749966983311532e-01
-4.084913782072545629e-01 -1.341518003856808416e+00 6.667958284815935777e-01 1.171936761028138374e-01 4.174553522112804949e-01 -6.567983894688063096e-01
-4.045230254486802401e-01 -1.340617382899841781e+00 6.700492394459338641e-01 1.123963169566060127e-01 4.217221740793477558e-01 -6.637237197448928594e-01
-4.005571591598693360e-01 -1.339704496804348777e+00 6.733310590073087187e-01 1.076120883531983541e-01 4.260355224997791623e-01 -6.706509248577308124e-01
-3.965938764890082346e-01 -1.338779239474119587e+00 6.766415579259106305e-01 1.028420934917464447e-01 4.303948845754237418e-01 -6.775799421965903457e-01
-3.926332756859194362e-01 -1.337841504141697335e+00 6.799810036570674843e-01 9.808742840262030249e-02 4.347997267864718296e-01 -6.845107092092339585e-01
-3.886754561165732813e-01 -1.336891183396296423e+00 6.833496600443936808e-01 9.334918160747718296e-02 4.392494950595811076e-01 -6.914431634022588646e-01
-3.847205182772017729e-01 -1.335928169213327577e+00 6.867477870042378862e-01 8.862843377948870227e-02 4.437436148430666805e-01 -6.983772423414194019e-01
-3.807685638079736368e-01 -1.334952352985561808e+00 6.901756402014005420e-01 8.392625740373627075e-02 4.482814911882528897e-01 -7.053128836519295675e-01
-3.768196955061877684e-01 -1.333963625555967925e+00 6.936334707161037061e-01 7.924371643783434394e-02 4.528625088370556995e-01 -7.122500250187452364e-01
-3.728740173389428758e-01 -1.332961877252258009e+00 6.971215247022035655e-01 7.458186597287319586e-02 4.574860323158365105e-01 -7.191886041868271739e-01
-3.689316344552369120e-01 -1.331946997923167286e+00 7.006400430366481746e-01 6.994175189485374311e-02 4.621514060355043085e-01 -7.261285589613841740e-01
-3.649926531974483357e-01 -1.330918876976505461e+00 7.041892609601922981e-01 6.532441054686133342e-02 4.668579543977657842e-01 -7.330698272080959921e-01
-3.610571811121510155e-01 -1.329877403419004844e+00 7.077694077093937830e-01 6.073086839227914702e-02 4.716049819073613314e-01 -7.400123468533176263e-01
-3.571253269602119307e-01 -1.328822465897996574e+00 7.113807061399255449e-01 5.616214167931876666e-02 4.763917732901354896e-01 -7.469560558842629483e-01
-3.531972007261181545e-01 -1.327753952744941346e+00 7.150233723412520170e-01 5.161923610703222920e-02 4.812175936168645585e-01 -7.539008923491699043e-01
-3.492729136264793866e-01 -1.326671752020841533e+00 7.186976152427295705e-01 4.710314649292701716e-02 4.860816884328138521e-01 -7.608467943574455106e-01
-3.453525781176531861e-01 -1.325575751563562221e+00 7.224036362112054022e-01 4.261485644280060825e-02 4.909832838925081155e-01 -7.677937000797590006e-01
-3.414363079024267389e-01 -1.324465839037079595e+00 7.261416286402027076e-01 3.815533802172654809e-02 4.959215869007786992e-01 -7.747415477481488510e-01
-3.375242179356985339e-01 -1.323341901982681534e+00 7.299117775307950584e-01 3.372555142678690387e-02 5.008957852596318538e-01 -7.816902756561107113e-01
-3.336164244290977798e-01 -1.322203827872139525e+00 7.337142590642882212e-01 2.932644466159772811e-02 5.059050478209794477e-01 -7.886398221586662372e-01
-3.297130448544798309e-01 -1.321051504162871426e+00 7.375492401668434228e-01 2.495895321268792877e-02 5.109485246452609708e-01 -7.955901256724128290e-01
-3.258141979462290116e-01 -1.319884818355111289e+00 7.414168780661929414e-01 2.062399972783168778e-02 5.160253471659492774e-01 -8.025411246755544958e-01
-3.219200037023048910e-01 -1.318703658051100014e+00 7.453173198406157773e-01 1.632249369640415004e-02 5.211346283599640472e-01 -8.094927577079140679e-01
-3.180305833839598417e-01 -1.317507911016309485e+00 7.492507019603596996e-01 1.205533113186496585e-02 5.262754629239756454e-01 -8.164449633709259802e-01
-3.141460595140597167e-01 -1.316297465242708409e+00 7.532171498217142824e-01 7.823394256465165952e-03 5.314469274566047119e-01 -8.233976803276110701e-01
-3.102665558739328144e-01 -1.315072209014081395e+00 7.572167772739600844e-01 3.627551188271072036e-03 5.366480806465028230e-01 -8.303508473025322800e-01
-3.063921974986747454e-01 -1.313832030973399290e+00 7.612496861394367764e-01 -5.313443693850672389e-04 5.418779634663062339e-01 -8.373044030817318184e-01
-3.025231106708337059e-01 -1.312576820192249194e+00 7.653159657269980043e-01 -4.652453435937120574e-03 5.471355993724502653e-01 -8.442582865126501135e-01
-2.986594229123975541e-01 -1.311306466242319280e+00 7.694156923391380909e-01 -8.734952058996769964e-03 5.524199945108367871e-01 -8.512124365040258933e-01
-2.948012629750058622e-01 -1.310020859268934190e+00 7.735489287731021069e-01 -1.277803161703805479e-02 5.577301379283321481e-01 -8.581667920257783910e-01
-2.909487608283063409e-01 -1.308719890066636804e+00 7.777157238163117103e-01 -1.678089911925240152e-02 5.630650017900746818e-01 -8.651212921088708985e-01
-2.871020476463745918e-01 -1.307403450156802593e+00 7.819161117364639146e-01 -2.074277750247421892e-02 5.684235416025829046e-01 -8.720758758451560011e-01
-2.832612557921161400e-01 -1.306071431867272592e+00 7.861501117666858107e-01 -2.466290592507114354e-02 5.738046964426350982e-01 -8.790304823872029383e-01
-2.794265187995663702e-01 -1.304723728413990091e+00 7.904177275861538066e-01 -2.854054005630324298e-02 5.792073891902198568e-01 -8.859850509481070890e-01
-2.755979713540053222e-01 -1.303360233984614869e+00 7.947189467966117027e-01 -3.237495236387655240e-02 5.846305267688527429e-01 -8.929395208012804730e-01
-2.717757492698027466e-01 -1.301980843824093625e+00 7.990537403952510109e-01 -3.616543239814418165e-02 5.900730003915897193e-01 -8.998938312802251538e-01
-2.679599894659085990e-01 -1.300585454322153112e+00 8.034220622444447901e-01 -3.991128707285040988e-02 5.955336858127031618e-01 -9.068479217782884350e-01
-2.641508299389028203e-01 -1.299173963102684404e+00 8.078238485388562484e-01 -4.361184094230763364e-02 6.010114435849902570e-01 -9.138017317483998481e-01
-2.603484097335191372e-01 -1.297746269114977924e+00 8.122590172704730049e-01 -4.726643647490136324e-02 6.065051193226747017e-01 -9.207552007027904883e-01
-2.565528689105587290e-01 -1.296302272726766569e+00 8.167274676921498777e-01 -5.087443432282312550e-02 6.120135439698803914e-01 -9.277082682126946978e-01
-2.527643485121056077e-01 -1.294841875819029653e+00 8.212290797802758169e-01 -5.443521358791869602e-02 6.175355340746255806e-01 -9.346608739080335404e-01
-2.489829905239617780e-01 -1.293364981882502152e+00 8.257637136972135750e-01 -5.794817208354774429e-02 6.230698920683042097e-01 -9.416129574770806254e-01
-2.452089378352169113e-01 -1.291871496115833740e+00 8.303312092541943468e-01 -6.141272659234742193e-02 6.286154065506099897e-01 -9.485644586661104993e-01
-2.414423341948692681e-01 -1.290361325525332115e+00 8.349313853753865811e-01 -6.482831311979930788e-02 6.341708525798677165e-01 -9.555153172790287197e-01
-2.376833241654172646e-01 -1.288834379026222887e+00 8.395640395638939157e-01 -6.819438714348580177e-02 6.397349919687163045e-01 -9.624654731769844984e-01
-2.339320530733406400e-01 -1.287290567545350095e+00 8.442289473704741587e-01 -7.151042385793959788e-02 6.453065735851075679e-01 -9.694148662779655812e-01
-2.301886669563930621e-01 -1.285729804125237852e+00 8.489258618658105382e-01 -7.477591841497788216e-02 6.508843336585670158e-01 -9.763634365563752526e-01
-2.264533125076315656e-01 -1.284152004029426974e+00 8.536545131172059708e-01 -7.799038615941755737e-02 6.564669960916735825e-01 -9.833111240425917998e-01
-2.227261370161082166e-01 -1.282557084848993778e+00 8.584146076706122841e-01 -8.115336286006002986e-02 6.620532727766899050e-01 -9.902578688225098791e-01
-2.190072883041547236e-01 -1.280944966610151337e+00 8.632058280389474092e-01 -8.426440493585074520e-02 6.676418639173031799e-01 -9.972036110370640083e-01
-2.152969146611931617e-01 -1.279315571882830627e+00 8.680278321976970801e-01 -8.732308967710022962e-02 6.732314583554148690e-01 -1.004148290881734740e+00
-2.115951647740093033e-01 -1.277668825890128312e+00 8.728802530888418731e-01 -9.032901546167138029e-02 6.788207339029175280e-01 -1.011091848606035848e+00
-2.079021876534314917e-01 -1.276004656618502375e+00 8.777626981341966061e-01 -9.328180196602242624e-02 6.844083576784067979e-01 -1.018034224512985197e+00
-2.042181325573602102e-01 -1.274322994928592800e+00 8.826747487592936370e-01 -9.618109037100341929e-02 6.899929864487490683e-01 -1.024975358958555294e+00
-2.005431489101003883e-01 -1.272623774666535201e+00 8.876159599289917823e-01 -9.902654356230278232e-02 6.955732669754479680e-01 -1.031915192351108290e+00
-1.968773862179540313e-01 -1.270906932775624609e+00 8.925858596960397628e-01 -1.018178463254451049e-01 7.011478363657501767e-01 -1.038853665150810235e+00
-1.932209939810367594e-01 -1.269172409408191093e+00 8.975839487638750391e-01 -1.045547055352331611e-01 7.067153224283990731e-01 -1.045790717869029107e+00
-1.895741216012893915e-01 -1.267420148037526006e+00 9.026097000649890845e-01 -1.072368503395328965e-01 7.122743440339793786e-01 -1.052726291067713094e+00
-1.859369182866634773e-01 -1.265650095569704314e+00 9.076625583562435429e-01 -1.098640323372988004e-01 7.178235114797639760e-01 -1.059660325358750654e+00
-1.823095329514665686e-01 -1.263862202455132699e+00 9.127419398325760103e-01 -1.124360257507410754e-01 7.233614268589891871e-01 -1.066592761403312384e+00
-1.786921141128623436e-01 -1.262056422799648692e+00 9.178472317605893549e-01 -1.149526275915329077e-01 7.288866844344794593e-01 -1.073523539911173108e+00
-1.750848097835331352e-01 -1.260232714474987192e+00 9.229777921335760027e-01 -1.174136578209568071e-01 7.343978710165255386e-01 -1.080452601640015997e+00
-1.714877673605170738e-01 -1.258391039228427211e+00 9.281329493495854566e-01 -1.198189595038872124e-01 7.398935663449326405e-01 -1.087379887394716915e+00
-1.679011335102478242e-01 -1.256531362791415862e+00 9.333120019142042700e-01 -1.221683989565178763e-01 7.453723434751462484e-01 -1.094305338026609231e+00
-1.643250540498359946e-01 -1.254653654986969569e+00 9.385142181697782027e-01 -1.244618658875260575e-01 7.508327691679679283e-01 -1.101228894432729533e+00
-1.607596738246408474e-01 -1.252757889835636185e+00 9.437388360528676801e-01 -1.266992735329954822e-01 7.562734042835317361e-01 -1.108150497555043579e+00
-1.572051365821980351e-01 -1.250844045659796677e+00 9.489850628817936284e-01 -1.288805587847883238e-01 7.616928041790695936e-01 -1.115070088379652047e+00
-1.536615848425817443e-01 -1.248912105186080312e+00 9.542520751761943698e-01 -1.310056823122702774e-01 7.670895191103412891e-01 -1.121987607935975850e+00
-1.501291597652949505e-01 -1.246962055645657319e+00 9.595390185105813208e-01 -1.330746286772943598e-01 7.724620946366305141e-01 -1.128902997295921251e+00
-1.466080010127976951e-01 -1.244993888872162557e+00 9.648450074039499613e-01 -1.350874064423488452e-01 7.778090720291852556e-01 -1.135816197573024544e+00
-1.430982466108006168e-01 -1.243007601397001949e+00 9.701691252475734828e-01 -1.370440482717802944e-01 7.831289886829861935e-01 -1.142727149921574537e+00
-1.396000328054693984e-01 -1.241003194541784094e+00 9.755104242731753583e-01 -1.389446110258811817e-01 7.884203785314700674e-01 -1.149635795535715044e+00
-1.361134939177042202e-01 -1.238980674507608404e+00 9.808679255637532401e-01 -1.407891758479957733e-01 7.936817724645792715e-01 -1.156542075648524959e+00
-1.326387621946805151e-01 -1.236940052460939077e+00 9.862406191093990859e-01 -1.425778482444319817e-01 7.989116987497646427e-01 -1.163445931531076560e+00
-1.291759676588557504e-01 -1.234881344615785137e+00 9.916274639105380206e-01 -1.443107581570919340e-01 8.041086834557948926e-01 -1.170347304491470730e+00
-1.257252379546724974e-01 -1.232804572311900104e+00 9.970273881310872666e-01 -1.459880600287382091e-01 8.092712508792367920e-01 -1.177246135873851074e+00
-1.222866981932118069e-01 -1.230709762088707304e+00 1.002439289304114522e+00 -1.476099328605717798e-01 8.143979239728831310e-01 -1.184142367057392731e+00
-1.188604707950737804e-01 -1.228596945754652392e+00 1.007862034592658551e+00 -1.491765802625437676e-01 8.194872247771258778e-01 -1.191035939455270087e+00
-1.154466753317917593e-01 -1.226466160451677112e+00 1.013294461108459332e+00 -1.506882304960592833e-01 8.245376748535551137e-01 -1.197926794513598514e+00
-1.120454283661123096e-01 -1.224317448714504541e+00 1.018735376291427297e+00 -1.521451365090014107e-01 8.295477957206052189e-01 -1.204814873710352563e+00
-1.086568432915051563e-01 -1.222150858524418737e+00 1.024183558352773415e+00 -1.535475759629822967e-01 8.345161092910431400e-01 -1.211700118554259520e+00
-1.052810301712947538e-01 -1.219966443357215047e+00 1.029637756784806957e+00 -1.548958512527955911e-01 8.394411383112374558e-01 -1.218582470583668087e+00
-1.019180955778429265e-01 -1.217764262225002891e+00 1.035096692940503438e+00 -1.561902895179809736e-01 8.443214068019755381e-01 -1.225461871365389532e+00
-9.856814243224154559e-02 -1.215544379711522183e+00 1.040559060686037540e+00 -1.574312426458963632e-01 8.491554404991474847e-01 -1.232338262493514858e+00
-9.523126984501284475e-02 -1.213306866000651407e+00 1.046023527129570807e+00 -1.586190872653623352e-01 8.539417672914200175e-01 -1.239211585588203102e+00
-9.190757295835516594e-02 -1.211051796897763877e+00 1.051488733429684519e+00 -1.597542247343659572e-01 8.586789176644500365e-01 -1.246081782294444329e+00
-8.859714279050767693e-02 -1.208779253843604629e+00 1.056953295686949623e+00 -1.608370811194959060e-01 8.633654251454419004e-01 -1.252948794280793088e+00
-8.530006608285400915e-02 -1.206489323920346690e+00 1.062415805922226175e+00 -1.618681071673779837e-01 8.679998267487536445e-01 -1.259812563238073890e+00
-8.201642515042895099e-02 -1.204182099849494980e+00 1.067874833145393998e+00 -1.628477782679007557e-01 8.725806634218913338e-01 -1.266673030878058492e+00
-7.874629773653873954e-02 -1.201857679981304772e+00 1.073328924518324845e+00 -1.637765944091889025e-01 8.771064804916766100e-01 -1.273530138932112310e+00
-7.548975687225567555e-02 -1.199516168275387873e+00 1.078776606616017153e+00 -1.646550801242903095e-01 8.815758281103662775e-01 -1.280383829149811303e+00
-7.224687074160240918e-02 -1.197157674272183892e+00 1.084216386789929487e+00 -1.654837844295478089e-01 8.859872617015080998e-01 -1.287234043297527775e+00
-6.901770255329675585e-02 -1.194782313054985279e+00 1.089646754637670245e+00 -1.662632807546280400e-01 8.903393424052929994e-01 -1.294080723156985302e+00
-6.580231041998674257e-02 -1.192390205202211284e+00 1.095066183583317754e+00 -1.669941668620764652e-01 8.946306375157431212e-01 -1.300923810523779700e+00
-6.260074724597042284e-02 -1.189981476729646603e+00 1.100473132572776569e+00 -1.676770647608014642e-01 8.988597209242619179e-01 -1.307763247205868895e+00
-5.941306062446316538e-02 -1.187556259022375382e+00 1.105866047888697912e+00 -1.683126206111209555e-01 9.030251735617684794e-01 -1.314598975022028826e+00
-5.623929274554639868e-02 -1.185114688756159440e+00 1.111243365089633395e+00 -1.689015046162445355e-01 9.071255838195626531e-01 -1.321430935800273820e+00
-5.307948031600817629e-02 -1.182656907808048219e+00 1.116603511078221977e+00 -1.694444109079176197e-01 9.111595479755920657e-01 -1.328259071376243661e+00
-4.993365449237163745e-02 -1.180183063156027501e+00 1.121944906303349088e+00 -1.699420574056436095e-01 9.151256705439059225e-01 -1.335083323591553350e+00
-4.680184082849447869e-02 -1.177693306767567893e+00 1.127265967101379163e+00 -1.703951856914605045e-01 9.190225647082344018e-01 -1.341903634292107128e+00
-4.368405923921891976e-02 -1.175187795476972497e+00 1.132565108181708746e+00 -1.708045608765933476e-01 9.228488527538636355e-01 -1.348719945326374958e+00
-4.058032392796517840e-02 -1.172666690689588842e+00 1.137840745245539464e+00 -1.711709672935626259e-01 9.266031480052503433e-01 -1.355532198543704325e+00
-3.749064338999263946e-02 -1.170130158234776285e+00 1.143091297760029379e+00 -1.714952088098062877e-01 9.302840549576916196e-01 -1.362340335792558310e+00
-3.441502043676902822e-02 -1.167578368207899508e+00 1.148315191893571674e+00 -1.717781091598367116e-01 9.338901695048646978e-01 -1.369144298918681280e+00
-3.135345224338603742e-02 -1.165011494801559966e+00 1.153510863618114834e+00 -1.720205122556557331e-01 9.374200790845388376e-01 -1.375944029763191301e+00
-2.830593042110995938e-02 -1.162429716126401447e+00 1.158676761984647197e+00 -1.722232825187419714e-01 9.408723629435065128e-01 -1.382739470160597728e+00
-2.527244111730508891e-02 -1.159833214021962267e+00 1.163811352578149272e+00 -1.723873052091109415e-01 9.442455924188011274e-01 -1.389530561936745734e+00
-2.225296514514818469e-02 -1.157222173858213798e+00 1.168913121158537516e+00 -1.725134867414701567e-01 9.475383311835900990e-01 -1.396317246906687126e+00
-1.924747814573568583e-02 -1.154596784328618009e+00 1.173980577494330824e+00 -1.726027550045314829e-01 9.507491355394868116e-01 -1.403099466872475887e+00
-1.625595078539499028e-02 -1.151957237235777365e+00 1.179012259396002182e+00 -1.726560596753199395e-01 9.538765547176608628e-01 -1.409877163620889773e+00
-1.327834899124269441e-02 -1.149303727271012932e+00 1.184006736956224159e+00 -1.726743725282351427e-01 9.569191311885227869e-01 -1.416650278921077533e+00
-1.031463422828471366e-02 -1.146636451789543099e+00 1.188962617004475808e+00 -1.726586877386286911e-01 9.598754009797381137e-01 -1.423418754522130403e+00
-7.364763821632758223e-03 -1.143955610583311522e+00 1.193878547783753907e+00 -1.726100221806687873e-01 9.627438940022980951e-01 -1.430182532150579666e+00
-4.428691327726053117e-03 -1.141261405653967387e+00 1.198753223857431882e+00 -1.725294157192707178e-01 9.655231343843806435e-01 -1.436941553507818714e+00
-1.506366958789584487e-03 -1.138554040989037786e+00 1.203585391254622383e+00 -1.724179314958815823e-01 9.682116408127092733e-01 -1.443695760267449835e+00
