-1.525966984560523931e+00 -3.187359189925139891e+00 1.559090050439296604e+00 -1.546439880773584852e+00 -1.373134044505882168e+00 -1.568118047317903940e+00
-1.525966984560523931e+00 -3.187359189925139891e+00 1.559090050439296604e+00 -1.546439880773584852e+00 -1.373134044505882168e+00 -1.568118047317903940e+00
-1.525202609066021786e+00 -3.183750223873606622e+00 1.509639939199854730e+00 -1.544998243265178983e+00 -1.369717082994029944e+00 -1.569086586584437448e+00
-1.523398438692867618e+00 -3.176503982953982508e+00 1.432853988576825222e+00 -1.542145580888617085e+00 -1.362975227640852882e+00 -1.570944056664802302e+00
-1.519965553059710262e+00 -3.165765283096918736e+00 1.345038092375847594e+00 -1.537903878513245504e+00 -1.353004334360194516e+00 -1.573611372478977088e+00
-1.514267931190978356e+00 -3.151832651982111599e+00 1.257475081139808770e+00 -1.532288010327275796e+00 -1.339903578912782889e+00 -1.577010221229556253e+00
-1.505793105778032714e+00 -3.135096038459288081e+00 1.177333516720733719e+00 -1.525307185859593240e+00 -1.323775029750550614e+00 -1.581063301424727285e+00
-1.494225708398646102e+00 -3.115952070736832891e+00 1.108581386178081551e+00 -1.516966316741819254e+00 -1.304723250570611670e+00 -1.585694551234165584e+00
-1.479448021696380566e+00 -3.094733333351488369e+00 1.052828508738674840e+00 -1.507267297365941561e+00 -1.282854923554411553e+00 -1.590829365552400843e+00
-1.461501403057312798e+00 -3.071671421128657986e+00 1.010054779703818850e+00 -1.496210193858886983e+00 -1.258278486622813164e+00 -1.596394801289600762e+00
-1.440536583556421890e+00 -3.046893533675311794e+00 9.792062520803126446e-01 -1.483794337001808517e+00 -1.231103780201216802e+00 -1.602319770546176247e+00
-1.416768785279334031e+00 -3.020441583014982001e+00 9.586584471455289469e-01 -1.470019315882006294e+00 -1.201441700928486789e+00 -1.608535221455230202e+00
-1.390443335505432421e+00 -2.992301104673039447e+00 9.465574060024668501e-01 -1.454885870185572028e+00 -1.169403861436501435e+00 -1.614974306595730491e+00
-1.361811719764394413e+00 -2.962430331456998189e+00 9.410551824249158148e-01 -1.438396680119167437e+00 -1.135102256758845574e+00 -1.621572538989266787e+00
-1.331115996512149957e+00 -2.930783946729448086e+00 9.404590230101517179e-01 -1.420557053985177287e+00 -1.098648939090923538e+00 -1.628267935794254440e+00
-1.298579421333312833e+00 -2.897329470263873219e+00 9.433135143731948835e-01 -1.401375514417647850e+00 -1.060155703520093029e+00 -1.635001149903245965e+00
-1.264401649207277600e+00 -2.862056459330772018e+00 9.484334215068824792e-01 -1.380864285206701236e+00 -1.019733787980793949e+00 -1.641715589731408187e+00
-1.228757352027463723e+00 -2.824979858307736347e+00 9.549025080297932622e-01 -1.359039681485477047e+00 -9.774935910792124094e-01 -1.648357527557027691e+00
-1.191797349457941246e+00 -2.786139211513427583e+00 9.620508383552929255e-01 -1.335922406815411412e+00 -9.335444115930326969e-01 -1.654876196837895774e+00
-1.153651466549054261e+00 -2.745595370984144967e+00 9.694202725372410567e-01 -1.311537761373550381e+00 -8.879942134064789938e-01 -1.661223878980498947e+00
-1.114432402066676708e+00 -2.703426021818672975e+00 9.767253045454022953e-01 -1.285915766012455164e+00 -8.409494194144220280e-01 -1.667355980081995703e+00
-1.074239981307778979e+00 -2.659720973229757313e+00 9.838141904631753087e-01 -1.259091207424698489e+00 -7.925147375490491086e-01 -1.673231098197993649e+00
-1.033165293799125362e+00 -2.614577815832101138e+00 9.906335160922825622e-01 -1.231103609998602133e+00 -7.427930215768003830e-01 -1.678811081712215714e+00
-9.912943673171072945e-01 -2.568098265982547979e+00 9.971979629599944106e-01 -1.201997140201556569e+00 -6.918851687104307091e-01 -1.684061079397426441e+00
-9.487111824155115558e-01 -2.520385314560821488e+00 1.003566013444607385e+00 -1.171820449476912218e+00 -6.398900554090414250e-01 -1.688949582760721935e+00
-9.054999661031002400e-01 -2.471541161968854983e+00 1.009821636378625431e+00 -1.140626461697818339e+00 -5.869045120243114866e-01 -1.693448461260772309e+00
-8.617468076147909439e-01 -2.421665838890874944e+00 1.016061552611879693e+00 -1.108472111196763477e+00 -5.330233362186689305e-01 -1.697532990970298306e+00
-8.175407098329658950e-01 -2.370856369175710299e+00 1.022387433520617783e+00 -1.075418037295162277e+00 -4.783393443532795164e-01 -1.701181877234429818e+00
-7.729742292953732941e-01 -2.319206315428560483e+00 1.028902276381655101e+00 -1.041528241106831842e+00 -4.229434593404935994e-01 -1.704377271845202602e+00
-7.281438714413397406e-01 -2.266805551039619893e+00 1.035710177811510757e+00 -1.006869710197103807e+00 -3.669248327940874965e-01 -1.707104785214955012e+00
-6.831504020841678848e-01 -2.213740118688185987e+00 1.042918747148374070e+00 -9.715120164604069686e-01 -3.103709987059142250e-01 -1.709353493987456396e+00
-6.380992165039176545e-01 -2.160092061228789273e+00 1.050643431240466219e+00 -9.355268923479073129e-01 -2.533680553414514591e-01 -1.711115944475984474e+00
-5.931008778986502916e-01 -2.105939144251826711e+00 1.059013034433723410e+00 -8.989877903468080911e-01 -1.960008715886010222e-01 -1.712388152263063734e+00
-5.482718993670372409e-01 -2.051354429592899820e+00 1.068175694545667076e+00 -8.619694303965229620e-01 -1.383533136211660963e-01 -1.713169598237993529e+00
-5.037357988134218978e-01 -1.996405705385708051e+00 1.078304507212709540e+00 -8.245473397347714561e-01 -8.050848745560079678e-02 -1.713463221286436244e+00
-4.596244038383792141e-01 -1.941154830763307526e+00 1.089601875473560799e+00 -7.867973895072946089e-01 -2.254899278988342637e-02 -1.713275407782138604e+00
-4.160793229303634266e-01 -1.885657111204837255e+00 1.102301506188003932e+00 -7.487953323547457130e-01 3.544281658202419472e-02 -1.712615977965108893e+00
-3.732534291290010575e-01 -1.829960881307656662e+00 1.116666797695660795e+00 -7.106163451133569176e-01 9.338457048816906081e-02 -1.711498169224167087e+00
-3.313121221141319683e-01 -1.774107529996993282e+00 1.132984193991308786e+00 -6.723345807337918201e-01 1.511936228465868837e-01 -1.709938616235610498e+00
-2.904340445369577584e-01 -1.718132249140300161e+00 1.151549963893709894e+00 -6.340227335343211479e-01 2.087867993216145912e-01 -1.707957327844584317e+00
-2.508108302604823425e-01 -1.662065805191515810e+00 1.172648859856757264e+00 -5.957516219569943816e-01 2.660801563437884543e-01 -1.705577660512485938e+00
-2.126453614999086472e-01 -1.605937604580579547e+00 1.196523298981245098e+00 -5.575897930835741478e-01 3.229887553276822310e-01 -1.702826288093168383e+00
-1.761479208764935578e-01 -1.549780223764641196e+00 1.223332186125350551e+00 -5.196031532845888368e-01 3.794264555109598813e-01 -1.699733167643568965e+00
-1.415295667364224741e-01 -1.493635383530887983e+00 1.253099381566666004e+00 -4.818546295113097511e-01 4.353057283657797427e-01 -1.696331500921478774e+00
-1.089920760504965447e-01 -1.437561056768605017e+00 1.285653234111156618e+00 -4.444038658869651215e-01 4.905374960112223182e-01 -1.692657691175116108e+00
-7.871394945333931581e-02 -1.381639030088024578e+00 1.320560694384142808e+00 -4.073069603994885490e-01 5.450309954950585123e-01 -1.688751294786659418e+00
-5.083233690429778129e-02 -1.325981857033359690e+00 1.357062431787184220e+00 -3.706162466325981786e-01 5.986936702291552059e-01 -1.684654967295528882e+00
-2.542140894449684829e-02 -1.270737860570420041e+00 1.394019230810010335e+00 -3.343801255841536424e-01 6.514310892711263623e-01 -1.680414403297514125e+00
-2.468754247271220947e-03 -1.216092815318868814e+00 1.429884841234891457e+00 -2.986429527001470685e-01 7.031468945632373124e-01 -1.676078269693312528e+00
1.814707381306290834e-02 -1.162267287829202633e+00 1.462726445744943593e+00 -2.634449852898286260e-01 7.537427756876675655e-01 -1.671698131745141147e+00
3.667248110237242287e-02 -1.109509338973294401e+00 1.490320822821571634e+00 -2.288223954740455923e-01 8.031184711961463218e-01 -1.667328371393171915e+00
5.347898053579625000e-02 -1.058083435012839413e+00 1.510361004396398199e+00 -1.948073537480090600e-01 8.511717951443935615e-01 -1.663026097284927340e+00
