-3.050712573501852543e+00 -3.252616524975641799e+00 1.575356026699129997e+00 -3.052185587404043332e+00 -1.314712800296248707e+00 -1.621930958365469744e+00
-3.050712573501852543e+00 -3.252616524975641799e+00 1.575356026699129997e+00 -3.052185587404043332e+00 -1.314712800296248707e+00 -1.621930958365469744e+00
-3.050683772366389768e+00 -3.252473490890009256e+00 1.406416370536103244e+00 -3.052204539410523498e+00 -1.314606420813557941e+00 -1.621856292686839174e+00
-3.050586834343333553e+00 -3.252178383715822463e+00 1.220971420727829049e+00 -3.052242361795524328e+00 -1.314395084306784867e+00 -1.621707389940084898e+00
-3.050367056786878361e+00 -3.251750732042662406e+00 1.081306240960176357e+00 -3.052298995970320838e+00 -1.314080216623913167e+00 -1.621484677765674842e+00
-3.049999853577070041e+00 -3.251213110188835742e+00 9.981378634556108409e-01 -3.052374405589403761e+00 -1.313663247073896034e+00 -1.621188582789959920e+00
-3.049487356956106066e+00 -3.250572475651502202e+00 9.596729084549312505e-01 -3.052468575759856417e+00 -1.313145608505501327e+00 -1.620819530581912638e+00
-3.048842960757218723e+00 -3.249822188936844380e+00 9.489121141138696647e-01 -3.052581512256025587e+00 -1.312528737392897771e+00 -1.620377945610689041e+00
-3.048081014428802415e+00 -3.248951487602748323e+00 9.516555601702131328e-01 -3.052713240739395317e+00 -1.311814073927478841e+00 -1.619864251204021999e+00
-3.047212176478095724e+00 -3.247952018113831940e+00 9.587452091621995187e-01 -3.052863805983562440e+00 -1.311003062115431161e+00 -1.619278869507450924e+00
-3.046242284250731736e+00 -3.246819763989521324e+00 9.654988420571953833e-01 -3.053033271104207635e+00 -1.310097149880563583e+00 -1.618622221444397047e+00
-3.045173205116579851e+00 -3.245554270406629360e+00 9.702404962220280149e-01 -3.053221716793963925e+00 -1.309097789171917769e+00 -1.617894726677086892e+00
-3.044004452767689273e+00 -3.244157086151001845e+00 9.729013872656488982e-01 -3.053429240562072433e+00 -1.308006436075691781e+00 -1.617096803568333296e+00
-3.042734687505526114e+00 -3.242630432787783956e+00 9.740399252914589967e-01 -3.053655955978721526e+00 -1.306824550931019679e+00 -1.616228869144177516e+00
-3.041362689297846700e+00 -3.240976398712661855e+00 9.742951243329602828e-01 -3.053901991923964943e+00 -1.305553598449153752e+00 -1.615291339057399966e+00
-3.039887781256181754e+00 -3.239196606192112693e+00 9.741572494336807608e-01 -3.054167491841107029e+00 -1.304195047835594812e+00 -1.614284627551904050e+00
-3.038309872151289337e+00 -3.237292186656459680e+00 9.739227857526732146e-01 -3.054452612994449812e+00 -1.302750372914736721e+00 -1.613209147427979051e+00
-3.036629313847209133e+00 -3.235263902411062986e+00 9.737317565535723585e-01 -3.054757525731299772e+00 -1.301221052256613220e+00 -1.612065310008446994e+00
-3.034846716813151435e+00 -3.233112300565248010e+00 9.736257224747441041e-01 -3.055082412748119314e+00 -1.299608569305304773e+00 -1.610853525105698569e+00
-3.032962798962712814e+00 -3.230837838849156540e+00 9.735973361750157595e-01 -3.055427468360727428e+00 -1.297914412508589077e+00 -1.609574200989623005e+00
-3.030978291044966078e+00 -3.228440964403499702e+00 9.736228040329436562e-01 -3.055792897778435879e+00 -1.296140075448416251e+00 -1.608227744356437672e+00
-3.028893892638197194e+00 -3.225922150432319224e+00 9.736787778854776310e-01 -3.056178916382026323e+00 -1.294287056971829442e+00 -1.606814560298421846e+00
-3.026710262001893970e+00 -3.223281904633792827e+00 9.737486197393762088e-01 -3.056585749005462205e+00 -1.292356861321937167e+00 -1.605335052274556640e+00
-3.024428023184108305e+00 -3.220520763261127684e+00 9.738228896362042253e-01 -3.057013629221239537e+00 -1.290350998268506633e+00 -1.603789622082079092e+00
-3.022047778521780081e+00 -3.217639280712801586e+00 9.738975115835228902e-01 -3.057462798629279721e+00 -1.288270983237873368e+00 -1.602178669828951740e+00
-3.019570120011133341e+00 -3.214638020083234071e+00 9.739715753751317928e-01 -3.057933506149264957e+00 -1.286118337441699788e+00 -1.600502593907253690e+00
-3.016995637104466166e+00 -3.211517546697580716e+00 9.740456173890462699e-01 -3.058426007316332296e+00 -1.283894588004255155e+00 -1.598761790967496932e+00
-3.014324920888898696e+00 -3.208278424657619698e+00 9.741205645013365499e-01 -3.058940563580033967e+00 -1.281601268087883883e+00 -1.596956655893871480e+00
-3.011558565619889549e+00 -3.204921215584082272e+00 9.741972251715713682e-01 -3.059477441606474279e+00 -1.279239917016239181e+00 -1.595087581780421537e+00
-3.008697168739181471e+00 -3.201446478614680125e+00 9.742761301454074818e-01 -3.060036912583548041e+00 -1.276812080394965854e+00 -1.593154959908159807e+00
-3.005741330259563249e+00 -3.197854770925141477e+00 9.743575501598623623e-01 -3.060619251529198337e+00 -1.274319310229503177e+00 -1.591159179723119932e+00
-3.002691652053939286e+00 -3.194146648328100468e+00 9.744415755292673564e-01 -3.061224736602618179e+00 -1.271763165039624610e+00 -1.589100628815351968e+00
-2.999548737295394396e+00 -3.190322665746183617e+00 9.745281968526026128e-01 -3.061853648418321860e+00 -1.269145209970374388e+00 -1.586979692898865091e+00
-2.996313190108153890e+00 -3.186383377510379145e+00 9.746173635503432298e-01 -3.062506269363028721e+00 -1.266467016899089248e+00 -1.584796755792517109e+00
-2.992985615396434707e+00 -3.182329337511445200e+00 9.747090176544200846e-01 -3.063182882915285621e+00 -1.263730164538228840e+00 -1.582552199401855653e+00
-2.989566618789412100e+00 -3.178161099255664812e+00 9.748031085692018261e-01 -3.063883772967776586e+00 -1.260936238533635123e+00 -1.580246403701911717e+00
-2.986056806644778128e+00 -3.173879215872553061e+00 9.748995967408334851e-01 -3.064609223152265027e+00 -1.258086831557917673e+00 -1.577879746720951104e+00
-2.982456786072674504e+00 -3.169484240106078765e+00 9.749984518627229368e-01 -3.065359516167116105e+00 -1.255183543398658008e+00 -1.575452604525181100e+00
-2.978767164958081359e+00 -3.164976724307455136e+00 9.750996497319210921e-01 -3.066134933107360183e+00 -1.252227981041124538e+00 -1.572965351204422380e+00
-2.974988551974259821e+00 -3.160357220435531911e+00 9.752031692887606074e-01 -3.066935752797256054e+00 -1.249221758745210131e+00 -1.570418358858743257e+00
-2.971121556585998746e+00 -3.155626280065805034e+00 9.753089905575135221e-01 -3.067762251125318862e+00 -1.246166498116305643e+00 -1.567811997586053607e+00
-2.967166789045000197e+00 -3.150784454406087232e+00 9.754170937474668790e-01 -3.068614700381788296e+00 -1.243063828169722385e+00 -1.565146635470667125e+00
-2.963124860381746384e+00 -3.145832294315254352e+00 9.755274587241584694e-01 -3.069493368598512628e+00 -1.239915385388581814e+00 -1.562422638572828815e+00
-2.958996382395106206e+00 -3.140770350324038951e+00 9.756400649466562269e-01 -3.070398518891229500e+00 -1.236722813774734586e+00 -1.559640370919211705e+00
-2.954781967641725515e+00 -3.135599172656168943e+00 9.757548916975427034e-01 -3.071330408804233247e+00 -1.233487764892598815e+00 -1.556800194494378342e+00
-2.950482229426693692e+00 -3.130319311248609182e+00 9.758719179365482610e-01 -3.072289289657424760e+00 -1.230211897905437501e+00 -1.553902469233213512e+00
-2.946097781793623582e+00 -3.124931315772463858e+00 9.759911226250309602e-01 -3.073275405895742995e+00 -1.226896879603792012e+00 -1.550947553014331959e+00
-2.941629239516630356e+00 -3.119435735652466235e+00 9.761124848936839626e-01 -3.074288994440985689e+00 -1.223544384425986120e+00 -1.547935801654452215e+00
-2.937077218093543163e+00 -3.113833120085604200e+00 9.762359837035540222e-01 -3.075330284046029483e+00 -1.220156094470524977e+00 -1.544867568903732113e+00
-2.932442333737587337e+00 -3.108124018061167337e+00 9.763615979119829591e-01 -3.076399494651469890e+00 -1.216733699499823240e+00 -1.541743206442082625e+00
-2.927725203369645701e+00 -3.102308978380417415e+00 9.764893064702664383e-01 -3.077496836744707753e+00 -1.213278896935302109e+00 -1.538563063876446702e+00
-2.922926444611953389e+00 -3.096388549675244128e+00 9.766190883071005358e-01 -3.078622510721507055e+00 -1.209793391843641652e+00 -1.535327488739042678e+00
-2.918046675781447608e+00 -3.090363280427206760e+00 9.767509225060722056e-01 -3.079776706250065832e+00 -1.206278896913740351e+00 -1.532036826486576242e+00
-2.913086515884510952e+00 -3.084233718985569528e+00 9.768847880394894156e-01 -3.080959601637648149e+00 -1.202737132424242628e+00 -1.528691420500418507e+00
-2.908046584610454843e+00 -3.078000413586459150e+00 9.770206640391786435e-01 -3.082171363199820657e+00 -1.199169826201449185e+00 -1.525291612087741333e+00
-2.902927502326973830e+00 -3.071663912370504512e+00 9.771585295611150412e-01 -3.083412144632351470e+00 -1.195578713567513995e+00 -1.521837740483620305e+00
-2.897729890074488779e+00 -3.065224763401471542e+00 9.772983635977084971e-01 -3.084682086385845068e+00 -1.191965537278319109e+00 -1.518330142854099840e+00
-2.892454369560846228e+00 -3.058683514684666704e+00 9.774401448925327252e-01 -3.085981315043161199e+00 -1.188332047451444273e+00 -1.514769154300203091e+00
-2.887101563155086481e+00 -3.052040714186186943e+00 9.775838520993765934e-01 -3.087309942699718590e+00 -1.184680001483502831e+00 -1.511155107862900859e+00
-2.881672093882475139e+00 -3.045296909851166411e+00 9.777294640388279889e-01 -3.088668066346738073e+00 -1.181011163957055299e+00 -1.507488334529031526e+00
-2.876166585421583655e+00 -3.038452649620442703e+00 9.778769594393806885e-01 -3.090055767257548602e+00 -1.177327306536508633e+00 -1.503769163238177553e+00
-2.870585662099975011e+00 -3.031508481448341286e+00 9.780263168876321966e-01 -3.091473110377007671e+00 -1.173630207853404439e+00 -1.499997920890470571e+00
-2.864929948889852529e+00 -3.024464953320569194e+00 9.781775148139204568e-01 -3.092920143714162684e+00 -1.169921653380532778e+00 -1.496174932355335496e+00
-2.859200071403853904e+00 -3.017322613271953280e+00 9.783305317254975542e-01 -3.094396897738264318e+00 -1.166203435294682844e+00 -1.492300520481177672e+00
-2.853396655892799672e+00 -3.010082009402600622e+00 9.784853461578739697e-01 -3.095903384778225131e+00 -1.162477352328169067e+00 -1.488375006105984610e+00
-2.847520329243477200e+00 -3.002743689894044721e+00 9.786419364546330435e-01 -3.097439598425677953e+00 -1.158745209608486038e+00 -1.484398708068885409e+00
-2.841571718975140382e+00 -2.995308203026369576e+00 9.788002806943736367e-01 -3.099005512941682028e+00 -1.155008818486980227e+00 -1.480371943222597020e+00
-2.835551453235733099e+00 -2.987776097195556257e+00 9.789603571353459044e-01 -3.100601082667277186e+00 -1.151269996355436032e+00 -1.476295026446787784e+00
-2.829460160801690716e+00 -2.980147920927830985e+00 9.791221438444569491e-01 -3.102226241437994414e+00 -1.147530566450871259e+00 -1.472168270662370881e+00
-2.823298471075331939e+00 -2.972424222895902801e+00 9.792856188052277977e-01 -3.103880902002459141e+00 -1.143792357648426128e+00 -1.467991986846677754e+00
-2.817067014083349363e+00 -2.964605551934219818e+00 9.794507596557952001e-01 -3.105564955445208497e+00 -1.140057204242469480e+00 -1.463766484049533245e+00
-2.810766420473547633e+00 -2.956692457055546619e+00 9.796175438518260892e-01 -3.107278270613881954e+00 -1.136326945715690817e+00 -1.459492069410213588e+00
-2.804397321513071084e+00 -2.948685487466203625e+00 9.797859488346697399e-01 -3.109020693550951897e+00 -1.132603426496018528e+00 -1.455169048175295021e+00
-2.797960349088271848e+00 -2.940585192579875606e+00 9.799559517186977597e-01 -3.110792046930129562e+00 -1.128888495701425354e+00 -1.450797723717381249e+00
-2.791456135702382824e+00 -2.932392122033034010e+00 9.801275298801783720e-01 -3.112592129497600002e+00 -1.125184006872664622e+00 -1.446378397554705320e+00
-2.784885314478275475e+00 -2.924106825696128897e+00 9.803006603295484345e-01 -3.114420715518170457e+00 -1.121491817694458604e+00 -1.441911369371555729e+00
-2.778248519156438334e+00 -2.915729853688365569e+00 9.804753199230515914e-01 -3.116277554226628332e+00 -1.117813789704000360e+00 -1.437396937039579603e+00
-2.771546384094962789e+00 -2.907261756390726148e+00 9.806514851491058282e-01 -3.118162369284358526e+00 -1.114151787987709197e+00 -1.432835396639934089e+00
-2.764779544267996325e+00 -2.898703084459973045e+00 9.808291324364363239e-01 -3.120074858241445703e+00 -1.110507680865739477e+00 -1.428227042486253762e+00
-2.757948635267065018e+00 -2.890054388840128219e+00 9.810082382244855737e-01 -3.122014692004380532e+00 -1.106883339564662005e+00 -1.423572167148453138e+00
-2.751054293303375253e+00 -2.881316220772965675e+00 9.811887784520455513e-01 -3.123981514309419172e+00 -1.103280637879023418e+00 -1.418871061477334994e+00
-2.744097155205933003e+00 -2.872489131811429175e+00 9.813707290169927377e-01 -3.125974941202003698e+00 -1.099701451820187748e+00 -1.414124014630036452e+00
-2.737077858423937027e+00 -2.863573673829424404e+00 9.815540655466988840e-01 -3.127994560522219025e+00 -1.096147659253816187e+00 -1.409331314096255339e+00
-2.729997041027432125e+00 -2.854570399032601902e+00 9.817387632026234323e-01 -3.130039931396412456e+00 -1.092621139526204654e+00 -1.404493245725258577e+00
-2.722855341706500454e+00 -2.845479859970073022e+00 9.819247972900871924e-01 -3.132110583735137954e+00 -1.089123773079504254e+00 -1.399610093753677731e+00
-2.715653399776170041e+00 -2.836302609541156983e+00 9.821121424295115032e-01 -3.134206017737688921e+00 -1.085657441055231764e+00 -1.394682140834097694e+00
-2.708391855174085983e+00 -2.827039201007443658e+00 9.823007733333596336e-01 -3.136325703403135989e+00 -1.082224024887552982e+00 -1.389709668064356585e+00
-2.701071348465549082e+00 -2.817690187998699969e+00 9.824906645195872201e-01 -3.138469080048099435e+00 -1.078825405885887712e+00 -1.384692955017628346e+00
-2.693692520846250105e+00 -2.808256124520140951e+00 9.826817898148416663e-01 -3.140635555831530201e+00 -1.075463464806247105e+00 -1.379632279773280512e+00
-2.686256014140558257e+00 -2.798737564962716196e+00 9.828741230305564347e-01 -3.142824507286248181e+00 -1.072140081413476720e+00 -1.374527918948412530e+00
-2.678762470806371088e+00 -2.789135064107771456e+00 9.830676376272399208e-01 -3.145035278857675198e+00 -1.068857134032882295e+00 -1.369380147730163033e+00
-2.671212533937116440e+00 -2.779449177133521243e+00 9.832623065045724697e-01 -3.147267182449492218e+00 -1.065616499093306135e+00 -1.364189239908695894e+00
-2.663606847261883015e+00 -2.769680459622368307e+00 9.834581025502615592e-01 -3.149519496976638688e+00 -1.062420050660207949e+00 -1.358955467910880621e+00
-2.655946055151112706e+00 -2.759829467563388317e+00 9.836549982101142620e-01 -3.151791467925463053e+00 -1.059269659960356158e+00 -1.353679102834715930e+00
-2.648230802618360524e+00 -2.749896757357264576e+00 9.838529653523205853e-01 -3.154082306921099033e+00 -1.056167194898236517e+00 -1.348360414484391923e+00
-2.640461735320920766e+00 -2.739882885821617542e+00 9.840519756619935388e-01 -3.156391191302350574e+00 -1.053114519563417506e+00 -1.342999671406096107e+00
-2.632639499564549457e+00 -2.729788410192492520e+00 9.842520004989907534e-01 -3.158717263703565425e+00 -1.050113493731657410e+00 -1.337597140924422723e+00
-2.624764742307005516e+00 -2.719613888126110712e+00 9.844530112020765111e-01 -3.161059631643918344e+00 -1.047165972358137909e+00 -1.332153089179471284e+00
-2.616838111164941694e+00 -2.709359877697364638e+00 9.846549782444320442e-01 -3.163417367123823265e+00 -1.044273805064411142e+00 -1.326667781164581505e+00
-2.608860254412451951e+00 -2.699026937404213733e+00 9.848578716393827648e-01 -3.165789506228553485e+00 -1.041438835618865966e+00 -1.321141480764728815e+00
-2.600831820983828813e+00 -2.688615626168079586e+00 9.850616606895602478e-01 -3.168175048738997468e+00 -1.038662901411196771e+00 -1.315574450795572226e+00
-2.592753460473856020e+00 -2.678126503335438002e+00 9.852663145233803155e-01 -3.170572957749223875e+00 -1.035947832922267553e+00 -1.309966953043116611e+00
-2.584625823143868129e+00 -2.667560128674285380e+00 9.854718017700063726e-01 -3.172982159291017901e+00 -1.033295453188691759e+00 -1.304319248304015799e+00
-2.576449559924596677e+00 -2.656917062372276206e+00 9.856780909048149519e-01 -3.175401541964936847e+00 -1.030707577263791697e+00 -1.298631596426457646e+00
-2.568225322422865720e+00 -2.646197865031127527e+00 9.858851495669715970e-01 -3.177829956577814752e+00 -1.028186011675025879e+00 -1.292904256351662173e+00
-2.559953762921256093e+00 -2.635403097665789396e+00 9.860929446555609656e-01 -3.180266215786752948e+00 -1.025732553877502840e+00 -1.287137486156030519e+00
-2.551635534378768000e+00 -2.624533321701902899e+00 9.863014435619977816e-01 -3.182709093748784301e+00 -1.023348991706216182e+00 -1.281331543093839676e+00
-2.543271290445069610e+00 -2.613589098962138646e+00 9.865106122864122362e-01 -3.185157325776377668e+00 -1.021037102825965714e+00 -1.275486683640560281e+00
-2.534861685454480096e+00 -2.602570991667230604e+00 9.867204160136973101e-01 -3.187609607998423744e+00 -1.018798654179709828e+00 -1.269603163536766388e+00
-2.526407374426163255e+00 -2.591479562431434402e+00 9.869308191752157455e-01 -3.190064597026033510e+00 -1.016635401437083308e+00 -1.263681237832585458e+00
-2.517909013065042334e+00 -2.580315374256620498e+00 9.871417856674365998e-01 -3.192520909623308700e+00 -1.014549088441831337e+00 -1.257721160932764537e+00
-2.509367257765233283e+00 -2.569078990523614436e+00 9.873532791860120117e-01 -3.194977122382358203e+00 -1.012541446659871669e+00 -1.251723186642286878e+00
-2.500782765617381109e+00 -2.557770974979702405e+00 9.875652627519693194e-01 -3.197431771402034606e+00 -1.010614194628822515e+00 -1.245687568212517471e+00
-2.492156194410866110e+00 -2.546391891729227197e+00 9.877776985783027763e-01 -3.199883351970116863e+00 -1.008769037408891789e+00 -1.239614558387965637e+00
-2.483488202634613007e+00 -2.534942305224485271e+00 9.879905481052966287e-01 -3.202330318248392871e+00 -1.007007666035892424e+00 -1.233504409453548778e+00
-2.474779449478320625e+00 -2.523422780255388354e+00 9.882037725750431045e-01 -3.204771082960527817e+00 -1.005331756975683000e+00 -1.227357373282510711e+00
-2.466030594840453727e+00 -2.511833881933272838e+00 9.884173325186872416e-01 -3.207204017081524583e+00 -1.003742971582492594e+00 -1.221173701384787647e+00
-2.457242299330492763e+00 -2.500176175678202828e+00 9.886311878194703473e-01 -3.209627449529107945e+00 -1.002242955559005333e+00 -1.214953644955999446e+00
-2.448415224272039836e+00 -2.488450227204916931e+00 9.888452977074277950e-01 -3.212039666855356135e+00 -1.000833338421741603e+00 -1.208697454926916048e+00
-2.439550031710508993e+00 -2.476656602512439687e+00 9.890596214593257995e-01 -3.214438912937479742e+00 -9.995157329662953671e-01 -1.202405382013463697e+00
-2.430647384424678314e+00 -2.464795867862246581e+00 9.892741174450156993e-01 -3.216823388669702855e+00 -9.982917347400215302e-01 -1.196077676767263842e+00
-2.421707945927190408e+00 -2.452868589764096718e+00 9.894887420879474593e-01 -3.219191251654573982e+00 -9.971629215182147288e-01 -1.189714589626716501e+00
-2.412732380452516701e+00 -2.440875334970467936e+00 9.897034479972210974e-01 -3.221540615892181769e+00 -9.961308527863137474e-01 -1.183316370968577225e+00
-2.403721352922238097e+00 -2.428816670487678131e+00 9.899181896862511154e-01 -3.223869551468053096e+00 -9.951970692245837302e-01 -1.176883271160042321e+00
-2.394675528978537749e+00 -2.416693163534873179e+00 9.901329234160031190e-01 -3.226176084237859953e+00 -9.943630921987615112e-01 -1.170415540611308813e+00
-2.385595575016741243e+00 -2.404505381503354133e+00 9.903476054929024608e-01 -3.228458195509586570e+00 -9.936304232534532987e-01 -1.163913429828673518e+00
-2.376482158197771088e+00 -2.392253891930330667e+00 9.905621916122736570e-01 -3.230713821721362677e+00 -9.930005436111487560e-01 -1.157377189468081768e+00
-2.367335946452775008e+00 -2.379939262478193651e+00 9.907766370417956381e-01 -3.232940854115860407e+00 -9.924749136731281229e-01 -1.150807070389116671e+00
-2.358157608489959589e+00 -2.367562060911767574e+00 9.909908966440906797e-01 -3.235137138410494995e+00 -9.920549725227554294e-01 -1.144203323709413134e+00
-2.348947813801485207e+00 -2.355122855074930577e+00 9.912049242677728467e-01 -3.237300474462524225e+00 -9.917421374317727523e-01 -1.137566200859586596e+00
-2.339707232662510794e+00 -2.342622212872670584e+00 9.914186730257531499e-01 -3.239428615928229949e+00 -9.915378033699495663e-01 -1.130895953638544116e+00
-2.330436536133322800e+00 -2.330060702250791316e+00 9.916320959256597067e-01 -3.241519269918841761e+00 -9.914433425108588605e-01 -1.124192834269233332e+00
-2.321136396068864460e+00 -2.317438891169917525e+00 9.918451446708685948e-01 -3.243570096650073786e+00 -9.914601037395758265e-01 -1.117457095454687632e+00
-2.311807485112581606e+00 -2.304757347590932426e+00 9.920577700009420852e-01 -3.245578709085383373e+00 -9.915894121605712819e-01 -1.110688990434402168e+00
-2.302450476693733705e+00 -2.292016639458019700e+00 9.922699207498527629e-01 -3.247542672576688272e+00 -9.918325685969848760e-01 -1.103888773041096005e+00
-2.293066045011529663e+00 -2.279217334691103325e+00 9.924815436427799620e-01 -3.249459504498831475e+00 -9.921908490881825582e-01 -1.097056697757655686e+00
-2.283654865015374291e+00 -2.266360001181459527e+00 9.926925828179178346e-01 -3.251326673879388451e+00 -9.926655043813750190e-01 -1.090193019774344352e+00
-2.274217612377391173e+00 -2.253445206793136535e+00 9.929029782229930046e-01 -3.253141601027381036e+00 -9.932577594095965967e-01 -1.083297995046256679e+00
-2.264754962158692209e+00 -2.240473524802671257e+00 9.931126659374215349e-01 -3.254901673597323963e+00 -9.939687831619733460e-01 -1.076371880329812347e+00
-2.255267588679127133e+00 -2.227445533853113169e+00 9.933215801441440673e-01 -3.256604247131297925e+00 -9.947996883930925183e-01 -1.069414933218666208e+00
-2.245756165410359273e+00 -2.214361817891699946e+00 9.935296527856298798e-01 -3.258246645647533413e+00 -9.957515312693767662e-01 -1.062427412178953867e+00
-2.236221364862505112e+00 -2.201222966112792889e+00 9.937368145063968372e-01 -3.259826162277679185e+00 -9.968253109549101154e-01 -1.055409576583720588e+00
-2.226663858481205516e+00 -2.188029572893664287e+00 9.939429947181386282e-01 -3.261340059957059445e+00 -9.980219691354110800e-01 -1.048361686746490662e+00
-2.217084316544176481e+00 -2.174782237731669010e+00 9.941481221916025346e-01 -3.262785572173859894e+00 -9.993423894765693927e-01 -1.041284003953912185e+00
-2.207483408064085051e+00 -2.161481565177084896e+00 9.943521244162492057e-01 -3.264159903776408633e+00 -1.000787397025379555e+00 -1.034176790497346232e+00
-2.197861800681708555e+00 -2.148128164773475568e+00 9.945549269148022953e-01 -3.265460231842937766e+00 -1.002357757553652196e+00 -1.027040309703376675e+00
-2.188220160548769222e+00 -2.134722651005881211e+00 9.947564546368702354e-01 -3.266683706619461613e+00 -1.004054176841102208e+00 -1.019874825963102749e+00
-2.178559152228336071e+00 -2.121265643236540210e+00 9.949566346735012612e-01 -3.267827452525044141e+00 -1.005877299906579703e+00 -1.012680604760056946e+00
-2.168879438631281076e+00 -2.107757765615004608e+00 9.951553982625777062e-01 -3.268888569229998708e+00 -1.007827710185182246e+00 -1.005457912696687162e+00
-2.159181680980084117e+00 -2.094199646968832873e+00 9.953526866032323950e-01 -3.269864132808848467e+00 -1.009905928655556728e+00 -9.982070175193350492e-01
-2.149466538852483843e+00 -2.080591920637612446e+00 9.955484555759308574e-01 -3.270751196970561825e+00 -1.012112412920431304e+00 -9.909281881414735427e-01
-2.139734670291577157e+00 -2.066935224260435966e+00 9.957426793167492018e-01 -3.271546794369075251e+00 -1.014447556242794590e+00 -9.836216946652875937e-01
-2.129986731967197677e+00 -2.053230199527371624e+00 9.959353430466783008e-01 -3.272247937993193911e+00 -1.016911686545993510e+00 -9.762878084013693059e-01
-2.120223379240965045e+00 -2.039477492000438374e+00 9.961264161906717707e-01 -3.272851622640505997e+00 -1.019505065377367847e+00 -9.689268018864130028e-01
-2.110445265859498765e+00 -2.025677751197964227e+00 9.963157975571221847e-01 -3.273354826476366330e+00 -1.022227886840580968e+00 -9.615389488988550504e-01
-2.100653042868381615e+00 -2.011831631375642804e+00 9.965033651901932243e-01 -3.273754518325000973e+00 -1.025080268446847187e+00 -9.541245244703513428e-01
-2.090847358205605744e+00 -1.997939791658375652e+00 9.966890059704567317e-01 -3.274047659611632355e+00 -1.028062250207430139e+00 -9.466838048948155171e-01
-2.081028856701061525e+00 -1.984002895880798478e+00 9.968726236732394774e-01 -3.274231206341744027e+00 -1.031173793781194892e+00 -9.392170677351239227e-01
-2.071198180189963267e+00 -1.970021612345033146e+00 9.970541372017391879e-01 -3.274302111110617197e+00 -1.034414781686109119e+00 -9.317245918273160399e-01
-2.061355967605232209e+00 -1.955996613591664657e+00 9.972334768323833920e-01 -3.274257325143032471e+00 -1.037785016573448571e+00 -9.242066572822237314e-01
-2.051502855020560290e+00 -1.941928576203370449e+00 9.974105780245926534e-01 -3.274093800360159179e+00 -1.041284220567511021e+00 -9.166635454845873943e-01
-2.041639475608597820e+00 -1.927818180665328507e+00 9.975853771220707378e-01 -3.273808491468845450e+00 -1.044912034675580692e+00 -9.090955390893172838e-01
-2.031766459539487979e+00 -1.913666111264473280e+00 9.977578101340632832e-01 -3.273398358078374315e+00 -1.048668018259721668e+00 -9.015029220152047662e-01
-2.021884433862503272e+00 -1.899473055997744186e+00 9.979278118965028144e-01 -3.272860366834259072e+00 -1.052551648582546129e+00 -8.938859794358232636e-01
-2.011994022375156899e+00 -1.885239706484732158e+00 9.980953152045377585e-01 -3.272191493568683551e+00 -1.056562320425288526e+00 -8.862449977675342927e-01
-2.002095845479593628e+00 -1.870966757885760279e+00 9.982602514860754450e-01 -3.271388725466964686e+00 -1.060699345776854097e+00 -8.785802646546634342e-01
-1.992190520048141344e+00 -1.856654908810243976e+00 9.984225510022912697e-01 -3.270449063245854493e+00 -1.064961953596945232e+00 -8.708920689518694358e-01
-1.982278659291208056e+00 -1.842304861219705714e+00 9.985821431764160261e-01 -3.269369523342897654e+00 -1.069349289651937207e+00 -8.631807007034382195e-01
-1.972360872629593365e+00 -1.827917320324426775e+00 9.987389562808307586e-01 -3.268147140111668403e+00 -1.073860416427445896e+00 -8.554464511195467580e-01
-1.962437765562119019e+00 -1.813492994480176757e+00 9.988929181885912723e-01 -3.266778968027498564e+00 -1.078494313109650937e+00 -8.476896125495013701e-01
-1.952509939543717099e+00 -1.799032595074022245e+00 9.990439558527508535e-01 -3.265262083889934441e+00 -1.083249875649241911e+00 -8.399104784518712785e-01
-1.942577991855916952e+00 -1.784536836412139671e+00 9.991919943557462380e-01 -3.263593589029702979e+00 -1.088125916896067746e+00 -8.321093433616439938e-01
-1.932642515463479427e+00 -1.770006435614033258e+00 9.993369593097882753e-01 -3.261770611516068730e+00 -1.093121166806905409e+00 -8.242865028541832562e-01
-1.922704098905888337e+00 -1.755442112479809413e+00 9.994787763697671190e-01 -3.259790308355613675e+00 -1.098234272733706884e+00 -8.164422535060673614e-01
-1.912763326182144841e+00 -1.740844589359259897e+00 9.996173695729178021e-01 -3.257649867692030909e+00 -1.103463799778863885e+00 -8.085768928528205279e-01
-1.902820776611655162e+00 -1.726214591034440637e+00 9.997526637749607481e-01 -3.255346510995483111e+00 -1.108808231227668584e+00 -8.006907193433813186e-01
-1.892877024731047575e+00 -1.711552844575042753e+00 9.998845830271199109e-01 -3.252877495247089357e+00 -1.114265969049171634e+00 -7.927840322913729532e-01
-1.882932640167750638e+00 -1.696860079206857108e+00 1.000013051031355849e+00 -3.250240115109960914e+00 -1.119835334472055743e+00 -7.848571318231973848e-01
-1.872988187520980397e+00 -1.682137026173123218e+00 1.000137991249753888e+00 -3.247431705086538223e+00 -1.125514568632857371e+00 -7.769103188229745660e-01
-1.863044226244916057e+00 -1.667384418591801865e+00 1.000259326851406394e+00 -3.244449641659448602e+00 -1.131301833296558312e+00 -7.689438948741720292e-01
-1.853101310531960477e+00 -1.652602991310827996e+00 1.000376979488245111e+00 -3.241291345419736736e+00 -1.137195211643021286e+00 -7.609581621980577859e-01
-1.843159989178657421e+00 -1.637793480772750998e+00 1.000490870396101517e+00 -3.237954283172724157e+00 -1.143192709126249706e+00 -7.529534235888973859e-01
-1.833220805468890102e+00 -1.622956624866053410e+00 1.000600920937851690e+00 -3.234435970025518525e+00 -1.149292254399709279e+00 -7.449299823458319647e-01
-1.823284297066359194e+00 -1.608093162768801987e+00 1.000707052566965016e+00 -3.230733971451206887e+00 -1.155491700309841718e+00 -7.368881422016443361e-01
-1.813350995907850871e+00 -1.593203834790294815e+00 1.000809187304454895e+00 -3.226845905331211295e+00 -1.161788824953668753e+00 -7.288282072482790142e-01
-1.803421428104937885e+00 -1.578289382205646962e+00 1.000907245008568314e+00 -3.222769443970803671e+00 -1.168181332802419092e+00 -7.207504818591611295e-01
-1.793496113806358538e+00 -1.563350547115279987e+00 1.001001145627922195e+00 -3.218502316086210513e+00 -1.174666855889872741e+00 -7.126552706082603938e-01
-1.783575567095742720e+00 -1.548388072280509231e+00 1.001090809422744643e+00 -3.214042308770118872e+00 -1.181242955056698074e+00 -7.045428781860419987e-01
-1.773660295894042616e+00 -1.533402700954555664e+00 1.001176157208704343e+00 -3.209387269418286337e+00 -1.187907121263594101e+00 -6.964136093121906512e-01
-1.763750801867831397e+00 -1.518395176709993910e+00 1.001257108122099115e+00 -3.204535107634520319e+00 -1.194656776955350219e+00 -6.882677686451276200e-01
-1.753847580305827103e+00 -1.503366243286588189e+00 1.001333581146944818e+00 -3.199483797095782123e+00 -1.201489277489153240e+00 -6.801056606885402811e-01
-1.743951120020142520e+00 -1.488316644422436497e+00 1.001405494442142219e+00 -3.194231377384342263e+00 -1.208401912618379148e+00 -6.719275896947266569e-01
-1.734061903239527469e+00 -1.473247123690614835e+00 1.001472765549695998e+00 -3.188775955786693483e+00 -1.215391908029698209e+00 -6.637338595648105688e-01
-1.724180405507929503e+00 -1.458158424332649084e+00 1.001535312674605382e+00 -3.183115709058038867e+00 -1.222456426932015949e+00 -6.555247737460053736e-01
-1.714307095604660880e+00 -1.443051289078350230e+00 1.001593053543791578e+00 -3.177248885146348290e+00 -1.229592571699754000e+00 -6.473006351258215885e-01
-1.704442435449598392e+00 -1.427926459975829232e+00 1.001645904806795828e+00 -3.171173804875184743e+00 -1.236797385568274121e+00 -6.390617459231948683e-01
-1.694586880001806906e+00 -1.412784678226731261e+00 1.001693783584168385e+00 -3.164888863586641676e+00 -1.244067854377935323e+00 -6.308084075766600129e-01
-1.684740877184294217e+00 -1.397626684005899067e+00 1.001736606609348934e+00 -3.158392532748284243e+00 -1.251400908361485875e+00 -6.225409206296352860e-01
-1.674904867798356234e+00 -1.382453216288942466e+00 1.001774290909866583e+00 -3.151683361515636328e+00 -1.258793423979009729e+00 -6.142595846129199622e-01
-1.665079285450936863e+00 -1.367265012672737923e+00 1.001806754089512808e+00 -3.144759978246597143e+00 -1.266242225800478627e+00 -6.059646979241946063e-01
-1.655264556488922567e+00 -1.352062809192771109e+00 1.001833913367128348e+00 -3.137621091972735865e+00 -1.273744088429805243e+00 -5.976565577048880140e-01
-1.645461099921961434e+00 -1.336847340150480568e+00 1.001855687749414914e+00 -3.130265493827149914e+00 -1.281295738468401391e+00 -5.893354597142388407e-01
-1.635669327380987026e+00 -1.321619337919281545e+00 1.001871995501999901e+00 -3.122692058427471107e+00 -1.288893856517040915e+00 -5.810016982006530606e-01
-1.625889643041373178e+00 -1.306379532776325680e+00 1.001882753031237083e+00 -3.114899745212774018e+00 -1.296535079214789388e+00 -5.726555657705268976e-01
-1.616122443531595287e+00 -1.291128652745597183e+00 1.001887875959805774e+00 -3.106887599734185379e+00 -1.304216001313004636e+00 -5.642973532544849347e-01
-1.606368117860791367e+00 -1.275867423431013670e+00 1.001887274619218227e+00 -3.098654754892862240e+00 -1.311933177786398952e+00 -5.559273495710195245e-01
-1.596627047224206786e+00 -1.260596567730192019e+00 1.001880851713856435e+00 -3.090200431889239319e+00 -1.319683126193664346e+00 -5.475458415860758876e-01
-1.586899604834200117e+00 -1.245316805739204113e+00 1.001868502522303306e+00 -3.081523941363302210e+00 -1.327462328837600625e+00 -5.391531139702697706e-01
-1.577186155757108965e+00 -1.230028854655571102e+00 1.001850118123562838e+00 -3.072624684482646362e+00 -1.335267234955849425e+00 -5.307494490536128762e-01
-1.567487056803109402e+00 -1.214733428650336400e+00 1.001825597415003877e+00 -3.063502153980662612e+00 -1.343094262938658634e+00 -5.223351266780925650e-01
-1.557802656604186264e+00 -1.199431238623557494e+00 1.001794873644380468e+00 -3.054155935145532741e+00 -1.350939802571324400e+00 -5.139104240479260843e-01
-1.548133296103714418e+00 -1.184122991704372296e+00 1.001757956222654400e+00 -3.044585706756787857e+00 -1.358800217301403768e+00 -5.054756155778922233e-01
-1.538479309687101004e+00 -1.168809390341957410e+00 1.001714781615355987e+00 -3.034791241889285729e+00 -1.366671846574139870e+00 -4.970309727394950361e-01
-1.528841024036045937e+00 -1.153491132851675260e+00 1.001665248386684137e+00 -3.024772408748067409e+00 -1.374551008137999020e+00 -4.885767639049607980e-01
-1.519218757518337126e+00 -1.138168913622294998e+00 1.001609240440038517e+00 -3.014529171451247436e+00 -1.382434000369226368e+00 -4.801132541895405392e-01
-1.509612819933757288e+00 -1.122843423100266413e+00 1.001546642816663502e+00 -3.004061590759162570e+00 -1.390317104614597010e+00 -4.716407052920577603e-01
-1.500023512503667611e+00 -1.107515347624484114e+00 1.001477347532179207e+00 -2.993369824754992248e+00 -1.398196587547853920e+00 -4.631593753337883146e-01
-1.490451127952859389e+00 -1.092185369208533263e+00 1.001401254481153691e+00 -2.982454129477894789e+00 -1.406068703537818321e+00 -4.546695186959104906e-01
-1.480895950608267952e+00 -1.076854165317408629e+00 1.001318267677834051e+00 -2.971314859504668782e+00 -1.413929697028932786e+00 -4.461713858553030265e-01
-1.471358256443255907e+00 -1.061522408683344576e+00 1.001228293900959576e+00 -2.959952468476946041e+00 -1.421775804934054754e+00 -4.376652232190674785e-01
-1.461838313104315779e+00 -1.046190767137441302e+00 1.001131240880615891e+00 -2.948367509577602075e+00 -1.429603259036171137e+00 -4.291512729578420560e-01
-1.452336379913392150e+00 -1.030859903461925686e+00 1.001027015203317605e+00 -2.936560635951700693e+00 -1.437408288399689704e+00 -4.206297728378107781e-01
-1.442852707841035365e+00 -1.015530475265010946e+00 1.000915521631645877e+00 -2.924532601081371030e+00 -1.445187121785413975e+00 -4.121009560519662274e-01
-1.433387539472402494e+00 -1.000203134865448984e+00 1.000796664462888286e+00 -2.912284259111095341e+00 -1.452935990069763150e+00 -4.035650510503319133e-01
-1.423941108997131888e+00 -9.848785291671267039e-01 1.000670346427566804e+00 -2.899816565121346557e+00 -1.460651128667915799e+00 -3.950222813695771218e-01
-1.414513642185579512e+00 -9.695572995474890376e-01 1.000536468680624402e+00 -2.887130575344699412e+00 -1.468328779962027486e+00 -3.864728654618673764e-01
-1.405105356367954972e+00 -9.542400817492118215e-01 1.000394931393153497e+00 -2.874227447340829578e+00 -1.475965195726081314e+00 -3.779170165231305889e-01
-1.395716460425811434e+00 -9.389275057697563653e-01 1.000245636796053716e+00 -2.861108440117763330e+00 -1.483556639551845358e+00 -3.693549423211710536e-01
-1.386347154833138529e+00 -9.236201957254674966e-01 1.000088483602448841e+00 -2.847774914198855978e+00 -1.491099389274834763e+00 -3.607868450235325875e-01
-1.376997631615381801e+00 -9.083187697720274123e-01 9.999233703863131817e-01 -2.834228331644309762e+00 -1.498589739395445930e+00 -3.522129210250657394e-01
-1.367668074363155517e+00 -8.930238399962515672e-01 9.997501951116843921e-01 -2.820470256022125977e+00 -1.506024003496452490e+00 -3.436333607758181308e-01
-1.358358658242160066e+00 -8.777360123164390515e-01 9.995688548380001759e-01 -2.806502352328295924e+00 -1.513398516655776627e+00 -3.350483486090414242e-01
-1.349069550001700923e+00 -8.624558863890290361e-01 9.993792461056622001e-01 -2.792326386857065579e+00 -1.520709637853183249e+00 -3.264580625695864824e-01
-1.339800907992199086e+00 -8.471840555153975494e-01 9.991812625392518799e-01 -2.777944227022925094e+00 -1.527953752369292983e+00 -3.178626742428983243e-01
-1.330552882149525162e+00 -8.319211065750753420e-01 9.989747948281960666e-01 -2.763357841131852677e+00 -1.535127274176951051e+00 -3.092623485844337994e-01
-1.321325613982349267e+00 -8.166676199627813659e-01 9.987597308290060427e-01 -2.748569298100763447e+00 -1.542226648324151350e+00 -3.006572437501293105e-01
-1.312119236564595282e+00 -8.014241695283499389e-01 9.985359514183078655e-01 -2.733580767123781285e+00 -1.549248353307936643e+00 -2.920475109279667136e-01
-1.302933881615362610e+00 -7.861913296695042241e-01 9.983033281196698194e-01 -2.718394492954882669e+00 -1.556188907906649987e+00 -2.834332943221901102e-01
-1.293769679374153547e+00 -7.709696753987480555e-01 9.980617254399508642e-01 -2.703012795324587714e+00 -1.563044872717445966e+00 -2.748147311405603754e-01
-1.284626758519770595e+00 -7.557597823927846292e-01 9.978110156470152425e-01 -2.687438068271559288e+00 -1.569812851693993316e+00 -2.661919515843761408e-01
-1.275505246323162867e+00 -7.405622269112321909e-01 9.975511023668485189e-01 -2.671672779376264906e+00 -1.576489493684768428e+00 -2.575650788415313475e-01
-1.266405269573458892e+00 -7.253775860612141635e-01 9.972818994180914220e-01 -2.655719462745868231e+00 -1.583071495532169415e+00 -2.489342290941876923e-01
-1.257326954779067751e+00 -7.102064377018990626e-01 9.970033115929489709e-01 -2.639580718086009359e+00 -1.589555603366537229e+00 -2.402995115298478535e-01
-1.248270428079270911e+00 -6.950493605231091720e-01 9.967152334055473517e-01 -2.623259209746096943e+00 -1.595938613876011436e+00 -2.316610283557340166e-01
-1.239235815139595465e+00 -6.799069341346122286e-01 9.964175442799098059e-01 -2.606757665734579454e+00 -1.602217375552969170e+00 -2.230188748168745183e-01
-1.230223240975835131e+00 -6.647797391973697678e-01 9.961101160007979072e-01 -2.590078876701884525e+00 -1.608388789917231554e+00 -2.143731392176245476e-01
-1.221232829892710647e+00 -6.496683574866923827e-01 9.957928162830524954e-01 -2.573225694906165373e+00 -1.614449812712160703e+00 -2.057239029464573155e-01
-1.212264705477613447e+00 -6.345733719226656078e-01 9.954655059736904343e-01 -2.556201033151336510e+00 -1.620397455076307391e+00 -1.970712405042737980e-01
-1.203318990553000178e+00 -6.194953666251987734e-01 9.951280429796746096e-01 -2.539007863701801426e+00 -1.626228784689388585e+00 -1.884152195362545912e-01
-1.194395807189382763e+00 -6.044349269335449470e-01 9.947802835762075135e-01 -2.521649217178237645e+00 -1.631940926891625843e+00 -1.797559008674665393e-01
-1.185495276738844694e+00 -5.893926394133486291e-01 9.944220818020139685e-01 -2.504128181427554445e+00 -1.637531065778030870e+00 -1.710933385417461872e-01
-1.176617519860553074e+00 -5.743690918687271996e-01 9.940532893716151897e-01 -2.486447900372735109e+00 -1.642996445266297068e+00 -1.624275798639347179e-01
-1.167762656546152744e+00 -5.593648733547293972e-01 9.936737542755282870e-01 -2.468611572846899360e+00 -1.648334370137630733e+00 -1.537586654456467861e-01
-1.158930806125265667e+00 -5.443805742014538041e-01 9.932833205056357251e-01 -2.450622451405807034e+00 -1.653542207051704072e+00 -1.450866292545724967e-01
-1.150122087268060866e+00 -5.294167860395253555e-01 9.928818297296315709e-01 -2.432483841126799717e+00 -1.658617385534450150e+00 -1.364114986672591567e-01
-1.141336618014159976e+00 -5.144741018096983254e-01 9.924691218297233553e-01 -2.414199098385599207e+00 -1.663557398940315402e+00 -1.277332945253696617e-01
-1.132574515810927052e+00 -4.995531157670103362e-01 9.920450331912908926e-01 -2.395771629618715259e+00 -1.668359805387670258e+00 -1.190520311951748234e-01
-1.123835897527388328e+00 -4.846544234990566302e-01 9.916093940799119988e-01 -2.377204890075117927e+00 -1.673022228667243816e+00 -1.103677166305154916e-01
-1.115120879430293366e+00 -4.697786219658310891e-01 9.911620313944078386e-01 -2.358502382546100229e+00 -1.677542359125234084e+00 -1.016803524389919833e-01
-1.106429577202716175e+00 -4.549263095142128677e-01 9.907027681431224142e-01 -2.339667656087802694e+00 -1.681917954519331904e+00 -9.298993395146630536e-02
-1.097762105956179068e+00 -4.400980858956207165e-01 9.902314246086322269e-01 -2.320704304724946709e+00 -1.686146840849380713e+00 -8.429645029498251951e-02
-1.089118580261568825e+00 -4.252945522723461380e-01 9.897478166559668944e-01 -2.301615966145226899e+00 -1.690226913161679168e+00 -7.559988446882190405e-02
-1.080499114156501461e+00 -4.105163112374135004e-01 9.892517549645902797e-01 -2.282406320379638753e+00 -1.694156136327702011e+00 -6.690021342361401890e-02
-1.071903821142709212e+00 -3.957639668392292087e-01 9.887430461604748144e-01 -2.263079088474548417e+00 -1.697932545796895454e+00 -5.819740814382606819e-02
-1.063332814201839671e+00 -3.810381245949110429e-01 9.882214939977020940e-01 -2.243638031151014012e+00 -1.701554248324274932e+00 -4.949143373325369522e-02
-1.054786205830473778e+00 -3.663393914922750128e-01 9.876868957047929554e-01 -2.224086947452599716e+00 -1.705019422672884755e+00 -4.078224950356013068e-02
-1.046264108022693762e+00 -3.516683760211369858e-01 9.871390448632235692e-01 -2.204429673384785460e+00 -1.708326320291117639e+00 -3.206980906568692585e-02
-1.037766632297064007e+00 -3.370256881786271030e-01 9.865777295389807078e-01 -2.184670080541353254e+00 -1.711473265965447466e+00 -2.335406042444437141e-02
-1.029293889697798559e+00 -3.224119394885165413e-01 9.860027337437259343e-01 -2.164812074725098512e+00 -1.714458658448358763e+00 -1.463494607587624043e-02
-1.020845990819286175e+00 -3.078277430065505804e-01 9.854138364263504979e-01 -2.144859594561210780e+00 -1.717280971061881045e+00 -5.912403107420704379e-03
-1.012423045817714140e+00 -2.932737133326370760e-01 9.848108103957632364e-01 -2.124816610097219005e+00 -1.719938752277202942e+00 2.813636698970183384e-03
-1.004025164408755888e+00 -2.787504666300657519e-01 9.841934227587697537e-01 -2.104687121400954375e+00 -1.722430626270223364e+00 1.154324676119447383e-02
-9.956524558738357733e-01 -2.642586206393615633e-01 9.835614339035341214e-01 -2.084475157150123881e+00 -1.724755293453565930e+00 2.027650558865783798e-02
-9.873050290537848106e-01 -2.497987946987469954e-01 9.829145984757960974e-01 -2.064184773209120749e+00 -1.726911530985177468e+00 2.901349667119271225e-02
-9.789829923587682892e-01 -2.353716097542530861e-01 9.822526645376640220e-01 -2.043820051204238375e+00 -1.728898193253662896e+00 3.775430836555176278e-02
-9.706864537682906580e-01 -2.209776883746656928e-01 9.815753759365817288e-01 -2.023385097087471607e+00 -1.730714212340604075e+00 4.649903377924806402e-02
-9.624155208678897289e-01 -2.066176547449320999e-01 9.808824686751271837e-01 -2.002884039697526930e+00 -1.732358598460180144e+00 5.524777065207493731e-02
-9.541703008359818661e-01 -1.922921346877006776e-01 9.801736736826809349e-01 -1.982321029311776117e+00 -1.733830440376093796e+00 6.400062123536934267e-02
-9.459509004731430082e-01 -1.780017556596056316e-01 9.794487138584678787e-01 -1.961700236192059021e+00 -1.735128905796099685e+00 7.275769216875523082e-02
-9.377574261916143961e-01 -1.637471467698548011e-01 9.787073040635977383e-01 -1.941025849127810954e+00 -1.736253241744524223e+00 8.151909435489450295e-02
-9.295899840074035581e-01 -1.495289387960947458e-01 9.779491533227225863e-01 -1.920302073971287493e+00 -1.737202774912651737e+00 9.028494283198214287e-02
-9.214486795669025732e-01 -1.353477641802065534e-01 9.771739622983934836e-01 -1.899533132169873406e+00 -1.737976911987529238e+00 9.905535664416692532e-02
-9.133336181404465570e-01 -1.212042570422968701e-01 9.763814249646421972e-01 -1.878723259289651004e+00 -1.738575139958825400e+00 1.078304587100702983e-01
-9.052449046426720436e-01 -1.070990531784450361e-01 9.755712266346793227e-01 -1.857876703532928664e+00 -1.738997026404159651e+00 1.166103756891558041e-01
-8.971826436284278117e-01 -9.303279007250297994e-02 9.747430429630646875e-01 -1.836997724253492725e+00 -1.739242219753251106e+00 1.253952378463822070e-01
-8.891469392777713310e-01 -7.900610691287912601e-02 9.738965396688933351e-01 -1.816090590465191612e+00 -1.739310449530682146e+00 1.341851789150503849e-01
-8.811378953807671444e-01 -6.501964460865128359e-02 9.730313756027751948e-01 -1.795159579347035850e+00 -1.739201526577615287e+00 1.429803359578813160e-01
-8.731556153691708566e-01 -5.107404577841734294e-02 9.721472010264730068e-01 -1.774208974740695055e+00 -1.738915343252166235e+00 1.517808492264521303e-01
-8.652002023277414189e-01 -3.716995475041473540e-02 9.712436556630443807e-01 -1.753243065648135479e+00 -1.738451873609471843e+00 1.605868620190355200e-01
-8.572717589823439788e-01 -2.330801757525646778e-02 9.703203698780507036e-01 -1.732266144720113532e+00 -1.737811173560251721e+00 1.693985205370202307e-01
-8.493703877085665432e-01 -9.488882025995071245e-03 9.693769644259065954e-01 -1.711282506742618725e+00 -1.736993381008814952e+00 1.782159737400056398e-01
-8.414961905411839638e-01 4.286802402565736969e-03 9.684130474925150001e-01 -1.690296447118952772e+00 -1.735998715970393569e+00 1.870393731992037456e-01
-8.336492691470338556e-01 1.801838447465309301e-02 9.674282172653645429e-01 -1.669312260347139976e+00 -1.734827480667620714e+00 1.958688729498034575e-01
-8.258297248384347533e-01 3.170521121745739634e-02 9.664220588022501834e-01 -1.648334238496675264e+00 -1.733480059606989476e+00 2.047046293423883390e-01
-8.180376585481194951e-01 4.534662790433952040e-02 9.653941454661439936e-01 -1.627366669676944877e+00 -1.731956919633834469e+00 2.135468008929877204e-01
-8.102731708293489099e-01 5.894197805257084255e-02 9.643440394036740804e-01 -1.606413836503657100e+00 -1.730258609966971006e+00 2.223955481321286121e-01
-8.025363618678214017e-01 7.249060342846647131e-02 9.632712912533979432e-01 -1.585480014560243234e+00 -1.728385762212390819e+00 2.312510334529053191e-01
-7.948273314951475044e-01 8.599184405366244732e-02 9.621754378698006427e-01 -1.564569470857540612e+00 -1.726339090356563855e+00 2.401134209583462853e-01
-7.871461791770304472e-01 9.944503819781091991e-02 9.610560026367909181e-01 -1.543686462287925165e+00 -1.724119390738492186e+00 2.489828763080191298e-01
-7.794930040118810410e-01 1.128495223775183298e-01 9.599124938299486987e-01 -1.522835234078125932e+00 -1.721727542001396660e+00 2.578595665636743139e-01
-7.718679047136487448e-01 1.262046313469147307e-01 9.587444044608817162e-01 -1.502020018236850829e+00 -1.719164505023019096e+00 2.667436600344101905e-01
-7.642709795992410626e-01 1.395096980913379525e-01 9.575512130014576240e-01 -1.481245031997954653e+00 -1.716431322824481631e+00 2.756353261214282702e-01
-7.567023265925136855e-01 1.527640538308379092e-01 9.563323817199105292e-01 -1.460514476261807415e+00 -1.713529120458239685e+00 2.845347351620031717e-01
-7.491620432131695928e-01 1.659670280155274291e-01 9.550873562391556382e-01 -1.439832534035105471e+00 -1.710459104875106995e+00 2.934420582734605931e-01
-7.416502265673106109e-01 1.791179483222835600e-01 9.538155654827958907e-01 -1.419203368868382276e+00 -1.707222564770077167e+00 3.023574671966359206e-01
-7.341669733449749380e-01 1.922161406559692587e-01 9.525164200229480072e-01 -1.398631123288447409e+00 -1.703820870405803323e+00 3.112811341392806019e-01
-7.267123798040895366e-01 2.052609291432063721e-01 9.511893115881581151e-01 -1.378119917229462033e+00 -1.700255473414654883e+00 3.202132316191781403e-01
-7.192865417565581510e-01 2.182516361277144767e-01 9.498336128749736984e-01 -1.357673846462781553e+00 -1.696527906579177181e+00 3.291539323074227363e-01
-7.118895545608538988e-01 2.311875821696158795e-01 9.484486761430315216e-01 -1.337296981024557851e+00 -1.692639783590479841e+00 3.381034088716138863e-01
-7.045215131055990732e-01 2.440680860400497032e-01 9.470338329619187867e-01 -1.316993363640315051e+00 -1.688592798783942639e+00 3.470618338191990837e-01
-6.971825117996992560e-01 2.568924647197596833e-01 9.455883941588432151e-01 -1.296767008147912792e+00 -1.684388726852426021e+00 3.560293793411118402e-01
-6.898726445718552647e-01 2.696600334033343316e-01 9.441116476540079017e-01 -1.276621897918931658e+00 -1.680029422536707839e+00 3.650062171556594515e-01
-6.825920048528217876e-01 2.823701054937344246e-01 9.426028571019896551e-01 -1.256561984278210309e+00 -1.675516820292692000e+00 3.739925183527270103e-01
-6.753406855515753371e-01 2.950219925933521559e-01 9.410612615241122914e-01 -1.236591184923611753e+00 -1.670852933935866425e+00 3.829884532384901230e-01
-6.681187790384388592e-01 3.076150044992904675e-01 9.394860736361413389e-01 -1.216713382343296290e+00 -1.666039856261609220e+00 3.919941911807512946e-01
-6.609263771189759495e-01 3.201484491938599852e-01 9.378764802723705829e-01 -1.196932422233680127e+00 -1.661079758642158621e+00 4.010099004547232893e-01
-6.537635710263414168e-01 3.326216328449573822e-01 9.362316391784611946e-01 -1.177252111917357347e+00 -1.655974890599652527e+00 4.100357480897314222e-01
-6.466304513863305736e-01 3.450338597913775729e-01 9.345506795113421861e-01 -1.157676218758791675e+00 -1.650727579353872709e+00 4.190718997166485438e-01
-6.395271082028433085e-01 3.573844325396149380e-01 9.328326992782608462e-01 -1.138208468580276467e+00 -1.645340229345243710e+00 4.281185194162617780e-01
-6.324536308260548800e-01 3.696726517507329390e-01 9.310767651670543987e-01 -1.118852544079169675e+00 -1.639815321733099740e+00 4.371757695684263534e-01
-6.254101079339391411e-01 3.818978162346637895e-01 9.292819099970328622e-01 -1.099612083246142236e+00 -1.634155413868643381e+00 4.462438107024772060e-01
-6.183966274986776313e-01 3.940592229352604114e-01 9.274471313178643816e-01 -1.080490677784674114e+00 -1.628363138742220384e+00 4.553228013487397585e-01
-6.114132767528102086e-01 4.061561669152844445e-01 9.255713912150945744e-01 -1.061491871529908870e+00 -1.622441204403502146e+00 4.644128978910785910e-01
-6.044601421710531497e-01 4.181879413495770414e-01 9.236536135640281975e-01 -1.042619158870519591e+00 -1.616392393355714718e+00 4.735142544209811621e-01
-5.975373094373570559e-01 4.301538375093509892e-01 9.216926819299519069e-01 -1.023875983174950210e+00 -1.610219561924118414e+00 4.826270225928295243e-01
-5.906448634063652392e-01 4.420531447426956362e-01 9.196874364191940376e-01 -1.005265735215950862e+00 -1.603925639595124908e+00 4.917513514807215214e-01
-5.837828880481841232e-01 4.538851504445489127e-01 9.176366765368717537e-01 -9.867917516002187028e-01 -1.597513628328810720e+00 5.008873874368747758e-01
-5.769514664488712974e-01 4.656491400582161155e-01 9.155391585171602786e-01 -9.684573131993645667e-01 -1.590986601842265369e+00 5.100352739515849887e-01
-5.701506808011203020e-01 4.773443970703925565e-01 9.133935961741094234e-01 -9.502656435863348072e-01 -1.584347704865289419e+00 5.191951515148574003e-01
-5.633806124274736149e-01 4.889702030235403285e-01 9.111986578849410323e-01 -9.322199074755448400e-01 -1.577600152366914976e+00 5.283671574798879389e-01
-5.566413417900224481e-01 5.005258375192918052e-01 9.089529597966138352e-01 -9.143232091669202255e-01 -1.570747228752086055e+00 5.375514259283441509e-01
-5.499329484433124193e-01 5.120105781871280293e-01 9.066550574642342486e-01 -8.965785909926040631e-01 -1.563792287026995353e+00 5.467480875376590221e-01
-5.432555155378642198e-01 5.234236914168910459e-01 9.043034283433292186e-01 -8.789890141990208683e-01 -1.556738733752574433e+00 5.559572692600909249e-01
-5.366091299521040803e-01 5.347644316453394886e-01 9.018964837950077529e-01 -8.615573524156587837e-01 -1.549590024042065695e+00 5.651790939925502855e-01
-5.299938822109511172e-01 5.460320413095551828e-01 8.994325751821260484e-01 -8.442863903005415338e-01 -1.542349659524262062e+00 5.744136802515402707e-01
-5.234098665063848799e-01 5.572257508590419128e-01 8.969099939087799012e-01 -8.271788222216804876e-01 -1.535021186266643856e+00 5.836611418534505269e-01
-5.168571807519883876e-01 5.683447787876541035e-01 8.943269702058845860e-01 -8.102372509779995902e-01 -1.527608192659683617e+00 5.929215876002735808e-01
-5.103359266598168631e-01 5.793883316780705783e-01 8.916816661616423501e-01 -7.934641865635678748e-01 -1.520114307264000209e+00 6.021951209711798869e-01
-5.038462097780764815e-01 5.903556042228625955e-01 8.889721694789536333e-01 -7.768620449764567226e-01 -1.512543196620588226e+00 6.114818398198694771e-01
-4.973881395015014029e-01 6.012457792291208136e-01 8.861964902069631167e-01 -7.604331470709015939e-01 -1.504898563022395663e+00 6.207818360782568767e-01
-4.909618290909514293e-01 6.120580276271203601e-01 8.833525559320476450e-01 -7.441797174546675997e-01 -1.497184142247747207e+00 6.300951954662774579e-01
-4.845673956877756261e-01 6.227915084749939822e-01 8.804382074539307546e-01 -7.281038834340001209e-01 -1.489403701256424073e+00 6.394219972082276771e-01
-4.782049603314240116e-01 6.334453689640318075e-01 8.774511941054105035e-01 -7.122076740094529512e-01 -1.481561035849973784e+00 6.487623137556034481e-01
-4.718746479799671434e-01 6.440187444235765390e-01 8.743891686353632009e-01 -6.964930189224358692e-01 -1.473659968295545131e+00 6.581162105167291942e-01
-4.655765875321362657e-01 6.545107583245011185e-01 8.712496810737559993e-01 -6.809617477565272914e-01 -1.465704344915522483e+00 6.674837455932889352e-01
-4.593109118436569105e-01 6.649205222769634105e-01 8.680301744190345170e-01 -6.656155890934987163e-01 -1.457698033642370827e+00 6.768649695240351871e-01
-4.530777577611400098e-01 6.752471360358338615e-01 8.647279786736726814e-01 -6.504561697240593965e-01 -1.449644921538019382e+00 6.862599250357303005e-01
-4.468772661602029572e-01 6.854896875052234329e-01 8.613403048219123725e-01 -6.354850139205359127e-01 -1.441548912282919703e+00 6.956686468014003921e-01
-4.407095819913831036e-01 6.956472527441599496e-01 8.578642373169104163e-01 -6.207035427651206305e-01 -1.433413923629149878e+00 7.050911612059574951e-01
-4.345748543235914418e-01 7.057188959662106242e-01 8.542967255411088034e-01 -6.061130735418518434e-01 -1.425243884823647944e+00 7.145274861194912397e-01
-4.284732363799133026e-01 7.157036695296978834e-01 8.506345777859677382e-01 -5.917148191919636702e-01 -1.417042734000917070e+00 7.239776306783285431e-01
-4.224048855971105354e-01 7.256006139367041641e-01 8.468744529463446691e-01 -5.775098878350251042e-01 -1.408814415546917775e+00 7.334415950739310297e-01
-4.163699636914497404e-01 7.354087578298580397e-01 8.430128540344450361e-01 -5.634992823566440379e-01 -1.400562877434548659e+00 7.429193703497223300e-01
-4.103686367549315150e-01 7.451271180011724837e-01 8.390461166753038214e-01 -5.496839000665123542e-01 -1.392292068533887095e+00 7.524109382058251638e-01
-4.044010753390239188e-01 7.547546993856202313e-01 8.349703973193618456e-01 -5.360645324242097054e-01 -1.384005935894704331e+00 7.619162708120486016e-01
-3.984674545309241367e-01 7.642904950421187671e-01 8.307816644808421191e-01 -5.226418648366384367e-01 -1.375708422004566112e+00 7.714353306289494228e-01
-3.925679540599951167e-01 7.737334861436981903e-01 8.264756862719707664e-01 -5.094164765299522557e-01 -1.367403462025217342e+00 7.809680702373901218e-01
-3.867027584068387647e-01 7.830826419590226628e-01 8.220480186611690554e-01 -4.963888404970537849e-01 -1.359094981008485359e+00 7.905144321760941839e-01
-3.808720569312855631e-01 7.923369198341547737e-01 8.174939922176992502e-01 -4.835593235215527308e-01 -1.350786891092790043e+00 8.000743487877481908e-01
-3.750760440142091312e-01 8.014952651711388931e-01 8.128086966576321126e-01 -4.709281862788667894e-01 -1.342483088681160286e+00 8.096477420734419228e-01
-3.693149192038012174e-01 8.105566113956608199e-01 8.079869664875596325e-01 -4.584955835157455972e-01 -1.334187451602358410e+00 8.192345235555487104e-01
-3.635888873881096828e-01 8.195198799261009803e-01 8.030233644395552428e-01 -4.462615643124148157e-01 -1.325903836259920032e+00 8.288345941492309965e-01
-3.578981589854643985e-01 8.283839801377221868e-01 7.979121629081389333e-01 -4.342260724267528182e-01 -1.317636074769244825e+00 8.384478440422127310e-01
-3.522429501482626790e-01 8.371478093173467805e-01 7.926473248111749470e-01 -4.223889467221435545e-01 -1.309387972085241936e+00 8.480741525831237970e-01
-3.466234829894419001e-01 8.458102526128734588e-01 7.872224833274521494e-01 -4.107499216801939745e-01 -1.301163303122746084e+00 8.577133881783288727e-01
-3.410399858370860571e-01 8.543701829793168834e-01 7.816309179035605403e-01 -3.993086279992490439e-01 -1.292965809871766458e+00 8.673654081972450580e-01
-3.354926935010689171e-01 8.628264611095439740e-01 7.758655303752467480e-01 -3.880645932779587248e-01 -1.284799198507791340e+00 8.770300588860857616e-01
-3.299818475717724020e-01 8.711779353597077780e-01 7.699188191944464910e-01 -3.770172427888116573e-01 -1.276667136504094469e+00 8.867071752900377302e-01
-3.245076967538835788e-01 8.794234416697013224e-01 7.637828507307818926e-01 -3.661659003383994637e-01 -1.268573249743788489e+00 8.963965811839265108e-01
-3.190704972318982868e-01 8.875618034739214401e-01 7.574492284600159442e-01 -3.555097892189089670e-01 -1.260521119638550624e+00 9.060980890110803543e-01
-3.136705130729540159e-01 8.955918316034341409e-01 7.509090597553051971e-01 -3.450480332491894231e-01 -1.252514280253925305e+00 9.158114998305720844e-01
-3.083080166722034221e-01 9.035123241802760496e-01 7.441529194276724768e-01 -3.347796579064761247e-01 -1.244556215444464042e+00 9.255366032725910186e-01
-3.029832892415371681e-01 9.113220665012140564e-01 7.371708097302225315e-01 -3.247035915505489534e-01 -1.236650356003158757e+00 9.352731775019937910e-01
-2.976966213426273100e-01 9.190198309087249662e-01 7.299521176595787919e-01 -3.148186667385917126e-01 -1.228800076825330656e+00 9.450209891900062109e-01
-2.924483134752393632e-01 9.266043766526874670e-01 7.224855682086781528e-01 -3.051236216327013473e-01 -1.221008694092052593e+00 9.547797934937600761e-01
-2.872386767238248595e-01 9.340744497413884240e-01 7.147591749218205059e-01 -2.956171014991366697e-01 -1.213279462474663895e+00 9.645493340437114593e-01
-2.820680334793368438e-01 9.414287827893201843e-01 7.067601839651090900e-01 -2.862976602997528985e-01 -1.205615572363909704e+00 9.743293429388794058e-01
-2.769367182277409078e-01 9.486660948518710335e-01 6.984750143016161816e-01 -2.771637623763845149e-01 -1.198020147128034951e+00 9.841195407496375891e-01
-2.718450784207253612e-01 9.557850912532024346e-01 6.898891923334927734e-01 -2.682137842270138073e-01 -1.190496240401660355e+00 9.939196365280297263e-01
-2.667934754361369620e-01 9.627844634077775687e-01 6.809872807850255727e-01 -2.594460163738534497e-01 -1.183046833409298726e+00 1.003729327825464868e+00
-2.617822856387324038e-01 9.696628886380911361e-01 6.717528010538834637e-01 -2.508586653222364404e-01 -1.175674832325797947e+00 1.013548300717658002e+00
-2.568119015513512515e-01 9.764190299907995474e-01 6.621681489517513564e-01 -2.424498556104119906e-01 -1.168383065677994104e+00 1.023376229836636675e+00
-2.518827331516479973e-01 9.830515360568523597e-01 6.522145025212451319e-01 -2.342176319493116665e-01 -1.161174281790617435e+00 1.033212778409658972e+00
-2.469952093061218434e-01 9.895590407989725001e-01 6.418717209638131749e-01 -2.261599614511955458e-01 -1.154051146279443385e+00 1.043057598304888867e+00
-2.421497793532654264e-01 9.959401633899180872e-01 6.311182356140211391e-01 -2.182747359466796766e-01 -1.147016239595913145e+00 1.052910330083616675e+00
-2.373469148606268675e-01 1.002193508074902706e+00 6.199309310602658663e-01 -2.105597743883373951e-01 -1.140072054625546727e+00 1.062770603058952545e+00
-2.325871115747943918e-01 1.008317664067933439e+00 6.082850146596031626e-01 -2.030128253403358229e-01 -1.133220994344857679e+00 1.072638035360659714e+00
-2.278708915796157086e-01 1.014311205490011414e+00 5.961538761540186027e-01 -1.956315695520305376e-01 -1.126465369539185524e+00 1.082512234006086205e+00
-2.231988056963749578e-01 1.020172691372397633e+00 5.835089343899959591e-01 -1.884136226145338711e-01 -1.119807396585990045e+00 1.092392794976895454e+00
-2.185714361483812596e-01 1.025900665741336315e+00 5.703194704444798369e-01 -1.813565376983046207e-01 -1.113249195306804662e+00 1.102279303301381796e+00
-2.139893995159494189e-01 1.031493657806077824e+00 5.565524486508740543e-01 -1.744578083691612491e-01 -1.106792786890010927e+00 1.112171333142256691e+00
-2.094533500241451129e-01 1.036950182287791566e+00 5.421723221144308935e-01 -1.677148714815497321e-01 -1.100440091889570704e+00 1.122068447889639442e+00
-2.049639831916199029e-01 1.042268739921222487e+00 5.271408251442475379e-01 -1.611251101467279234e-01 -1.094192928303056700e+00 1.131970200259056814e+00
-2.005220398882698873e-01 1.047447818182609236e+00 5.114167513759816375e-01 -1.546858567730913236e-01 -1.088053009731676735e+00 1.141876132394173293e+00
-1.961283108453284463e-01 1.052485892302687187e+00 4.949557176090049748e-01 -1.483943961764313535e-01 -1.082021943626424010e+00 1.151785775974102144e+00
-1.917836416620395390e-01 1.057381426635067623e+00 4.777099150411285855e-01 -1.422479687575082252e-01 -1.076101229624024880e+00 1.161698652325050984e+00
-1.874889383586784142e-01 1.062132876469242593e+00 4.596278506197941094e-01 -1.362437737438471075e-01 -1.070292257975665962e+00 1.171614272536036117e+00
-1.832451735304543305e-01 1.066738690400645506e+00 4.406540810498615901e-01 -1.303789724931969651e-01 -1.064596308073018749e+00 1.181532137578496622e+00
-1.790533931525590816e-01 1.071197313391940131e+00 4.207289446093249730e-01 -1.246506918553560439e-01 -1.059014547074826451e+00 1.191451738429507801e+00
-1.749147240855637442e-01 1.075507190691210813e+00 3.997882996304248926e-01 -1.190560275890040209e-01 -1.053548028637569356e+00 1.201372556198416763e+00
-1.708303823320447279e-01 1.079666772817855946e+00 3.777632777472338388e-01 -1.135920478297340885e-01 -1.048197691752945637e+00 1.211294062256635717e+00
-1.668016820751350160e-01 1.083674521864889773e+00 3.545800674999021185e-01 -1.082557966065023081e-01 -1.042964359697897025e+00 1.221215718370350256e+00
-1.628300455190982987e-01 1.087528919431018704e+00 3.301597463950959876e-01 -1.030442974021239522e-01 -1.037848739099488826e+00 1.231136976835921937e+00
-1.589170135211697144e-01 1.091228476563105065e+00 3.044181877454922858e-01 -9.795455675399811213e-02 -1.032851419118752112e+00 1.241057280617773984e+00
-1.550642569665687809e-01 1.094771746181065541e+00 2.772660740996000794e-01 -9.298356789137374179e-02 -1.027972870758528945e+00 1.250976063488510759e+00
-1.512735887720535466e-01 1.098157338556636109e+00 2.486090600981765708e-01 -8.812831440424995222e-02 -1.023213446297660312e+00 1.260892750171012322e+00
-1.475469763149379610e-01 1.101383940540997752e+00 2.183481369649552251e-01 -8.338577393998125586e-02 -1.018573378857061451e+00 1.270806756482329547e+00
-1.438865539505074231e-01 1.104450339367196943e+00 1.863802612649677337e-01 -7.875292192272498326e-02 -1.014052782101367622e+00 1.280717489479126447e+00
-1.402946350884088922e-01 1.107355451980917227e+00 1.525993242374603931e-01 -7.422673529095868972e-02 -1.009651650080726881e+00 1.290624347604470090e+00
-1.367737230420331684e-01 1.110098360968020170e+00 1.168975462453107350e-01 -6.980419624816391888e-02 -1.005369857217805363e+00 1.300526720835737837e+00
-1.333265195148771731e-01 1.112678358195535733e+00 7.916738669038311804e-02 -6.548229602166300012e-02 -1.001207158445729384e+00 1.310423990833441188e+00
-1.299559291418757034e-01 1.115094997210235750e+00 3.930405829221236130e-02 -6.125803862405465594e-02 -9.971631895020954817e-01 1.320315531090765937e+00
-1.266650579699502011e-01 1.117348155160957202e+00 -2.791280684136587809e-03 -5.712844461154231723e-02 -9.932374673846864344e-01 1.330200707083631251e+00
-1.234572031776637324e-01 1.119438104412544543e+00 -4.720760673854479395e-02 -5.309055483345259674e-02 -9.894293909760689676e-01 1.340078876421092025e+00
-1.203358308090090034e-01 1.121365593013602169e+00 -9.401938638293513839e-02 -4.914143416673510956e-02 -9.857382418440872041e-01 1.349949388995898669e+00
-1.173045379737147620e-01 1.123131931647027404e+00 -1.432812751598895873e-01 -4.527817522903099245e-02 -9.821631852264190998e-01 1.359811587135058453e+00
-1.143669961039837091e-01 1.124739082639182985e+00 -1.950223152544298677e-01 -4.149790206353998201e-02 -9.787032712082982533e-01 1.369664805750252734e+00
-1.115268727521212533e-01 1.126189744154225014e+00 -2.492398869500547232e-01 -3.779777378864368487e-02 -9.753574361042148810e-01 1.379508372487942891e+00
-1.087877313600178475e-01 1.127487420180399713e+00 -3.058937665123159788e-01 -3.417498820472619769e-02 -9.721245040556267814e-01 1.389341607879089002e+00
-1.061529116211183954e-01 1.128636464917262661e+00 -3.649007206268777281e-01 -3.062678535019358605e-02 -9.690031888589094589e-01 1.399163825488329183e+00
-1.036253974018079838e-01 1.129642089504292013e+00 -4.261301087572586521e-01 -2.715045099805557527e-02 -9.659920960399474010e-01 1.408974332062563617e+00
-1.012076865965987338e-01 1.130510325994714460e+00 -4.894009321511013644e-01 -2.374332469435591619e-02 -9.630897584428979030e-01 1.418772427720526030e+00
-9.890167440616748351e-02 1.131247932622064578e+00 -5.544806678579151660e-01 -2.040280189934584598e-02 -9.602946391680990956e-01 1.428557406139925323e+00
-9.670857172614288899e-02 1.131862246049287091e+00 -6.210860368693512656e-01 -1.712633604452928893e-02 -9.576051348725957979e-01 1.438328554742246190e+00
-9.462887789490670443e-02 1.132360991196548650e+00 -6.888856256633572039e-01 -1.391144170451674711e-02 -9.550195887156638364e-01 1.448085154878446801e+00
-9.266242142733105425e-02 1.132752067911557692e+00 -7.575039967573142796e-01 -1.075569606302639869e-02 -9.525362944699184986e-01 1.457826482012549940e+00
-9.080847450994067316e-02 1.133043341304902807e+00 -8.265267359850559936e-01 -7.656740235962189445e-03 -9.501535010349833055e-01 1.467551805903377637e+00
-8.906593615812274933e-02 1.133242463441320513e+00 -8.955058538055621353e-01 -4.612280435892124331e-03 -9.478694174258870397e-01 1.477260390784694843e+00
-8.743357078876590194e-02 1.133356747027566502e+00 -9.639651397534755306e-01 -1.620088959171983589e-03 -9.456822183310310548e-01 1.486951495544123203e+00
-8.591028820594326376e-02 1.133393096983268844e+00 -1.031405485145224565e+00 1.321995027068201267e-03 -9.435900503677874251e-01 1.496624373901258132e+00
-8.449545902343658099e-02 1.133357988153580020e+00 -1.097310651422437555e+00 4.216064926447771199e-03 -9.415910392120181438e-01 1.506278274585530097e+00
-8.318926602351162103e-02 1.133257467113236938e+00 -1.161153895547108128e+00 7.064146419625938478e-03 -9.396832978498294020e-01 1.515912441514524867e+00
-8.199306338635681257e-02 1.133097166416984880e+00 -1.222404104581944262e+00 9.868197482968188439e-03 -9.378649363122455451e-01 1.525526113973703746e+00
-8.090958855387020421e-02 1.132882359160827246e+00 -1.280524957591206325e+00 1.263010878409964732e-02 -9.361340734350659387e-01 1.535118526798777472e+00
-7.994257279435723618e-02 1.132618138251798801e+00 -1.334950977299762753e+00 1.535170454490186742e-02 -9.344888514944453828e-01 1.544688910562506345e+00
-7.909483825611474117e-02 1.132309830410993978e+00 -1.385012695280966044e+00 1.803474400420501667e-02 -9.329274551247289660e-01 1.554236491768498096e+00
-7.836367606676386544e-02 1.131963673405817605e+00 -1.429781738645369282e+00 2.068092368220675326e-02 -9.314481370082050571e-01 1.563760493055935452e+00
-7.773319148165658277e-02 1.131587548606126870e+00 -1.467844296722454756e+00 2.329188077054089590e-02 -9.300492551501950977e-01 1.573260133421677365e+00
-7.716747318384431509e-02 1.131191235478126611e+00 -1.497137107040000137e+00 2.586919818769084500e-02 -9.287293322213212576e-01 1.582734628471250682e+00
-7.661881630555145151e-02 1.130785505453175244e+00 -1.515260786697203876e+00 2.841441214628925849e-02 -9.274871638457451439e-01 1.592183190721797814e+00
