-6.059104068264477005e-01 -2.276767625838236775e+00 3.112685411083466303e+00 -2.430872469080592513e+00 -2.314061082452210094e+00 8.722472907527054065e-02
-6.059104068264477005e-01 -2.276767625838236775e+00 3.112685411083466303e+00 -2.430872469080592513e+00 -2.314061082452210094e+00 8.722472907527054065e-02
-6.058678720406941443e-01 -2.276768449024219265e+00 3.110698313880227772e+00 -2.430856527399821054e+00 -2.314056141035811809e+00 8.719140106934095136e-02
-6.057849988833065025e-01 -2.276770007518762462e+00 3.106814709082427850e+00 -2.430824621271672203e+00 -2.314046257218702607e+00 8.712484625082310419e-02
-6.056639391826178498e-01 -2.276772437082451361e+00 3.101123075002980123e+00 -2.430776727808040771e+00 -2.314031431642201930e+00 8.702516585254428672e-02
-6.055068020457053946e-01 -2.276776060059138906e+00 3.093709782061955682e+00 -2.430712824002221328e+00 -2.314011666571321957e+00 8.689246114681201116e-02
-6.053156570273093839e-01 -2.276781351319527413e+00 3.084659098254532328e+00 -2.430632886732095876e+00 -2.313986965892754988e+00 8.672683344540961514e-02
-6.050925380308420642e-01 -2.276788907016318309e+00 3.074053196592163584e+00 -2.430536892763604406e+00 -2.313957335112798663e+00 8.652838409959344446e-02
-6.048394474761001893e-01 -2.276799415971060281e+00 3.061972164425277754e+00 -2.430424818754501448e+00 -2.313922781355207015e+00 8.629721450009145145e-02
-6.045583603621806912e-01 -2.276813633525955005e+00 3.048494014556254239e+00 -2.430296641258397283e+00 -2.313883313358974014e+00 8.603342607710323664e-02
-6.042512279362820538e-01 -2.276832357710491195e+00 3.033694698052153527e+00 -2.430152336729082485e+00 -2.313838941476042077e+00 8.573712030030156139e-02
-6.039199807508278672e-01 -2.276856407590771347e+00 3.017648118667667134e+00 -2.429991881525135788e+00 -2.313789677668946165e+00 8.540839867883530390e-02
-6.035665309538043033e-01 -2.276886603687176436e+00 3.000426148789959502e+00 -2.429815251914813956e+00 -2.313735535508376184e+00 8.504736276133381678e-02
-6.031927737113645938e-01 -2.276923750362445098e+00 2.982098646818484244e+00 -2.429622424081226750e+00 -2.313676530170673651e+00 8.465411413591274192e-02
-6.028005877084744446e-01 -2.276968620096595508e+00 2.962733475894435919e+00 -2.429413374127789016e+00 -2.313612678435248426e+00 8.422875443018122688e-02
-6.023918347133864204e-01 -2.277021939576823417e+00 2.942396523896239291e+00 -2.429188078083959645e+00 -2.313543998681924396e+00 8.377138531125055687e-02
-6.019683582256557530e-01 -2.277084377539466242e+00 2.921151724619342360e+00 -2.428946511911254991e+00 -2.313470510888201659e+00 8.328210848574414682e-02
-6.015319812557643475e-01 -2.277156534307146707e+00 2.899061080060576057e+00 -2.428688651509546048e+00 -2.313392236626448994e+00 8.276102569980901824e-02
-6.010845033076485100e-01 -2.277238932967535767e+00 2.876184683729433367e+00 -2.428414472723630979e+00 -2.313309199061008847e+00 8.220823873912855295e-02
-6.006276966539185747e-01 -2.277332012140923290e+00 2.852580744910802935e+00 -2.428123951350089182e+00 -2.313221422945226813e+00 8.162384942893669004e-02
-6.001633020076697633e-01 -2.277436120282356757e+00 2.828305613805956575e+00 -2.427817063144405818e+00 -2.313128934618397192e+00 8.100795963403346900e-02
-5.996930237048280210e-01 -2.277551511460796263e+00 2.803413807480898523e+00 -2.427493783828377882e+00 -2.313031762002622838e+00 8.036067125880194673e-02
-5.992185245172826358e-01 -2.277678342552977409e+00 2.777958036553569876e+00 -2.427154089097788514e+00 -2.312929934599592396e+00 7.968208624722646072e-02
-5.987414202199310420e-01 -2.277816671783897462e+00 2.751989232553796239e+00 -2.426797954630355747e+00 -2.312823483487268739e+00 7.897230658291221062e-02
-5.982632740345207312e-01 -2.277966458539420369e+00 2.725556575892312150e+00 -2.426425356093950825e+00 -2.312712441316486789e+00 7.823143428910622754e-02
-5.977855910701521669e-01 -2.278127564369861524e+00 2.698707524377635725e+00 -2.426036269155084746e+00 -2.312596842307463874e+00 7.745957142871962020e-02
-5.973098128748294267e-01 -2.278299755096922841e+00 2.671487842222028508e+00 -2.425630669487662594e+00 -2.312476722246214589e+00 7.665682010435119487e-02
-5.968373122048706847e-01 -2.278482703930314823e+00 2.643941629480213606e+00 -2.425208532782000770e+00 -2.312352118480870633e+00 7.582328245831236602e-02
-5.963693881096527871e-01 -2.278675995495127005e+00 2.616111351866954315e+00 -2.424769834754107123e+00 -2.312223069917906049e+00 7.495906067265332984e-02
-5.959072614184346417e-01 -2.278879130666710662e+00 2.588037870902005988e+00 -2.424314551155221764e+00 -2.312089617018260768e+00 7.406425696919063939e-02
-5.954520707042135763e-01 -2.279091532106703344e+00 2.559760474333306668e+00 -2.423842657781612342e+00 -2.311951801793363348e+00 7.313897360953600102e-02
-5.950048687870675979e-01 -2.279312550391958236e+00 2.531316906791611032e+00 -2.423354130484629998e+00 -2.311809667801051127e+00 7.218331289512634752e-02
-5.945666198265523450e-01 -2.279541470627657329e+00 2.502743400632029935e+00 -2.422848945181011793e+00 -2.311663260141384679e+00 7.119737716725525745e-02
-5.941381970397487944e-01 -2.279777519436752886e+00 2.474074706920167621e+00 -2.422327077863437150e+00 -2.311512625452352143e+00 7.018126880710559568e-02
-5.937203810687901040e-01 -2.280019872220115484e+00 2.445344126522696282e+00 -2.421788504611328108e+00 -2.311357811905462079e+00 6.913509023578344459e-02
-5.933138590093751663e-01 -2.280267660585294731e+00 2.416583541264293977e+00 -2.421233201601896035e+00 -2.311198869201228856e+00 6.805894391435328428e-02
-5.929192241001304264e-01 -2.280519979846501677e+00 2.387823445114896082e+00 -2.420661145121426827e+00 -2.311035848564533701e+00 6.695293234387444947e-02
-5.925369760618860449e-01 -2.280775896504213307e+00 2.359092975373145773e+00 -2.420072311576807689e+00 -2.310868802739873829e+00 6.581715806543882163e-02
-5.921675220661460903e-01 -2.281034455619489698e+00 2.330419943813807571e+00 -2.419466677507284835e+00 -2.310697785986487673e+00 6.465172366020978389e-02
-5.918111783033596085e-01 -2.281294688005546245e+00 2.301830867768693611e+00 -2.418844219596456124e+00 -2.310522854073357557e+00 6.345673174946239725e-02
-5.914681721141247239e-01 -2.281555617167176031e+00 2.273351001112378977e+00 -2.418204914684491502e+00 -2.310344064274084008e+00 6.223228499462480495e-02
-5.911386446402158157e-01 -2.281816265927029797e+00 2.245004365125611745e+00 -2.417548739780575495e+00 -2.310161475361633077e+00 6.097848609732089281e-02
-5.908226539473403482e-01 -2.282075662686487760e+00 2.216813779210902169e+00 -2.416875672075574411e+00 -2.309975147602949086e+00 5.969543779941416384e-02
-5.905201785677723914e-01 -2.282332847277570131e+00 2.188800891436263552e+00 -2.416185688954921140e+00 -2.309785142753435494e+00 5.838324288305282717e-02
-5.902311214084459134e-01 -2.282586876371032858e+00 2.160986208884500215e+00 -2.415478768011714017e+00 -2.309591524051295419e+00 5.704200417071610824e-02
-5.899553139686569692e-01 -2.282836828414239072e+00 2.133389127786792905e+00 -2.414754887060027500e+00 -2.309394356211731392e+00 5.567182452526176634e-02
-5.896925208111297723e-01 -2.283081808080488884e+00 2.106027963420622928e+00 -2.414014024148428472e+00 -2.309193705421003440e+00 5.427280684997480564e-02
-5.894424442307615308e-01 -2.283320950219170253e+00 2.078919979753298453e+00 -2.413256157573699934e+00 -2.308989639330339294e+00 5.284505408861742137e-02
-5.892047290667714599e-01 -2.283553423303175123e+00 2.052081418813515246e+00 -2.412481265894759641e+00 -2.308782227049694491e+00 5.138866922548009780e-02
-5.889789676061111257e-01 -2.283778432376564638e+00 2.025527529774493019e+00 -2.411689327946778594e+00 -2.308571539141361040e+00 4.990375528543394140e-02
-5.887647045287617287e-01 -2.283995221511301743e+00 1.999272597733286805e+00 -2.410880322855491364e+00 -2.308357647613418884e+00 4.839041533398417277e-02
-5.885614418488026578e-01 -2.284203075787043957e+00 1.973329972171879332e+00 -2.410054230051693391e+00 -2.308140625913031485e+00 4.684875247732481901e-02
-5.883686438087980530e-01 -2.284401322812450896e+00 1.947712095086621575e+00 -2.409211029285923455e+00 -2.307920548919574877e+00 4.527886986239456485e-02
-5.881857416889941792e-01 -2.284589333810227885e+00 1.922430528773505953e+00 -2.408350700643327347e+00 -2.307697492937607731e+00 4.368087067693383202e-02
-5.880121384969503318e-01 -2.284766524291200085e+00 1.897495983257635466e+00 -2.407473224558695168e+00 -2.307471535689668229e+00 4.205485814954297574e-02
-5.878472135074590543e-01 -2.284932354345128314e+00 1.872918343356091198e+00 -2.406578581831675834e+00 -2.307242756308903964e+00 4.040093554974166778e-02
-5.876903266268478365e-01 -2.285086328577750070e+00 1.848706695364205066e+00 -2.405666753642153211e+00 -2.307011235331525079e+00 3.871920618802947994e-02
-5.875408225599386691e-01 -2.285227995724745220e+00 1.824869353356017632e+00 -2.404737721565791464e+00 -2.306777054689081119e+00 3.700977341594758468e-02
-5.873980347619954800e-01 -2.285356947973966601e+00 1.801413885090444422e+00 -2.403791467589736719e+00 -2.306540297700556685e+00 3.527274062614163541e-02
-5.872612891618768094e-01 -2.285472820027460994e+00 1.778347137515387422e+00 -2.402827974128475930e+00 -2.306301049064286790e+00 3.350821125242580550e-02
-5.871299076462698219e-01 -2.285575287934532351e+00 1.755675261862715386e+00 -2.401847224039843187e+00 -2.306059394849680366e+00 3.171628876984798617e-02
-5.870032112982990213e-01 -2.285664067726474791e+00 1.733403738327704113e+00 -2.400849200641177461e+00 -2.305815422488759481e+00 2.989707669475611534e-02
-5.868805233869381910e-01 -2.285738913882630285e+00 1.711537400327161285e+00 -2.399833887725618009e+00 -2.305569220767501815e+00 2.805067858486567575e-02
-5.867611721065001396e-01 -2.285799617656199878e+00 1.690080458331086000e+00 -2.398801269578541007e+00 -2.305320879816988633e+00 2.617719803932832753e-02
-5.866444930680275727e-01 -2.285846005286793492e+00 1.669036523263303984e+00 -2.397751330994123631e+00 -2.305070491104355579e+00 2.427673869880168228e-02
-5.865298315466472845e-01 -2.285877936125076282e+00 1.648408629467101871e+00 -2.396684057292044034e+00 -2.304818147423537411e+00 2.234940424552023588e-02
-5.864165444908995273e-01 -2.285895300693132626e+00 1.628199257232437747e+00 -2.395599434334295896e+00 -2.304563942885811567e+00 2.039529840336740812e-02
-5.863040023017032087e-01 -2.285898018702348100e+00 1.608410354881848470e+00 -2.394497448542130424e+00 -2.304307972910132118e+00 1.841452493794874801e-02
-5.861915903899976854e-01 -2.285886037048717068e+00 1.589043360412695005e+00 -2.393378086913107605e+00 -2.304050334213251006e+00 1.640718765666624931e-02
-5.860787105232071470e-01 -2.285859327803615226e+00 1.570099222693889018e+00 -2.392241337038258475e+00 -2.303791124799626999e+00 1.437339040879380761e-02
-5.859647819715453343e-01 -2.285817886216188644e+00 1.551578422215736941e+00 -2.391087187119350865e+00 -2.303530443951117945e+00 1.231323708555380828e-02
-5.858492424658096054e-01 -2.285761728741672272e+00 1.533480991392001336e+00 -2.389915625986255510e+00 -2.303268392216450522e+00 1.022683162019483519e-02
-5.857315489787502383e-01 -2.285690891108175471e+00 1.515806534413740359e+00 -2.388726643114404968e+00 -2.303005071400468395e+00 8.114277988070506958e-03
-5.856111783423417760e-01 -2.285605426432765430e+00 1.498554246654920652e+00 -2.387520228642346254e+00 -2.302740584553154335e+00 5.975680206719429476e-03
-5.854876277133643780e-01 -2.285505403396049129e+00 1.481722933630220007e+00 -2.386296373389372505e+00 -2.302475035958423177e+00 3.811142335946284682e-03
-5.853604148996394141e-01 -2.285390904482946350e+00 1.465311029505846463e+00 -2.385055068873239037e+00 -2.302208531122682089e+00 1.620768477904026110e-03
-5.852290785590698041e-01 -2.285262024295914518e+00 1.449316615164587096e+00 -2.383796307327948671e+00 -2.301941176763159458e+00 -5.953372228228045147e-04
-5.850931782833417305e-01 -2.285118867945578280e+00 1.433737435826676343e+00 -2.382520081721610339e+00 -2.301673080795991311e+00 -2.837070579133643515e-03
-5.849522945777593241e-01 -2.284961549522515512e+00 1.418570918228433841e+00 -2.381226385774357635e+00 -2.301404352324071478e+00 -5.104327361326359107e-03
-5.848060287482257369e-01 -2.284790190652855379e+00 1.403814187360963528e+00 -2.379915213976329103e+00 -2.301135101624658841e+00 -7.397003297010587217e-03
-5.846540027058720890e-01 -2.284604919139360035e+00 1.389464082771537212e+00 -2.378586561605700034e+00 -2.300865440136735440e+00 -9.714994071019956642e-03
-5.844958586992813343e-01 -2.284405867688790170e+00 1.375517174430598288e+00 -2.377240424746760450e+00 -2.300595480448121233e+00 -1.205819532532320312e-02
-5.843312589836633375e-01 -2.284193172725561993e+00 1.361969778167620104e+00 -2.375876800308035275e+00 -2.300325336282335265e+00 -1.442650265893417535e-02
-5.841598854357401560e-01 -2.283966973291039704e+00 1.348817970679337952e+00 -2.374495686040445364e+00 -2.300055122485203274e+00 -1.681981162782072298e-02
-5.839814391224774637e-01 -2.283727410027204474e+00 1.336057604114144759e+00 -2.373097080555492511e+00 -2.299784955011210830e+00 -1.923801774481249255e-02
-5.837956398311913153e-01 -2.283474624242946227e+00 1.323684320236692136e+00 -2.371680983343475990e+00 -2.299514950909598454e+00 -2.168101647950759769e-02
-5.836022255679435000e-01 -2.283208757060796845e+00 1.311693564176982907e+00 -2.370247394791723750e+00 -2.299245228310194733e+00 -2.414870325817819463e-02
-5.834009520305473151e-01 -2.282929948641567286e+00 1.300080597768468849e+00 -2.368796316202842700e+00 -2.298975906408986525e+00 -2.664097346367495095e-02
-5.831915920619242799e-01 -2.282638337484074409e+00 1.288840512479875855e+00 -2.367327749812971671e+00 -2.298707105453427602e+00 -2.915772243533040417e-02
-5.829739350889950877e-01 -2.282334059796915060e+00 1.277968241945685701e+00 -2.365841698810040583e+00 -2.298438946727472842e+00 -3.169884546886121007e-02
-5.827477865517567412e-01 -2.282017248939070875e+00 1.267458574100384094e+00 -2.364338167352022957e+00 -2.298171552536350859e+00 -3.426423781626929815e-02
-5.825129673266901120e-01 -2.281688034926015352e+00 1.257306162921763670e+00 -2.362817160585181320e+00 -2.297905046191059064e+00 -3.685379468574191686e-02
-5.822693131481667672e-01 -2.281346543997902820e+00 1.247505539788728024e+00 -2.361278684662295291e+00 -2.297639551992587847e+00 -3.946741124155057900e-02
-5.820166740310764864e-01 -2.280992898246394951e+00 1.238051124459194519e+00 -2.359722746760868795e+00 -2.297375195215868526e+00 -4.210498260394888309e-02
-5.817549136974810020e-01 -2.280627215296653354e+00 1.228937235673829731e+00 -2.358149355101310185e+00 -2.297112102093443742e+00 -4.476640384906926257e-02
-5.814839090097115859e-01 -2.280249608041067244e+00 1.220158101391476402e+00 -2.356558518965077731e+00 -2.296850399798858522e+00 -4.745157000881860404e-02
-5.812035494119754953e-01 -2.279860184421310443e+00 1.211707868662245779e+00 -2.354950248712785577e+00 -2.296590216429770237e+00 -5.016037607077276222e-02
-5.809137363822068911e-01 -2.279459047255400161e+00 1.203580613144351608e+00 -2.353324555802262186e+00 -2.296331680990777002e+00 -5.289271697806999240e-02
-5.806143828956037423e-01 -2.279046294106508608e+00 1.195770348270854377e+00 -2.351681452806559935e+00 -2.296074923375958310e+00 -5.564848762930325876e-02
-5.803054129010212225e-01 -2.278622017190365501e+00 1.188271034072566401e+00 -2.350020953431900761e+00 -2.295820074351134998e+00 -5.842758287841142567e-02
-5.799867608111497486e-01 -2.278186303318210815e+00 1.181076585663441758e+00 -2.348343072535560960e+00 -2.295567265535838786e+00 -6.122989753456937329e-02
-5.796583710071888662e-01 -2.277739233872356106e+00 1.174180881394835341e+00 -2.346647826143683169e+00 -2.295316629384990925e+00 -6.405532636207698916e-02
-5.793201973585333509e-01 -2.277280884811542894e+00 1.167577770685070071e+00 -2.344935231469009729e+00 -2.295068299170297532e+00 -6.690376408024703569e-02
-5.789722027578199093e-01 -2.276811326703412242e+00 1.161261081530793993e+00 -2.343205306928531684e+00 -2.294822408961348703e+00 -6.977510536329196988e-02
-5.786143586715269960e-01 -2.276330624781517820e+00 1.155224627706647356e+00 -2.341458072161048065e+00 -2.294579093606425868e+00 -7.266924484020953479e-02
-5.782466447061961334e-01 -2.275838839024456384e+00 1.149462215659782238e+00 -2.339693548044626592e+00 -2.294338488713018709e+00 -7.558607709466738656e-02
-5.778690481902243326e-01 -2.275336024254809519e+00 1.143967651105802563e+00 -2.337911756713957789e+00 -2.294100730628045426e+00 -7.852549666488649327e-02
-5.774815637710845051e-01 -2.274822230255720612e+00 1.138734745332697917e+00 -2.336112721577455087e+00 -2.293865956417792340e+00 -8.148739804352349292e-02
-5.770841930277473830e-01 -2.274297501903062457e+00 1.133757321219355019e+00 -2.334296467334520120e+00 -2.293634303847534195e+00 -8.447167567755188566e-02
-5.766769440980115125e-01 -2.273761879311261058e+00 1.129029218975221793e+00 -2.332463019992550013e+00 -2.293405911360869354e+00 -8.747822396814214363e-02
-5.762598313203920464e-01 -2.273215397990983266e+00 1.124544301607695918e+00 -2.330612406883806997e+00 -2.293180918058759232e+00 -9.050693727054071047e-02
-5.758328748901744287e-01 -2.272658089016984739e+00 1.120296460123789695e+00 -2.328744656682154801e+00 -2.292959463678267973e+00 -9.355770989394783521e-02
-5.753961005292073105e-01 -2.272089979204556354e+00 1.116279618472602708e+00 -2.326859799419645825e+00 -2.292741688571009462e+00 -9.663043610139435136e-02
-5.749495391689786183e-01 -2.271511091293092921e+00 1.112487738235108825e+00 -2.324957866502963544e+00 -2.292527733681290592e+00 -9.972501010961727641e-02
-5.744932266465072601e-01 -2.270921444135427958e+00 1.108914823067725930e+00 -2.323038890729698824e+00 -2.292317740523963643e+00 -1.028413260889343150e-01
-5.740272034125660783e-01 -2.270321052891667080e+00 1.105554922906105242e+00 -2.321102906304467250e+00 -2.292111851161974911e+00 -1.059792781631172104e-01
-5.735515142517528808e-01 -2.269709929226357392e+00 1.102402137935528659e+00 -2.319149948854851928e+00 -2.291910208183619790e+00 -1.091387604092640268e-01
-5.730662080139219405e-01 -2.269088081507914634e+00 1.099450622334257499e+00 -2.317180055447165543e+00 -2.291712954679500758e+00 -1.123196668576702251e-01
-5.725713373564954578e-01 -2.268455515009318191e+00 1.096694587796124942e+00 -2.315193264602031675e+00 -2.291520234219183827e+00 -1.155218914916986556e-01
-5.720669584971844746e-01 -2.267812232109169379e+00 1.094128306838607401e+00 -2.313189616309767604e+00 -2.291332190827565896e+00 -1.187453282476484268e-01
-5.715531309766570534e-01 -2.267158232492279879e+00 1.091746115902547665e+00 -2.311169152045571273e+00 -2.291148968960938337e+00 -1.219898710146225806e-01
-5.710299174307083003e-01 -2.266493513349038924e+00 1.089542418249645817e+00 -2.309131914784498196e+00 -2.290970713482762378e+00 -1.252554136343946856e-01
-5.704973833715030196e-01 -2.265818069572866467e+00 1.087511686663758637e+00 -2.307077949016225649e+00 -2.290797569639145159e+00 -1.285418499012742355e-01
-5.699555969774781072e-01 -2.265131893955139919e+00 1.085648465961984943e+00 -2.305007300759597921e+00 -2.290629683034025366e+00 -1.318490735619709531e-01
-5.694046288915134424e-01 -2.264434977377026925e+00 1.083947375321438811e+00 -2.302920017576940204e+00 -2.290467199604064419e+00 -1.351769783154579130e-01
-5.688445520269961309e-01 -2.263727308997731225e+00 1.082403110427533566e+00 -2.300816148588139320e+00 -2.290310265593248573e+00 -1.385254578128335690e-01
-5.682754413814274930e-01 -2.263008876438700856e+00 1.081010445449529067e+00 -2.298695744484479775e+00 -2.290159027527199243e+00 -1.418944056571824763e-01
-5.676973738572392847e-01 -2.262279665963404351e+00 1.079764234849004634e+00 -2.296558857542234211e+00 -2.290013632187196446e+00 -1.452837154034350986e-01
-5.671104280895086225e-01 -2.261539662652330751e+00 1.078659415026844925e+00 -2.294405541635995416e+00 -2.289874226583914929e+00 -1.486932805582261985e-01
-5.665146842802790683e-01 -2.260788850572911901e+00 1.077691005814237490e+00 -2.292235852251742756e+00 -2.289740957930874732e+00 -1.521229945797523131e-01
-5.659102240392176464e-01 -2.260027212944104580e+00 1.076854111813092985e+00 -2.290049846499640385e+00 -2.289613973617607545e+00 -1.555727508776278134e-01
-5.652971302303539947e-01 -2.259254732295419288e+00 1.076143923591216023e+00 -2.287847583126560114e+00 -2.289493421182546395e+00 -1.590424428127399925e-01
-5.646754868246688375e-01 -2.258471390620203856e+00 1.075555718737458921e+00 -2.285629122528312962e+00 -2.289379448285628005e+00 -1.625319636971028769e-01
-5.640453787583156187e-01 -2.257677169523044647e+00 1.075084862782002881e+00 -2.283394526761595600e+00 -2.289272202680626478e+00 -1.660412067937099556e-01
-5.634068917962745671e-01 -2.256872050361157900e+00 1.074726809986819909e+00 -2.281143859555632591e+00 -2.289171832187207656e+00 -1.695700653163855764e-01
-5.627601124012586720e-01 -2.256056014379694385e+00 1.074477104011272610e+00 -2.278877186323514437e+00 -2.289078484662711244e+00 -1.731184324296352883e-01
-5.621051276076990399e-01 -2.255229042840888987e+00 1.074331378457717090e+00 -2.276594574173226082e+00 -2.288992307973665152e+00 -1.766862012484949618e-01
-5.614420249006589758e-01 -2.254391117147029000e+00 1.074285357301879573e+00 -2.274296091918348584e+00 -2.288913449967032943e+00 -1.802732648383787162e-01
-5.607708920995313484e-01 -2.253542218957226950e+00 1.074334855212680573e+00 -2.271981810088440579e+00 -2.288842058441195260e+00 -1.838795162149256257e-01
-5.600918172463925648e-01 -2.252682330298011237e+00 1.074475777766086271e+00 -2.269651800939080033e+00 -2.288778281116674584e+00 -1.875048483438452596e-01
-5.594048884988904735e-01 -2.251811433667763485e+00 1.074704121557470193e+00 -2.267306138461569365e+00 -2.288722265606596640e+00 -1.911491541407620287e-01
-5.587101940275592815e-01 -2.250929512135054988e+00 1.075015974216869674e+00 -2.264944898392289296e+00 -2.288674159386904439e+00 -1.948123264710582558e-01
-5.580078219174596788e-01 -2.250036549430950661e+00 1.075407514331429004e+00 -2.262568158221700543e+00 -2.288634109766315206e+00 -1.984942581497161074e-01
-5.572978600740506883e-01 -2.249132530035353295e+00 1.075875011279221249e+00 -2.260175997202980458e+00 -2.288602263856033936e+00 -2.021948419411583320e-01
-5.565803961332084215e-01 -2.248217439257495620e+00 1.076414824978546125e+00 -2.257768496360295085e+00 -2.288578768539222708e+00 -2.059139705590876390e-01
-5.558555173753106926e-01 -2.247291263310677856e+00 1.077023405556702951e+00 -2.255345738496692398e+00 -2.288563770440229739e+00 -2.096515366663249946e-01
-5.551233106433127729e-01 -2.246353989381373761e+00 1.077697292942144003e+00 -2.252907808201615847e+00 -2.288557415893584412e+00 -2.134074328746466409e-01
-5.543838622647444536e-01 -2.245405605692835316e+00 1.078433116383817003e+00 -2.250454791858027548e+00 -2.288559850912759153e+00 -2.171815517446198940e-01
-5.536372579775610259e-01 -2.244446101563328355e+00 1.079227593901407101e+00 -2.247986777649137125e+00 -2.288571221158707480e+00 -2.209737857854376375e-01
-5.528835828597844504e-01 -2.243475467459151051e+00 1.080077531670099900e+00 -2.245503855564726425e+00 -2.288591671908174696e+00 -2.247840274547516504e-01
-5.521229212628734340e-01 -2.242493695042580892e+00 1.080979823343386270e+00 -2.243006117407067457e+00 -2.288621348021797619e+00 -2.286121691585047133e-01
-5.513553567487624596e-01 -2.241500777214907814e+00 1.081931449317340421e+00 -2.240493656796422428e+00 -2.288660393911984503e+00 -2.324581032507613276e-01
-5.505809720305117061e-01 -2.240496708154720906e+00 1.082929475939707675e+00 -2.237966569176124132e+00 -2.288708953510592448e+00 -2.363217220335372959e-01
-5.497998489165100144e-01 -2.239481483351607682e+00 1.083971054667046463e+00 -2.235424951817227779e+00 -2.288767170236398307e+00 -2.402029177566280538e-01
-5.490120682581726141e-01 -2.238455099635436873e+00 1.085053421173078458e+00 -2.232868903822728512e+00 -2.288835186962372870e+00 -2.441015826174355863e-01
-5.482177099010778765e-01 -2.237417555201399288e+00 1.086173894411308405e+00 -2.230298526131337056e+00 -2.288913145982764075e+00 -2.480176087607942614e-01
-5.474168526394835865e-01 -2.236368849630972377e+00 1.087329875634887921e+00 -2.227713921520810825e+00 -2.289001188979990165e+00 -2.519508882787952486e-01
-5.466095741741656688e-01 -2.235308983908987024e+00 1.088518847376606091e+00 -2.225115194610828961e+00 -2.289099456991356085e+00 -2.559013132106097155e-01
-5.457959510735184150e-01 -2.234237960436967985e+00 1.089738372391804599e+00 -2.222502451865408180e+00 -2.289208090375589588e+00 -2.598687755423107482e-01
-5.449760587378568166e-01 -2.233155783042922504e+00 1.090986092566927246e+00 -2.219875801594856313e+00 -2.289327228779212575e+00 -2.638531672066939393e-01
-5.441499713668586091e-01 -2.232062456987744969e+00 1.092259727796327740e+00 -2.217235353957250243e+00 -2.289457011102745465e+00 -2.678543800830966437e-01
-5.433177619300828542e-01 -2.230957988968417904e+00 1.093557074829876852e+00 -2.214581220959442209e+00 -2.289597575466757462e+00 -2.718723059972161793e-01
-5.424795021405003359e-01 -2.229842387118165181e+00 1.094876006093825405e+00 -2.211913516457577611e+00 -2.289749059177763169e+00 -2.759068367209262518e-01
-5.416352624309689334e-01 -2.228715661003736859e+00 1.096214468487298088e+00 -2.209232356157129651e+00 -2.289911598693977535e+00 -2.799578639720925466e-01
-5.407851119335866930e-01 -2.227577821619982856e+00 1.097570482156712046e+00 -2.206537857612437481e+00 -2.290085329590931362e+00 -2.840252794143867665e-01
-5.399291184618516537e-01 -2.226428881381876668e+00 1.098942139250336014e+00 -2.203830140225746970e+00 -2.290270386526958468e+00 -2.881089746570992816e-01
-5.390673484955591510e-01 -2.225268854114152983e+00 1.100327602655125414e+00 -2.201109325245742099e+00 -2.290466903208555838e+00 -2.922088412549506686e-01
-5.381998671683614344e-01 -2.224097755038703550e+00 1.101725104717892423e+00 -2.198375535765574540e+00 -2.290675012355630979e+00 -2.963247707079016413e-01
-5.373267382579174356e-01 -2.222915600759895582e+00 1.103132945952798094e+00 -2.195628896720368761e+00 -2.290894845666635593e+00 -3.004566544609620360e-01
-5.364480241785549719e-01 -2.221722409247945063e+00 1.104549493737071897e+00 -2.192869534884213767e+00 -2.291126533783602426e+00 -3.046043839039979662e-01
-5.355637859763696662e-01 -2.220518199820500804e+00 1.105973180996798977e+00 -2.190097578866627259e+00 -2.291370206257082653e+00 -3.087678503715379774e-01
-5.346740833266816484e-01 -2.219302993122566292e+00 1.107402504884538841e+00 -2.187313159108489113e+00 -2.291625991511000215e+00 -3.129469451425777593e-01
-5.337789745337702119e-01 -2.218076811104903623e+00 1.108836025450471441e+00 -2.184516407877441502e+00 -2.291894016807424439e+00 -3.171415594403834137e-01
-5.328785165328068230e-01 -2.216839677001039455e+00 1.110272364308696025e+00 -2.181707459262750337e+00 -2.292174408211272940e+00 -3.213515844322935022e-01
-5.319727648939039932e-01 -2.215591615303004858e+00 1.111710203300243283e+00 -2.178886449169897155e+00 -2.292467290554861314e+00 -3.255769112295195944e-01
-5.310617738281988576e-01 -2.214332651735928525e+00 1.113148283154292040e+00 -2.176053515314344100e+00 -2.292772787402481249e+00 -3.298174308869454840e-01
-5.301455961958884133e-01 -2.213062813231591708e+00 1.114585402149021132e+00 -2.173208797214751797e+00 -2.293091021014934672e+00 -3.340730344029250176e-01
-5.292242835161334868e-01 -2.211782127901067430e+00 1.116020414773460701e+00 -2.170352436185637668e+00 -2.293422112314030148e+00 -3.383436127190786458e-01
-5.282978859787471615e-01 -2.210490625006539922e+00 1.117452230391646317e+00 -2.167484575329472474e+00 -2.293766180847049085e+00 -3.426290567200882542e-01
-5.273664524575861767e-01 -2.209188334932412179e+00 1.118879811910321376e+00 -2.164605359528219086e+00 -2.294123344751189286e+00 -3.469292572334911062e-01
-5.264300305255597001e-01 -2.207875289155792675e+00 1.120302174451369037e+00 -2.161714935434296159e+00 -2.294493720717999619e+00 -3.512441050294718425e-01
-5.254886664711729827e-01 -2.206551520216462503e+00 1.121718384030104154e+00 -2.158813451460976474e+00 -2.294877423957808915e+00 -3.555734908206535372e-01
-5.245424053165237410e-01 -2.205217061686397972e+00 1.123127556240494318e+00 -2.155901057772207086e+00 -2.295274568164164197e+00 -3.599173052618870328e-01
-5.235912908366668894e-01 -2.203871948138945491e+00 1.124528854948326329e+00 -2.152977906271854813e+00 -2.295685265478280002e+00 -3.642754389500388879e-01
-5.226353655802676856e-01 -2.202516215117716225e+00 1.125921490993282426e+00 -2.150044150592369530e+00 -2.296109626453514352e+00 -3.686477824237781031e-01
-5.216746708914608011e-01 -2.201149899105283136e+00 1.127304720900835999e+00 -2.147099946082864363e+00 -2.296547760019878925e+00 -3.730342261633611822e-01
-5.207092469328353790e-01 -2.199773037491743910e+00 1.128677845604828089e+00 -2.144145449796610148e+00 -2.296999773448592297e+00 -3.774346605904159713e-01
-5.197391327094661451e-01 -2.198385668543221705e+00 1.130040209181536692e+00 -2.141180820477941449e+00 -2.297465772316685584e+00 -3.818489760677238332e-01
-5.187643660939142976e-01 -2.196987831370363686e+00 1.131391197596001374e+00 -2.138206218548571513e+00 -2.297945860471669821e+00 -3.862770628990006005e-01
-5.177849838521186854e-01 -2.195579565896895069e+00 1.132730237461321510e+00 -2.135221806093312580e+00 -2.298440139996279274e+00 -3.907188113286758635e-01
-5.168010216701023340e-01 -2.194160912828282850e+00 1.134056794811600266e+00 -2.132227746845205107e+00 -2.298948711173292914e+00 -3.951741115416710359e-01
-5.158125141814221548e-01 -2.192731913620561635e+00 1.135370373889161844e+00 -2.129224206170045264e+00 -2.299471672450451809e+00 -3.996428536631757011e-01
-5.148194949952853428e-01 -2.191292610449369960e+00 1.136670515946628601e+00 -2.126211351050318221e+00 -2.300009120405476448e+00 -4.041249277584228472e-01
-5.138219967252648512e-01 -2.189843046179236197e+00 1.137956798064402753e+00 -2.123189350068527936e+00 -2.300561149711199516e+00 -4.086202238324622149e-01
-5.128200510185421113e-01 -2.188383264333162437e+00 1.139228831984057333e+00 -2.120158373389927853e+00 -2.301127853100818133e+00 -4.131286318299324800e-01
-5.118136885856102714e-01 -2.186913309062534783e+00 1.140486262958102071e+00 -2.117118592744655636e+00 -2.301709321333281100e+00 -4.176500416348318812e-01
-5.108029392303727878e-01 -2.185433225117403122e+00 1.141728768616553591e+00 -2.114070181409255955e+00 -2.302305643158817805e+00 -4.221843430702873490e-01
-5.097878318805708631e-01 -2.183943057817158806e+00 1.142956057850702534e+00 -2.111013314187601075e+00 -2.302916905284627003e+00 -4.267314258983221920e-01
-5.087683946184812234e-01 -2.182442853021635987e+00 1.144167869714434405e+00 -2.107948167391210603e+00 -2.303543192340724133e+00 -4.312911798196222279e-01
-5.077446547118202869e-01 -2.180932657102668593e+00 1.145363972343428793e+00 -2.104874918818959273e+00 -2.304184586845969385e+00 -4.358634944733003613e-01
-5.067166386447999882e-01 -2.179412516916122922e+00 1.146544161892527391e+00 -2.101793747736970808e+00 -2.304841169173915905e+00 -4.404482594366599946e-01
-5.056843721492761956e-01 -2.177882479774432056e+00 1.147708261491531490e+00 -2.098704834857400670e+00 -2.305513017519067454e+00 -4.450453642249564967e-01
-5.046478801975842199e-01 -2.176342593392225133e+00 1.148856120224597266e+00 -2.095608373823974802e+00 -2.306200202392304721e+00 -4.496546982909664369e-01
-5.036071870006110229e-01 -2.174792905817171551e+00 1.149987612130955794e+00 -2.092504574950106111e+00 -2.306902784523799266e+00 -4.542761510243679135e-01
-5.025623160391516908e-01 -2.173233465403778819e+00 1.151102635224764192e+00 -2.089393664989901644e+00 -2.307620814579808499e+00 -4.589096117511042294e-01
-5.015132900951527750e-01 -2.171664320787747293e+00 1.152201110534233131e+00 -2.086275886903068422e+00 -2.308354332882085469e+00 -4.635549697327300267e-01
-5.004601312827996473e-01 -2.170085520860894679e+00 1.153282981160149490e+00 -2.083151499613735691e+00 -2.309103369130062422e+00 -4.682121141657408780e-01
-4.994028610794044587e-01 -2.168497114746654297e+00 1.154348211353885656e+00 -2.080020777763214479e+00 -2.309867942125989337e+00 -4.728809341808852817e-01
-4.983415003560528467e-01 -2.166899151776159549e+00 1.155396785614968280e+00 -2.076884011456719747e+00 -2.310648059503193963e+00 -4.775613188424593925e-01
-4.972760694079710886e-01 -2.165291681464919460e+00 1.156428707808250023e+00 -2.073741506004073809e+00 -2.311443717457634328e+00 -4.822531571475845436e-01
-4.962065879845777294e-01 -2.163674753490086644e+00 1.157444000300711595e+00 -2.070593581654433635e+00 -2.312254900482920039e+00 -4.869563380254673390e-01
-4.951330753191834910e-01 -2.162048417668327893e+00 1.158442703117895878e+00 -2.067440573325067366e+00 -2.313081581108964890e+00 -4.916707503366422594e-01
-4.940555501583082654e-01 -2.160412723934293844e+00 1.159424873119959676e+00 -2.064282830324221774e+00 -2.313923719644456867e+00 -4.963962828721972254e-01
-4.929740307905841612e-01 -2.158767722319690829e+00 1.160390583197305148e+00 -2.061120716068124192e+00 -2.314781263923299637e+00 -5.011328243529814541e-01
-4.918885350752156271e-01 -2.157113462932954473e+00 1.161339921485739612e+00 -2.057954607792223278e+00 -2.315654149055178745e+00 -5.058802634287966615e-01
-4.907990804699709497e-01 -2.155449995939526353e+00 1.162272990601090683e+00 -2.054784896256597992e+00 -2.316542297180480325e+00 -5.106384886775704457e-01
-4.897056840586795357e-01 -2.153777371542729302e+00 1.163189906893190573e+00 -2.051611985445648934e+00 -2.317445617229701771e+00 -5.154073886045135167e-01
-4.886083625782126627e-01 -2.152095639965235563e+00 1.164090799719124103e+00 -2.048436292262136860e+00 -2.318364004687525348e+00 -5.201868516412594401e-01
-4.875071324449268273e-01 -2.150404851431134023e+00 1.164975810735623174e+00 -2.045258246215617248e+00 -2.319297341361725717e+00 -5.249767661449882272e-01
-4.864020097805501486e-01 -2.148705056148582759e+00 1.165845093210475136e+00 -2.042078289105350830e+00 -2.320245495157074345e+00 -5.297770203975332715e-01
-4.852930104374942322e-01 -2.146996304293044222e+00 1.166698811352798515e+00 -2.038896874697752271e+00 -2.321208319854415336e+00 -5.345875026044721867e-01
-4.841801500235768385e-01 -2.145278645991100408e+00 1.167537139662026879e+00 -2.035714468398455601e+00 -2.322185654895071227e+00 -5.394081008942021027e-01
-4.830634439261397017e-01 -2.143552131304842678e+00 1.168360262295432328e+00 -2.032531546919074117e+00 -2.323177325170755037e+00 -5.442387033169989730e-01
-4.819429073355500082e-01 -2.141816810216820244e+00 1.169168372454003180e+00 -2.029348597938736898e+00 -2.324183140819136018e+00 -5.490791978440620058e-01
-4.808185552680745434e-01 -2.140072732615556639e+00 1.169961671786487356e+00 -2.026166119760487661e+00 -2.325202897025244742e+00 -5.539294723665434406e-01
-4.796904025881164602e-01 -2.138319948281608429e+00 1.170740369811396508e+00 -2.022984620962645863e+00 -2.326236373828853399e+00 -5.587894146945634466e-01
-4.785584640298072290e-01 -2.136558506874173258e+00 1.171504683356760168e+00 -2.019804620045213550e+00 -2.327283335938014286e+00 -5.636589125562116998e-01
-4.774227542179469985e-01 -2.134788457918231686e+00 1.172254836017409874e+00 -2.016626645071438073e+00 -2.328343532548895922e+00 -5.685378535965349700e-01
-4.762832876882874267e-01 -2.133009850792215722e+00 1.172991057629565237e+00 -2.013451233304634158e+00 -2.329416697172083772e+00 -5.734261253765123856e-01
-4.751400789071543729e-01 -2.131222734716193390e+00 1.173713583762485912e+00 -2.010278930840365241e+00 -2.330502547465496122e+00 -5.783236153720178185e-01
-4.739931422904061220e-01 -2.129427158740569315e+00 1.174422655226947221e+00 -2.007110292234114635e+00 -2.331600785074063431e+00 -5.832302109727709460e-01
-4.728424922217262516e-01 -2.127623171735276486e+00 1.175118517600291845e+00 -2.003945880124542445e+00 -2.332711095476331487e+00 -5.881457994812769874e-01
-4.716881430702513645e-01 -2.125810822379467169e+00 1.175801420767800254e+00 -2.000786264852469021e+00 -2.333833147838119793e+00 -5.930702681117558939e-01
-4.705301092075326874e-01 -2.123990159151681656e+00 1.176471618480124048e+00 -1.997632024075696844e+00 -2.334966594873395085e+00 -5.980035039890623239e-01
-4.693684050238344785e-01 -2.122161230320488201e+00 1.177129367926513570e+00 -1.994483742379810298e+00 -2.336111072712493630e+00 -6.029453941475959589e-01
-4.682030449437717956e-01 -2.120324083935588355e+00 1.177774929323575082e+00 -1.991342010885087221e+00 -2.337266200777829983e+00 -6.078958255302041591e-01
-4.670340434412899588e-01 -2.118478767819373942e+00 1.178408565519281526e+00 -1.988207426849654791e+00 -2.338431581667232528e+00 -6.128546849870770696e-01
-4.658614150539917009e-01 -2.116625329558926349e+00 1.179030541611962857e+00 -1.985080593269040072e+00 -2.339606801045041706e+00 -6.178218592746362869e-01
-4.646851743968162252e-01 -2.114763816498449689e+00 1.179641124583996836e+00 -1.981962118472257339e+00 -2.340791427541089487e+00 -6.227972350544176416e-01
-4.635053361750763878e-01 -2.112894275732127625e+00 1.180240582949918071e+00 -1.978852615714590257e+00 -2.341985012657697762e+00 -6.277806988919498732e-01
-4.623219151968610552e-01 -2.111016754097394976e+00 1.180829186418662635e+00 -1.975752702767302749e+00 -2.343187090684749396e+00 -6.327721372556294188e-01
-4.611349263848095736e-01 -2.109131298168609447e+00 1.181407205569662944e+00 -1.972663001504266322e+00 -2.344397178623081501e+00 -6.377714365155923160e-01
-4.599443847872672353e-01 -2.107237954251121703e+00 1.181974911542505779e+00 -1.969584137485762776e+00 -2.345614776116242250e+00 -6.427784829425851054e-01
-4.587503055888292325e-01 -2.105336768375726031e+00 1.182532575739866143e+00 -1.966516739539620140e+00 -2.346839365390738230e+00 -6.477931627068345133e-01
-4.575527041202838152e-01 -2.103427786293488033e+00 1.183080469543428492e+00 -1.963461439339857506e+00 -2.348070411204869590e+00 -6.528153618769187982e-01
-4.563515958679629780e-01 -2.101511053470934698e+00 1.183618864042506491e+00 -1.960418870983015260e+00 -2.349307360806257350e+00 -6.578449664186399870e-01
-4.551469964825120007e-01 -2.099586615085601071e+00 1.184148029775073052e+00 -1.957389670562345918e+00 -2.350549643898166785e+00 -6.628818621938999955e-01
-4.539389217870880011e-01 -2.097654516021922433e+00 1.184668236480912018e+00 -1.954374475740053407e+00 -2.351796672614712591e+00 -6.679259349595808581e-01
-4.527273877849988803e-01 -2.095714800867458649e+00 1.185179752866603486e+00 -1.951373925317763547e+00 -2.353047841505045756e+00 -6.729770703664302856e-01
-4.515124106667934845e-01 -2.093767513909449818e+00 1.185682846382054345e+00 -1.948388658805413787e+00 -2.354302527526595856e+00 -6.780351539579549947e-01
-4.502940068168157506e-01 -2.091812699131685438e+00 1.186177783008290909e+00 -1.945419315988762943e+00 -2.355560090047459809e+00 -6.831000711693216987e-01
-4.490721928192337176e-01 -2.089850400211682668e+00 1.186664827056225446e+00 -1.942466536495711438e+00 -2.356819870857998378e+00 -6.881717073262685336e-01
-4.478469854635573899e-01 -2.087880660518160791e+00 1.187144240976115706e+00 -1.939530959361629670e+00 -2.358081194191727459e+00 -6.932499476440274755e-01
-4.466184017496557246e-01 -2.085903523108807001e+00 1.187616285177435671e+00 -1.936613222593902783e+00 -2.359343366755554783e+00 -6.983346772262596369e-01
-4.453864588922878398e-01 -2.083919030728321076e+00 1.188081217858875549e+00 -1.933713962735896130e+00 -2.360605677769424204e+00 -7.034257810640048847e-01
-4.441511743251597699e-01 -2.081927225806731396e+00 1.188539294848197425e+00 -1.930833814430549022e+00 -2.361867399015428415e+00 -7.085231440346474452e-01
-4.429125657045205888e-01 -2.079928150457972080e+00 1.188990769451669038e+00 -1.927973409983806619e+00 -2.363127784896426498e+00 -7.136266509008989400e-01
-4.416706509123107804e-01 -2.077921846478716805e+00 1.189435892312803000e+00 -1.925133378928105987e+00 -2.364386072504221836e+00 -7.187361863098009618e-01
-4.404254480588762899e-01 -2.075908355347452883e+00 1.189874911280133007e+00 -1.922314347586131955e+00 -2.365641481697324355e+00 -7.238516347917478555e-01
-4.391769754852615781e-01 -2.073887718223795140e+00 1.190308071283759483e+00 -1.919516938635059677e+00 -2.366893215188340616e+00 -7.289728807595329263e-01
-4.379252517650949472e-01 -2.071859975948026733e+00 1.190735614220400418e+00 -1.916741770671506195e+00 -2.368140458641005530e+00 -7.340998085074181834e-01
-4.366702957060796253e-01 -2.069825169040858448e+00 1.191157778846686277e+00 -1.913989457777415470e+00 -2.369382380776878794e+00 -7.392323022102309515e-01
-4.354121263511040452e-01 -2.067783337703402502e+00 1.191574800680442303e+00 -1.911260609087099605e+00 -2.370618133491718904e+00 -7.443702459224879053e-01
-4.341507629789843614e-01 -2.065734521817344405e+00 1.191986911909702851e+00 -1.908555828355659401e+00 -2.371846851981543214e+00 -7.495135235775490790e-01
-4.328862251048534171e-01 -2.063678760945315549e+00 1.192394341309208405e+00 -1.905875713529014304e+00 -2.373067654878370014e+00 -7.546620189868037398e-01
-4.316185324802077616e-01 -2.061616094331452764e+00 1.192797314164135924e+00 -1.903220856315770204e+00 -2.374279644395642652e+00 -7.598156158388895687e-01
-4.303477050926280967e-01 -2.059546560902132395e+00 1.193196052200821811e+00 -1.900591841761156697e+00 -2.375481906483314809e+00 -7.649741976989475889e-01
-4.290737631651841411e-01 -2.057470199266886013e+00 1.193590773524235482e+00 -1.897989247823260062e+00 -2.376673510992587612e+00 -7.701376480079147324e-01
-4.277967271555384032e-01 -2.055387047719471116e+00 1.193981692561967956e+00 -1.895413644951790211e+00 -2.377853511850263946e+00 -7.753058500818554855e-01
-4.265166177547608517e-01 -2.053297144239109251e+00 1.194369020014505178e+00 -1.892865595669607215e+00 -2.379020947242695527e+00 -7.804786871113352786e-01
-4.252334558858674729e-01 -2.051200526491866238e+00 1.194752962811555852e+00 -1.890345654157245203e+00 -2.380174839809279241e+00 -7.856560421608379530e-01
-4.239472627020954842e-01 -2.049097231832181620e+00 1.195133724074210813e+00 -1.887854365840659465e+00 -2.381314196845465414e+00 -7.908377981682277458e-01
-4.226580595849273592e-01 -2.046987297304532660e+00 1.195511503082714810e+00 -1.885392266982437004e+00 -2.382438010515215865e+00 -7.960238379442601264e-01
-4.213658681418755991e-01 -2.044870759645228020e+00 1.195886495249633308e+00 -1.882959884276703910e+00 -2.383545258072857553e+00 -8.012140441721418149e-01
-4.200707102040412977e-01 -2.042747655284326225e+00 1.196258892098204241e+00 -1.880557734447951823e+00 -2.384634902094273645e+00 -8.064082994071427590e-01
-4.187726078234568217e-01 -2.040618020347667816e+00 1.196628881245665355e+00 -1.878186323854022177e+00 -2.385705890717355615e+00 -8.116064860762627342e-01
-4.174715832702262652e-01 -2.038481890659022078e+00 1.196996646391356611e+00 -1.875846148093477161e+00 -2.386757157891636449e+00 -8.168084864779536769e-01
-4.161676590294725031e-01 -2.036339301742335017e+00 1.197362367309396047e+00 -1.873537691617588541e+00 -2.387787623637027234e+00 -8.220141827819005265e-01
-4.148608577981072187e-01 -2.034190288824084369e+00 1.197726219845736795e+00 -1.871261427347759465e+00 -2.388796194310922161e+00 -8.272234570288296007e-01
-4.135512024814277932e-01 -2.032034886835719423e+00 1.198088375919413640e+00 -1.869017816297427359e+00 -2.389781762884831462e+00 -8.324361911304126727e-01
-4.122387161895560981e-01 -2.029873130416187887e+00 1.198449003527791934e+00 -1.866807307199306543e+00 -2.390743209229770905e+00 -8.376522668692361062e-01
-4.109234222337286857e-01 -2.027705053914538702e+00 1.198808266755639673e+00 -1.864630336138102029e+00 -2.391679400410404721e+00 -8.428715658988376047e-01
-4.096053441224492553e-01 -2.025530691392607441e+00 1.199166325787841991e+00 -1.862487326188958736e+00 -2.392589190987774117e+00 -8.480939697438120151e-01
-4.082845055575123894e-01 -2.023350076627764338e+00 1.199523336925586436e+00 -1.860378687061873926e+00 -2.393471423330487013e+00 -8.533193597999890745e-01
-4.069609304299098285e-01 -2.021163243115731145e+00 1.199879452605850938e+00 -1.858304814752280265e+00 -2.394324927934244673e+00 -8.585476173346849871e-01
-4.056346428156281103e-01 -2.018970224073456166e+00 1.200234821424026377e+00 -1.856266091198017776e+00 -2.395148523749566216e+00 -8.637786234870303836e-01
-4.043056669713464002e-01 -2.016771052442044354e+00 1.200589588159516330e+00 -1.854262883942908502e+00 -2.395941018517573351e+00 -8.690122592683764413e-01
-4.029740273300448927e-01 -2.014565760889734047e+00 1.200943893804157003e+00 -1.852295545807135291e+00 -2.396701209113689224e+00 -8.742484055627818273e-01
-4.016397484965315012e-01 -2.012354381814921656e+00 1.201297875593302367e+00 -1.850364414564632964e+00 -2.397427881899103497e+00 -8.794869431275824656e-01
-4.003028552428954390e-01 -2.010136947349226766e+00 1.201651667039430382e+00 -1.848469812627688835e+00 -2.398119813079837126e+00 -8.847277525940463461e-01
-3.989633725038974066e-01 -2.007913489360588777e+00 1.202005397968123779e+00 -1.846612046738953294e+00 -2.398775769073262509e+00 -8.899707144681159310e-01
-3.976213253723021035e-01 -2.005684039456400392e+00 1.202359194556285482e+00 -1.844791407671051875e+00 -2.399394506881888045e+00 -8.952157091312398229e-01
-3.962767390941632772e-01 -2.003448628986663760e+00 1.202713179372453700e+00 -1.843008169933991081e+00 -2.399974774474249006e+00 -9.004626168412962484e-01
-3.949296390640670840e-01 -2.001207289047174154e+00 1.203067471419085654e+00 -1.841262591490535838e+00 -2.400515311172728428e+00 -9.057113177336106880e-01
-3.935800508203424752e-01 -1.998960050482716966e+00 1.203422186176678732e+00 -1.839554913479745313e+00 -2.401014848048114825e+00 -9.109616918220693194e-01
-3.922280000402441069e-01 -1.996706943890286468e+00 1.203777435649609151e+00 -1.837885359948838282e+00 -2.401472108320720444e+00 -9.162136190003309366e-01
-3.908735125351162631e-01 -1.994447999622312562e+00 1.204133328413565351e+00 -1.836254137593564817e+00 -2.401885807767857983e+00 -9.214669790431394558e-01
-3.895166142455434022e-01 -1.992183247789895750e+00 1.204489969664459981e+00 -1.834661435507246807e+00 -2.402254655137482597e+00 -9.267216516077386723e-01
-3.881573312364933193e-01 -1.989912718266048763e+00 1.204847461268709230e+00 -1.833107424938649199e+00 -2.402577352567799363e+00 -9.319775162353918230e-01
-3.867956896924605870e-01 -1.987636440688938411e+00 1.205205901814770497e+00 -1.831592259058836047e+00 -2.402852596012633679e+00 -9.372344523530079519e-01
-3.854317159126140480e-01 -1.985354444465125212e+00 1.205565386665830907e+00 -1.830116072737163258e+00 -2.403079075672352793e+00 -9.424923392748770778e-01
-3.840654363059556320e-01 -1.983066758772800586e+00 1.205926008013549655e+00 -1.828678982326558122e+00 -2.403255476430118165e+00 -9.477510562045163844e-01
-3.826968773864951601e-01 -1.980773412565012936e+00 1.206287854932751369e+00 -1.827281085458213550e+00 -2.403380478293271949e+00 -9.530104822366290973e-01
-3.813260657684465205e-01 -1.978474434572886853e+00 1.206651013436979891e+00 -1.825922460845844419e+00 -2.403452756839615567e+00 -9.582704963591781588e-01
-3.799530281614498795e-01 -1.976169853308826774e+00 1.207015566534818785e+00 -1.824603168099625083e+00 -2.403470983668371641e+00 -9.635309774555770312e-01
-3.785777913658249227e-01 -1.973859697069705099e+00 1.207381594286893067e+00 -1.823323247549928583e+00 -2.403433826855602806e+00 -9.687918043069990714e-01
-3.772003822678596796e-01 -1.971543993940034101e+00 1.207749173863466252e+00 -1.822082720080993923e+00 -2.403339951413850262e+00 -9.740528555948076983e-01
-3.758208278351390375e-01 -1.969222771795114513e+00 1.208118379602553416e+00 -1.820881586974619326e+00 -2.403188019755767790e+00 -9.793140099031089063e-01
-3.744391551119170547e-01 -1.966896058304163475e+00 1.208489283068470144e+00 -1.819719829763992491e+00 -2.402976692161517214e+00 -9.845751457214281244e-01
-3.730553912145370132e-01 -1.964563880933416495e+00 1.208861953110745846e+00 -1.818597410097751998e+00 -2.402704627249686364e+00 -9.898361414475134179e-01
-3.716695633269029297e-01 -1.962226266949202769e+00 1.209236455923326181e+00 -1.817514269614371347e+00 -2.402370482451492872e+00 -9.950968753902664776e-01
-3.702816986960059120e-01 -1.959883243420991850e+00 1.209612855104000406e+00 -1.816470329826948227e+00 -2.401972914488037514e+00 -1.000357225772803060e+00
-3.688918246275087465e-01 -1.957534837224409907e+00 1.209991211713983938e+00 -1.815465492018479843e+00 -2.401510579850360205e+00 -1.005617070735645102e+00
-3.674999684813918810e-01 -1.955181075044222228e+00 1.210371584337596396e+00 -1.814499637147691802e+00 -2.400982135282058838e+00 -1.010876288340044837e+00
-3.661061576676635232e-01 -1.952821983377283743e+00 1.210754029141973831e+00 -1.813572625765490276e+00 -2.400386238264224481e+00 -1.016134756571444919e+00
-3.647104196421367406e-01 -1.950457588535453146e+00 1.211138599936758320e+00 -1.812684297942090073e+00 -2.399721547502450925e+00 -1.021392353343073101e+00
-3.633127819022762273e-01 -1.948087916648469031e+00 1.211525348233712052e+00 -1.811834473204874119e+00 -2.398986723415670319e+00 -1.026648956499675247e+00
-3.619132719831171241e-01 -1.945712993666790069e+00 1.211914323306201524e+00 -1.811022950487024330e+00 -2.398180428626564886e+00 -1.031904443821386907e+00
-3.605119174532580018e-01 -1.943332845364394101e+00 1.212305572248505658e+00 -1.810249508086967829e+00 -2.397301328453316227e+00 -1.037158693027746104e+00
-3.591087459109301161e-01 -1.940947497341536376e+00 1.212699140034898759e+00 -1.809513903638661603e+00 -2.396348091402437319e+00 -1.042411581781846452e+00
-3.577037849801453229e-01 -1.938556975027468265e+00 1.213095069578465912e+00 -1.808815874092744247e+00 -2.395319389662445619e+00 -1.047662987694634840e+00
-3.562970623069234843e-01 -1.936161303683110235e+00 1.213493401789608628e+00 -1.808155135708572336e+00 -2.394213899598126361e+00 -1.052912788329352534e+00
-3.548886055556023100e-01 -1.933760508403683964e+00 1.213894175634200767e+00 -1.807531384057155854e+00 -2.393030302245132468e+00 -1.058160861206122405e+00
-3.534784424052299645e-01 -1.931354614121298496e+00 1.214297428191359218e+00 -1.806944294034987797e+00 -2.391767283804685729e+00 -1.063407083806681586e+00
-3.520666005460426629e-01 -1.928943645607492874e+00 1.214703194710792244e+00 -1.806393519888774613e+00 -2.390423536138126970e+00 -1.068651333579263785e+00
-3.506531076760277532e-01 -1.926527627475730364e+00 1.215111508669694418e+00 -1.805878695251049493e+00 -2.388997757261072330e+00 -1.073893487943629266e+00
-3.492379914975743960e-01 -1.924106584183849167e+00 1.215522401829156829e+00 -1.805399433186659852e+00 -2.387488651836930043e+00 -1.079133424296244481e+00
-3.478212797142117285e-01 -1.921680540036465157e+00 1.215935904290064595e+00 -1.804955326250099912e+00 -2.385894931669540586e+00 -1.084371020015613363e+00
-3.464030000274362919e-01 -1.919249519187326669e+00 1.216352044548453248e+00 -1.804545946553667957e+00 -2.384215316194682188e+00 -1.089606152467759603e+00
-3.449831801336291082e-01 -1.916813545641622429e+00 1.216770849550302236e+00 -1.804170845846404969e+00 -2.382448532970222299e+00 -1.094838699011861705e+00
-3.435618477210630184e-01 -1.914372643258241302e+00 1.217192344745739119e+00 -1.803829555603775336e+00 -2.380593318164657912e+00 -1.100068537006041014e+00
-3.421390304670012261e-01 -1.911926835751984077e+00 1.217616554142636920e+00 -1.803521587128042780e+00 -2.378648417043825347e+00 -1.105295543813304748e+00
-3.407147560348869342e-01 -1.909476146695725962e+00 1.218043500359581532e+00 -1.803246431659283555e+00 -2.376612584455529031e+00 -1.110519596807642229e+00
-3.392890520716251301e-01 -1.907020599522531334e+00 1.218473204678195199e+00 -1.803003560496977631e+00 -2.374484585311871676e+00 -1.115740573380277434e+00
-3.378619462049562983e-01 -1.904560217527719423e+00 1.218905687094796741e+00 -1.802792425132110576e+00 -2.372263195069044261e+00 -1.120958350946077209e+00
-3.364334660409225020e-01 -1.902095023870881363e+00 1.219340966371386781e+00 -1.802612457389715317e+00 -2.369947200204351123e+00 -1.126172806950114902e+00
-3.350036391614258924e-01 -1.899625041577848394e+00 1.219779060085942390e+00 -1.802463069581769384e+00 -2.367535398690250315e+00 -1.131383818874392544e+00
-3.335724931218797540e-01 -1.897150293542612332e+00 1.220219984682011427e+00 -1.802343654670368611e+00 -2.365026600465175655e+00 -1.136591264244718458e+00
-3.321400554489519763e-01 -1.894670802529196729e+00 1.220663755517596538e+00 -1.802253586441083133e+00 -2.362419627900927743e+00 -1.141795020637742963e+00
-3.307063536384008962e-01 -1.892186591173479426e+00 1.221110386913317747e+00 -1.802192219686399977e+00 -2.359713316266421224e+00 -1.146994965688151957e+00
-3.292714151530033995e-01 -1.889697681984967792e+00 1.221559892199849395e+00 -1.802158890399147895e+00 -2.356906514187564916e+00 -1.152190977096018365e+00
-3.278352674205750050e-01 -1.887204097348526677e+00 1.222012283764622120e+00 -1.802152915975799852e+00 -2.353998084103074095e+00 -1.157382932634310801e+00
-3.263979378320817082e-01 -1.884705859526056848e+00 1.222467573097787197e+00 -1.802173595429537922e+00 -2.350986902716000415e+00 -1.162570710156561882e+00
-3.249594537398431959e-01 -1.882202990658128350e+00 1.222925770837437476e+00 -1.802220209612964696e+00 -2.347871861440779639e+00 -1.167754187604693294e+00
-3.235198424558270447e-01 -1.879695512765565457e+00 1.223386886814083807e+00 -1.802292021450331738e+00 -2.344651866845599120e+00 -1.172933243017000082e+00
-3.220791312500334014e-01 -1.877183447750986556e+00 1.223850930094383616e+00 -1.802388276179166082e+00 -2.341325841089881621e+00 -1.178107754536291463e+00
-3.206373473489700920e-01 -1.874666817400297170e+00 1.224317909024122075e+00 -1.802508201601148885e+00 -2.337892722356704756e+00 -1.183277600418191744e+00
-3.191945179342167704e-01 -1.872145643384136582e+00 1.224787831270444771e+00 -1.802651008342120109e+00 -2.334351465279953963e+00 -1.188442659039596672e+00
-3.177506701410787171e-01 -1.869619947259282267e+00 1.225260703863345180e+00 -1.802815890121061138e+00 -2.330701041366023407e+00 -1.193602808907288537e+00
-3.163058310573284015e-01 -1.867089750470007026e+00 1.225736533236405634e+00 -1.803002024027903882e+00 -2.326940439409898254e+00 -1.198757928666708494e+00
-3.148600277220354737e-01 -1.864555074349392827e+00 1.226215325266798217e+00 -1.803208570810021838e+00 -2.323068665905430041e+00 -1.203907897110884306e+00
-3.134132871244834084e-01 -1.862015940120602897e+00 1.226697085314546465e+00 -1.803434675167237877e+00 -2.319084745449635943e+00 -1.209052593189515745e+00
-3.119656362031728580e-01 -1.859472368898108519e+00 1.227181818261053436e+00 -1.803679466055195579e+00 -2.314987721140853161e+00 -1.214191896018214978e+00
-3.105171018449106035e-01 -1.856924381688875858e+00 1.227669528546900812e+00 -1.803942056996925558e+00 -2.310776654970588151e+00 -1.219325684887903050e+00
-3.090677108839837151e-01 -1.854371999393509940e+00 1.228160220208924347e+00 -1.804221546402438259e+00 -2.306450628208895903e+00 -1.224453839274359579e+00
-3.076174901014178120e-01 -1.851815242807358208e+00 1.228653896916573007e+00 -1.804517017896172693e+00 -2.302008741783131640e+00 -1.229576238847927883e+00
-3.061664662243187007e-01 -1.849254132621574342e+00 1.229150562007557790e+00 -1.804827540652123030e+00 -2.297450116649939034e+00 -1.234692763483372646e+00
-3.047146659252971124e-01 -1.846688689424141661e+00 1.229650218522797545e+00 -1.805152169736463641e+00 -2.292773894160309300e+00 -1.239803293269890361e+00
-3.032621158219749313e-01 -1.844118933700858776e+00 1.230152869240670244e+00 -1.805489946457494277e+00 -2.287979236417579276e+00 -1.244907708521270973e+00
-3.018088424765728028e-01 -1.841544885836286394e+00 1.230658516710577688e+00 -1.805839898722711778e+00 -2.283065326628226810e+00 -1.250005889786211410e+00
-3.003548723955778432e-01 -1.838966566114657697e+00 1.231167163285832755e+00 -1.806201041402824670e+00 -2.278031369445340459e+00 -1.255097717858777662e+00
-2.989002320294907311e-01 -1.836383994720750978e+00 1.231678811155878295e+00 -1.806572376702514582e+00 -2.272876591304629823e+00 -1.260183073789017172e+00
-2.974449477726518465e-01 -1.833797191740727417e+00 1.232193462377846327e+00 -1.806952894537749099e+00 -2.267600240752856600e+00 -1.265261838893717572e+00
-2.959890459631445148e-01 -1.831206177162933990e+00 1.232711118907469539e+00 -1.807341572919453299e+00 -2.262201588768561145e+00 -1.270333894767313954e+00
-2.945325528827758554e-01 -1.828610970878671305e+00 1.233231782629352846e+00 -1.807737378343333257e+00 -2.256679929074982827e+00 -1.275399123292940473e+00
-2.930754947571331814e-01 -1.826011592682929008e+00 1.233755455386617017e+00 -1.808139266185651239e+00 -2.251034578445063605e+00 -1.280457406653626951e+00
-2.916178977557159491e-01 -1.823408062275087227e+00 1.234282139009924562e+00 -1.808546181104748740e+00 -2.245264876998417147e+00 -1.285508627343638910e+00
-2.901597879921420930e-01 -1.820800399259587588e+00 1.234811835345899000e+00 -1.808957057448109307e+00 -2.239370188490185321e+00 -1.290552668179959728e+00
-2.887011915244278581e-01 -1.818188623146572702e+00 1.235344546284947498e+00 -1.809370819664748442e+00 -2.233349900591675929e+00 -1.295589412313912669e+00
-2.872421343553402395e-01 -1.815572753352494573e+00 1.235880273788499961e+00 -1.809786382722727627e+00 -2.227203425162694206e+00 -1.300618743242923481e+00
-2.857826424328216985e-01 -1.812952809200695015e+00 1.236419019915673490e+00 -1.810202652531568646e+00 -2.220930198515490783e+00 -1.305640544822419757e+00
-2.843227416504855443e-01 -1.810328809921956994e+00 1.236960786849376381e+00 -1.810618526369362602e+00 -2.214529681670242223e+00 -1.310654701277867318e+00
-2.828624578481818697e-01 -1.807700774655027764e+00 1.237505576921860362e+00 -1.811032893314352021e+00 -2.208001360601990815e+00 -1.315661097216941355e+00
-2.814018168126328212e-01 -1.805068722447115137e+00 1.238053392639733907e+00 -1.811444634680771770e+00 -2.201344746478983261e+00 -1.320659617641831707e+00
-2.799408442781364248e-01 -1.802432672254358881e+00 1.238604236708448436e+00 -1.811852624458728300e+00 -2.194559375892332298e+00 -1.325650147961678016e+00
-2.784795659273385238e-01 -1.799792642942275034e+00 1.239158112056268246e+00 -1.812255729757899392e+00 -2.187644811076942641e+00 -1.330632574005137680e+00
-2.770180073920714414e-01 -1.797148653286177566e+00 1.239715021857734856e+00 -1.812652811254834573e+00 -2.180600640123660394e+00 -1.335606782033079698e+00
-2.755561942542593123e-01 -1.794500721971575175e+00 1.240274969556638851e+00 -1.813042723643629284e+00 -2.173426477182582861e+00 -1.340572658751407298e+00
-2.740941520468886394e-01 -1.791848867594546091e+00 1.240837958888509007e+00 -1.813424316089758737e+00 -2.166121962657496347e+00 -1.345530091324004474e+00
-2.726319062550436878e-01 -1.789193108662091136e+00 1.241403993902630454e+00 -1.813796432686844096e+00 -2.158686763391384655e+00 -1.350478967385805751e+00
-2.711694823170059943e-01 -1.786533463592464566e+00 1.241973078983602319e+00 -1.814157912916127824e+00 -2.151120572842997181e+00 -1.355419175055988079e+00
-2.697069056254171038e-01 -1.783869950715486485e+00 1.242545218872446400e+00 -1.814507592108438816e+00 -2.143423111254427749e+00 -1.360350602951281074e+00
-2.682442015285038672e-01 -1.781202588272834619e+00 1.243120418687276851e+00 -1.814844301908418167e+00 -2.135594125809689992e+00 -1.365273140199395829e+00
-2.667813953313656339e-01 -1.778531394418317868e+00 1.243698683943541994e+00 -1.815166870740786864e+00 -2.127633390784272827e+00 -1.370186676452568753e+00
-2.653185122973223398e-01 -1.775856387218132326e+00 1.244280020573847567e+00 -1.815474124278429802e+00 -2.119540707685647174e+00 -1.375091101901219526e+00
-2.638555776493235472e-01 -1.773177584651100425e+00 1.244864434947371645e+00 -1.815764885912073190e+00 -2.111315905384728353e+00 -1.379986307287719649e+00
-2.623926165714167147e-01 -1.770495004608894751e+00 1.245451933888881868e+00 -1.816037977221336419e+00 -2.102958840238273730e+00 -1.384872183920271782e+00
-2.609296542102748084e-01 -1.767808664896245219e+00 1.246042524697362985e+00 -1.816292218446928342e+00 -2.094469396202222722e+00 -1.389748623686895890e+00
-2.594667156767823668e-01 -1.765118583231132909e+00 1.246636215164264261e+00 -1.816526428963776363e+00 -2.085847484935981377e+00 -1.394615519069520415e+00
-2.580038260476792411e-01 -1.762424777244971263e+00 1.247233013591376283e+00 -1.816739427754857417e+00 -2.077093045897660861e+00 -1.399472763158177369e+00
-2.565410103672613462e-01 -1.759727264482772835e+00 1.247832928808344066e+00 -1.816930033885519657e+00 -2.068206046430268952e+00 -1.404320249665297116e+00
-2.550782936491381436e-01 -1.757026062403305833e+00 1.248435970189826882e+00 -1.817097066978067721e+00 -2.059186481838894522e+00 -1.409157872940103751e+00
-2.536157008780456912e-01 -1.754321188379238450e+00 1.249042147672309255e+00 -1.817239347686397277e+00 -2.050034375458901881e+00 -1.413985527983104840e+00
-2.521532570117150374e-01 -1.751612659697274754e+00 1.249651471770573785e+00 -1.817355698170462608e+00 -2.040749778715143847e+00 -1.418803110460677086e+00
-2.506909869827950721e-01 -1.748900493558279479e+00 1.250263953593840682e+00 -1.817444942570358046e+00 -2.031332771172245089e+00 -1.423610516719742369e+00
-2.492289157008293898e-01 -1.746184707077396592e+00 1.250879604861580452e+00 -1.817505907479803895e+00 -2.021783460575975688e+00 -1.428407643802534821e+00
-2.477670680542866100e-01 -1.743465317284157212e+00 1.251498437919007722e+00 -1.817537422418818771e+00 -2.012101982885758922e+00 -1.433194389461453611e+00
-2.463054689126431551e-01 -1.740742341122584858e+00 1.252120465752258438e+00 -1.817538320305372990e+00 -2.002288502298351869e+00 -1.437970652174001218e+00
-2.448441431285180991e-01 -1.738015795451290479e+00 1.252745702003259964e+00 -1.817507437925808045e+00 -1.992343211262751268e+00 -1.442736331157803642e+00
-2.433831155398598622e-01 -1.735285697043566611e+00 1.253374160984294550e+00 -1.817443616403817908e+00 -1.982266330486371686e+00 -1.447491326385710764e+00
-2.419224109721833660e-01 -1.732552062587474628e+00 1.254005857692262582e+00 -1.817345701667783420e+00 -1.972058108932555953e+00 -1.452235538600973541e+00
-2.404620542408574813e-01 -1.729814908685929575e+00 1.254640807822648974e+00 -1.817212544916259942e+00 -1.961718823809478263e+00 -1.456968869332496475e+00
-2.390020701534422698e-01 -1.727074251856782983e+00 1.255279027783195778e+00 -1.817043003081411756e+00 -1.951248780550494333e+00 -1.461691220910162015e+00
-2.375424835120749645e-01 -1.724330108532902806e+00 1.255920534707283265e+00 -1.816835939290199153e+00 -1.940648312786009910e+00 -1.466402496480224915e+00
-2.360833191159044109e-01 -1.721582495062254914e+00 1.256565346467022115e+00 -1.816590223323116149e+00 -1.929917782306940000e+00 -1.471102600020773199e+00
-2.346246017635730818e-01 -1.718831427707982140e+00 1.257213481686057399e+00 -1.816304732070288086e+00 -1.919057579019827653e+00 -1.475791436357254183e+00
-2.331663562557461655e-01 -1.716076922648487102e+00 1.257864959752085898e+00 -1.815978349984732620e+00 -1.908068120893711139e+00 -1.480468911178061786e+00
-2.317086073976869498e-01 -1.713318995977513470e+00 1.258519800829087432e+00 -1.815609969532598456e+00 -1.896949853898810545e+00 -1.485134931050183571e+00
-2.302513800018778367e-01 -1.710557663704233899e+00 1.259178025869269302e+00 -1.815198491640193090e+00 -1.885703251937118630e+00 -1.489789403434903292e+00
-2.287946988906863210e-01 -1.707792941753339289e+00 1.259839656624722970e+00 -1.814742826137614617e+00 -1.874328816764994965e+00 -1.494432236703558514e+00
-2.273385888990751003e-01 -1.705024845965132263e+00 1.260504715658791852e+00 -1.814241892198806827e+00 -1.862827077907844409e+00 -1.499063340153347967e+00
-2.258830748773558716e-01 -1.702253392095628204e+00 1.261173226357148680e+00 -1.813694618777859091e+00 -1.851198592566982049e+00 -1.503682624023187753e+00
-2.244281816939855401e-01 -1.699478595816660942e+00 1.261845212938578431e+00 -1.813099945041376060e+00 -1.839443945518779211e+00 -1.508289999509613066e+00
-2.229739342384044476e-01 -1.696700472715996000e+00 1.262520700465464607e+00 -1.812456820796744417e+00 -1.827563749006197114e+00 -1.512885378782722112e+00
-2.215203574239157924e-01 -1.693919038297452939e+00 1.263199714853974642e+00 -1.811764206916126607e+00 -1.815558642622803198e+00 -1.517468675002160206e+00
-2.200674761906052934e-01 -1.691134307981035034e+00 1.263882282883938890e+00 -1.811021075756016785e+00 -1.803429293189390048e+00 -1.522039802333140956e+00
-2.186153155082999344e-01 -1.688346297103071603e+00 1.264568432208420079e+00 -1.810226411572196659e+00 -1.791176394623299917e+00 -1.526598675962500762e+00
-2.171639003795656775e-01 -1.685555020916369218e+00 1.265258191362964357e+00 -1.809379210929930482e+00 -1.778800667800568780e+00 -1.531145212114785048e+00
-2.157132558427421465e-01 -1.682760494590374911e+00 1.265951589774529928e+00 -1.808478483109244417e+00 -1.766302860411015363e+00 -1.535679328068362937e+00
-2.142634069750142811e-01 -1.679962733211354031e+00 1.266648657770083730e+00 -1.807523250505138623e+00 -1.753683746806375066e+00 -1.540200942171566556e+00
-2.128143788955192961e-01 -1.677161751782580090e+00 1.267349426584860161e+00 -1.806512549022581959e+00 -1.740944127841622446e+00 -1.544709973858853669e+00
-2.113661967684881682e-01 -1.674357565224540600e+00 1.268053928370272310e+00 -1.805445428466147195e+00 -1.728084830709593955e+00 -1.549206343666988062e+00
-2.099188858064204299e-01 -1.671550188375157120e+00 1.268762196201465464e+00 -1.804320952924141741e+00 -1.715106708769044586e+00 -1.553689973251238365e+00
-2.084724712732911600e-01 -1.668739635990025727e+00 1.269474264084503812e+00 -1.803138201147099329e+00 -1.702010641366258792e+00 -1.558160785401587978e+00
-2.070269784877888930e-01 -1.665925922742670373e+00 1.270190166963179212e+00 -1.801896266920500089e+00 -1.688797533650358673e+00 -1.562618704058957420e+00
-2.055824328265833945e-01 -1.663109063224818440e+00 1.270909940725431175e+00 -1.800594259431585797e+00 -1.675468316382438871e+00 -1.567063654331431577e+00
-2.041388597276217465e-01 -1.660289071946696060e+00 1.271633622209364045e+00 -1.799231303630150158e+00 -1.662023945738663855e+00 -1.571495562510493382e+00
-2.026962846934514118e-01 -1.657465963337342085e+00 1.272361249208850076e+00 -1.797806540583176238e+00 -1.648465403107473692e+00 -1.575914356087256829e+00
-2.012547332945689993e-01 -1.654639751744946707e+00 1.273092860478793442e+00 -1.796319127823199580e+00 -1.634793694878611037e+00 -1.580319963768698210e+00
-1.998142311728582921e-01 -1.651810451437484062e+00 1.273828495752078904e+00 -1.794768239689995326e+00 -1.621009852201461543e+00 -1.584712315493883139e+00
-1.983748040450209471e-01 -1.648978076603084375e+00 1.274568195743949417e+00 -1.793153067665557820e+00 -1.607114930765186855e+00 -1.589091342450185129e+00
-1.969364777060282901e-01 -1.646142641350424984e+00 1.275312002155912339e+00 -1.791472820702483260e+00 -1.593110010573548507e+00 -1.593456977089492410e+00
-1.954992780325930934e-01 -1.643304159709153334e+00 1.276059957679156476e+00 -1.789726725545659924e+00 -1.578996195714562401e+00 -1.597809153144399419e+00
-1.940632309866589522e-01 -1.640462645630334393e+00 1.276812105997463087e+00 -1.787914027047170729e+00 -1.564774614125133967e+00 -1.602147805644380973e+00
-1.926283626189060350e-01 -1.637618112986925389e+00 1.277568491789593308e+00 -1.786033988474313050e+00 -1.550446417350827222e+00 -1.606472870931944463e+00
-1.911946990722705464e-01 -1.634770575574283402e+00 1.278329160731132008e+00 -1.784085891810653690e+00 -1.536012780300914038e+00 -1.610784286678757615e+00
-1.897622665854767354e-01 -1.631920047110699823e+00 1.279094159495769878e+00 -1.782069038050033694e+00 -1.521474900998868396e+00 -1.615081991901747838e+00
-1.883310914965784510e-01 -1.629066541237969901e+00 1.279863535756003090e+00 -1.779982747483445760e+00 -1.506834000328449719e+00 -1.619365926979171366e+00
-1.869012002465088029e-01 -1.626210071521992706e+00 1.280637338183228779e+00 -1.777826359978713633e+00 -1.492091321775546930e+00 -1.623636033666646217e+00
-1.854726193826349845e-01 -1.623350651453406623e+00 1.281415616447216577e+00 -1.775599235252903529e+00 -1.477248131165938450e+00 -1.627892255113148279e+00
-1.840453755623167043e-01 -1.620488294448259481e+00 1.282198421214932216e+00 -1.773300753137401209e+00 -1.462305716399125766e+00 -1.632134535876966108e+00
-1.826194955564646172e-01 -1.617623013848715763e+00 1.282985804148690567e+00 -1.770930313835604508e+00 -1.447265387178402474e+00 -1.636362821941609313e+00
-1.811950062530973127e-01 -1.614754822923801125e+00 1.283777817903615226e+00 -1.768487338173165835e+00 -1.432128474737320634e+00 -1.640577060731670755e+00
-1.797719346608934177e-01 -1.611883734870186213e+00 1.284574516124378896e+00 -1.765971267840745318e+00 -1.416896331562733646e+00 -1.644777201128635680e+00
-1.783503079127362057e-01 -1.609009762813009115e+00 1.285375953441200592e+00 -1.763381565629224879e+00 -1.401570331114549095e+00 -1.648963193486635781e+00
-1.769301532692480472e-01 -1.606132919806742443e+00 1.286182185465073902e+00 -1.760717715657344140e+00 -1.386151867542372074e+00 -1.653134989648145314e+00
-1.755114981223113158e-01 -1.603253218836099947e+00 1.286993268782187672e+00 -1.757979223592235130e+00 -1.370642355405393475e+00 -1.657292542959613924e+00
-1.740943699985728066e-01 -1.600370672816988193e+00 1.287809260947523571e+00 -1.755165616861902311e+00 -1.355043229383244618e+00 -1.661435808287034854e+00
-1.726787965629283383e-01 -1.597485294597504657e+00 1.288630220477587240e+00 -1.752276444861188498e+00 -1.339355943996954013e+00 -1.665564742031443002e+00
-1.712648056232110583e-01 -1.594597096959363913e+00 1.289456206841302688e+00 -1.749311279164331046e+00 -1.323581973489275754e+00 -1.669679302144182031e+00
-1.698524251785668571e-01 -1.591706092629363578e+00 1.290287280435977069e+00 -1.746269713757793385e+00 -1.307722812453698147e+00 -1.673779448135824577e+00
-1.684416834222769443e-01 -1.588812294278885595e+00 1.291123502561706493e+00 -1.743151365259847596e+00 -1.291779975723606366e+00 -1.677865141084936562e+00
-1.670326087444987118e-01 -1.585915714523458586e+00 1.291964935394763092e+00 -1.739955873115596852e+00 -1.275754998066905177e+00 -1.681936343646685650e+00
-1.656252297349211089e-01 -1.583016365922382818e+00 1.292811641959935809e+00 -1.736682899784498524e+00 -1.259649433882019665e+00 -1.685993020061289815e+00
-1.642195751853304797e-01 -1.580114260978420226e+00 1.293663686101796939e+00 -1.733332130920275382e+00 -1.243464856893687465e+00 -1.690035136162306273e+00
-1.628156740920816969e-01 -1.577209412137550615e+00 1.294521132454848678e+00 -1.729903275546076369e+00 -1.227202859872164931e+00 -1.694062659384757863e+00
-1.614135556584711528e-01 -1.574301831788794903e+00 1.295384046412536572e+00 -1.726396066219696213e+00 -1.210865054329037571e+00 -1.698075558773095795e+00
-1.600132492970064435e-01 -1.571391532264110991e+00 1.296252494095099017e+00 -1.722810259191330573e+00 -1.194453070213191026e+00 -1.702073804988995409e+00
-1.586147846315680288e-01 -1.568478525838358895e+00 1.297126542316222597e+00 -1.719145634553928215e+00 -1.177968555607119550e+00 -1.706057370318986299e+00
-1.572181914994583152e-01 -1.565562824729341163e+00 1.298006258548472847e+00 -1.715401996386207717e+00 -1.161413176423757854e+00 -1.710026228681911897e+00
-1.558234999533331666e-01 -1.562644441097920112e+00 1.298891710887469575e+00 -1.711579172888390898e+00 -1.144788616103834533e+00 -1.713980355636218089e+00
-1.544307402630105686e-01 -1.559723387048209453e+00 1.299782968014776330e+00 -1.707677016510718904e+00 -1.128096575313921601e+00 -1.717919728387070410e+00
-1.530399429171517833e-01 -1.556799674627849184e+00 1.300680099159473579e+00 -1.703695404074827113e+00 -1.111338771645291379e+00 -1.721844325793296937e+00
-1.516511386248090010e-01 -1.553873315828359303e+00 1.301583174058382308e+00 -1.699634236888057259e+00 -1.094516939313789461e+00 -1.725754128374155094e+00
-1.502643583168346009e-01 -1.550944322585578572e+00 1.302492262914911159e+00 -1.695493440850760702e+00 -1.077632828860639824e+00 -1.729649118315921275e+00
-1.488796331471462508e-01 -1.548012706780189207e+00 1.303407436356491367e+00 -1.691272966556676138e+00 -1.060688206854378812e+00 -1.733529279478303264e+00
-1.474969944938423483e-01 -1.545078480238326391e+00 1.304328765390572853e+00 -1.686972789386461891e+00 -1.043684855594026129e+00 -1.737394597400670815e+00
-1.461164739601616414e-01 -1.542141654732280154e+00 1.305256321359149263e+00 -1.682592909594468722e+00 -1.026624572813589209e+00 -1.741245059308105914e+00
-1.447381033752813684e-01 -1.539202241981287189e+00 1.306190175891779992e+00 -1.678133352388830435e+00 -1.009509171387992899e+00 -1.745080654117269425e+00
-1.433619147949480310e-01 -1.536260253652415919e+00 1.307130400857082542e+00 -1.673594168004959748e+00 -9.923404790405296882e-01 -1.748901372442084323e+00
-1.419879405019340846e-01 -1.533315701361547267e+00 1.308077068312662128e+00 -1.668975431772542706e+00 -9.751203380519239960e-01 -1.752707206599232848e+00
-1.406162130063149385e-01 -1.530368596674453130e+00 1.309030250453451893e+00 -1.664277244176112669e+00 -9.578506049710926451e-01 -1.756498150613466258e+00
-1.392467650455591066e-01 -1.527418951107972767e+00 1.309990019558432861e+00 -1.659499730909304471e+00 -9.405331503276910254e-01 -1.760274200222727181e+00
-1.378796295844257891e-01 -1.524466776131291113e+00 1.310956447935706537e+00 -1.654643042922879559e+00 -9.231698583465233199e-01 -1.764035352883082108e+00
-1.365148398146622810e-01 -1.521512083167321006e+00 1.311929607865892633e+00 -1.649707356466626029e+00 -9.057626266639446921e-01 -1.767781607773463159e+00
-1.351524291544954348e-01 -1.518554883594187555e+00 1.312909571543824594e+00 -1.644692873125216614e+00 -8.883133660462285697e-01 -1.771512965800218220e+00
-1.337924312479094047e-01 -1.515595188746823530e+00 1.313896411018516952e+00 -1.639599819848130302e+00 -8.708240001100233663e-01 -1.775229429601467235e+00
-1.324348799637032892e-01 -1.512633009918668447e+00 1.314890198131378307e+00 -1.634428448973739734e+00 -8.532964650449657018e-01 -1.778931003551265322e+00
-1.310798093943212894e-01 -1.509668358363482232e+00 1.315891004452648394e+00 -1.629179038247667410e+00 -8.357327093385189531e-01 -1.782617693763569600e+00
-1.297272538544481657e-01 -1.506701245297268787e+00 1.316898901216032369e+00 -1.623851890835518175e+00 -8.181346935030961998e-01 -1.786289508096009948e+00
-1.283772478793628324e-01 -1.503731681900313921e+00 1.317913959251513223e+00 -1.618447335330087000e+00 -8.005043898055304030e-01 -1.789946456153461929e+00
-1.270298262230425412e-01 -1.500759679319338957e+00 1.318936248916318998e+00 -1.612965725753156221e+00 -7.828437819989417790e-01 -1.793588549291421641e+00
-1.256850238560101585e-01 -1.497785248669771585e+00 1.319965840024027059e+00 -1.607407441551988336e+00 -7.651548650570576537e-01 -1.797215800619180071e+00
-1.243428759629169877e-01 -1.494808401038135282e+00 1.321002801771786306e+00 -1.601772887590619865e+00 -7.474396449110345397e-01 -1.800828225002798044e+00
-1.230034179398534766e-01 -1.491829147484558638e+00 1.322047202665639798e+00 -1.596062494136076815e+00 -7.297001381888319482e-01 -1.804425839067877790e+00
-1.216666853913800361e-01 -1.488847499045407474e+00 1.323099110443934023e+00 -1.590276716839614579e+00 -7.119383719571783509e-01 -1.808008661202133771e+00
-1.203327141272702017e-01 -1.485863466736037974e+00 1.324158591998800372e+00 -1.584416036713102827e+00 -6.941563834661690358e-01 -1.811576711557758790e+00
-1.190015401589579191e-01 -1.482877061553677045e+00 1.325225713295697494e+00 -1.578480960100662855e+00 -6.763562198965347161e-01 -1.815130012053585817e+00
-1.176731996956817405e-01 -1.479888294480425248e+00 1.326300539291004332e+00 -1.572472018645677760e+00 -6.585399381096128657e-01 -1.818668586377045093e+00
-1.163477291403170466e-01 -1.476897176486388297e+00 1.327383133847656271e+00 -1.566389769253289099e+00 -6.407096044000519797e-01 -1.822192459985914281e+00
-1.150251650848887475e-01 -1.473903718532934448e+00 1.328473559648818858e+00 -1.560234794048497076e+00 -6.228672942512791799e-01 -1.825701660109862123e+00
-1.137055443057565784e-01 -1.470907931576083794e+00 1.329571878109594651e+00 -1.554007700329980146e+00 -6.050150920937529264e-01 -1.829196215751784038e+00
-1.123889037584642758e-01 -1.467909826570022780e+00 1.330678149286763645e+00 -1.547709120519753956e+00 -5.871550910660225941e-01 -1.832676157688928553e+00
-1.110752805722450276e-01 -1.464909414470751070e+00 1.331792431786557040e+00 -1.541339712108789506e+00 -5.692893927786131236e-01 -1.836141518473815459e+00
-1.097647120441748170e-01 -1.461906706239860076e+00 1.332914782670469478e+00 -1.534900157598703574e+00 -5.514201070807493998e-01 -1.839592332434942801e+00
-1.084572356329658316e-01 -1.458901712848439836e+00 1.334045257359115721e+00 -1.528391164439647509e+00 -5.335493518299345705e-01 -1.843028635677282479e+00
-1.071528889523911121e-01 -1.455894445281119776e+00 1.335183909534140900e+00 -1.521813464964511642e+00 -5.156792526643874108e-01 -1.846450466082565800e+00
-1.058517097643334459e-01 -1.452884914540240047e+00 1.336330791038198296e+00 -1.515167816319563432e+00 -4.978119427783493922e-01 -1.849857863309354533e+00
-1.045537359714494574e-01 -1.449873131650154523e+00 1.337485951773008885e+00 -1.508455000391643708e+00 -4.799495627002561271e-01 -1.853250868792900574e+00
-1.032590056094414566e-01 -1.446859107661665700e+00 1.338649439595521518e+00 -1.501675823732035120e+00 -4.620942600737811823e-01 -1.856629525744790898e+00
-1.019675568389288856e-01 -1.443842853656591263e+00 1.339821300212197031e+00 -1.494831117477133375e+00 -4.442481894417460442e-01 -1.859993879152378016e+00
-1.006794279369116474e-01 -1.440824380752460332e+00 1.341001577071441186e+00 -1.487921737266030275e+00 -4.264135120328900186e-01 -1.863343975777995487e+00
-9.939465728781771148e-02 -1.437803700107341154e+00 1.342190311254216173e+00 -1.480948563155139563e+00 -4.085923955514887407e-01 -1.866679864157958280e+00
-9.811328337412661416e-02 -1.434780822924797583e+00 1.343387541362864424e+00 -1.473912499529978604e+00 -3.907870139698146339e-01 -1.870001594601345740e+00
-9.683534476656252554e-02 -1.431755760458975679e+00 1.344593303408181173e+00 -1.466814475014230457e+00 -3.729995473234211101e-01 -1.873309219188567853e+00
-9.556088011384855641e-02 -1.428728524019813761e+00 1.345807630694778156e+00 -1.459655442376206480e+00 -3.552321815092316371e-01 -1.876602791769714562e+00
-9.428992813201508838e-02 -1.425699124978383914e+00 1.347030553704784417e+00 -1.452436378432827357e+00 -3.374871080864190187e-01 -1.879882367962686374e+00
-9.302252759325624343e-02 -1.422667574772353394e+00 1.348262099979932849e+00 -1.445158283951244238e+00 -3.197665240800451336e-01 -1.883148005151106252e+00
-9.175871731432594380e-02 -1.419633884911570831e+00 1.349502294002089764e+00 -1.437822183548219668e+00 -3.020726317874409261e-01 -1.886399762482012354e+00
-9.049853614446845551e-02 -1.416598066983771886e+00 1.350751157072285880e+00 -1.430429125587385109e+00 -2.844076385872922330e-01 -1.889637700863331604e+00
-8.924202295287630982e-02 -1.413560132660405921e+00 1.352008707188313341e+00 -1.422980182074495170e+00 -2.667737567514052444e-01 -1.892861882961131226e+00
-8.798921661566971864e-02 -1.410520093702574362e+00 1.353274958920959170e+00 -1.415476448550797572e+00 -2.491732032591156276e-01 -1.896072373196651784e+00
-8.674015600239137758e-02 -1.407477961967086522e+00 1.354549923288951074e+00 -1.407919043984634300e+00 -2.316081996143060096e-01 -1.899269237743116623e+00
-8.549487996201199369e-02 -1.404433749412622445e+00 1.355833607632694893e+00 -1.400309110661392742e+00 -2.140809716649929584e-01 -1.902452544522320821e+00
-8.425342730844032069e-02 -1.401387468106005452e+00 1.357126015486891824e+00 -1.392647814071922285e+00 -1.965937494254430540e-01 -1.905622363200997649e+00
-8.301583680553381583e-02 -1.398339130228576366e+00 1.358427146452126699e+00 -1.384936342799531594e+00 -1.791487669007691963e-01 -1.908778765186961657e+00
-8.178214715160492254e-02 -1.395288748082668118e+00 1.359736996065526338e+00 -1.377175908405682714e+00 -1.617482619139711808e-01 -1.911921823625028827e+00
-8.055239696341975897e-02 -1.392236334098177153e+00 1.361055555670593220e+00 -1.369367745314495455e+00 -1.443944759353601448e-01 -1.915051613392712682e+00
-7.932662475968477178e-02 -1.389181900839225214e+00 1.362382812286325073e+00 -1.361513110696173534e+00 -1.270896539143251402e-01 -1.918168211095696574e+00
-7.810486894401924562e-02 -1.386125461010909721e+00 1.363718748475738929e+00 -1.353613284349468149e+00 -1.098360441133818810e-01 -1.921271695063081264e+00
-7.688716778741078173e-02 -1.383067027466133414e+00 1.365063342213924447e+00 -1.345669568583288678e+00 -9.263589794445703518e-02 -1.924362145342406905e+00
-7.567355941015152521e-02 -1.380006613212515276e+00 1.366416566755758843e+00 -1.337683288097570866e+00 -7.549146980734278145e-02 -1.927439643694449423e+00
-7.446408176325469697e-02 -1.376944231419369835e+00 1.367778390503422203e+00 -1.329655789863512183e+00 -5.840501693026389773e-02 -1.930504273587791753e+00
-7.325877260934943180e-02 -1.373879895424753084e+00 1.369148776873860607e+00 -1.321588443003284485e+00 -4.137879921250187110e-02 -1.933556120193167915e+00
-7.205766950305558805e-02 -1.370813618742569684e+00 1.370527684166352067e+00 -1.313482638669329017e+00 -2.441507906900364233e-02 -1.936595270377579947e+00
-7.086080977083719645e-02 -1.367745415069732129e+00 1.371915065430336700e+00 -1.305339789923341431e+00 -7.516121276914145000e-03 -1.939621812698188119e+00
-6.966823049033776805e-02 -1.364675298293368089e+00 1.373310868333682988e+00 -1.297161331615052315e+00 9.315807176033974457e-03 -1.942635837395973342e+00
-6.847996846919834901e-02 -1.361603282498066392e+00 1.374715035031569998e+00 -1.288948720260905789e+00 2.607843724134539798e-02 -1.945637436389171082e+00
-6.729606022336243054e-02 -1.358529381973156980e+00 1.376127502036171180e+00 -1.280703433922741663e+00 4.276949795786944009e-02 -1.948626703266477245e+00
-6.611654195487037811e-02 -1.355453611220015286e+00 1.377548200087339580e+00 -1.272426972086579733e+00 5.938671659826688654e-02 -1.951603733280024233e+00
-6.494144952914937541e-02 -1.352375984959384825e+00 1.378977054024496773e+00 -1.264120855541609689e+00 7.592781881390431309e-02 -1.954568623338128308e+00
-6.377081845180410102e-02 -1.349296518138706436e+00 1.380413982659944860e+00 -1.255786626259483008e+00 9.239052877825937315e-02 -1.957521471997806461e+00
-6.260468384491502114e-02 -1.346215225939451088e+00 1.381858898653822498e+00 -1.247425847274005628e+00 1.087725693289081086e-01 -1.960462379457064364e+00
-6.144308042285206994e-02 -1.343132123784442467e+00 1.383311708390942085e+00 -1.239040102561329570e+00 1.250716621081773283e-01 -1.963391447546951385e+00
-6.028604246761337659e-02 -1.340047227345161573e+00 1.384772311859751914e+00 -1.230630996920735631e+00 1.412855277025393264e-01 -1.966308779723386913e+00
-5.913360380369836466e-02 -1.336960552549026460e+00 1.386240602533677979e+00 -1.222200155856103310e+00 1.574118857808310956e-01 -1.969214481058753297e+00
-5.798579777252743650e-02 -1.333872115586632212e+00 1.387716467255111885e+00 -1.213749225458159220e+00 1.734484552313837469e-01 -1.972108658233257650e+00
-5.684265720642045494e-02 -1.330781932918946975e+00 1.389199786122319757e+00 -1.205279872287594367e+00 1.893929542981447334e-01 -1.974991419526061387e+00
-5.570421440214845532e-02 -1.327690021284448685e+00 1.390690432379561470e+00 -1.196793783259141541e+00 2.052431007158745935e-01 -1.977862874806176396e+00
-5.457050109407446392e-02 -1.324596397706193418e+00 1.392188272310717068e+00 -1.188292665526698322e+00 2.209966118445105820e-01 -1.980723135523128065e+00
-5.344154842689718965e-02 -1.321501079498801356e+00 1.393693165136732137e+00 -1.179778246369845851e+00 2.366512048021851555e-01 -1.983572314697418904e+00
-5.231738692802223589e-02 -1.318404084275354382e+00 1.395204962917203195e+00 -1.171252273081364370e+00 2.522045965981014604e-01 -1.986410526910722618e+00
-5.119804647957748589e-02 -1.315305429954195526e+00 1.396723510456437944e+00 -1.162716512856018403e+00 2.676545042649220996e-01 -1.989237888295845469e+00
-5.008355629009553223e-02 -1.312205134765611625e+00 1.398248645214335228e+00 -1.154172752680724834e+00 2.829986449906747303e-01 -1.992054516526451602e+00
-4.897394486588635409e-02 -1.309103217258391627e+00 1.399780197222445954e+00 -1.145622799226186483e+00 2.982347362502668631e-01 -1.994860530806552568e+00
-4.786923998212633258e-02 -1.305999696306244573e+00 1.401317989005584908e+00 -1.137068478740070443e+00 3.133604959366964593e-01 -1.997656051859761472e+00
-4.676946865369102646e-02 -1.302894591114068801e+00 1.402861835509380040e+00 -1.128511636941808671e+00 3.283736424920555841e-01 -2.000441201918310430e+00
-4.567465710576112947e-02 -1.299787921224054399e+00 1.404411544034155357e+00 -1.119954138919097009e+00 3.432718950384128220e-01 -2.003216104711829537e+00
-4.458483074423347237e-02 -1.296679706521609798e+00 1.405966914175562188e+00 -1.111397869026168994e+00 3.580529735086686038e-01 -2.005980885455891372e+00
-4.350001412597137573e-02 -1.293569967241096519e+00 1.407527737772382714e+00 -1.102844730783915983e+00 3.727145987774771463e-01 -2.008735670840314125e+00
-4.242023092893021374e-02 -1.290458723971361188e+00 1.409093798861945634e+00 -1.094296646781925064e+00 3.872544927923251556e-01 -2.011480589017228038e+00
-4.134550392219704662e-02 -1.287345997661046404e+00 1.410664873643610928e+00 -1.085755558582507829e+00 4.016703787048596652e-01 -2.014215769588902472e+00
-4.027585493598528910e-02 -1.284231809623671783e+00 1.412240730450789128e+00 -1.077223426626787717e+00 4.159599810025591538e-01 -2.016941343595332281e+00
-3.921130483162882374e-02 -1.281116181542466759e+00 1.413821129731982706e+00 -1.068702230142912768e+00 4.301210256408349863e-01 -2.019657443501585714e+00
-3.815187347162141140e-02 -1.277999135474942038e+00 1.415405824041347627e+00 -1.060193967056462405e+00 4.441512401756582129e-01 -2.022364203184909393e+00
-3.709757968975080367e-02 -1.274880693857187719e+00 1.416994558039288199e+00 -1.051700653903111515e+00 4.580483538968032065e-01 -2.025061757921594818e+00
-3.604844126138062599e-02 -1.271760879507878084e+00 1.418587068503619930e+00 -1.043224325743616232e+00 4.718100979617951829e-01 -2.027750244373599298e+00
-3.500447487393476553e-02 -1.268639715631973086e+00 1.420183084351843261e+00 -1.034767036081184255e+00 4.854342055306557491e-01 -2.030429800574927057e+00
-3.396569609764277242e-02 -1.265517225824098535e+00 1.421782326675093300e+00 -1.026330856781289658e+00 4.989184119015317442e-01 -2.033100565917766556e+00
-3.293211935660877998e-02 -1.262393434071592768e+00 1.423384508784345082e+00 -1.017917877993993914e+00 5.122604546472970810e-01 -2.035762681138383101e+00
-3.190375790026922509e-02 -1.259268364757201386e+00 1.424989336269469886e+00 -1.009530208078831981e+00 5.254580737532141832e-01 -2.038416288302767665e+00
-3.088062377530798042e-02 -1.256142042661407610e+00 1.426596507071758113e+00 -1.001169973532319846e+00 5.385090117557402856e-01 -2.041061530792041445e+00
-2.986272779810250633e-02 -1.253014492964382942e+00 1.428205711570537773e+00 -9.928393189181414780e-01 5.514110138825665253e-01 -2.043698553287613073e+00
-2.885007952777696172e-02 -1.249885741247540594e+00 1.429816632684539179e+00 -9.845404068000691566e-01 5.641618281939706492e-01 -2.046327501756090683e+00
-2.784268723994431927e-02 -1.246755813494680565e+00 1.431428945988671986e+00 -9.762754176776751169e-01 5.767592057255650495e-01 -2.048948523433944846e+00
-2.684055790122119589e-02 -1.243624736092707961e+00 1.433042319846898671e+00 -9.680465499248853689e-01 5.892009006325209519e-01 -2.051561766811927701e+00
-2.584369714460665879e-02 -1.240492535831911214e+00 1.434656415561911036e+00 -9.598560197314287556e-01 6.014846703353491364e-01 -2.054167381619239396e+00
-2.485210924581815473e-02 -1.237359239905786223e+00 1.436270887542328012e+00 -9.517060610472365401e-01 6.136082756673126859e-01 -2.056765518807447179e+00
-2.386579710068381655e-02 -1.234224875910390873e+00 1.437885383488160418e+00 -9.435989255298387057e-01 6.255694810235468140e-01 -2.059356330534154900e+00
-2.288476220369650704e-02 -1.231089471843215266e+00 1.439499544595300939e+00 -9.355368824948111506e-01 6.373660545119603782e-01 -2.061939970146421164e+00
-2.190900462783806901e-02 -1.227953056101555473e+00 1.441113005779820933e+00 -9.275222188693221792e-01 6.489957681059910222e-01 -2.064516592163925246e+00
-2.093852300578902259e-02 -1.224815657480376130e+00 1.442725395922874965e+00 -9.195572391488282538e-01 6.604563977992805590e-01 -2.067086352261883420e+00
-1.997331451264539037e-02 -1.221677305169648564e+00 1.444336338137033549e+00 -9.116442653569665211e-01 6.717457237623380983e-01 -2.069649407253709050e+00
-1.901337485026888263e-02 -1.218538028751152469e+00 1.445945450054885395e+00 -9.037856370086925217e-01 6.828615305012588621e-01 -2.072205915073421334e+00
-1.805869823340422453e-02 -1.215397858194728897e+00 1.447552344140772274e+00 -8.959837110767292501e-01 6.938016070185240025e-01 -2.074756034757798240e+00
-1.710927737770373547e-02 -1.212256823853972820e+00 1.449156628026539773e+00 -8.882408619614512446e-01 7.045637469758028182e-01 -2.077299926428275434e+00
-1.616510349165689586e-02 -1.209114956295404886e+00 1.450757904861213143e+00 -8.805594868581012591e-01 7.151457390486428700e-01 -2.079837751267957557e+00
-1.522616626955075603e-02 -1.205972286291612683e+00 1.452355773686534235e+00 -8.729420060964603323e-01 7.255453666763620468e-01 -2.082369671498469632e+00
-1.429245388677202744e-02 -1.202828844813840004e+00 1.453949829839351171e+00 -8.653908632420153069e-01 7.357604082580619931e-01 -2.084895850356652147e+00
-1.336395299762138666e-02 -1.199684663024016107e+00 1.455539665381834880e+00 -8.579085251990170580e-01 7.457886373536242175e-01 -2.087416452071097606e+00
-1.244064873581662845e-02 -1.196539772266220103e+00 1.457124869560516123e+00 -8.504974823156903341e-01 7.556278228893411608e-01 -2.089931641838537413e+00
-1.152252471787074128e-02 -1.193394204057575791e+00 1.458705029295162436e+00 -8.431602484913938156e-01 7.652757293686520690e-01 -2.092441585800073334e+00
-1.060956304954163709e-02 -1.190247990078575846e+00 1.460279729698537032e+00 -8.358993612858334199e-01 7.747301170879081766e-01 -2.094946451017263289e+00
-9.701744335557482835e-03 -1.187101162162834012e+00 1.461848554628105257e+00 -8.287173820303299632e-01 7.839887423572626801e-01 -2.097446405448058382e+00
-8.799047692835570977e-03 -1.183953752286268424e+00 1.463411087270778621e+00 -8.216168959411396244e-01 7.930493577267925254e-01 -2.099941617922597814e+00
-7.901450767421214216e-03 -1.180805792555719602e+00 1.464966910761812180e+00 -8.146005122348247696e-01 8.019097122179461579e-01 -2.102432258118859476e+00
-7.008929755386250626e-03 -1.177657315197012888e+00 1.466515608838993900e+00 -8.076708642456718046e-01 8.105675515604131576e-01 -2.104918496538173311e+00
-6.121459427938513720e-03 -1.174508352542473766e+00 1.468056766533293755e+00 -8.008306095451513951e-01 8.190206184345112383e-01 -2.107400504480598347e+00
-5.239013161007610719e-03 -1.171358937017914936e+00 1.469589970897162257e+00 -7.940824300634135025e-01 8.272666527191780972e-01 -2.109878454020163385e+00
-4.361562969587118310e-03 -1.168209101129111582e+00 1.471114811771698783e+00 -7.874290322128063568e-01 8.353033917456653690e-01 -2.112352517979978028e+00
-3.489079547126183733e-03 -1.165058877447792129e+00 1.472630882593934487e+00 -7.808731470134149255e-01 8.431285705570128464e-01 -2.114822869907216241e+00
-2.621532310282836953e-03 -1.161908298597174927e+00 1.474137781245502543e+00 -7.744175302206501854e-01 8.507399221733162875e-01 -2.117289684047971132e+00
-1.758889449365752533e-03 -1.158757397237087483e+00 1.475635110943999795e+00 -7.680649624547815080e-01 8.581351778630299521e-01 -2.119753135321988058e+00
-9.011179848115169477e-04 -1.155606206048716000e+00 1.477122481178368751e+00 -7.618182493324454629e-01 8.653120674203025331e-01 -2.122213399297278258e+00
-4.818383006410797975e-05 -1.152454757719038270e+00 1.478599508689660835e+00 -7.556802216001150541e-01 8.722683194484286417e-01 -2.124670652164614371e+00
7.999481387570561708e-04 -1.149303084925004992e+00 1.480065818498573327e+00 -7.496537352695060719e-01 8.790016616494926716e-01 -2.127125070711912258e+00
1.643314005988494308e-03 -1.146151220317546571e+00 1.481521044981181534e+00 -7.437416717549054646e-01 8.855098211202814262e-01 -2.129576832298500477e+00
2.481950731919035924e-03 -1.142999196505495529e+00 1.482964832994320359e+00 -7.379469380123961919e-01 8.917905246545347886e-01 -2.132026114829281838e+00
3.315896060189116312e-03 -1.139847046039529799e+00 1.484396839052104955e+00 -7.322724666809516947e-01 8.978414990516156990e-01 -2.134473096728791042e+00
4.145188416602385573e-03 -1.136694801396259225e+00 1.485816732555109931e+00 -7.267212162253773311e-01 9.036604714316585074e-01 -2.136917956915149297e+00
4.969866798827937693e-03 -1.133542494962601843e+00 1.487224197073767185e+00 -7.212961710810672500e-01 9.092451695572716375e-01 -2.139360874773919008e+00
