-8.715342824466976168e-02 9.234690784933917707e-01 -1.474273066435865864e+00 3.927344390446201039e-02 -8.517905149710240931e-01 1.634231439292421983e+00
-8.715342824466976168e-02 9.234690784933917707e-01 -1.474273066435865864e+00 3.927344390446201039e-02 -8.517905149710240931e-01 1.634231439292421983e+00
-8.714578042673995495e-02 9.234258933807477643e-01 -1.474720377496125057e+00 3.927322602753526015e-02 -8.517941272960618537e-01 1.634206634193478003e+00
-8.713049597505458099e-02 9.233395471040580782e-01 -1.475594720693516715e+00 3.927282348514074539e-02 -8.518018391041837223e-01 1.634157139083819654e+00
-8.710764206738406956e-02 9.232100551405240108e-01 -1.476876285721248738e+00 3.927226906178542254e-02 -8.518141362155497998e-01 1.634083068865303856e+00
-8.707733841056096435e-02 9.230374252750127573e-01 -1.478545730113773882e+00 3.927159504383002236e-02 -8.518315030945078359e-01 1.633984538253327123e+00
-8.703975389190542200e-02 9.228216584512404230e-01 -1.480584178034446641e+00 3.927083314919798535e-02 -8.518544228317406208e-01 1.633861661776730978e+00
-8.699510334248961030e-02 9.225627496757768942e-01 -1.482973218646560731e+00 3.927001445799034596e-02 -8.518833771264705534e-01 1.633714553777699807e+00
-8.694364440826797547e-02 9.222606889575596378e-01 -1.485694904087900836e+00 3.926916934400918879e-02 -8.519188462687106167e-01 1.633543328411650064e+00
-8.688567452530443491e-02 9.219154622674579080e-01 -1.488731747068440914e+00 3.926832740719234799e-02 -8.519613091215465506e-01 1.633348099647113472e+00
-8.682152799557281420e-02 9.215270525041605598e-01 -1.492066718110321766e+00 3.926751740696162590e-02 -8.520112431034384537e-01 1.633128981265611124e+00
-8.675157316007642283e-02 9.210954404542774920e-01 -1.495683242448750061e+00 3.926676719648686253e-02 -8.520691241705288244e-01 1.632886086861521369e+00
-8.667620966631718604e-02 9.206206057360497574e-01 -1.499565196611966078e+00 3.926610365786795814e-02 -8.521354267989448283e-01 1.632619529841940142e+00
-8.659586582743172833e-02 9.201025277174594841e-01 -1.503696904697944037e+00 3.926555263823709729e-02 -8.522106239670850236e-01 1.632329423426532866e+00
-8.651099607059524466e-02 9.195411864008307123e-01 -1.508063134365002167e+00 3.926513888678286740e-02 -8.522951871378776634e-01 1.632015880647380568e+00
-8.642207847256498654e-02 9.189365632672120698e-01 -1.512649092553026264e+00 3.926488599269827018e-02 -8.523895862410004742e-01 1.631679014348817347e+00
-8.632961238049077779e-02 9.182886420749443168e-01 -1.517440420951534419e+00 3.926481632405431216e-02 -8.524942896550514737e-01 1.631318937187261620e+00
-8.623411611635455054e-02 9.175974096078369779e-01 -1.522423191230342310e+00 3.926495096760067305e-02 -8.526097641896609458e-01 1.630935761631039815e+00
-8.613612476361266757e-02 9.168628563693222988e-01 -1.527583900048129051e+00 3.926530966949504098e-02 -8.527364750675315852e-01 1.630529599960202303e+00
-8.603618803480141131e-02 9.160849772198147445e-01 -1.532909463853742826e+00 3.926591077696256482e-02 -8.528748859064025911e-01 1.630100564266333318e+00
-8.593486821902644734e-02 9.152637719552936257e-01 -1.538387213494637473e+00 3.926677118088705426e-02 -8.530254587009307166e-01 1.629648766452353126e+00
-8.583273820839183721e-02 9.143992458258426437e-01 -1.544004888646385076e+00 3.926790625933453821e-02 -8.531886538044706203e-01 1.629174318232313290e+00
-8.573037960253172829e-02 9.134914099935291798e-01 -1.549750632076769996e+00 3.926932982201059019e-02 -8.533649299107498587e-01 1.628677331131184847e+00
-8.562838089049104595e-02 9.125402819295931334e-01 -1.555612983757537870e+00 3.927105405565296803e-02 -8.535547440354387394e-01 1.628157916484640255e+00
-8.552733570926029927e-02 9.115458857514362467e-01 -1.561580874836448363e+00 3.927308947035969278e-02 -8.537585514975940537e-01 1.627616185438826912e+00
-8.542784117830504176e-02 9.105082525003739269e-01 -1.567643621481856986e+00 3.927544484685447507e-02 -8.539768059009842371e-01 1.627052248950135338e+00
-8.533049630944596065e-02 9.094274203615182461e-01 -1.573790918611642997e+00 3.927812718468909337e-02 -8.542099591152717553e-01 1.626466217784960033e+00
-8.523590049144119662e-02 9.083034348275274006e-01 -1.580012833517890458e+00 3.928114165138495151e-02 -8.544584612570675919e-01 1.625858202519453011e+00
-8.514465204860086067e-02 9.071363488082634374e-01 -1.586299799398331434e+00 3.928449153251323267e-02 -8.547227606708335257e-01 1.625228313539271774e+00
-8.505734687272804850e-02 9.059262226886692915e-01 -1.592642608805169058e+00 3.928817818271478080e-02 -8.550033039096329723e-01 1.624576661039319081e+00
-8.497457712763052673e-02 9.046731243373989928e-01 -1.599032407021510060e+00 3.929220097766001479e-02 -8.553005357157229538e-01 1.623903355023477380e+00
-8.489693002538770128e-02 9.033771290689163180e-01 -1.605460685375258878e+00 3.929655726695000656e-02 -8.556148990009921906e-01 1.623208505304335914e+00
-8.482498667348814525e-02 9.020383195619247063e-01 -1.611919274499954646e+00 3.930124232795844524e-02 -8.559468348272298854e-01 1.622492221502911613e+00
-8.475932099187717672e-02 9.006567857371007291e-01 -1.618400337551666235e+00 3.930624932061461269e-02 -8.562967823862166483e-01 1.621754613048362881e+00
-8.470049869887322225e-02 8.992326245971833387e-01 -1.624896363390705201e+00 3.931156924312814022e-02 -8.566651789796422278e-01 1.620995789177698043e+00
-8.464907636482736641e-02 8.977659400325175287e-01 -1.631400159736561939e+00 3.931719088865572032e-02 -8.570524599988453840e-01 1.620215858935475817e+00
-8.460560053231516719e-02 8.962568425951767948e-01 -1.637904846304132800e+00 3.932310080291000209e-02 -8.574590589043766808e-01 1.619414931173500438e+00
-8.457060690156371907e-02 8.947054492447816809e-01 -1.644403847928965767e+00 3.932928324271064979e-02 -8.578854072053769819e-01 1.618593114550510581e+00
-8.454461957973273545e-02 8.931118830691106014e-01 -1.650890887688923225e+00 3.933572013547695367e-02 -8.583319344387578820e-01 1.617750517531860721e+00
-8.452815039258634866e-02 8.914762729825496113e-01 -1.657359980029341040e+00 3.934239103966290230e-02 -8.587990681482012834e-01 1.616887248389197396e+00
-8.452169825701391637e-02 8.897987534053684033e-01 -1.663805423898446989e+00 3.934927310613341861e-02 -8.592872338629484741e-01 1.616003415200129467e+00
-8.452574861278412677e-02 8.880794639267279855e-01 -1.670221795899492045e+00 3.935634104048246068e-02 -8.597968550763991358e-01 1.615099125847890171e+00
-8.454077291184833309e-02 8.863185489542343420e-01 -1.676603943465751811e+00 3.936356706629336871e-02 -8.603283532245284970e-01 1.614174488020995835e+00
-8.456722816344607041e-02 8.845161573527451360e-01 -1.682946978064256749e+00 3.937092088933966116e-02 -8.608821476640913239e-01 1.613229609212895932e+00
-8.460555653320947500e-02 8.826724420750263755e-01 -1.689246268433827192e+00 3.937836966272683509e-02 -8.614586556506316217e-01 1.612264596721618926e+00
-8.465618499441432410e-02 8.807875597867264039e-01 -1.695497433862708458e+00 3.938587795297493477e-02 -8.620582923162989353e-01 1.611279557649410998e+00
-8.471952502948253139e-02 8.788616704880098940e-01 -1.701696337510827828e+00 3.939340770704020944e-02 -8.626814706474484895e-01 1.610274598902369014e+00
-8.479597237980643354e-02 8.768949371340570842e-01 -1.707839079781430458e+00 3.940091822027678298e-02 -8.633286014620521476e-01 1.609249827190068149e+00
-8.488590684193740576e-02 8.748875252564936034e-01 -1.713921991746592655e+00 3.940836610533657303e-02 -8.640000933868984268e-01 1.608205349025182640e+00
-8.498969210816119391e-02 8.728396025876768993e-01 -1.719941628630858199e+00 3.941570526200717517e-02 -8.646963528345865679e-01 1.607141270723101423e+00
-8.510767564946909725e-02 8.707513386896191809e-01 -1.725894763356999428e+00 3.942288684798779530e-02 -8.654177839803383065e-01 1.606057698401537559e+00
-8.524018863892880715e-02 8.686229045891881162e-01 -1.731778380157665165e+00 3.942985925060175229e-02 -8.661647887386106914e-01 1.604954737980132107e+00
-8.538754591345903977e-02 8.664544724210783144e-01 -1.737589668256446007e+00 3.943656805944401045e-02 -8.669377667394917442e-01 1.603832495180052220e+00
-8.555004597202008065e-02 8.642462150799116172e-01 -1.743326015621663672e+00 3.944295603996363780e-02 -8.677371153049009411e-01 1.602691075523583697e+00
-8.572797100824618155e-02 8.619983058826801159e-01 -1.748985002795969468e+00 3.944896310798035738e-02 -8.685632294246002916e-01 1.601530584333717533e+00
-8.592158697556517843e-02 8.597109182426165841e-01 -1.754564396804629389e+00 3.945452630513372749e-02 -8.694165017320057975e-01 1.600351126733731366e+00
-8.613114368287648481e-02 8.573842253554397885e-01 -1.760062145145161905e+00 3.945957977526357019e-02 -8.702973224797906360e-01 1.599152807646764707e+00
-8.635687491888836831e-02 8.550183998987991307e-01 -1.765476369860800476e+00 3.946405474172207106e-02 -8.712060795153343529e-01 1.597935731795389280e+00
-8.659899860325090404e-02 8.526136137456185038e-01 -1.770805361700055425e+00 3.946787948561431003e-02 -8.721431582559532325e-01 1.596700003701174264e+00
-8.685771696266011976e-02 8.501700376919227864e-01 -1.776047574364465476e+00 3.947097932496723000e-02 -8.731089416639629119e-01 1.595445727684244863e+00
-8.713321673015189672e-02 8.476878411996174867e-01 -1.781201618846446788e+00 3.947327659482537110e-02 -8.741038102215583638e-01 1.594173007862836444e+00
-8.742566936585074999e-02 8.451671921545889088e-01 -1.786266257858973638e+00 3.947469062827137914e-02 -8.751281419055014776e-01 1.592881948152843341e+00
-8.773523129748785065e-02 8.426082566403867435e-01 -1.791240400358654838e+00 3.947513773837055956e-02 -8.761823121616399979e-01 1.591572652267362331e+00
-8.806204417905470760e-02 8.400111987276625003e-01 -1.796123096163608102e+00 3.947453120103717322e-02 -8.772666938792336166e-01 1.590245223716230338e+00
-8.840623516601298082e-02 8.373761802794441600e-01 -1.800913530667373363e+00 3.947278123882162065e-02 -8.783816573651225257e-01 1.588899765805558140e+00
-8.876791720553621479e-02 8.347033607722488258e-01 -1.805611019649961291e+00 3.946979500561690474e-02 -8.795275703177504178e-01 1.587536381637257632e+00
-8.914718934031701236e-02 8.319928971329562106e-01 -1.810215004186978671e+00 3.946547657228150624e-02 -8.807047978009892031e-01 1.586155174108564880e+00
-8.954413702453054014e-02 8.292449435912991884e-01 -1.814725045657639146e+00 3.945972691317808922e-02 -8.819137022178369367e-01 1.584756245911558281e+00
-8.995883245060440347e-02 8.264596515477590222e-01 -1.819140820852326756e+00 3.945244389362542736e-02 -8.831546432839531002e-01 1.583339699532670952e+00
-9.039133488550371576e-02 8.236371694565997048e-01 -1.823462117180254083e+00 3.944352225826170538e-02 -8.844279780010494418e-01 1.581905637252199126e+00
-9.084169101529915302e-02 8.207776427237187811e-01 -1.827688827977626662e+00 3.943285362031669766e-02 -8.857340606300998509e-01 1.580454161143804770e+00
-9.130993529684500176e-02 8.178812136189477222e-01 -1.831820947916611653e+00 3.942032645179199130e-02 -8.870732426644698521e-01 1.578985373074013987e+00
-9.179609031545193920e-02 8.149480212023917369e-01 -1.835858568515289058e+00 3.940582607454549274e-02 -8.884458728028592489e-01 1.577499374701711199e+00
-9.230016714749762763e-02 8.119782012643639302e-01 -1.839801873748655225e+00 3.938923465227906623e-02 -8.898522969221389634e-01 1.575996267477626889e+00
-9.282216572697431223e-02 8.089718862784336384e-01 -1.843651135760644211e+00 3.937043118342650055e-02 -8.912928580500647513e-01 1.574476152643822902e+00
-9.336207521502867812e-02 8.059292053670850109e-01 -1.847406710677030661e+00 3.934929149493947981e-02 -8.927678963378844479e-01 1.572939131233171084e+00
-9.391987437160384533e-02 8.028502842794580374e-01 -1.851069034518982193e+00 3.932568823696890037e-02 -8.942777490328236434e-01 1.571385304068829036e+00
-9.449553192834578286e-02 7.997352453806240158e-01 -1.854638619216938622e+00 3.929949087843899458e-02 -8.958227504505047456e-01 1.569814771763710315e+00
-9.508900696198896441e-02 7.965842076518365733e-01 -1.858116048724406388e+00 3.927056570351140224e-02 -8.974032319471613173e-01 1.568227634719950636e+00
-9.570024926748556260e-02 7.933972867011837016e-01 -1.861501975231176331e+00 3.923877580893699729e-02 -8.990195218918293207e-01 1.566623993128369863e+00
-9.632919973019092585e-02 7.901745947840629336e-01 -1.864797115475390177e+00 3.920398110229215277e-02 -9.006719456384504330e-01 1.565003946967928883e+00
-9.697579069646525274e-02 7.869162408328962410e-01 -1.868002247153811801e+00 3.916603830109665479e-02 -9.023608254978943144e-01 1.563367596005183602e+00
-9.763994634209581525e-02 7.836223304954981206e-01 -1.871118205429582959e+00 3.912480093281023308e-02 -9.040864807098957234e-01 1.561715039793733162e+00
-9.832158303798763099e-02 7.802929661815152240e-01 -1.874145879536680992e+00 3.908011933570466195e-02 -9.058492274149244627e-01 1.560046377673665274e+00
-9.902060971261182620e-02 7.769282471163569959e-01 -1.877086209480228973e+00 3.903184066060813584e-02 -9.076493786260023677e-01 1.558361708770996668e+00
-9.973692821074035819e-02 7.735282694020444438e-01 -1.879940182831754569e+00 3.897980887351879670e-02 -9.094872442004595658e-01 1.556661131997110425e+00
-1.004704336480338328e-01 7.700931260844129378e-01 -1.882708831618429057e+00 3.892386475908429094e-02 -9.113631308116224572e-01 1.554944746048187776e+00
-1.012210147610849570e-01 7.666229072261138144e-01 -1.885393229305275309e+00 3.886384592494360191e-02 -9.132773419204718302e-01 1.553212649404637657e+00
-1.019885542525544586e-01 7.631176999848726661e-01 -1.887994487869278926e+00 3.879958680692727896e-02 -9.152301777473001998e-01 1.551464940330521625e+00
-1.027729291310690019e-01 7.595775886964750701e-01 -1.890513754964291637e+00 3.873091867511271880e-02 -9.172219352433320649e-01 1.549701716872974977e+00
-1.035740110455810742e-01 7.560026549619660585e-01 -1.892952211175573440e+00 3.865766964073148737e-02 -9.192529080622989790e-01 1.547923076861624336e+00
-1.043916666139204502e-01 7.523929777385637285e-01 -1.895311067362781987e+00 3.857966466392388077e-02 -9.213233865320229476e-01 1.546129117908001227e+00
-1.052257577452940657e-01 7.487486334338061544e-01 -1.897591562090176875e+00 3.849672556233763726e-02 -9.234336576259819518e-01 1.544319937404952547e+00
-1.060761419565172531e-01 7.450696960024673077e-01 -1.899794959142777406e+00 3.840867102056622767e-02 -9.255840049348890153e-01 1.542495632526047489e+00
-1.069426726817837986e-01 7.413562370457960071e-01 -1.901922545127179065e+00 3.831531660042489934e-02 -9.277747086382103214e-01 1.540656300224980679e+00
-1.078251995758053999e-01 7.376083259126523517e-01 -1.903975627155704453e+00 3.821647475205441902e-02 -9.300060454758531936e-01 1.538802037234971554e+00
-1.087235688101726439e-01 7.338260298021310746e-01 -1.905955530612541526e+00 3.811195482585417321e-02 -9.322782887197933466e-01 1.536932940068161280e+00
-1.096376233628100633e-01 7.300094138672879041e-01 -1.907863597000496236e+00 3.800156308523860299e-02 -9.345917081457291165e-01 1.535049105015006354e+00
-1.105672033004169719e-01 7.261585413195970062e-01 -1.909701181866966690e+00 3.788510272021056169e-02 -9.369465700048236201e-01 1.533150628143667760e+00
-1.115121460538033571e-01 7.222734735337922318e-01 -1.911469652807728181e+00 3.776237386175061717e-02 -9.393431369954423626e-01 1.531237605299398563e+00
-1.124722866860472792e-01 7.183542701527654284e-01 -1.913170387547100892e+00 3.763317359701413151e-02 -9.417816682349896551e-01 1.529310132103927300e+00
-1.134474581534153648e-01 7.144009891922087352e-01 -1.914804772093059215e+00 3.749729598533390468e-02 -9.442624192317896625e-01 1.527368303954839357e+00
-1.144374915590030406e-01 7.104136871447161994e-01 -1.916374198965828057e+00 3.735453207502135997e-02 -9.467856418570690380e-01 1.525412216024954137e+00
-1.154422163990643235e-01 7.063924190830705996e-01 -1.917880065498503317e+00 3.720466992096413406e-02 -9.493515843169859636e-01 1.523441963261700671e+00
-1.164614608020139719e-01 7.023372387624666757e-01 -1.919323772208222811e+00 3.704749460300929553e-02 -9.519604911248419343e-01 1.521457640386489452e+00
-1.174950517600966970e-01 6.982481987214383956e-01 -1.920706721236415060e+00 3.688278824513472470e-02 -9.546126030733086409e-01 1.519459341894082272e+00
-1.185428153537286811e-01 6.941253503812745418e-01 -1.922030314856638000e+00 3.671033003540051520e-02 -9.573081572067532186e-01 1.517447162051958953e+00
-1.196045769685276511e-01 6.899687441437281077e-01 -1.923295954048524159e+00 3.652989624667052349e-02 -9.600473867937604489e-01 1.515421194899681412e+00
-1.206801615050562826e-01 6.857784294868388697e-01 -1.924505037136347241e+00 3.634126025810590493e-02 -9.628305212997076978e-01 1.513381534248255944e+00
-1.217693935813136674e-01 6.815544550587078199e-01 -1.925658958490721773e+00 3.614419257742048502e-02 -9.656577863595019462e-01 1.511328273679491963e+00
-1.228720977280168547e-01 6.772968687690772427e-01 -1.926759107291954765e+00 3.593846086389066580e-02 -9.685294037505047804e-01 1.509261506545359399e+00
-1.239880985767226051e-01 6.730057178785862071e-01 -1.927806866353567239e+00 3.572382995212267792e-02 -9.714455913655087871e-01 1.507181325967343222e+00
-1.251172210408465491e-01 6.686810490855852329e-01 -1.928803611004509255e+00 3.550006187656028905e-02 -9.744065631859678556e-01 1.505087824835795951e+00
-1.262592904896431278e-01 6.643229086104109893e-01 -1.929750708028600714e+00 3.526691589673468241e-02 -9.774125292553518252e-01 1.502981095809288181e+00
-1.274141329152163604e-01 6.599313422770318738e-01 -1.930649514659732668e+00 3.502414852324985117e-02 -9.804636956526557867e-01 1.500861231313956434e+00
-1.285815750926364021e-01 6.555063955919928631e-01 -1.931501377631376526e+00 3.477151354449644488e-02 -9.835602644660875749e-01 1.498728323542850127e+00
-1.297614447332428034e-01 6.510481138205969076e-01 -1.932307632278954079e+00 3.450876205407893416e-02 -9.867024337670660117e-01 1.496582464455275208e+00
-1.309535706312194570e-01 6.465565420602737978e-01 -1.933069601693639283e+00 3.423564247896391383e-02 -9.898903975843297287e-01 1.494423745776137347e+00
-1.321577828035311042e-01 6.420317253110993105e-01 -1.933788595926164255e+00 3.395190060833326584e-02 -9.931243458783081124e-01 1.492252258995282244e+00
-1.333739126233154104e-01 6.374737085434365458e-01 -1.934465911239219515e+00 3.365727962314363220e-02 -9.964044645156523439e-01 1.490068095366835266e+00
-1.346017929468279473e-01 6.328825367626829124e-01 -1.935102829407052694e+00 3.335152012638344793e-02 -9.997309352439729402e-01 1.487871345908538645e+00
-1.358412582340413621e-01 6.282582550711133251e-01 -1.935700617060882145e+00 3.303436017401148450e-02 -1.003103935666904700e+00 1.485662101401087787e+00
-1.370921446630027907e-01 6.236009087268246098e-01 -1.936260525078757455e+00 3.270553530657965835e-02 -1.006523639219383925e+00 1.483440452387465802e+00
-1.383542902380568429e-01 6.189105431997846685e-01 -1.936783788018515251e+00 3.236477858153125053e-02 -1.009990215143172332e+00 1.481206489172276486e+00
-1.396275348920438253e-01 6.141872042250089425e-01 -1.937271623592492498e+00 3.201182060617036723e-02 -1.013503828462603451e+00 1.478960301821076406e+00
-1.409117205825854979e-01 6.094309378528847132e-01 -1.937725232182682333e+00 3.164638957129122659e-02 -1.017064639960616024e+00 1.476701980159706329e+00
-1.422066913825726919e-01 6.046417904966754353e-01 -1.938145796395022824e+00 3.126821128545465012e-02 -1.020672806155133561e+00 1.474431613773619754e+00
-1.435122935649714160e-01 5.998198089772412978e-01 -1.938534480651542324e+00 3.087700920991739290e-02 -1.024328479275656623e+00 1.472149292007212784e+00
-1.448283756820651358e-01 5.949650405650179774e-01 -1.938892430819094015e+00 3.047250449419455776e-02 -1.028031807240212814e+00 1.469855103963150889e+00
-1.461547886392534634e-01 5.900775330193015478e-01 -1.939220773873434611e+00 3.005441601225698756e-02 -1.031782933632567012e+00 1.467549138501696326e+00
-1.474913857635282433e-01 5.851573346248901686e-01 -1.939520617597419117e+00 2.962246039935644004e-02 -1.035581997679706268e+00 1.465231484240034021e+00
-1.488380228667493255e-01 5.802044942261395111e-01 -1.939793050312105915e+00 2.917635208945718733e-02 -1.039429134229737262e+00 1.462902229551596989e+00
-1.501945583038434839e-01 5.752190612584890950e-01 -1.940039140639586046e+00 2.871580335327716255e-02 -1.043324473730095514e+00 1.460561462565391100e+00
-1.515608530260509623e-01 5.702010857775250408e-01 -1.940259937296370030e+00 2.824052433693236691e-02 -1.047268142206059016e+00 1.458209271165319398e+00
-1.529367706293444928e-01 5.651506184856427417e-01 -1.940456468916189836e+00 2.775022310118194224e-02 -1.051260261239530536e+00 1.455845742989506419e+00
-1.543221773981468536e-01 5.600677107563761803e-01 -1.940629743901083337e+00 2.724460566124468214e-02 -1.055300947948291990e+00 1.453470965429620732e+00
-1.557169423444725309e-01 5.549524146564661642e-01 -1.940780750299667234e+00 2.672337602719128055e-02 -1.059390314965613866e+00 1.451085025630198810e+00
-1.571209372426205231e-01 5.498047829657369823e-01 -1.940910455711513105e+00 2.618623624491249469e-02 -1.063528470420163075e+00 1.448688010487968247e+00
-1.585340366595445194e-01 5.446248691948551990e-01 -1.941019807216566750e+00 2.563288643764888297e-02 -1.067715517916268508e+00 1.446280006651170513e+00
-1.599561179810272682e-01 5.394127276010434180e-01 -1.941109731328515942e+00 2.506302480024053675e-02 -1.071951556896723057e+00 1.443861100518883722e+00
-1.613870614337854503e-01 5.341684132018245101e-01 -1.941181133971145778e+00 2.447634763832796587e-02 -1.076236682621212415e+00 1.441431378240346284e+00
-1.628267501036317344e-01 5.288919817868710238e-01 -1.941234900476688008e+00 2.387254940805664041e-02 -1.080570986145259482e+00 1.438990925714279445e+00
-1.642750699498194411e-01 5.235834899280341626e-01 -1.941271895605188202e+00 2.325132275630506160e-02 -1.084954554299466967e+00 1.436539828588211609e+00
-1.657319098156965764e-01 5.182429949876294906e-01 -1.941292963583944653e+00 2.261235856142018025e-02 -1.089387469669139685e+00 1.434078172257801320e+00
-1.671971614357932179e-01 5.128705551250525296e-01 -1.941298928166081517e+00 2.195534597445135752e-02 -1.093869810574300994e+00 1.431606041866162471e+00
-1.686707194394675424e-01 5.074662293017997428e-01 -1.941290592707355378e+00 2.127997246087120695e-02 -1.098401651050139094e+00 1.429123522303188398e+00
-1.701524813512344247e-01 5.020300772849690674e-01 -1.941268740260307268e+00 2.058592384279419110e-02 -1.102983060827753770e+00 1.426630698204877090e+00
-1.716423475878985638e-01 4.965621596493121626e-01 -1.941234133684897278e+00 1.987288434163885648e-02 -1.107614105315542830e+00 1.424127653952658168e+00
-1.731402214526154559e-01 4.910625377779128664e-01 -1.941187515774776662e+00 1.914053662128971725e-02 -1.112294845580772629e+00 1.421614473672718537e+00
-1.746460091260002012e-01 4.855312738615598644e-01 -1.941129609398378975e+00 1.838856183170507058e-02 -1.117025338331674389e+00 1.419091241235330703e+00
-1.761596196544044646e-01 4.799684308968865665e-01 -1.941061117654029777e+00 1.761663965298654322e-02 -1.121805635899897347e+00 1.416558040254181083e+00
-1.776809649354803011e-01 4.743740726833448051e-01 -1.940982724038296192e+00 1.682444833989054159e-02 -1.126635786223415536e+00 1.414014954085699882e+00
-1.792099597011481416e-01 4.687482638190807460e-01 -1.940895092626819363e+00 1.601166476677183190e-02 -1.131515832829895096e+00 1.411462065828391399e+00
-1.807465214980846224e-01 4.630910696957779571e-01 -1.940798868266894628e+00 1.517796447298265516e-02 -1.136445814820334022e+00 1.408899458322166121e+00
-1.822905706658457248e-01 4.574025564925323639e-01 -1.940694676781081762e+00 1.432302170865303731e-02 -1.141425766853398471e+00 1.406327214147673699e+00
-1.838420303127372146e-01 4.516827911688209296e-01 -1.940583125181152502e+00 1.344650948089953779e-02 -1.146455719130103468e+00 1.403745415625637927e+00
-1.854008262895447401e-01 4.459318414566253996e-01 -1.940464801891698787e+00 1.254809960044340339e-02 -1.151535697378917256e+00 1.401154144816191716e+00
-1.869668871612329419e-01 4.401497758517693981e-01 -1.940340276982749357e+00 1.162746272861273425e-02 -1.156665722841395239e+00 1.398553483518215845e+00
-1.885401441767218800e-01 4.343366636045266627e-01 -1.940210102410757642e+00 1.068426842472471397e-02 -1.161845812258321065e+00 1.395943513268677272e+00
-1.901205312368470235e-01 4.284925747095551518e-01 -1.940074812267348126e+00 9.718185193848496994e-03 -1.167075977856298241e+00 1.393324315341970099e+00
-1.917079848606074166e-01 4.226175798952107598e-01 -1.939934923035224745e+00 8.728880534932391411e-03 -1.172356227334848233e+00 1.390695970749258548e+00
-1.933024441498046864e-01 4.167117506122922643e-01 -1.939790933850664256e+00 7.716020989305787114e-03 -1.177686563853910462e+00 1.388058560237821260e+00
-1.949038507521734243e-01 4.107751590222669114e-01 -1.939643326772039211e+00 6.679272189504349699e-03 -1.183066986021987566e+00 1.385412164290398040e+00
-1.965121488231019731e-01 4.048078779850244890e-01 -1.939492567053828997e+00 5.618298908450496121e-03 -1.188497487884710102e+00 1.382756863124538382e+00
-1.981272849860399865e-01 3.988099810462059081e-01 -1.939339103425599786e+00 4.532765108960633282e-03 -1.193978058913935714e+00 1.380092736691952204e+00
-1.997492082916877409e-01 3.927815424241505315e-01 -1.939183368375451133e+00 3.422333993566645249e-03 -1.199508683997401182e+00 1.377419864677862815e+00
-2.013778701760594869e-01 3.867226369965035548e-01 -1.939025778437444059e+00 2.286668054668282435e-03 -1.205089343428799920e+00 1.374738326500362762e+00
-2.030132244175117395e-01 3.806333402865248461e-01 -1.938866734482542320e+00 1.125429124971828732e-03 -1.210720012898473641e+00 1.372048201309771454e+00
-2.046552270928241324e-01 3.745137284491371066e-01 -1.938706622012618563e+00 -6.172157175640680116e-05 -1.216400663484528133e+00 1.369349567987995453e+00
-2.063038365324195711e-01 3.683638782567503211e-01 -1.938545811457090373e+00 -1.275123369672385987e-03 -1.222131261644587408e+00 1.366642505147891207e+00
-2.079590132748073694e-01 3.621838670848970265e-01 -1.938384658471770328e+00 -2.515116109542532563e-03 -1.227911769207994386e+00 1.363927091132631553e+00
-2.096207200203308307e-01 3.559737728977125926e-01 -1.938223504239529715e+00 -3.782040087184426747e-03 -1.233742143368645294e+00 1.361203404015073559e+00
-2.112889215842994328e-01 3.497336742332910475e-01 -1.938062675772389332e+00 -5.076236001633295525e-03 -1.239622336678284364e+00 1.358471521597130360e+00
-2.129635848495819439e-01 3.434636501889468674e-01 -1.937902486214671205e+00 -6.398044903068091094e-03 -1.245552297040383394e+00 1.355731521409144991e+00
-2.146446787187362426e-01 3.371637804064112620e-01 -1.937743235146855314e+00 -7.747808140491897755e-03 -1.251531967704538229e+00 1.352983480709268660e+00
-2.163321740657479508e-01 3.308341450569890485e-01 -1.937585208889802235e+00 -9.125867309178532782e-03 -1.257561287261399263e+00 1.350227476482840805e+00
-2.180260436874488505e-01 3.244748248267018687e-01 -1.937428680809016646e+00 -1.053256419791239601e-02 -1.263640189638221445e+00 1.347463585441773137e+00
-2.197262622546827804e-01 3.180859009014413985e-01 -1.937273911618648592e+00 -1.196824073601553129e-02 -1.269768604094959397e+00 1.344691884023937467e+00
-2.214328062632853478e-01 3.116674549521545323e-01 -1.937121149684928323e+00 -1.343323894016878323e-02 -1.275946455220903664e+00 1.341912448392555524e+00
-2.231456539849407950e-01 3.052195691200820793e-01 -1.936970631328756243e+00 -1.492790086102568220e-02 -1.282173662931816116e+00 1.339125354435593884e+00
-2.248647854179776640e-01 2.987423260020700688e-01 -1.936822581127177534e+00 -1.645256852965491096e-02 -1.288450142467680193e+00 1.336330677765161568e+00
-2.265901822381624353e-01 2.922358086359719831e-01 -1.936677212213486765e+00 -1.800758390381316382e-02 -1.294775804391036234e+00 1.333528493716912067e+00
-2.283218277495477622e-01 2.857001004861591253e-01 -1.936534726575719123e+00 -1.959328881404244493e-02 -1.301150554585837060e+00 1.330718877349448492e+00
-2.300597068354305885e-01 2.791352854291554442e-01 -1.936395315353296454e+00 -2.121002490961934606e-02 -1.307574294256904857e+00 1.327901903443732490e+00
-2.318038059094720826e-01 2.725414477394103585e-01 -1.936259159131610730e+00 -2.285813360437058406e-02 -1.314046919930005775e+00 1.325077646502498707e+00
-2.335541128670302613e-01 2.659186720752245714e-01 -1.936126428234337116e+00 -2.453795602236324980e-02 -1.320568323452541826e+00 1.322246180749671041e+00
-2.353106170367531835e-01 2.592670434648403077e-01 -1.935997283013281001e+00 -2.624983294347062179e-02 -1.327138391994818090e+00 1.319407580129785318e+00
-2.370733091329740860e-01 2.525866472914135574e-01 -1.935871874108541446e+00 -2.799410403992798335e-02 -1.333757005291632991e+00 1.316561918307297629e+00
-2.388421812072457906e-01 2.458775692808171653e-01 -1.935750342728025597e+00 -2.977110975361400846e-02 -1.340424043208287230e+00 1.313709268666004792e+00
-2.406172266007465255e-01 2.391398954882861805e-01 -1.935632820923804287e+00 -3.158119131204091545e-02 -1.347139385790703692e+00 1.310849704308467034e+00
-2.423984398971515963e-01 2.323737122850668690e-01 -1.935519431870192264e+00 -3.342469124166398686e-02 -1.353902915181454336e+00 1.307983298055477306e+00
-2.441858168433237719e-01 2.255791064806471624e-01 -1.935410290128230182e+00 -3.530195345554773545e-02 -1.360714515920282253e+00 1.305110122444543164e+00
-2.459793542925087784e-01 2.187561653435099451e-01 -1.935305501905969283e+00 -3.721332339727230487e-02 -1.367574075358142682e+00 1.302230249728175915e+00
-2.477790501609081486e-01 2.119049765822343945e-01 -1.935205165315336817e+00 -3.915914802295941688e-02 -1.374481483456500897e+00 1.299343751872215069e+00
-2.495849034280594736e-01 2.050256281524273083e-01 -1.935109370630083259e+00 -4.113977493146549202e-02 -1.381436629472750921e+00 1.296450700555018765e+00
-2.513969140870663810e-01 1.981182082629662222e-01 -1.935018200541081868e+00 -4.315555256786010596e-02 -1.388439402688349755e+00 1.293551167166860028e+00
-2.532150831001546143e-01 1.911828053646410508e-01 -1.934931730439674480e+00 -4.520682314370344512e-02 -1.395489667515996457e+00 1.290645222809471582e+00
-2.550394123555542736e-01 1.842195081377865362e-01 -1.934850028670241251e+00 -4.729392812293421733e-02 -1.402587283639247229e+00 1.287732938295464757e+00
-2.568699046247771012e-01 1.772284054808886955e-01 -1.934773156778739400e+00 -4.941720816724151644e-02 -1.409732106021159392e+00 1.284814384147752619e+00
-2.587065635205881842e-01 1.702095864994406238e-01 -1.934701169757139239e+00 -5.157700308141223433e-02 -1.416923984913442069e+00 1.281889630598977758e+00
-2.605493934556946112e-01 1.631631404950497632e-01 -1.934634116283688199e+00 -5.377365175867782066e-02 -1.424162765866167302e+00 1.278958747590944522e+00
-2.623983996021693743e-01 1.560891569547981916e-01 -1.934572038958945583e+00 -5.600749212608943650e-02 -1.431448289738104229e+00 1.276021804774056800e+00
-2.642535878516290015e-01 1.489877255408577073e-01 -1.934514974537536069e+00 -5.827886108993275693e-02 -1.438780392707680544e+00 1.273078871506759802e+00
-2.661149647761814063e-01 1.418589360803599320e-01 -1.934462954155574455e+00 -6.058809448118862573e-02 -1.446158906284556345e+00 1.270130016854987609e+00
-2.679825375901587758e-01 1.347028785555217656e-01 -1.934416003553725005e+00 -6.293552700098310748e-02 -1.453583657321596778e+00 1.267175309591614951e+00
-2.698563141126483211e-01 1.275196430940269687e-01 -1.934374143295859882e+00 -6.532149216615912302e-02 -1.461054468027643383e+00 1.264214818195915635e+00
-2.717363027308336010e-01 1.203093199596624308e-01 -1.934337388983290440e+00 -6.774632225490327675e-02 -1.468571155980830767e+00 1.261248610853024310e+00
-2.736225123641558010e-01 1.130719995432094560e-01 -1.934305751464549417e+00 -7.021034825246146027e-02 -1.476133534142526127e+00 1.258276755453405116e+00
-2.755149524293057928e-01 1.058077723535882919e-01 -1.934279237040708255e+00 -7.271389979694324601e-02 -1.483741410871858957e+00 1.255299319592324991e+00
-2.774136328060523571e-01 9.851672900925556586e-02 -1.934257847666218888e+00 -7.525730512521336402e-02 -1.491394589940802984e+00 1.252316370569333426e+00
-2.793185638039152874e-01 9.119896022985207740e-02 -1.934241581145272892e+00 -7.784089101889270224e-02 -1.499092870549853185e+00 1.249327975387746426e+00
-2.812297561296877579e-01 8.385455682810016853e-02 -1.934230431323677779e+00 -8.046498275046165549e-02 -1.506836047344243923e+00 1.246334200754137811e+00
-2.831472208558111769e-01 7.648360970194822972e-02 -1.934224388276254425e+00 -8.312990402951773994e-02 -1.514623910430835885e+00 1.243335113077835175e+00
-2.850709693896071872e-01 6.908620982696045409e-02 -1.934223438489761415e+00 -8.583597694917012577e-02 -1.522456245395587660e+00 1.240330778470421835e+00
-2.870010134433670368e-01 6.166244824894873133e-02 -1.934227565041359620e+00 -8.858352193257561236e-02 -1.530332833321593089e+00 1.237321262745246120e+00
-2.889373650052998732e-01 5.421241607684568198e-02 -1.934236747772633214e+00 -9.137285767963189420e-02 -1.538253450807706146e+00 1.234306631416934863e+00
-2.908800363113394627e-01 4.673620447581428028e-02 -1.934250963459185346e+00 -9.420430111383752692e-02 -1.546217869987747129e+00 1.231286949700914235e+00
-2.928290398178078346e-01 3.923390466059295534e-02 -1.934270185975832224e+00 -9.707816732930014958e-02 -1.554225858550213335e+00 1.228262282512937009e+00
-2.947843881749339090e-01 3.170560788907217376e-02 -1.934294386457425796e+00 -9.999476953794074474e-02 -1.562277179758600809e+00 1.225232694468615380e+00
-2.967460942012237757e-01 2.415140545609972822e-02 -1.934323533455325705e+00 -1.029544190168841106e-01 -1.570371592472282973e+00 1.222198249882960885e+00
-2.987141708586783517e-01 1.657138868751151239e-02 -1.934357593089561345e+00 -1.059574250560758185e-01 -1.578508851168028748e+00 1.219159012769930550e+00
-3.006886312288544749e-01 8.965648934384784496e-03 -1.934396529196717562e+00 -1.090040949060829129e-01 -1.586688705962011836e+00 1.216115046841979686e+00
-3.026694884897622728e-01 1.334277567509922768e-03 -1.934440303473581757e+00 -1.120947337261396920e-01 -1.594910902632457717e+00 1.213066415509621798e+00
-3.046567558935936448e-01 -6.322634027921769651e-03 -1.934488875616594550e+00 -1.152296445324137025e-01 -1.603175182642825991e+00 1.210013181880994715e+00
-3.066504467452745852e-01 -1.400499445741887339e-02 -1.934542203457145115e+00 -1.184091281464755147e-01 -1.611481283165463907e+00 1.206955408761434256e+00
-3.086505743818329650e-01 -2.171271232208227264e-02 -1.934600243092759353e+00 -1.216334831440384762e-01 -1.619828937105882050e+00 1.203893158653054130e+00
-3.106571521525733903e-01 -2.944569622329240577e-02 -1.934662949014226863e+00 -1.249030058039630325e-01 -1.628217873127607795e+00 1.200826493754333812e+00
-3.126701934000509775e-01 -3.720385476719578755e-02 -1.934730274228717573e+00 -1.282179900575038389e-01 -1.636647815677536366e+00 1.197755475959712657e+00
-3.146897114418333308e-01 -4.498709656899413378e-02 -1.934802170378936870e+00 -1.315787274378291127e-01 -1.645118485011828113e+00 1.194680166859191983e+00
-3.167157195530408975e-01 -5.279533025704019611e-02 -1.934878587858376076e+00 -1.349855070298172088e-01 -1.653629597222344039e+00 1.191600627737943618e+00
-3.187482309496554311e-01 -6.062846447674308248e-02 -1.934959475922710448e+00 -1.384386154201442398e-01 -1.662180864263627544e+00 1.188516919575927089e+00
-3.207872587725848490e-01 -6.848640789428817044e-02 -1.935044782797401108e+00 -1.419383366476513197e-01 -1.670771993980377790e+00 1.185429103047513255e+00
-3.228328160724732165e-01 -7.636906920017494382e-02 -1.935134455781555074e+00 -1.454849521540294011e-01 -1.679402690135490595e+00 1.182337238521115941e+00
-3.248849157952434785e-01 -8.427635711257608353e-02 -1.935228441348111561e+00 -1.490787407347797799e-01 -1.688072652438535437e+00 1.179241386058831331e+00
-3.269435707683611136e-01 -9.220818038052203125e-02 -1.935326685240406075e+00 -1.527199784905202695e-01 -1.696781576574819095e+00 1.176141605416084479e+00
-3.290087936878057784e-01 -1.001644477869153560e-01 -1.935429132565173127e+00 -1.564089387786095631e-01 -1.705529154234945999e+00 1.173037956041284469e+00
-3.310805971057371178e-01 -1.081450681513783652e-01 -1.935535727882052415e+00 -1.601458921651627287e-01 -1.714315073145025847e+00 1.169930497075486908e+00
-3.331589934188423641e-01 -1.161499503329369576e-01 -1.935646415289657529e+00 -1.639311063773317700e-01 -1.723139017097198966e+00 1.166819287352064638e+00
-3.352439948573523454e-01 -1.241790032325468252e-01 -1.935761138508272916e+00 -1.677648462559575560e-01 -1.732000665980720111e+00 1.163704385396386431e+00
-3.373356134747098611e-01 -1.322321357954628906e-01 -1.935879840959239928e+00 -1.716473737085905671e-01 -1.740899695813566295e+00 1.160585849425503691e+00
-3.394338611378796555e-01 -1.403092570134584216e-01 -1.936002465841097919e+00 -1.755789476628624168e-01 -1.749835778774505357e+00 1.157463737347846022e+00
-3.415387495182823918e-01 -1.484102759268960403e-01 -1.936128956202543439e+00 -1.795598240202175844e-01 -1.758808583235627498e+00 1.154338106762923477e+00
-3.436502900833405816e-01 -1.565351016266552930e-01 -1.936259255012273917e+00 -1.835902556100450500e-01 -1.767817773795407499e+00 1.151209014961039445e+00
-3.457684940886205371e-01 -1.646836432559201091e-01 -1.936393305225777794e+00 -1.876704921441580964e-01 -1.776863011312162399e+00 1.148076518923010214e+00
-3.478933725705563029e-01 -1.728558100118301466e-01 -1.936531049849139263e+00 -1.918007801716889449e-01 -1.785943952938029877e+00 1.144940675319893186e+00
-3.500249363397400226e-01 -1.810515111469986893e-01 -1.936672431999922894e+00 -1.959813630343734125e-01 -1.795060252153398483e+00 1.141801540512725088e+00
-3.521631959747647533e-01 -1.892706559709037561e-01 -1.936817394965197003e+00 -2.002124808222502939e-01 -1.804211558801813720e+00 1.138659170552266842e+00
-3.543081618166037394e-01 -1.975131538511519791e-01 -1.936965882256766802e+00 -2.044943703297361637e-01 -1.813397519125266255e+00 1.135513621178759092e+00
-3.564598439635119909e-01 -2.057789142146227990e-01 -1.937117837663682396e+00 -2.088272650121760776e-01 -1.822617775800051021e+00 1.132364947821685064e+00
-3.586182522664345673e-01 -2.140678465484938675e-01 -1.937273205302084023e+00 -2.132113949427587030e-01 -1.831871967972942716e+00 1.129213205599542746e+00
-3.607833963249065801e-01 -2.223798604011525404e-01 -1.937431929662450258e+00 -2.176469867699414862e-01 -1.841159731297977942e+00 1.126058449319626842e+00
-3.629552854834300901e-01 -2.307148653829970142e-01 -1.937593955654314248e+00 -2.221342636752272615e-01 -1.850480697973487132e+00 1.122900733477818491e+00
-3.651339288283126927e-01 -2.390727711671302158e-01 -1.937759228648508580e+00 -2.266734453314047104e-01 -1.859834496779599000e+00 1.119740112258384768e+00
-3.673193351849529664e-01 -2.474534874899504411e-01 -1.937927694517005639e+00 -2.312647478612216978e-01 -1.869220753116133116e+00 1.116576639533787052e+00
-3.695115131155574661e-01 -2.558569241516416293e-01 -1.938099299670416498e+00 -2.359083837965338937e-01 -1.878639089040952559e+00 1.113410368864498956e+00
-3.717104709172749377e-01 -2.642829910165668261e-01 -1.938273991093207638e+00 -2.406045620379220762e-01 -1.888089123308742012e+00 1.110241353498833128e+00
-3.739162166207327664e-01 -2.727315980135697204e-01 -1.938451716376701661e+00 -2.453534878147437537e-01 -1.897570471410123583e+00 1.107069646372778049e+00
-3.761287579889606714e-01 -2.812026551361842541e-01 -1.938632423749920175e+00 -2.501553626456644031e-01 -1.907082745611188956e+00 1.103895300109843491e+00
-3.783481025166875455e-01 -2.896960724427602996e-01 -1.938816062108359217e+00 -2.550103841805954619e-01 -1.916625554757205308e+00 1.100718367020915744e+00
-3.805742574299971204e-01 -2.982117600565034055e-01 -1.939002581040728312e+00 -2.599187461594552606e-01 -1.926198504314972970e+00 1.097538899104122612e+00
-3.828072296863277990e-01 -3.067496281654370494e-01 -1.939191930853715107e+00 -2.648806383713651624e-01 -1.935801196415453340e+00 1.094356948044707956e+00
-3.850470259748028923e-01 -3.153095870222860642e-01 -1.939384062594833757e+00 -2.698962466143894900e-01 -1.945433229896868177e+00 1.091172565214915569e+00
-3.872936527168770460e-01 -3.238915469442874562e-01 -1.939578928073414144e+00 -2.749657526557821030e-01 -1.955094200348176159e+00 1.087985801673883479e+00
-3.895471160672850930e-01 -3.324954183129306129e-01 -1.939776479879791626e+00 -2.800893341927126468e-01 -1.964783700152860524e+00 1.084796708167547363e+00
-3.918074219152795079e-01 -3.411211115736300092e-01 -1.939976671402751540e+00 -2.852671648135534643e-01 -1.974501318533167460e+00 1.081605335128553946e+00
-3.940745758861431414e-01 -3.497685372353335209e-01 -1.940179456845287032e+00 -2.904994139596835945e-01 -1.984246641594693994e+00 1.078411732676184842e+00
-3.963485833429636340e-01 -3.584376058700690093e-01 -1.940384791238718654e+00 -2.957862468878764139e-01 -1.994019252371433959e+00 1.075215950616290161e+00
-3.986294493886566315e-01 -3.671282281124331748e-01 -1.940592630455243661e+00 -3.011278246331596797e-01 -2.003818730871055553e+00 1.072018038441231669e+00
-4.009171788682248105e-01 -3.758403146590244548e-01 -1.940802931218955862e+00 -3.065243039722468366e-01 -2.013644654120583688e+00 1.068818045329836597e+00
-4.032117763712399494e-01 -3.845737762678228533e-01 -1.941015651115394425e+00 -3.119758373874990665e-01 -2.023496596212393861e+00 1.065616020147361453e+00
-4.055132462345353850e-01 -3.933285237575213644e-01 -1.941230748599673817e+00 -3.174825730314891903e-01 -2.033374128350631693e+00 1.062412011445466709e+00
-4.078215925450967561e-01 -4.021044680068081023e-01 -1.941448183003236627e+00 -3.230446546920853756e-01 -2.043276818897897140e+00 1.059206067462200362e+00
-4.101368191431390420e-01 -4.109015199536060203e-01 -1.941667914539287665e+00 -3.286622217581028349e-01 -2.053204233422258884e+00 1.055998236121992839e+00
-4.124589296253574622e-01 -4.197195905942702199e-01 -1.941889904306962622e+00 -3.343354091854811583e-01 -2.063155934744516529e+00 1.052788565035662316e+00
-4.147879273483413565e-01 -4.285585909827457352e-01 -1.942114114294266836e+00 -3.400643474640579478e-01 -2.073131482985821172e+00 1.049577101500430265e+00
-4.171238154321390001e-01 -4.374184322296897909e-01 -1.942340507379849202e+00 -3.458491625849570705e-01 -2.083130435615666798e+00 1.046363892499947434e+00
-4.194665967639625848e-01 -4.462990255015594210e-01 -1.942569047333639443e+00 -3.516899760085328008e-01 -2.093152347500140564e+00 1.043148984704330484e+00
-4.218162740020223733e-01 -4.552002820196677790e-01 -1.942799698816403353e+00 -3.575869046328865597e-01 -2.103196770950443106e+00 1.039932424470208838e+00
-4.241728495794790943e-01 -4.641221130592115829e-01 -1.943032427378259763e+00 -3.635400607629350467e-01 -2.113263255771631322e+00 1.036714257840783082e+00
-4.265363257085045268e-01 -4.730644299482721360e-01 -1.943267199456203631e+00 -3.695495520800863298e-01 -2.123351349311672465e+00 1.033494530545893131e+00
-4.289067043844396188e-01 -4.820271440667912577e-01 -1.943503982370674121e+00 -3.756154816125423790e-01 -2.133460596510817098e+00 1.030273288002097942e+00
-4.312839873900405352e-01 -4.910101668455258972e-01 -1.943742744321205196e+00 -3.817379477061608184e-01 -2.143590539951179874e+00 1.027050575312765224e+00
-4.336681762998026435e-01 -5.000134097649832077e-01 -1.943983454381219778e+00 -3.879170439959206962e-01 -2.153740719906569900e+00 1.023826437268172462e+00
-4.360592724843533330e-01 -5.090367843543371906e-01 -1.944226082491982588e+00 -3.941528593779826672e-01 -2.163910674392564015e+00 1.020600918345618613e+00
-4.384572771149038428e-01 -5.180802021903304633e-01 -1.944470599455769610e+00 -4.004454779823328758e-01 -2.174099939216780797e+00 1.017374062709547111e+00
-4.408621911677518268e-01 -5.271435748961631473e-01 -1.944716976928283270e+00 -4.067949791460595543e-01 -2.184308048029427685e+00 1.014145914211679544e+00
-4.432740154288254963e-01 -5.362268141403691013e-01 -1.944965187410350849e+00 -4.132014373872721080e-01 -2.194534532374122549e+00 1.010916516391160203e+00
-4.456927504982607924e-01 -5.453298316356843811e-01 -1.945215204238947004e+00 -4.196649223795428374e-01 -2.204778921738790309e+00 1.007685912474711509e+00
-4.481183967950037594e-01 -5.544525391379074852e-01 -1.945467001577567467e+00 -4.261854989270196792e-01 -2.215040743606853102e+00 1.004454145376801666e+00
-4.505509545614299061e-01 -5.635948484447544926e-01 -1.945720554406002778e+00 -4.327632269401366361e-01 -2.225319523508598962e+00 1.001221257699821843e+00
-4.529904238679726691e-01 -5.727566713947102039e-01 -1.945975838509536926e+00 -4.393981614119170098e-01 -2.235614785072694843e+00 9.979872917342756944e-01
-4.554368046177537099e-01 -5.819379198658775065e-01 -1.946232830467605091e+00 -4.460903523949136806e-01 -2.245926050077921232e+00 9.947522894589794218e-01
-4.578900965512078813e-01 -5.911385057748276273e-01 -1.946491507641941565e+00 -4.528398449787807145e-01 -2.256252838505090175e+00 9.915162925412734918e-01
-4.603502992506957048e-01 -6.003583410754501637e-01 -1.946751848164242960e+00 -4.596466792684859026e-01 -2.266594668589167583e+00 9.882793423372452368e-01
-4.628174121450965295e-01 -6.095973377578084440e-01 -1.947013830923397526e+00 -4.665108903630668657e-01 -2.276951056871427514e+00 9.850414798919631121e-01
-4.652914345143759900e-01 -6.188554078469979958e-01 -1.947277435552295932e+00 -4.734325083350632846e-01 -2.287321518251842711e+00 9.818027459397219436e-01
-4.677723654941218223e-01 -6.281324634020123421e-01 -1.947542642414250569e+00 -4.804115582105530913e-01 -2.297705566041583047e+00 9.785631809042998341e-01
-4.702602040800410999e-01 -6.374284165146167913e-01 -1.947809432589054035e+00 -4.874480599498084987e-01 -2.308102712015645430e+00 9.753228248992261706e-01
-4.727549491324141151e-01 -6.467431793082306646e-01 -1.948077787858718324e+00 -4.945420284285850232e-01 -2.318512466465620481e+00 9.720817177280610677e-01
-4.752565993804989120e-01 -6.560766639368215136e-01 -1.948347690692896483e+00 -5.016934734200909629e-01 -2.328934338252656389e+00 9.688398988846865789e-01
-4.777651534268808620e-01 -6.654287825838104409e-01 -1.948619124234034272e+00 -5.089023995775389109e-01 -2.339367834860468509e+00 9.655974075536090107e-01
-4.802806097517626771e-01 -6.747994474609907423e-01 -1.948892072282264909e+00 -5.161688064173124424e-01 -2.349812462448433337e+00 9.623542826102726711e-01
-4.828029667171898076e-01 -6.841885708074620931e-01 -1.949166519280087106e+00 -5.234926883027399835e-01 -2.360267725904749980e+00 9.591105626213857205e-01
-4.853322225712065618e-01 -6.935960648885798330e-01 -1.949442450296824170e+00 -5.308740344285644008e-01 -2.370733128899788156e+00 9.558662858452566802e-01
-4.878683754519385629e-01 -7.030218419949211262e-01 -1.949719851012914562e+00 -5.383128288059931821e-01 -2.381208173939447725e+00 9.526214902321430422e-01
-4.904114233915974341e-01 -7.124658144412697736e-01 -1.949998707704049705e+00 -5.458090502483936568e-01 -2.391692362418615048e+00 9.493762134246116480e-01
-4.929613643204037166e-01 -7.219278945656194546e-01 -1.950279007225169003e+00 -5.533626723576300366e-01 -2.402185194674705038e+00 9.461304927579100577e-01
-4.955181960704243549e-01 -7.314079947281978411e-01 -1.950560736994343625e+00 -5.609736635110458280e-01 -2.412686170041284939e+00 9.428843652603497993e-01
-4.980819163793208659e-01 -7.409060273105111394e-01 -1.950843884976571685e+00 -5.686419868490584228e-01 -2.423194786901722964e+00 9.396378676537013863e-01
-5.006525228940057470e-01 -7.504219047144106147e-01 -1.951128439667506154e+00 -5.763676002633418838e-01 -2.433710542742832494e+00 9.363910363536008807e-01
-5.032300131742026839e-01 -7.599555393611828746e-01 -1.951414390077126804e+00 -5.841504563856942944e-01 -2.444232934208622865e+00 9.331439074699678926e-01
-5.058143846959094470e-01 -7.695068436906623566e-01 -1.951701725713386848e+00 -5.919905025775030749e-01 -2.454761457154048809e+00 9.298965168074354581e-01
-5.084056348547592030e-01 -7.790757301603695728e-01 -1.951990436565842479e+00 -5.998876809198427917e-01 -2.465295606698782116e+00 9.266488998657919085e-01
-5.110037609692786864e-01 -7.886621112446737802e-01 -1.952280513089301950e+00 -6.078419282041875871e-01 -2.475834877280990387e+00 9.234010918404336188e-01
-5.136087602840404553e-01 -7.982658994339814074e-01 -1.952571946187487972e+00 -6.158531759237858560e-01 -2.486378762711169088e+00 9.201531276228300804e-01
-5.162206299727083447e-01 -8.078870072339509045e-01 -1.952864727196752970e+00 -6.239213502656363319e-01 -2.496926756225946065e+00 9.169050418010007419e-01
-5.188393671409725627e-01 -8.175253471647349057e-01 -1.953158847869852499e+00 -6.320463721030905591e-01 -2.507478350541883394e+00 9.136568686600029521e-01
-5.214649688293739871e-01 -8.271808317602497018e-01 -1.953454300359795726e+00 -6.402281569890867496e-01 -2.518033037909279237e+00 9.104086421824321151e-01
-5.240974320160168842e-01 -8.368533735674724694e-01 -1.953751077203791819e+00 -6.484666151499797193e-01 -2.528590310165915511e+00 9.071603960489338370e-01
-5.267367536191660538e-01 -8.465428851457671433e-01 -1.954049171307308930e+00 -6.567616514800306282e-01 -2.539149658790834430e+00 9.039121636387268399e-01
-5.293829304997308416e-01 -8.562492790662387110e-01 -1.954348575928257059e+00 -6.651131655364997952e-01 -2.549710574958057308e+00 9.006639780301386455e-01
-5.320359594636330236e-01 -8.659724679111168166e-01 -1.954649284661313491e+00 -6.735210515353367011e-01 -2.560272549590241642e+00 8.974158720011522483e-01
-5.346958372640584489e-01 -8.757123642731691193e-01 -1.954951291422405868e+00 -6.819851983475165857e-01 -2.570835073412327532e+00 8.941678780299650020e-01
-5.373625606035921098e-01 -8.854688807551437391e-01 -1.955254590433370021e+00 -6.905054894959787859e-01 -2.581397637005118817e+00 8.909200282955589412e-01
-5.400361261362356391e-01 -8.952419299692410126e-01 -1.955559176206790761e+00 -6.990818031531798038e-01 -2.591959730858803823e+00 8.876723546782829821e-01
-5.427165304693093439e-01 -9.050314245366163357e-01 -1.955865043531048286e+00 -7.077140121392819783e-01 -2.602520845426441021e+00 8.844248887604467813e-01
-5.454037701652358905e-01 -9.148372770869125370e-01 -1.956172187455577749e+00 -7.164019839209410101e-01 -2.613080471177363862e+00 8.811776618269263617e-01
-5.480978417432087468e-01 -9.246594002578215621e-01 -1.956480603276360641e+00 -7.251455806106409385e-01 -2.623638098650422634e+00 8.779307048657813972e-01
-5.507987416807430536e-01 -9.344977066946774658e-01 -1.956790286521655542e+00 -7.339446589667079079e-01 -2.634193218507245859e+00 8.746840485688843758e-01
-5.535064664151130298e-01 -9.443521090500780479e-01 -1.957101232937990432e+00 -7.427990703939026940e-01 -2.644745321585366682e+00 8.714377233325613092e-01
-5.562210123446734711e-01 -9.542225199835373539e-01 -1.957413438476422352e+00 -7.517086609446257395e-01 -2.655293898951274656e+00 8.681917592582439891e-01
-5.589423758300691158e-01 -9.641088521611677065e-01 -1.957726899279080612e+00 -7.606732713207469132e-01 -2.665838441953390259e+00 8.649461861531342333e-01
-5.616705531953307684e-01 -9.740110182553906037e-01 -1.958041611666008652e+00 -7.696927368759451937e-01 -2.676378442274825353e+00 8.617010335308800117e-01
-5.644055407288615100e-01 -9.839289309446771492e-01 -1.958357572122310541e+00 -7.787668876186565337e-01 -2.686913391986048616e+00 8.584563306122623416e-01
-5.671473346843142194e-01 -9.938625029133182354e-01 -1.958674777285628998e+00 -7.878955482156824175e-01 -2.697442783597506999e+00 8.552121063258948386e-01
-5.698959312813608458e-01 -1.003811646851221706e+00 -1.958993223933948036e+00 -7.970785379963732931e-01 -2.707966110112106861e+00 8.519683893089343707e-01
-5.726513267063575441e-01 -1.013776275453738496e+00 -1.959312908973746215e+00 -8.063156709573753300e-01 -2.718482865077529453e+00 8.487252079078032585e-01
-5.754135171129061144e-01 -1.023756301421518078e+00 -1.959633829428512275e+00 -8.156067557679422819e-01 -2.728992542638384755e+00 8.454825901789236875e-01
-5.781824986223151885e-01 -1.033751637460385897e+00 -1.959955982427632470e+00 -8.249515957758681850e-01 -2.739494637588274273e+00 8.422405638894628899e-01
-5.809582673239633843e-01 -1.043762196281254884e+00 -1.960279365195663814e+00 -8.343499890139681741e-01 -2.749988645421655775e+00 8.389991565180904276e-01
-5.837408192755668690e-01 -1.053787890600056176e+00 -1.960603975042002345e+00 -8.438017282071808012e-01 -2.760474062385614324e+00 8.357583952557470219e-01
-5.865301505033544416e-01 -1.063828633137698265e+00 -1.960929809350962616e+00 -8.533066007802029285e-01 -2.770950385531419258e+00 8.325183070064245960e-01
-5.893262570021541302e-01 -1.073884336620051450e+00 -1.961256865572278407e+00 -8.628643888657011596e-01 -2.781417112765924848e+00 8.292789183879580861e-01
-5.921291347353926371e-01 -1.083954913777953610e+00 -1.961585141212038419e+00 -8.724748693130734978e-01 -2.791873742902778233e+00 8.260402557328287987e-01
-5.949387796350131818e-01 -1.094040277347239964e+00 -1.961914633824069387e+00 -8.821378136977960915e-01 -2.802319775713475458e+00 8.228023450889789814e-01
-5.977551876013141863e-01 -1.104140340068795911e+00 -1.962245341001777277e+00 -8.918529883313274231e-01 -2.812754711978226574e+00 8.195652122206379397e-01
-6.005783545027129078e-01 -1.114255014688628975e+00 -1.962577260370461651e+00 -9.016201542715631678e-01 -2.823178053536630649e+00 8.163288826091597006e-01
-6.034082761754384627e-01 -1.124384213957961620e+00 -1.962910389580112991e+00 -9.114390673338538251e-01 -2.833589303338163390e+00 8.130933814538717774e-01
-6.062449484231580144e-01 -1.134527850633344492e+00 -1.963244726298707832e+00 -9.213094781025615854e-01 -2.843987965492452918e+00 8.098587336729355934e-01
-6.090883670165404551e-01 -1.144685837476783874e+00 -1.963580268206012613e+00 -9.312311319431492151e-01 -2.854373545319337069e+00 8.066249639042180064e-01
-6.119385276927631345e-01 -1.154858087255889121e+00 -1.963917012987911548e+00 -9.412037690148481461e-01 -2.864745549398752367e+00 8.033920965061743802e-01
-6.147954261549650745e-01 -1.165044512744034311e+00 -1.964254958331266954e+00 -9.512271242838565843e-01 -2.875103485620392973e+00 8.001601555587426473e-01
-6.176590580716532219e-01 -1.175245026720533215e+00 -1.964594101919330926e+00 -9.613009275370516526e-01 -2.885446863233130266e+00 7.969291648642486958e-01
-6.205294190760651807e-01 -1.185459541970827146e+00 -1.964934441427713674e+00 -9.714249033962552016e-01 -2.895775192894234351e+00 7.936991479483229694e-01
-6.234065047654957503e-01 -1.195687971286684359e+00 -1.965275974520928726e+00 -9.815987713330107667e-01 -2.906087986718339344e+00 7.904701280608283920e-01
-6.262903107005911574e-01 -1.205930227466409654e+00 -1.965618698849523449e+00 -9.918222456839023149e-01 -2.916384758326203475e+00 7.872421281767991719e-01
-6.291808324046179735e-01 -1.216186223315060655e+00 -1.965962612047812419e+00 -1.002095035666385359e+00 -2.926665022893215173e+00 7.840151709973908201e-01
-6.320780653627122714e-01 -1.226455871644671181e+00 -1.966307711732222741e+00 -1.012416845395142317e+00 -2.936928297197669124e+00 7.807892789508412701e-01
-6.349820050211146816e-01 -1.236739085274479510e+00 -1.966653995500265983e+00 -1.022787373898951913e+00 -2.947174099668786518e+00 7.775644741934428783e-01
-6.378926467863991201e-01 -1.247035777031158865e+00 -1.967001460930153378e+00 -1.033206315138081033e+00 -2.957401950434510596e+00 7.743407786105254154e-01
-6.408099860247005175e-01 -1.257345859749050554e+00 -1.967350105581065378e+00 -1.043673358022136011e+00 -2.967611371368987783e+00 7.711182138174503820e-01
-6.437340180609485429e-01 -1.267669246270394012e+00 -1.967699926994090021e+00 -1.054188186428464347e+00 -2.977801886139845422e+00 7.678968011606155386e-01
-6.466647381781154280e-01 -1.278005849445555064e+00 -1.968050922693843630e+00 -1.064750479221036050e+00 -2.987973020255184409e+00 7.646765617184709818e-01
-6.496021416164835527e-01 -1.288355582133250188e+00 -1.968403090190788518e+00 -1.075359910269819474e+00 -2.998124301110307144e+00 7.614575163025453231e-01
-6.525462235729413418e-01 -1.298718357200761009e+00 -1.968756426984262342e+00 -1.086016148470657194e+00 -3.008255258034179036e+00 7.582396854584835255e-01
-6.554969792003147999e-01 -1.309094087524142580e+00 -1.969110930566233320e+00 -1.096718857765615729e+00 -3.018365422335607562e+00 7.550230894670945103e-01
-6.584544036067423445e-01 -1.319482685988418336e+00 -1.969466598425794857e+00 -1.107467697163838860e+00 -3.028454327349161979e+00 7.518077483454100873e-01
-6.614184918551013759e-01 -1.329884065487760392e+00 -1.969823428054416015e+00 -1.118262320762862805e+00 -3.038521508480788391e+00 7.485936818477543220e-01
-6.643892389624942441e-01 -1.340298138925655191e+00 -1.970181416951961584e+00 -1.129102377770399013e+00 -3.048566503253141491e+00 7.453809094668234492e-01
-6.673666398998030491e-01 -1.350724819215048278e+00 -1.970540562633497972e+00 -1.139987512526612123e+00 -3.058588851350644511e+00 7.421694504347762233e-01
-6.703506895913212693e-01 -1.361164019278469528e+00 -1.970900862636896012e+00 -1.150917364526863995e+00 -3.068588094664254307e+00 7.389593237243351487e-01
-6.733413829144710983e-01 -1.371615652048131295e+00 -1.971262314531251114e+00 -1.161891568444899159e+00 -3.078563777335914686e+00 7.357505480498974793e-01
-6.763387146996162613e-01 -1.382079630466003017e+00 -1.971624915926132537e+00 -1.172909754156502338e+00 -3.088515445802716641e+00 7.325431418686572105e-01
-6.793426797299789710e-01 -1.392555867483851628e+00 -1.971988664481677755e+00 -1.183971546763605609e+00 -3.098442648840760150e+00 7.293371233817372845e-01
-6.823532727416710131e-01 -1.403044276063253104e+00 -1.972353557919548805e+00 -1.195076566618864300e+00 -3.108344937608715775e+00 7.261325105353315656e-01
-6.853704884238489559e-01 -1.413544769175564930e+00 -1.972719594034763491e+00 -1.206224429350681637e+00 -3.118221865691086947e+00 7.229293210218576959e-01
-6.883943214190025861e-01 -1.424057259801861264e+00 -1.973086770708419424e+00 -1.217414745888657057e+00 -3.128072989141139182e+00 7.197275722811197207e-01
-6.914247663233881180e-01 -1.434581660932825464e+00 -1.973455085921325791e+00 -1.228647122489485266e+00 -3.137897866523525536e+00 7.165272815014809282e-01
-6.944618176876152793e-01 -1.445117885568596439e+00 -1.973824537768556153e+00 -1.239921160763288288e+00 -3.147696058956594989e+00 7.133284656210466812e-01
-6.975054700174000422e-01 -1.455665846718567469e+00 -1.974195124474942498e+00 -1.251236457700375393e+00 -3.157467130154375745e+00 7.101311413288572405e-01
-7.005557177744933250e-01 -1.466225457401129528e+00 -1.974566844411521416e+00 -1.262592605698440007e+00 -3.167210646468242352e+00 7.069353250660906918e-01
-7.036125553777969888e-01 -1.476796630643362640e+00 -1.974939696112951948e+00 -1.273989192590189612e+00 -3.176926176928271950e+00 7.037410330272755310e-01
-7.066759772046778965e-01 -1.487379279480664618e+00 -1.975313678295917752e+00 -1.285425801671371993e+00 -3.186613293284246140e+00 7.005482811615129091e-01
-7.097459775924925829e-01 -1.497973316956317191e+00 -1.975688789878530915e+00 -1.296902011729224036e+00 -3.196271570046332222e+00 6.973570851737093124e-01
-7.128225508403334132e-01 -1.508578656120985517e+00 -1.976065030000753620e+00 -1.308417397071327093e+00 -3.205900584525426922e+00 6.941674605258177921e-01
-7.159056912110085547e-01 -1.519195210032145305e+00 -1.976442398045850313e+00 -1.319971527554876456e+00 -3.215499916873170605e+00 6.909794224380900740e-01
-7.189953929332676408e-01 -1.529822891753436664e+00 -1.976820893662887713e+00 -1.331563968616358506e+00 -3.225069150121627537e+00 6.877929858903373272e-01
-7.220916502042863394e-01 -1.540461614353935804e+00 -1.977200516790299289e+00 -1.343194281301617554e+00 -3.234607870222615311e+00 6.846081656232005930e-01
-7.251944571924209271e-01 -1.551111290907346341e+00 -1.977581267680525778e+00 -1.354862022296353219e+00 -3.244115666086728744e+00 6.814249761394309823e-01
-7.283038080402474135e-01 -1.561771834491099575e+00 -1.977963146925749038e+00 -1.366566743956963537e+00 -3.253592129621972973e+00 6.782434317051787565e-01
-7.314196968678966515e-01 -1.572443158185365952e+00 -1.978346155484734581e+00 -1.378307994341804177e+00 -3.263036855772078582e+00 6.750635463512921763e-01
-7.345421177766996434e-01 -1.583125175071966595e+00 -1.978730294710795645e+00 -1.390085317242814478e+00 -3.272449442554452581e+00 6.718853338746251236e-01
-7.376710648531559222e-01 -1.593817798233186256e+00 -1.979115566380893032e+00 -1.401898252217553598e+00 -3.281829491097806084e+00 6.687088078393540469e-01
-7.408065321732388853e-01 -1.604520940750478353e+00 -1.979501972725886905e+00 -1.413746334621582834e+00 -3.291176605679402734e+00 6.655339815783043456e-01
-7.439485138070510706e-01 -1.615234515703059426e+00 -1.979889516461952326e+00 -1.425629095641248734e+00 -3.300490393761977614e+00 6.623608681942848575e-01
-7.470970038238446964e-01 -1.625958436166390353e+00 -1.980278200823172297e+00 -1.437546062326816143e+00 -3.309770466030284908e+00 6.591894805614322284e-01
-7.502519962974203427e-01 -1.636692615210532775e+00 -1.980668029595321844e+00 -1.449496757625971854e+00 -3.319016436427292049e+00 6.560198313265638292e-01
-7.534134853119183184e-01 -1.647436965898385175e+00 -1.981059007150854923e+00 -1.461480700417702838e+00 -3.328227922190028387e+00 6.528519329105390012e-01
-7.565814649680175918e-01 -1.658191401283783062e+00 -1.981451138485108343e+00 -1.473497405546511985e+00 -3.337404543885051922e+00 6.496857975096298476e-01
-7.597559293895562726e-01 -1.668955834409466821e+00 -1.981844429253731832e+00 -1.485546383857006658e+00 -3.346545925443576763e+00 6.465214370968999091e-01
-7.629368727305889664e-01 -1.679730178304907451e+00 -1.982238885811357099e+00 -1.497627142228843411e+00 -3.355651694196231105e+00 6.433588634235918313e-01
-7.661242891828953239e-01 -1.690514345983984423e+00 -1.982634515251517016e+00 -1.509739183612001767e+00 -3.364721480907446605e+00 6.401980880205233593e-01
-7.693181729839554395e-01 -1.701308250442512993e+00 -1.983031325447823345e+00 -1.521882007062413056e+00 -3.373754919809485386e+00 6.370391221994918807e-01
-7.725185184254065307e-01 -1.712111804655612968e+00 -1.983429325096414342e+00 -1.534055107777935190e+00 -3.382751648636101116e+00 6.338819770546870735e-01
-7.757253198619965540e-01 -1.722924921574914059e+00 -1.983828523759680218e+00 -1.546257977134681161e+00 -3.391711308655852797e+00 6.307266634641122138e-01
-7.789385717210499660e-01 -1.733747514125593359e+00 -1.984228931911274918e+00 -1.558490102723642634e+00 -3.400633544705010003e+00 6.275731920910131434e-01
-7.821582685124617296e-01 -1.744579495203236075e+00 -1.984630560982419967e+00 -1.570750968387697011e+00 -3.409518005220133041e+00 6.244215733853155648e-01
-7.853844048392337740e-01 -1.755420777670517740e+00 -1.985033423409509945e+00 -1.583040054258905149e+00 -3.418364342270253431e+00 6.212718175850704405e-01
-7.886169754085708972e-01 -1.766271274353696352e+00 -1.985437532683023587e+00 -1.595356836796154365e+00 -3.427172211588694672e+00 6.181239347179074972e-01
-7.918559750435506528e-01 -1.777130898038916218e+00 -1.985842903397745607e+00 -1.607700788823122284e+00 -3.435941272604520869e+00 6.149779346024958349e-01
-7.951013986953840984e-01 -1.787999561468308407e+00 -1.986249551304302807e+00 -1.620071379566550895e+00 -3.444671188473604317e+00 6.118338268500131960e-01
-7.983532414562820589e-01 -1.798877177335890032e+00 -1.986657493362018467e+00 -1.632468074694853888e+00 -3.453361626109330729e+00 6.086916208656224514e-01
-8.016114985729434483e-01 -1.809763658283249033e+00 -1.987066747793085897e+00 -1.644890336357038185e+00 -3.462012256212927852e+00 6.055513258499556351e-01
-8.048761654606811922e-01 -1.820658916895012691e+00 -1.987477334138061824e+00 -1.657337623221928125e+00 -3.470622753303417518e+00 6.024129508006057510e-01
-8.081472377182010725e-01 -1.831562865694093656e+00 -1.987889273312680727e+00 -1.669809390517696279e+00 -3.479192795747181322e+00 5.992765045136259072e-01
-8.114247111430501480e-01 -1.842475417136702376e+00 -1.988302587665986110e+00 -1.682305090071703813e+00 -3.487722065787158598e+00 5.961419955850357777e-01
-8.147085817477501823e-01 -1.853396483607124612e+00 -1.988717301039778951e+00 -1.694824170350661241e+00 -3.496210249571676698e+00 5.930094324123350580e-01
-8.179988457766306231e-01 -1.864325977412256030e+00 -1.989133438829375766e+00 -1.707366076501070085e+00 -3.504657037182884238e+00 5.898788231960246931e-01
-8.212954997233786747e-01 -1.875263810775884110e+00 -1.989551028045673631e+00 -1.719930250389966053e+00 -3.513062122664819320e+00 5.867501759411348772e-01
-8.245985403493201193e-01 -1.886209895832717365e+00 -1.989970097378512826e+00 -1.732516130645970653e+00 -3.521425204051090496e+00 5.836234984587596042e-01
-8.279079647024474298e-01 -1.897164144622146331e+00 -1.990390677261330010e+00 -1.745123152700634783e+00 -3.529745983392192699e+00 5.804987983675989893e-01
-8.312237701372099385e-01 -1.908126469081738996e+00 -1.990812799937091704e+00 -1.757750748830068543e+00 -3.538024166782427926e+00 5.773760830955076973e-01
-8.345459543350808307e-01 -1.919096781040456001e+00 -1.991236499525494530e+00 -1.770398348196862148e+00 -3.546259464386449345e+00 5.742553598810504756e-01
-8.378745153259165024e-01 -1.930074992211585183e+00 -1.991661812091420680e+00 -1.783065376892299936e+00 -3.554451590465432353e+00 5.711366357750643497e-01
-8.412094515101223857e-01 -1.941061014185382572e+00 -1.992088775714632387e+00 -1.795751257978869253e+00 -3.562600263402866396e+00 5.680199176422268126e-01
-8.445507616816397833e-01 -1.952054758421419400e+00 -1.992517430560688307e+00 -1.808455411533052670e+00 -3.570705205729961307e+00 5.649052121626313427e-01
-8.478984450517681459e-01 -1.963056136240621363e+00 -1.992947818953063166e+00 -1.821177254688377989e+00 -3.578766144150663742e+00 5.617925258333684724e-01
-8.512525012738365593e-01 -1.974065058817001006e+00 -1.993379985446448455e+00 -1.833916201678788438e+00 -3.586782809566313901e+00 5.586818649701137396e-01
-8.546129304687375416e-01 -1.985081437169069041e+00 -1.993813976901211538e+00 -1.846671663882274661e+00 -3.594754937099904346e+00 5.555732357087213025e-01
-8.579797332513372510e-01 -1.996105182150922808e+00 -1.994249842558988739e+00 -1.859443049864783593e+00 -3.602682266119964005e+00 5.524666440068239925e-01
-8.613529107577740929e-01 -2.007136204443002114e+00 -1.994687634119382880e+00 -1.872229765424398007e+00 -3.610564540264046940e+00 5.493620956454394744e-01
-8.647324646736587184e-01 -2.018174414542508011e+00 -1.995127405817737065e+00 -1.885031213635807612e+00 -3.618401507461860511e+00 5.462595962305815123e-01
-8.681183972631872914e-01 -2.029219722753474731e+00 -1.995569214503951860e+00 -1.897846794895038380e+00 -3.626192919957988536e+00 5.431591511948781204e-01
-8.715107113991795718e-01 -2.040272039176491248e+00 -1.996013119722309659e+00 -1.910675906964484971e+00 -3.633938534334258286e+00 5.400607657991944865e-01
-8.749094105940528054e-01 -2.051331273698062230e+00 -1.996459183792272052e+00 -1.923517945018196063e+00 -3.641638111531708688e+00 5.369644451342621139e-01
-8.783144990317421907e-01 -2.062397335979605284e+00 -1.996907471890206898e+00 -1.936372301687435460e+00 -3.649291416872183724e+00 5.338701941223132907e-01
-8.817259816005772466e-01 -2.073470135446073837e+00 -1.997358052132004236e+00 -1.949238367106510328e+00 -3.656898220079530581e+00 5.307780175187205574e-01
-8.851438639271242970e-01 -2.084549581274203423e+00 -1.997810995656536415e+00 -1.962115528958862543e+00 -3.664458295300421220e+00 5.276879199136422782e-01
-8.885681524110029539e-01 -2.095635582380369399e+00 -1.998266376709911141e+00 -1.975003172523453143e+00 -3.671971421124801793e+00 5.245999057336726556e-01
-8.919988542606851478e-01 -2.106728047408053861e+00 -1.998724272730468821e+00 -1.987900680721409019e+00 -3.679437380605948604e+00 5.215139792434974053e-01
-8.954359775302839219e-01 -2.117826884714913760e+00 -1.999184764434468686e+00 -2.000807434162937160e+00 -3.686855961280148364e+00 5.184301445475539838e-01
-8.988795311573380964e-01 -2.128932002359444020e+00 -1.999647935902406637e+00 -2.013722811194511131e+00 -3.694226955185994754e+00 5.153484055916973672e-01
-9.023295250015987978e-01 -2.140043308087226759e+00 -2.000113874665903957e+00 -2.026646187946335775e+00 -3.701550158883302188e+00 5.122687661648698265e-01
-9.057859698848229613e-01 -2.151160709316764397e+00 -2.000582671795101408e+00 -2.039576938380073479e+00 -3.708825373471640319e+00 5.091912299007761433e-01
-9.092488776315772459e-01 -2.162284113124888663e+00 -2.001054421986494525e+00 -2.052514434336834004e+00 -3.716052404608475968e+00 5.061158002795628219e-01
-9.127182611110553623e-01 -2.173413426231736167e+00 -2.001529223651135503e+00 -2.065458045585456759e+00 -3.723231062526945578e+00 5.030424806295025197e-01
-9.161941342799116983e-01 -2.184548554985290547e+00 -2.002007179003128190e+00 -2.078407139871063514e+00 -3.730361162053247526e+00 4.999712741286822526e-01
-9.196765122261109093e-01 -2.195689405345479628e+00 -2.002488394148341122e+00 -2.091361082963834050e+00 -3.737442522623621421e+00 4.969021838066960406e-01
-9.231654112137943624e-01 -2.206835882867824949e+00 -2.002972979173252455e+00 -2.104319238708130424e+00 -3.744474968300985473e+00 4.938352125463421061e-01
-9.266608487291615459e-01 -2.217987892686636986e+00 -2.003461048233840636e+00 -2.117280969071852592e+00 -3.751458327791173275e+00 4.907703630853236798e-01
-9.301628435273645579e-01 -2.229145339497749845e+00 -2.003952719644435554e+00 -2.130245634196080928e+00 -3.758392434458788678e+00 4.877076380179542481e-01
-9.336714156804111209e-01 -2.240308127540791006e+00 -2.004448115966432464e+00 -2.143212592445002063e+00 -3.765277126342684078e+00 4.846470397968664079e-01
-9.371865866260722377e-01 -2.251476160580978991e+00 -2.004947364096772766e+00 -2.156181200456098068e+00 -3.772112246171046124e+00 4.815885707347245526e-01
-9.407083792177868276e-01 -2.262649341890445420e+00 -2.005450595356087717e+00 -2.169150813190627858e+00 -3.778897641376107508e+00 4.785322330059412765e-01
-9.442368177755567915e-01 -2.273827574229076554e+00 -2.005957945576400281e+00 -2.182120783984393686e+00 -3.785633164108476834e+00 4.754780286483974994e-01
-9.477719281378224059e-01 -2.285010759824867232e+00 -2.006469555188272302e+00 -2.195090464598782987e+00 -3.792318671251080353e+00 4.724259595651657540e-01
-9.513137377143074946e-01 -2.296198800353783209e+00 -2.006985569307284667e+00 -2.208059205272102421e+00 -3.798954024432723564e+00 4.693760275262370829e-01
-9.548622755398219475e-01 -2.307391596919130539e+00 -2.007506137819728753e+00 -2.221026354771190370e+00 -3.805539090041267336e+00 4.663282341702511546e-01
-9.584175723290081494e-01 -2.318589050030420040e+00 -2.008031415467383063e+00 -2.233991260443364713e+00 -3.812073739236438996e+00 4.632825810062294325e-01
-9.619796605320143357e-01 -2.329791059581732160e+00 -2.008561561931249351e+00 -2.246953268268625070e+00 -3.818557847962242846e+00 4.602390694153116191e-01
-9.655485743910785512e-01 -2.340997524829569798e+00 -2.009096741914111917e+00 -2.259911722912166354e+00 -3.824991296958991427e+00 4.571977006524947651e-01
-9.691243499980033427e-01 -2.352208344370199544e+00 -2.009637125221782394e+00 -2.272865967777193852e+00 -3.831373971774957532e+00 4.541584758483752648e-01
-9.727070253524996435e-01 -2.363423416116477327e+00 -2.010182886842883931e+00 -2.285815345058038961e+00 -3.837705762777636309e+00 4.511213960108938492e-01
-9.762966404213773153e-01 -2.374642637274152701e+00 -2.010734207027027765e+00 -2.298759195793584897e+00 -3.843986565164626334e+00 4.480864620270829102e-01
-9.798932371985564771e-01 -2.385865904317653552e+00 -2.011291271361227206e+00 -2.311696859921006375e+00 -3.850216278974128770e+00 4.450536746648163233e-01
-9.834968597658725331e-01 -2.397093112965340556e+00 -2.011854270844390502e+00 -2.324627676329828141e+00 -3.856394809095056608e+00 4.420230345745619349e-01
-9.871075543546450337e-01 -2.408324158154236283e+00 -2.012423401959728242e+00 -2.337550982916304587e+00 -3.862522065276768224e+00 4.389945422911361583e-01
-9.907253694079792838e-01 -2.419558934014221840e+00 -2.012998866744902582e+00 -2.350466116638121772e+00 -3.868597962138406565e+00 4.359681982354606244e-01
-9.943503556437655044e-01 -2.430797333841701047e+00 -2.013580872859745963e+00 -2.363372413569451158e+00 -3.874622419177864430e+00 4.329440027163212190e-01
-9.979825661183403529e-01 -2.442039250072728152e+00 -2.014169633651369029e+00 -2.376269208956328427e+00 -3.880595360780360714e+00 4.299219559321288964e-01
-1.001622056290770502e+00 -2.453284574255599093e+00 -2.014765368216466790e+00 -2.389155837272371574e+00 -3.886516716226626755e+00 4.269020579726823805e-01
-1.005268884087718639e+00 -2.464533197022906297e+00 -2.015368301460636946e+00 -2.402031632274848505e+00 -3.892386419700701872e+00 4.238843088209324761e-01
-1.008923109968845377e+00 -2.475785008063051684e+00 -2.015978664154508326e+00 -2.414895927061105230e+00 -3.898204410297354094e+00 4.208687083547483776e-01
-1.012584796992702207e+00 -2.487039896091223223e+00 -2.016596692986478256e+00 -2.427748054125331123e+00 -3.903970632029092336e+00 4.178552563486850335e-01
-1.016254010883066661e+00 -2.498297748819828801e+00 -2.017222630611848366e+00 -2.440587345415579978e+00 -3.909685033832744239e+00 4.148439524757523422e-01
-1.019930820095664936e+00 -2.509558452928391414e+00 -2.017856725698146114e+00 -2.453413132391295104e+00 -3.915347569575704512e+00 4.118347963091854025e-01
-1.023615295885229148e+00 -2.520821894032906130e+00 -2.018499232966408652e+00 -2.466224746081206121e+00 -3.920958198061784472e+00 4.088277873242159299e-01
-1.027307512372829246e+00 -2.532087956654658356e+00 -2.019150413228204322e+00 -2.479021517141622333e+00 -3.926516883036674344e+00 4.058229248998449501e-01
-1.031007546613421866e+00 -2.543356524188504775e+00 -2.019810533418159082e+00 -2.491802775915136881e+00 -3.932023593193022748e+00 4.028202083206163242e-01
-1.034715478663546184e+00 -2.554627478870622248e+00 -2.020479866621747611e+00 -2.504567852489703039e+00 -3.937478302175100531e+00 3.998196367783911076e-01
-1.038431391649106583e+00 -2.565900701745720713e+00 -2.021158692098106169e+00 -2.517316076758145726e+00 -3.942880988583081781e+00 3.968212093741226854e-01
-1.042155371833164867e+00 -2.577176072633730719e+00 -2.021847295297618530e+00 -2.530046778478127312e+00 -3.948231635976943821e+00 3.938249251196325740e-01
-1.045887508683672973e+00 -2.588453470095963826e+00 -2.022545967874015638e+00 -2.542759287332508222e+00 -3.953530232879950645e+00 3.908307829393867228e-01
-1.049627894941065787e+00 -2.599732771400752096e+00 -2.023255007690725638e+00 -2.555452932990153858e+00 -3.958776772781734898e+00 3.878387816722720927e-01
-1.053376626685636364e+00 -2.611013852488570652e+00 -2.023974718821213603e+00 -2.568127045167180267e+00 -3.963971254140981060e+00 3.848489200733736793e-01
-1.057133803404606942e+00 -2.622296587936652212e+00 -2.024705411543025413e+00 -2.580780953688700752e+00 -3.969113680387716059e+00 3.818611968157517023e-01
-1.060899528058807384e+00 -2.633580850923093575e+00 -2.025447402325267099e+00 -2.593413988551037441e+00 -3.974204059925193988e+00 3.788756104922186840e-01
-1.064673907148873777e+00 -2.644866513190468726e+00 -2.026201013809222573e+00 -2.606025479984393822e+00 -3.979242406131358933e+00 3.758921596171168056e-01
-1.068457050780868389e+00 -2.656153445008950342e+00 -2.026966574781827291e+00 -2.618614758516073504e+00 -3.984228737359931216e+00 3.729108426280945965e-01
-1.072249072731222164e+00 -2.667441515138951669e+00 -2.027744420141694537e+00 -2.631181155034179930e+00 -3.989163076941054875e+00 3.699316578878838468e-01
-1.076050090510900947e+00 -2.678730590793298560e+00 -2.028534890857390582e+00 -2.643724000851852107e+00 -3.994045453181553462e+00 3.669546036860757976e-01
-1.079860225428683318e+00 -2.690020537598942330e+00 -2.029338333917654502e+00 -2.656242627772048337e+00 -3.998875899364762176e+00 3.639796782408968867e-01
-1.083679602653445428e+00 -2.701311219558224064e+00 -2.030155102273240697e+00 -2.668736368152880178e+00 -4.003654453749951436e+00 3.610068797009839958e-01
-1.087508351275334961e+00 -2.712602499009705070e+00 -2.030985554770068813e+00 -2.681204554973518839e+00 -4.008381159571328567e+00 3.580362061471587531e-01
-1.091346604365715622e+00 -2.723894236588577211e+00 -2.031830056073353319e+00 -2.693646521900659341e+00 -4.013056065036606945e+00 3.550676555942010593e-01
-1.095194499035763158e+00 -2.735186291186669116e+00 -2.032688976582378793e+00 -2.706061603355629064e+00 -4.017679223325171023e+00 3.521012259926216137e-01
-1.099052176493582778e+00 -2.746478519912066041e+00 -2.033562692335590061e+00 -2.718449134582084703e+00 -4.022250692585799037e+00 3.491369152304334422e-01
-1.102919782099719859e+00 -2.757770778048359350e+00 -2.034451584905648591e+00 -2.730808451714370033e+00 -4.026770535933972717e+00 3.461747211349220366e-01
-1.106797465420928273e+00 -2.769062919013549173e+00 -2.035356041284113182e+00 -2.743138891846504279e+00 -4.031238821448732246e+00 3.432146414744142171e-01
-1.110685380282057100e+00 -2.780354794318618872e+00 -2.036276453755390126e+00 -2.755439793101865487e+00 -4.035655622169118217e+00 3.402566739600457191e-01
-1.114583684815913855e+00 -2.791646253525809751e+00 -2.037213219759596239e+00 -2.767710494703556012e+00 -4.040021016090157069e+00 3.373008162475269467e-01
-1.118492541510955895e+00 -2.802937144206615550e+00 -2.038166741743977717e+00 -2.779950337045505648e+00 -4.044335086158417525e+00 3.343470659389071176e-01
-1.122412117256659458e+00 -2.814227311899529571e+00 -2.039137427002513547e+00 -2.792158661764258198e+00 -4.048597920267101635e+00 3.313954205843366307e-01
-1.126342583386409357e+00 -2.825516600067571549e+00 -2.040125687503335783e+00 -2.804334811811549422e+00 -4.052809611250695276e+00 3.284458776838276028e-01
-1.130284115717750781e+00 -2.836804850055627547e+00 -2.041131939703595854e+00 -2.816478131527679896e+00 -4.056970256879165682e+00 3.254984346890121838e-01
-1.134236894589838895e+00 -2.848091901047638874e+00 -2.042156604349986804e+00 -2.828587964535739907e+00 -4.061079959115962978e+00 3.225530890048987631e-01
-1.138201104897900828e+00 -2.859377590023679527e+00 -2.043200106265585347e+00 -2.840663653218461260e+00 -4.065138823939953738e+00 3.196098379916262333e-01
-1.142176936124534636e+00 -2.870661751716967025e+00 -2.044262874122981355e+00 -2.852704538777663057e+00 -4.069146961369003890e+00 3.166686789662154222e-01
-1.146164582367667606e+00 -2.881944218570848371e+00 -2.045345340203307494e+00 -2.864709961294908513e+00 -4.073104485483220571e+00 3.137296092043181384e-01
-1.150164242364994482e+00 -2.893224820695808219e+00 -2.046447940140779576e+00 -2.876679259793529120e+00 -4.077011514447890228e+00 3.107926259419633297e-01
-1.154176119514707999e+00 -2.904503385826548989e+00 -2.047571112652355474e+00 -2.888611772301919345e+00 -4.080868170536052553e+00 3.078577263773004113e-01
-1.158200421892336740e+00 -2.915779739279195759e+00 -2.048715299251710142e+00 -2.900506835302312236e+00 -4.084674579954906015e+00 3.049249076723394847e-01
-1.162237362263538687e+00 -2.927053703908781834e+00 -2.049880943934784927e+00 -2.912363778704730066e+00 -4.088430871272934475e+00 3.019941669547006047e-01
-1.166287158092413900e+00 -2.938325100066934148e+00 -2.051068492849178249e+00 -2.924181925881226274e+00 -4.092137175504502622e+00 2.990655013193592726e-01
-1.170350031637216182e+00 -2.949593745692891122e+00 -2.052278393939609202e+00 -2.935960592628577892e+00 -4.095793625847881536e+00 2.961389078315538326e-01
-1.174426209953907785e+00 -2.960859456279158586e+00 -2.053511096567174565e+00 -2.947699085519732254e+00 -4.099400357268568662e+00 2.932143835298867129e-01
-1.178515924890582989e+00 -2.972122044830169951e+00 -2.054767051111149989e+00 -2.959396701927655027e+00 -4.102957506613644334e+00 2.902919254294167306e-01
-1.182619413076475778e+00 -2.983381321821588106e+00 -2.056046708552941915e+00 -2.971052730051140234e+00 -4.106465212725940894e+00 2.873715305247410146e-01
-1.186736915905337586e+00 -2.994637095160328499e+00 -2.057350520041794972e+00 -2.982666448942612014e+00 -4.109923616558030623e+00 2.844531957930666044e-01
-1.190868679512966377e+00 -3.005889170145401579e+00 -2.058678936440595297e+00 -2.994237126693522377e+00 -4.113332860746723441e+00 2.815369181972707802e-01
-1.195014954748654157e+00 -3.017137349429672710e+00 -2.060032407849223812e+00 -3.005764015467148109e+00 -4.116693088304126391e+00 2.786226946889496792e-01
-1.199175997140289107e+00 -3.028381432982662158e+00 -2.061411383108461504e+00 -3.017246351497305579e+00 -4.120004442807170264e+00 2.757105222114546450e-01
-1.203352066852889646e+00 -3.039621218054494811e+00 -2.062816309284070115e+00 -3.028683355090340257e+00 -4.123267068587246342e+00 2.728003977029148652e-01
-1.207543428640339478e+00 -3.050856499141116451e+00 -2.064247631130657012e+00 -3.040074230630487317e+00 -4.126481110919956841e+00 2.698923180992460202e-01
-1.211750351790096936e+00 -3.062087067950902686e+00 -2.065705790534955621e+00 -3.051418166588641068e+00 -4.129646716214924851e+00 2.669862803371442217e-01
-1.215973110060645457e+00 -3.073312713372795102e+00 -2.067191225938145305e+00 -3.062714335534641119e+00 -4.132764032205670901e+00 2.640822813570637972e-01
-1.220211981611452057e+00 -3.084533221446099649e+00 -2.068704371736844294e+00 -3.073961894153110830e+00 -4.135833208139510830e+00 2.611803181061786994e-01
-1.224467248925200202e+00 -3.095748375332100455e+00 -2.070245657662417305e+00 -3.085159983262918626e+00 -4.138854394967440342e+00 2.582803875413264283e-01
-1.228739198722062165e+00 -3.106957955287641848e+00 -2.071815508138243001e+00 -3.096307727840403423e+00 -4.141827745534021332e+00 2.553824866319334141e-01
-1.233028121865773929e+00 -3.118161738640843783e+00 -2.073414341614598921e+00 -3.107404237046355711e+00 -4.144753414767186506e+00 2.524866123629209147e-01
-1.237334313261278185e+00 -3.129359499769126973e+00 -2.075042569880826360e+00 -3.118448604256883971e+00 -4.147631559867979156e+00 2.495927617375908458e-01
-1.241658071743697800e+00 -3.140551010079728034e+00 -2.076700597354445677e+00 -3.129439907098264584e+00 -4.150462340500173042e+00 2.467009317804899904e-01
-1.245999699958405316e+00 -3.151736037992900474e+00 -2.078388820346910304e+00 -3.140377207485839151e+00 -4.153245918979760809e+00 2.438111195402518916e-01
-1.250359504231954189e+00 -3.162914348927998720e+00 -2.080107626305688129e+00 -3.151259551667029424e+00 -4.155982460464255901e+00 2.409233220924152652e-01
-1.254737794433635090e+00 -3.174085705292662762e+00 -2.081857393032382486e+00 -3.162085970268571522e+00 -4.158672133141791072e+00 2.380375365422176814e-01
-1.259134883827430551e+00 -3.185249866475328151e+00 -2.083638487876608103e+00 -3.172855478348105329e+00 -4.161315108419981534e+00 2.351537600273637119e-01
-1.263551088914132814e+00 -3.196406588841288698e+00 -2.085451266905356427e+00 -3.183567075450174588e+00 -4.163911561114512772e+00 2.322719897207659867e-01
-1.267986729263401058e+00 -3.207555625732563254e+00 -2.087296074047597649e+00 -3.194219745666515564e+00 -4.166461669637360643e+00 2.293922228332581914e-01
-1.272442127335532192e+00 -3.218696727471821450e+00 -2.089173240213886285e+00 -3.204812457701204931e+00 -4.168965616184726386e+00 2.265144566162786421e-01
-1.276917608292724937e+00 -3.229829641370634885e+00 -2.091083082390748249e+00 -3.215344164940510563e+00 -4.171423586924571936e+00 2.236386883645231916e-01
-1.281413499799619604e+00 -3.240954111742336163e+00 -2.093025902709649611e+00 -3.225813805527576683e+00 -4.173835772183733361e+00 2.207649154185661045e-01
-1.285930131812902166e+00 -3.252069879919778916e+00 -2.095001987490362705e+00 -3.236220302442040619e+00 -4.176202366634559127e+00 2.178931351674476269e-01
-1.290467836359765252e+00 -3.263176684278298101e+00 -2.097011606258573302e+00 -3.246562563584682870e+00 -4.178523569481034095e+00 2.150233450512267497e-01
-1.295026947305023768e+00 -3.274274260264192105e+00 -2.099055010737583160e+00 -3.256839481867220165e+00 -4.180799584644335987e+00 2.121555425634976955e-01
-1.299607800106690636e+00 -3.285362340429056172e+00 -2.101132433813989397e+00 -3.267049935307355213e+00 -4.183030620947787881e+00 2.092897252538686581e-01
-1.304210731559824588e+00 -3.296440654470307319e+00 -2.103244088477252749e+00 -3.277192787129257212e+00 -4.185216892301155234e+00 2.064258907304014901e-01
-1.308836079528467700e+00 -3.307508929278257792e+00 -2.105390166733079216e+00 -3.287266885869478461e+00 -4.187358617884229695e+00 2.035640366620102559e-01
-1.313484182665500155e+00 -3.318566888990100328e+00 -2.107570838490573806e+00 -3.297271065488513120e+00 -4.189456022329654417e+00 2.007041607808175421e-01
-1.318155380120249465e+00 -3.329614255051192462e+00 -2.109786250423154375e+00 -3.307204145488070512e+00 -4.191509335904927802e+00 1.978462608844666071e-01
-1.322850011233697165e+00 -3.340650746284028028e+00 -2.112036524803237114e+00 -3.317064931034182429e+00 -4.193518794693533280e+00 1.949903348383875412e-01
-1.327568415221138887e+00 -3.351676078965304395e+00 -2.114321758310736321e+00 -3.326852213086274990e+00 -4.195484640775135610e+00 1.921363805780160194e-01
-1.332310930842163899e+00 -3.362689966911501127e+00 -2.116642020815456160e+00 -3.336564768532304548e+00 -4.197407122404771762e+00 1.892843961109624273e-01
-1.337077896057830673e+00 -3.373692121573405256e+00 -2.118997354133484112e+00 -3.346201360330093078e+00 -4.199286494190994645e+00 1.864343795191297781e-01
-1.341869647674927446e+00 -3.384682252140021941e+00 -2.121387770757728219e+00 -3.355760737654961634e+00 -4.201123017272875515e+00 1.835863289607784221e-01
-1.346686520977219859e+00 -3.395660065652323478e+00 -2.123813252562781528e+00 -3.365241636053799557e+00 -4.202916959495818894e+00 1.807402426725354672e-01
-1.351528849343599736e+00 -3.406625267127308287e+00 -2.126273749484326014e+00 -3.374642777605653343e+00 -4.204668595586109170e+00 1.778961189713471336e-01
-1.356396963853063964e+00 -3.417577559692841493e+00 -2.128769178173339771e+00 -3.383962871088936897e+00 -4.206378207324106278e+00 1.750539562563716289e-01
-1.361291192876466827e+00 -3.428516644733762941e+00 -2.131299420625399232e+00 -3.393200612155399920e+00 -4.208046083716028285e+00 1.722137530108107384e-01
-1.366211861655004522e+00 -3.439442222049759135e+00 -2.133864322785423706e+00 -3.402354683510909972e+00 -4.209672521164229408e+00 1.693755078036777162e-01
-1.371159291865404750e+00 -3.450353990025508022e+00 -2.136463693128242358e+00 -3.411423755103170308e+00 -4.211257823635897957e+00 1.665392192914992853e-01
-1.376133801171812721e+00 -3.461251645813602007e+00 -2.139097301215416636e+00 -3.420406484316474760e+00 -4.212802302830086276e+00 1.637048862199495247e-01
-1.381135702764380246e+00 -3.472134885530775872e+00 -2.141764876228797299e+00 -3.429301516173525410e+00 -4.214306278342987433e+00 1.608725074254131748e-01
-1.386165304884582117e+00 -3.483003404467955644e+00 -2.144466105481342755e+00 -3.438107483544444953e+00 -4.215770077831361817e+00 1.580420818364760005e-01
-1.391222910337302832e+00 -3.493856897314671084e+00 -2.147200632905778672e+00 -3.446823007362982860e+00 -4.217194037174023080e+00 1.552136084753397427e-01
-1.396308815989752095e+00 -3.504695058398355823e+00 -2.149968057521733034e+00 -3.455446696850031696e+00 -4.218578500631294581e+00 1.523870864591590490e-01
-1.401423312257290554e+00 -3.515517581939071601e+00 -2.152767931882033636e+00 -3.463977149744469575e+00 -4.219923821002327990e+00 1.495625150012978577e-01
-1.406566682576260385e+00 -3.526324162320201960e+00 -2.155599760498912776e+00 -3.472412952541302555e+00 -4.221230359780183683e+00 1.467398934125025978e-01
-1.411739202863939724e+00 -3.537114494375638518e+00 -2.158462998250919362e+00 -3.480752680737198457e+00 -4.222498487304569004e+00 1.439192211019894585e-01
-1.416941140965755963e+00 -3.547888273694003392e+00 -2.161357048771409328e+00 -3.488994899083377010e+00 -4.223728582912141150e+00 1.411004975784429794e-01
-1.422172756089912227e+00 -3.558645196940430022e+00 -2.164281262819535367e+00 -3.497138161845835924e+00 -4.224921035084246768e+00 1.382837224509230745e-01
-1.427434298229603105e+00 -3.569384962196426425e+00 -2.167234936634729880e+00 -3.505181013072853791e+00 -4.226076241591996130e+00 1.354688954296777992e-01
-1.432726007573011495e+00 -3.580107269318334229e+00 -2.170217310275741607e+00 -3.513121986869744084e+00 -4.227194609638567968e+00 1.326560163268587500e-01
-1.438048113901300606e+00 -3.590811820314880887e+00 -2.173227565945349493e+00 -3.520959607680739012e+00 -4.228276555998611741e+00 1.298450850571362947e-01
-1.443400835974830487e+00 -3.601498319744325105e+00 -2.176264826301959943e+00 -3.528692390577946369e+00 -4.229322507154652300e+00 1.270361016382113573e-01
-1.448784380907850666e+00 -3.612166475131652010e+00 -2.179328152759350434e+00 -3.536318841557192005e+00 -4.230332899430364613e+00 1.242290661912211075e-01
-1.454198943531934685e+00 -3.622815997406284350e+00 -2.182416543775915319e+00 -3.543837457840690153e+00 -4.231308179120619073e+00 1.214239789410350434e-01
-1.459644705748440296e+00 -3.633446601360736050e+00 -2.185528933134833096e+00 -3.551246728186255197e+00 -4.232248802618165051e+00 1.186208402164385806e-01
-1.465121835870297096e+00 -3.644058006130615812e+00 -2.188664188216665085e+00 -3.558545133202916322e+00 -4.233155236536843447e+00 1.158196504502009699e-01
-1.470630487953435761e+00 -3.654649935696363539e+00 -2.191821108265967322e+00 -3.565731145672675240e+00 -4.234027957831214550e+00 1.130204101790242138e-01
-1.476170801118189324e+00 -3.665222119407058887e+00 -2.194998422653594350e+00 -3.572803230878128122e+00 -4.234867453912478652e+00 1.102231200433699404e-01
-1.481742898861008628e+00 -3.675774292526625242e+00 -2.198194789136449057e+00 -3.579759846935690160e+00 -4.235674222760585472e+00 1.074277807871609342e-01
-1.487346888356845698e+00 -3.686306196802697333e+00 -2.201408792116527291e+00 -3.586599445134073250e+00 -4.236448773032421400e+00 1.046343932573540747e-01
-1.492982859752568725e+00 -3.696817581058388757e+00 -2.204638940901199717e+00 -3.593320470277665102e+00 -4.237191624165961734e+00 1.018429584033814644e-01
-1.498650885451780157e+00 -3.707308201807143266e+00 -2.207883667966762609e+00 -3.599921361034455369e+00 -4.237903306480294674e+00 9.905347727645658074e-02
-1.504351019391415578e+00 -3.717777823890804800e+00 -2.211141327227390097e+00 -3.606400550288085149e+00 -4.238584361271414913e+00 9.626595102874216381e-02
-1.510083296310503087e+00 -3.728226221140993335e+00 -2.214410192311717207e+00 -3.612756465493567326e+00 -4.239235340903686478e+00 9.348038091237668989e-02
-1.515847731011468857e+00 -3.738653177063802513e+00 -2.217688454849385149e+00 -3.618987529036200357e+00 -4.239856808896904639e+00 9.069676827835623789e-02
-1.521644317614367026e+00 -3.749058485547786201e+00 -2.220974222769988238e+00 -3.625092158593269609e+00 -4.240449340008857426e+00 8.791511457526871021e-02
-1.527473028804413602e+00 -3.759441951595114961e+00 -2.224265518616963977e+00 -3.631068767497958039e+00 -4.241013520313332563e+00 8.513542134787720206e-02
-1.533333815073194772e+00 -3.769803392075731008e+00 -2.227560277879080175e+00 -3.636915765104989262e+00 -4.241549947273493437e+00 8.235769023554967427e-02
-1.539226603953910644e+00 -3.780142636504236986e+00 -2.230856347342286661e+00 -3.642631557157417266e+00 -4.242059229810569043e+00 7.958192297053184872e-02
-1.545151299251001253e+00 -3.790459527839179277e+00 -2.234151483464813737e+00 -3.648214546154060045e+00 -4.242541988367817041e+00 7.680812137606049528e-02
-1.551107780264487035e+00 -3.800753923304294180e+00 -2.237443350778518525e+00 -3.653663131717014956e+00 -4.242998854969712852e+00 7.403628736431433488e-02
-1.557095901009333927e+00 -3.811025695231195609e+00 -2.240729520319600709e+00 -3.658975710958695782e+00 -4.243430473276356807e+00 7.126642293419988006e-02
-1.563115489430128457e+00 -3.821274731922880807e+00 -2.244007468091936186e+00 -3.664150678847823972e+00 -4.243837498633054039e+00 6.849853016896952085e-02
-1.569166346611323926e+00 -3.831500938537336420e+00 -2.247274573566400147e+00 -3.669186428573885550e+00 -4.244220598115093779e+00 6.573261123366952452e-02
-1.575248245983280837e+00 -3.841704237990402948e+00 -2.250528118219690121e+00 -3.674081351909455062e+00 -4.244580450567711161e+00 6.296866837241545112e-02
-1.581360932524293217e+00 -3.851884571876952545e+00 -2.253765284116288292e+00 -3.678833839569914943e+00 -4.244917746641252876e+00 6.020670390549273665e-02
-1.587504121958750680e+00 -3.862041901409313471e+00 -2.256983152537337389e+00 -3.683442281570083576e+00 -4.245233188821583958e+00 5.744672022628038305e-02
-1.593677499951538401e+00 -3.872176208371742145e+00 -2.260178702660351480e+00 -3.687905067577220919e+00 -4.245527491455752589e+00 5.468871979799572181e-02
-1.599880721298732711e+00 -3.882287496089619427e+00 -2.263348810293829505e+00 -3.692220587259990250e+00 -4.245801380772981304e+00 5.193270515025837780e-02
