-9.945962835349086983e-02 9.165955000425137777e-01 -1.466054469999148901e+00 2.913138076932504303e-02 -8.977095945596198501e-01 1.612314790733680114e+00
-9.945962835349086983e-02 9.165955000425137777e-01 -1.466054469999148901e+00 2.913138076932504303e-02 -8.977095945596198501e-01 1.612314790733680114e+00
-9.946292590030604563e-02 9.165812142817268970e-01 -1.466753370419527691e+00 2.912554071688040411e-02 -8.976731368645671783e-01 1.612293292145460466e+00
-9.946942972344734180e-02 9.165523858080083519e-01 -1.468119401587901107e+00 2.911390407678511247e-02 -8.976010047214271204e-01 1.612250424371096669e+00
-9.947908060968163602e-02 9.165087706038729243e-01 -1.470121528866741523e+00 2.909651646519408053e-02 -8.974939791151881341e-01 1.612186316643213768e+00
-9.949185052594143597e-02 9.164501371527001838e-01 -1.472729451362240427e+00 2.907342552851362866e-02 -8.973528387049437560e-01 1.612101098027408419e+00
-9.950774165786971381e-02 9.163762661132330845e-01 -1.475913599950470667e+00 2.904468082382783561e-02 -8.971783597607647653e-01 1.611994897424613882e+00
-9.952678537326868635e-02 9.162869500883591423e-01 -1.479645134653221561e+00 2.901033370087389290e-02 -8.969713161013355140e-01 1.611867843573408399e+00
-9.954904111904984421e-02 9.161819934746020522e-01 -1.483895941395088736e+00 2.897043718557893929e-02 -8.967324790323292216e-01 1.611720065052267392e+00
-9.957459525971373848e-02 9.160612123792908346e-01 -1.488638628172613831e+00 2.892504586517047685e-02 -8.964626172854986974e-01 1.611551690281759930e+00
-9.960355986490823654e-02 9.159244345929946629e-01 -1.493846520665481625e+00 2.887421577487181770e-02 -8.961624969584582878e-01 1.611362847526689013e+00
-9.963607145320806102e-02 9.157714996054961976e-01 -1.499493657319004081e+00 2.881800428619362558e-02 -8.958328814551342889e-01 1.611153664898176796e+00
-9.967228969891550605e-02 9.156022586543193231e-01 -1.505554783926342566e+00 2.875646999683200214e-02 -8.954745314268605094e-01 1.610924270355695187e+00
-9.971239610838800171e-02 9.154165747956045651e-01 -1.512005347738151206e+00 2.868967262218322101e-02 -8.950882047140995557e-01 1.610674791709040266e+00
-9.975659267214227743e-02 9.152143229879365904e-01 -1.518821491126559398e+00 2.861767288848462293e-02 -8.946746562887658571e-01 1.610405356620254524e+00
-9.980510049875772338e-02 9.149953901805591983e-01 -1.525980044829656990e+00 2.854053242759077222e-02 -8.942346381971327807e-01 1.610116092605492932e+00
-9.985815843639254952e-02 9.147596753982449869e-01 -1.533458520801896041e+00 2.845831367339349618e-02 -8.937688995033015171e-01 1.609807127036836150e+00
-9.991602168752948543e-02 9.145070898159317618e-01 -1.541235104695083180e+00 2.837107975989399886e-02 -8.932781862332147549e-01 1.609478587144050010e+00
-9.997896042237452985e-02 9.142375568170639788e-01 -1.549288647993905643e+00 2.827889442093478936e-02 -8.927632413191950445e-01 1.609130600016292600e+00
-1.000472583961384138e-01 9.139510120303949714e-01 -1.557598659829210641e+00 2.818182189159871426e-02 -8.922248045449910903e-01 1.608763292603767381e+00
-1.001212115752312809e-01 9.136474033408034101e-01 -1.566145298491548488e+00 2.807992681128196333e-02 -8.916636124913137618e-01 1.608376791719323906e+00
-1.002011267771921871e-01 9.133266908704430476e-01 -1.574909362666781609e+00 2.797327412844753669e-02 -8.910803984818453927e-01 1.607971224040007474e+00
-1.002873203289556397e-01 9.129888469272861018e-01 -1.583872282414875210e+00 2.786192900706519274e-02 -8.904758925297072691e-01 1.607546716108555929e+00
-1.003801167478244327e-01 9.126338559188195143e-01 -1.593016109912298806e+00 2.774595673474347657e-02 -8.898508212843688758e-01 1.607103394334845170e+00
-1.004798474492717419e-01 9.122617142293203418e-01 -1.602323509977798155e+00 2.762542263255913372e-02 -8.892059079789835785e-01 1.606641384997283373e+00
-1.005868494854352951e-01 9.118724300597511601e-01 -1.611777750400636977e+00 2.750039196658869006e-02 -8.885418723781385308e-01 1.606160814244154800e+00
-1.007014643178933966e-01 9.114660232298997800e-01 -1.621362692089755697e+00 2.737092986114663534e-02 -8.878594307260023744e-01 1.605661808094912546e+00
-1.008240366280272193e-01 9.110425249429118244e-01 -1.631062779061658974e+00 2.723710121373434240e-02 -8.871592956948604058e-01 1.605144492441421322e+00
-1.009549131679785133e-01 9.106019775128492144e-01 -1.640863028284214042e+00 2.709897061170332688e-02 -8.864421763340226690e-01 1.604608993049150500e+00
-1.010944416549076352e-01 9.101444340563425994e-01 -1.650749019392926620e+00 2.695660225063621629e-02 -8.857087780190943116e-01 1.604055435558317422e+00
-1.012429697109464566e-01 9.096699581497922349e-01 -1.660706884295655383e+00 2.681005985444833220e-02 -8.849598024015958853e-01 1.603483945484982076e+00
-1.014008438509263477e-01 9.091786234539069866e-01 -1.670723296681132730e+00 2.665940659721251563e-02 -8.841959473589234841e-01 1.602894648222092044e+00
-1.015684085196453396e-01 9.086705133076679042e-01 -1.680785461446079099e+00 2.650470502670937076e-02 -8.834179069446386201e-01 1.602287669040479701e+00
-1.017460051801235832e-01 9.081457202940431683e-01 -1.690881104055123485e+00 2.634601698970480757e-02 -8.826263713390777310e-01 1.601663133089811453e+00
-1.019339714539841957e-01 9.076043457799861658e-01 -1.700998459847187005e+00 2.618340355895644456e-02 -8.818220268002719964e-01 1.601021165399488133e+00
-1.021326403147908291e-01 9.070464994334055397e-01 -1.711126263301436357e+00 2.601692496194996790e-02 -8.810055556151697997e-01 1.600361890879499649e+00
-1.023423393348749377e-01 9.064722987199154147e-01 -1.721253737275378448e+00 2.584664051136633181e-02 -8.801776360511520680e-01 1.599685434321230781e+00
-1.025633899858976461e-01 9.058818683822531526e-01 -1.731370582227139687e+00 2.567260853728026843e-02 -8.793389423078347145e-01 1.598991920398221689e+00
-1.027961069931151855e-01 9.052753399053006245e-01 -1.741466965433463354e+00 2.549488632109029110e-02 -8.784901444691495254e-01 1.598281473666881336e+00
-1.030407977430543021e-01 9.046528509696525333e-01 -1.751533510214452694e+00 2.531353003117996908e-02 -8.776319084556987171e-01 1.597554218567154960e+00
-1.032977617440566237e-01 9.040145448966626640e-01 -1.761561285175595515e+00 2.512859466031004685e-02 -8.767648959773753914e-01 1.596810279423146683e+00
-1.035672901389202427e-01 9.033605700878507561e-01 -1.771541793477128923e+00 2.494013396474049210e-02 -8.758897644862447818e-01 1.596049780443695276e+00
-1.038496652686530103e-01 9.026910794614851907e-01 -1.781466962140329402e+00 2.474820040508139696e-02 -8.750071671296825171e-01 1.595272845722906840e+00
-1.041451602861568765e-01 9.020062298890667574e-01 -1.791329131399859165e+00 2.455284508887124739e-02 -8.741177527037630179e-01 1.594479599240641976e+00
-1.044540388184853896e-01 9.013061816343265198e-01 -1.801121044110849612e+00 2.435411771488074639e-02 -8.732221656068952509e-01 1.593670164862958982e+00
-1.047765546761593725e-01 9.005910977972308995e-01 -1.810835835218967071e+00 2.415206651914014041e-02 -8.723210457937027318e-01 1.592844666342512872e+00
-1.051129516078864040e-01 8.998611437653417644e-01 -1.820467021301283017e+00 2.394673822268764823e-02 -8.714150287291423380e-01 1.592003227318911973e+00
-1.054634630989105260e-01 8.991164866747370921e-01 -1.830008490185352610e+00 2.373817798103621673e-02 -8.705047453428621518e-01 1.591145971319030350e+00
-1.058283122111172841e-01 8.983572948825322424e-01 -1.839454490653503749e+00 2.352642933535564404e-02 -8.695908219837918951e-01 1.590273021757278693e+00
-1.062077114629363384e-01 8.975837374528865542e-01 -1.848799622238946005e+00 2.331153416536677070e-02 -8.686738803749688431e-01 1.589384501935831695e+00
-1.066018627470190078e-01 8.967959836582021227e-01 -1.858038825119924242e+00 2.309353264394403693e-02 -8.677545375685938867e-01 1.588480535044814790e+00
-1.070109572836192569e-01 8.959942024970604102e-01 -1.867167370117771341e+00 2.287246319342256182e-02 -8.668334059013180770e-01 1.587561244162448482e+00
-1.074351756075750813e-01 8.951785622302641521e-01 -1.876180848804350543e+00 2.264836244360548742e-02 -8.659110929497587650e-01 1.586626752255151596e+00
-1.078746875867693800e-01 8.943492299361877063e-01 -1.885075163724029057e+00 2.242126519146706715e-02 -8.649882014862431134e-01 1.585677182177604783e+00
-1.083296524699472463e-01 8.935063710864680209e-01 -1.893846518734979778e+00 2.219120436254675213e-02 -8.640653294347830915e-01 1.584712656672772280e+00
-1.088002189617760379e-01 8.926501491429085222e-01 -1.902491409474279527e+00 2.195821097402916172e-02 -8.631430698272791746e-01 1.583733298371884368e+00
-1.092865253230572709e-01 8.917807251763069099e-01 -1.911006613950950062e+00 2.172231409950450831e-02 -8.622220107599525285e-01 1.582739229794380753e+00
-1.097886994940321242e-01 8.908982575077671884e-01 -1.919389183270773680e+00 2.148354083540390119e-02 -8.613027353500113392e-01 1.581730573347813529e+00
-1.103068592387653757e-01 8.900029013729116034e-01 -1.927636432496418806e+00 2.124191626910348560e-02 -8.603858216925471813e-01 1.580707451327712842e+00
-1.108411123086441158e-01 8.890948086092653746e-01 -1.935745931646112972e+00 2.099746344869128645e-02 -8.594718428176685299e-01 1.579669985917413033e+00
-1.113915566230866128e-01 8.881741273669625514e-01 -1.943715496833822831e+00 2.075020335439014402e-02 -8.585613666478680850e-01 1.578618299187840801e+00
-1.119582804656226449e-01 8.872410018427931977e-01 -1.951543181553623718e+00 2.050015487163000388e-02 -8.576549559556316815e-01 1.577552513097266962e+00
-1.125413626935773959e-01 8.862955720375015334e-01 -1.959227268110679931e+00 2.024733476576248692e-02 -8.567531683212862292e-01 1.576472749491019787e+00
-1.131408729596674045e-01 8.853379735361388558e-01 -1.966766259200998901e+00 1.999175765841040842e-02 -8.558565560910947889e-01 1.575379130101161929e+00
-1.137568719438954712e-01 8.843683373111754786e-01 -1.974158869641880587e+00 1.973343600544456844e-02 -8.549656663355982289e-01 1.574271776546131152e+00
-1.143894115942143824e-01 8.833867895479926569e-01 -1.981404018254741217e+00 1.947238007657999329e-02 -8.540810408082086802e-01 1.573150810330345317e+00
-1.150385353745126960e-01 8.823934514922913142e-01 -1.988500819901767303e+00 1.920859793658344361e-02 -8.532032159040597863e-01 1.572016352843770948e+00
-1.157042785185609240e-01 8.813884393188862187e-01 -1.995448577677631175e+00 1.894209542808371338e-02 -8.523327226191146355e-01 1.570868525361457602e+00
-1.163866682886422199e-01 8.803718640212886415e-01 -2.002246775257291223e+00 1.867287615597611888e-02 -8.514700865095394811e-01 1.569707449043036940e+00
-1.170857242376767693e-01 8.793438313214286817e-01 -2.008895069400694844e+00 1.840094147341209824e-02 -8.506158276513436922e-01 1.568533244932188042e+00
-1.178014584737336889e-01 8.783044415988184861e-01 -2.015393282615007831e+00 1.812629046936479332e-02 -8.497704606002943750e-01 1.567346033956068085e+00
-1.185338759259072922e-01 8.772537898384160648e-01 -2.021741395974806732e+00 1.784891995776110435e-02 -8.489344943521101028e-01 1.566145936924710158e+00
-1.192829746106165573e-01 8.761919655964207632e-01 -2.027939542100490655e+00 1.756882446817040200e-02 -8.481084323029383087e-01 1.564933074530387769e+00
-1.200487458974652533e-01 8.751190529831995857e-01 -2.033987998294998434e+00 1.728599623803998842e-02 -8.472927722101226689e-01 1.563707567346946714e+00
-1.208311747738778641e-01 8.740351306625241401e-01 -2.039887179838753450e+00 1.700042520646698890e-02 -8.464880061532633615e-01 1.562469535829104972e+00
-1.216302401077997697e-01 8.729402718662853111e-01 -2.045637633442596304e+00 1.671209900949613414e-02 -8.456946204955810842e-01 1.561219100311720620e+00
-1.224459149078221537e-01 8.718345444238391195e-01 -2.051240030858325625e+00 1.642100297693271233e-02 -8.449130958455878249e-01 1.559956381009028448e+00
-1.232781665801590543e-01 8.707180108051342238e-01 -2.056695162646313246e+00 1.612712013065965497e-02 -8.441439070190689398e-01 1.558681498013845701e+00
-1.241269571819694495e-01 8.695907281767715213e-01 -2.062003932099536030e+00 1.583043118444748404e-02 -8.433875230013851976e-01 1.557394571296746966e+00
-1.249922436705780820e-01 8.684527484701470845e-01 -2.067167349323224546e+00 1.553091454524557595e-02 -8.426444069101033385e-01 1.556095720705210184e+00
-1.258739781482060838e-01 8.673041184608418774e-01 -2.072186525469218665e+00 1.522854631594300692e-02 -8.419150159579585901e-01 1.554785065962731139e+00
-1.267721081018773899e-01 8.661448798584249209e-01 -2.077062667123995343e+00 1.492330029958693731e-02 -8.411998014161581327e-01 1.553462726667910632e+00
-1.276865766382168088e-01 8.649750694058582212e-01 -2.081797070849227715e+00 1.461514800504633629e-02 -8.404992085780309541e-01 1.552128822293512123e+00
-1.286173227129029650e-01 8.637947189877008825e-01 -2.086391117873630296e+00 1.430405865410852399e-02 -8.398136767230311994e-01 1.550783472185490730e+00
-1.295642813545832273e-01 8.626038557463333589e-01 -2.090846268934744678e+00 1.398999918999582585e-02 -8.391436390811026769e-01 1.549426795561994696e+00
-1.305273838830974253e-01 8.614025022054391245e-01 -2.095164059269231327e+00 1.367293428728933412e-02 -8.384895227974141774e-01 1.548058911512339764e+00
-1.315065581218947122e-01 8.601906764000071259e-01 -2.099346093750145581e+00 1.335282636324664277e-02 -8.378517488974688288e-01 1.546679938995956460e+00
-1.325017286045609421e-01 8.589683920121382599e-01 -2.103394042169588918e+00 1.302963559050008407e-02 -8.372307322525985862e-01 1.545289996841310298e+00
-1.335128167754054962e-01 8.577356585119666477e-01 -2.107309634665062603e+00 1.270331991112185269e-02 -8.366268815458487440e-01 1.543889203744796434e+00
-1.345397411840828783e-01 8.564924813030299067e-01 -2.111094657287765131e+00 1.237383505204206480e-02 -8.360405992382643481e-01 1.542477678269608798e+00
-1.355824176742508880e-01 8.552388618714522606e-01 -2.114750947711019791e+00 1.204113454180570988e-02 -8.354722815355817289e-01 1.541055538844583461e+00
-1.366407595662876007e-01 8.539747979383268683e-01 -2.118280391076955649e+00 1.170516972865415228e-02 -8.349223183553363681e-01 1.539622903763018025e+00
-1.377146778341101774e-01 8.527002836147156151e-01 -2.121684915979501262e+00 1.136588979991666123e-02 -8.343910932943914283e-01 1.538179891181466363e+00
-1.388040812761554832e-01 8.514153095587093656e-01 -2.124966490581709166e+00 1.102324180269723813e-02 -8.338789835968968278e-01 1.536726619118509163e+00
-1.399088766805971773e-01 8.501198631340203260e-01 -2.128127118865373202e+00 1.067717066584161767e-02 -8.333863601226887408e-01 1.535263205453502255e+00
-1.410289689848867600e-01 8.488139285696058023e-01 -2.131168837010860795e+00 1.032761922316949993e-02 -8.329135873161332970e-01 1.533789767925300529e+00
-1.421642614297177198e-01 8.474974871198498461e-01 -2.134093709905041880e+00 9.974528237956404447e-03 -8.324610231754261402e-01 1.532306424130960965e+00
-1.433146557075200833e-01 8.461705172248570328e-01 -2.136903827775161080e+00 9.617836428649620406e-03 -8.320290192223551706e-01 1.530813291524422137e+00
-1.444800521056004150e-01 8.448329946704380422e-01 -2.139601302946467332e+00 9.257480495802643955e-03 -8.316179204725300256e-01 1.529310487415163955e+00
-1.456603496440490586e-01 8.434848927473947988e-01 -2.142188266721388068e+00 8.893395150211744205e-03 -8.312280654060943963e-01 1.527798128966844748e+00
-1.468554462085394086e-01 8.421261824097366899e-01 -2.144666866378007963e+00 8.525513142238681091e-03 -8.308597859389239559e-01 1.526276333195918822e+00
-1.480652386781489138e-01 8.407568324314872443e-01 -2.147039262285593164e+00 8.153765292303234019e-03 -8.305134073943181150e-01 1.524745216970232908e+00
-1.492896230483322373e-01 8.393768095617619718e-01 -2.149307625134885491e+00 7.778080522528964258e-03 -8.301892484751917101e-01 1.523204897007604419e+00
-1.505284945491795479e-01 8.379860786778248194e-01 -2.151474133280871115e+00 7.398385889525384285e-03 -8.298876212367776173e-01 1.521655489874379263e+00
-1.517817477590918673e-01 8.365846029358516844e-01 -2.153540970195719773e+00 7.014606618289558060e-03 -8.296088310598488391e-01 1.520097111983971017e+00
-1.530492767140055888e-01 8.351723439191539589e-01 -2.155510322029582149e+00 6.626666137209941132e-03 -8.293531766244680581e-01 1.518529879595383214e+00
-1.543309750122972002e-01 8.337492617836335107e-01 -2.157384375276925503e+00 6.234486114155491504e-03 -8.291209498842668779e-01 1.516953908811711660e+00
-1.556267359154965835e-01 8.323153154002663756e-01 -2.159165314546082737e+00 5.837986493632252999e-03 -8.289124360412676307e-01 1.515369315578631637e+00
-1.569364524449359533e-01 8.308704624944254213e-01 -2.160855320429690085e+00 5.437085534989841845e-03 -8.287279135212561876e-01 1.513776215682866688e+00
-1.582600174744577815e-01 8.294146597818800037e-01 -2.162456567473692637e+00 5.031699851660253325e-03 -8.285676539497058846e-01 1.512174724750642074e+00
-1.595973238193026944e-01 8.279478631013202916e-01 -2.163971222242595527e+00 4.621744451410690624e-03 -8.284319221282705481e-01 1.510564958246121581e+00
-1.609482643212942210e-01 8.264700275432791399e-01 -2.165401441478647104e+00 4.207132777592544753e-03 -8.283209760118441789e-01 1.508947031469829891e+00
-1.623127319304343841e-01 8.249811075753361589e-01 -2.166749370352647919e+00 3.787776751367953609e-03 -8.282350666862043909e-01 1.507321059557058973e+00
-1.636906197830195198e-01 8.234810571635067245e-01 -2.168017140804090470e+00 3.363586814896037808e-03 -8.281744383462346093e-01 1.505687157476260474e+00
-1.650818212763827120e-01 8.219698298897336608e-01 -2.169206869968342666e+00 2.934471975459488485e-03 -8.281393282747462337e-01 1.504045440027424574e+00
-1.664862301403639000e-01 8.204473790654140952e-01 -2.170320658688607462e+00 2.500339850513594309e-03 -8.281299668218936594e-01 1.502396021840444629e+00
-1.679037405056069132e-01 8.189136578409068612e-01 -2.171360590110398725e+00 2.061096713638060213e-03 -8.281465773852019208e-01 1.500739017373469375e+00
-1.693342469687757479e-01 8.173686193109792608e-01 -2.172328728356298200e+00 1.616647541373340824e-03 -8.281893763902028471e-01 1.499074540911242481e+00
-1.707776446547815130e-01 8.158122166161638766e-01 -2.173227117278769605e+00 1.166896060922049255e-03 -8.282585732716903903e-01 1.497402706563429442e+00
-1.722338292761051715e-01 8.142444030400100008e-01 -2.174057779288832037e+00 7.117447986961338013e-04 -8.283543704556036724e-01 1.495723628262934257e+00
-1.737026971892992044e-01 8.126651321022191343e-01 -2.174822714258410894e+00 2.510951296907197594e-04 -8.284769633415393075e-01 1.494037419764203678e+00
-1.751841454487461924e-01 8.110743576476723282e-01 -2.175523898494209352e+00 -2.151526723353849868e-04 -8.286265402859067652e-01 1.492344194641521460e+00
-1.766780718577502518e-01 8.094720339313593582e-01 -2.176163283780968349e+00 -6.870993838917587027e-04 -8.288032825857273300e-01 1.490644066287292402e+00
-1.781843750170327145e-01 8.078581156992326040e-01 -2.176742796492003418e+00 -1.164846780020503680e-03 -8.290073644630805427e-01 1.488937147910317282e+00
-1.797029543707010790e-01 8.062325582650162747e-01 -2.177264336764938690e+00 -1.648497581812506663e-03 -8.292389530502060069e-01 1.487223552534057580e+00
-1.812337102497568186e-01 8.045953175830071746e-01 -2.177729777740576633e+00 -2.138155403196024401e-03 -8.294982083752704405e-01 1.485503392994892424e+00
-1.827765439132046921e-01 8.029463503169134153e-01 -2.178140964862879780e+00 -2.633924697016901822e-03 -8.297852833487970869e-01 1.483776781940367107e+00
-1.843313575868243404e-01 8.012856139047810355e-01 -2.178499715238062073e+00 -3.135910700430750292e-03 -8.301003237507649235e-01 1.482043831827433822e+00
-1.858980544996614304e-01 7.996130666200664816e-01 -2.178807817050814499e+00 -3.644219379628058780e-03 -8.304434682183917671e-01 1.480304654920685081e+00
-1.874765389182938558e-01 7.979286676289175650e-01 -2.179067029035732350e+00 -4.158957376875441897e-03 -8.308148482672599311e-01 1.478559363290580908e+00
-1.890667161789267858e-01 7.962323770437303994e-01 -2.179279080002023417e+00 -4.680231954182611370e-03 -8.312145882803204655e-01 1.476808068811669372e+00
-1.906684927173676325e-01 7.945241559730541470e-01 -2.179445668409625725e+00 -5.208150936362999223e-03 -8.316428054975831818e-01 1.475050883160800907e+00
-1.922817760969306733e-01 7.928039665679205150e-01 -2.179568461994880746e+00 -5.742822653506857861e-03 -8.320996100064791401e-01 1.473287917815339076e+00
-1.939064750343199584e-01 7.910717720646773810e-01 -2.179649097443947969e+00 -6.284355882888430916e-03 -8.325851047329152488e-01 1.471519284051364007e+00
-1.955424994235363811e-01 7.893275368244094814e-01 -2.179689180112180935e+00 -6.832859790327831112e-03 -8.330993854330253079e-01 1.469745092941874054e+00
-1.971897603578554314e-01 7.875712263690323178e-01 -2.179690283787705685e+00 -7.388443871026748738e-03 -8.336425406856089459e-01 1.467965455354981685e+00
-1.988481701499190679e-01 7.858028074141467645e-01 -2.179653950497492776e+00 -7.951217889898918451e-03 -8.342146518852661119e-01 1.466180481952106929e+00
-2.005176423499858696e-01 7.840222478987458610e-01 -2.179581690354233547e+00 -8.521291821416709239e-03 -8.348157932362382239e-01 1.464390283186168373e+00
-2.021980917623815155e-01 7.822295170118653829e-01 -2.179474981442372616e+00 -9.098775788993661989e-03 -8.354460317469523112e-01 1.462594969299770176e+00
-2.038894344601918096e-01 7.804245852162701169e-01 -2.179335269741676573e+00 -9.683780003923694174e-03 -8.361054272252718134e-01 1.460794650323389510e+00
-2.055915877982394946e-01 7.786074242692739844e-01 -2.179163969086761465e+00 -1.027641470389730957e-02 -8.367940322744542581e-01 1.458989436073560020e+00
-2.073044704243852676e-01 7.767780072407851621e-01 -2.178962461161026098e+00 -1.087679009111630277e-02 -8.375118922898248108e-01 1.457179436151056606e+00
-2.090280022891941036e-01 7.749363085286762320e-01 -2.178732095523478129e+00 -1.148501627002638040e-02 -8.382590454561589244e-01 1.455364759939077990e+00
-2.107621046540060772e-01 7.730823038715720630e-01 -2.178474189666972816e+00 -1.210120318468904319e-02 -8.390355227457800824e-01 1.453545516601430609e+00
-2.125067000974522613e-01 7.712159703591546789e-01 -2.178190029106417569e+00 -1.272546055581423932e-02 -8.398413479173819640e-01 1.451721815080712075e+00
-2.142617125204551720e-01 7.693372864400798150e-01 -2.177880867495531003e+00 -1.335789781736809387e-02 -8.406765375146879604e-01 1.449893764096495952e+00
-2.160270671497528383e-01 7.674462319276013078e-01 -2.177547926770777131e+00 -1.399862405298051352e-02 -8.415411008667081916e-01 1.448061472143518325e+00
-2.178026905399866597e-01 7.655427880029984644e-01 -2.177192397321130013e+00 -1.464774793207588785e-02 -8.424350400887277157e-01 1.446225047489865467e+00
-2.195885105743923815e-01 7.636269372169022240e-01 -2.176815438182360563e+00 -1.530537764574717643e-02 -8.433583500840217129e-01 1.444384598175164625e+00
-2.213844564641332391e-01 7.616986634886118157e-01 -2.176418177254564768e+00 -1.597162084239152693e-02 -8.443110185462795458e-01 1.442540232008777235e+00
-2.231904587463152123e-01 7.597579521034961703e-01 -2.176001711541691641e+00 -1.664658456313109283e-02 -8.452930259627610132e-01 1.440692056567996149e+00
-2.250064492807242189e-01 7.578047897085711249e-01 -2.175567107411862100e+00 -1.733037517703731392e-02 -8.463043456181681412e-01 1.438840179196245295e+00
-2.268323612453242155e-01 7.558391643063426812e-01 -2.175115400877295269e+00 -1.802309831618089872e-02 -8.473449435992433942e-01 1.436984707001285333e+00
-2.286681291305565911e-01 7.538610652470040252e-01 -2.174647597892702677e+00 -1.872485881052762466e-02 -8.484147788000935275e-01 1.435125746853422868e+00
-2.305136887324805706e-01 7.518704832190759024e-01 -2.174164674671034803e+00 -1.943576062270000945e-02 -8.495138029282316428e-01 1.433263405383725209e+00
-2.323689771447943475e-01 7.498674102385729512e-01 -2.173667578015499036e+00 -2.015590678262494870e-02 -8.506419605113381133e-01 1.431397788982240682e+00
-2.342339327497772461e-01 7.478518396367825893e-01 -2.173157225666800585e+00 -2.088539932208739389e-02 -8.517991889047334952e-01 1.429529003796225606e+00
-2.361084952081927146e-01 7.458237660467363916e-01 -2.172634506664586684e+00 -2.162433920921246269e-02 -8.529854182995801892e-01 1.427657155728377258e+00
-2.379926054481925901e-01 7.437831853884560029e-01 -2.172100281722110893e+00 -2.237282628289438344e-02 -8.542005717317963098e-01 1.425782350435074175e+00
-2.398862056532624631e-01 7.417300948530498594e-01 -2.171555383613155588e+00 -2.313095918763348816e-02 -8.554445650947000157e-01 1.423904693324624438e+00
-2.417892392492484166e-01 7.396644928857396550e-01 -2.171000617570292057e+00 -2.389883530794234198e-02 -8.567173071493425773e-01 1.422024289555520848e+00
-2.437016508905053003e-01 7.375863791678883841e-01 -2.170436761693577132e+00 -2.467655070276027554e-02 -8.580186995355554291e-01 1.420141244034705652e+00
-2.456233864452064819e-01 7.354957545981036793e-01 -2.169864567368823494e+00 -2.546420003989405614e-02 -8.593486367836943307e-01 1.418255661415843694e+00
-2.475543929798550702e-01 7.333926212724863891e-01 -2.169284759694601217e+00 -2.626187653050764473e-02 -8.607070063270990667e-01 1.416367646097604904e+00
-2.494946187430365225e-01 7.312769824640927840e-01 -2.168698037917164534e+00 -2.706967186260890099e-02 -8.620936885083785306e-01 1.414477302221956556e+00
-2.514440131484521057e-01 7.291488426016755620e-01 -2.168105075872521326e+00 -2.788767613565373490e-02 -8.635085565933543483e-01 1.412584733672466397e+00
-2.534025267572730389e-01 7.270082072477689339e-01 -2.167506522434889060e+00 -2.871597779525726993e-02 -8.649514767856987252e-01 1.410690044072615557e+00
-2.553701112598540934e-01 7.248550830761786301e-01 -2.166903001970814202e+00 -2.955466356803203645e-02 -8.664223082422654043e-01 1.408793336784123662e+00
-2.573467194568458405e-01 7.226894778489366677e-01 -2.166295114798251209e+00 -3.040381840027901392e-02 -8.679209031117888218e-01 1.406894714905284172e+00
-2.593323052397446538e-01 7.205114003927792776e-01 -2.165683437649930099e+00 -3.126352539330148894e-02 -8.694471065515095853e-01 1.404994281269313472e+00
-2.613268235709180209e-01 7.183208605752023912e-01 -2.165068524140361106e+00 -3.213386573890193720e-02 -8.710007567444691956e-01 1.403092138442711079e+00
-2.633302304631434110e-01 7.161178692801488666e-01 -2.164450905235857814e+00 -3.301491865508004997e-02 -8.725816849174675705e-01 1.401188388723633826e+00
-2.653424829586983891e-01 7.139024383833791898e-01 -2.163831089726974355e+00 -3.390676132195123704e-02 -8.741897153596793757e-01 1.399283134140282270e+00
-2.673635391080388946e-01 7.116745807275741686e-01 -2.163209564702787802e+00 -3.480946882015453769e-02 -8.758246654549169952e-01 1.397376476449302185e+00
-2.693933579481021523e-01 7.094343100972171356e-01 -2.162586796026471969e+00 -3.572311406736301820e-02 -8.774863457015128487e-01 1.395468517134199171e+00
-2.714318994802704665e-01 7.071816411933018465e-01 -2.161963228811635940e+00 -3.664776775506907447e-02 -8.791745597328400885e-01 1.393559357403768573e+00
-2.734791246480308136e-01 7.049165896079091498e-01 -2.161339287898924155e+00 -3.758349828566286133e-02 -8.808891043384667885e-01 1.391649098190540723e+00
-2.755349953143663155e-01 7.026391717986929519e-01 -2.160715378332393133e+00 -3.853037170982075155e-02 -8.826297694859318588e-01 1.389737840149240844e+00
-2.775994742389120140e-01 7.003494050633167767e-01 -2.160091885835206504e+00 -3.948845166745441893e-02 -8.843963383607966744e-01 1.387825683655265596e+00
-2.796725250549105812e-01 6.980473075138775574e-01 -2.159469177284205177e+00 -4.045779932590477801e-02 -8.861885873896063748e-01 1.385912728803175620e+00
-2.817541122459992220e-01 6.957328980513531880e-01 -2.158847601182939169e+00 -4.143847331850006310e-02 -8.880062862634600096e-01 1.383999075405205170e+00
-2.838442011228604622e-01 6.934061963401079165e-01 -2.158227488132756555e+00 -4.243052968966033733e-02 -8.898491979948047748e-01 1.382084822989788631e+00
-2.859427577997692982e-01 6.910672227824882219e-01 -2.157609151301572492e+00 -4.343402184204400718e-02 -8.917170789817342458e-01 1.380170070800105231e+00
-2.880497491710655167e-01 6.887159984935393719e-01 -2.156992886889959937e+00 -4.444900047682713573e-02 -8.936096790331009565e-01 1.378254917792640422e+00
-2.901651428875828831e-01 6.863525452758736378e-01 -2.156378974594216125e+00 -4.547551354808858359e-02 -8.955267414643494073e-01 1.376339462635767008e+00
-2.922889073330630083e-01 6.839768855947150339e-01 -2.155767678066082826e+00 -4.651360621338725132e-02 -8.974680031687739534e-01 1.374423803708344938e+00
-2.944210116005834266e-01 6.815890425531488939e-01 -2.155159245368917453e+00 -4.756332074453789582e-02 -8.994331944846809535e-01 1.372508039098339294e+00
-2.965614254690263074e-01 6.791890398676005969e-01 -2.154553909429687497e+00 -4.862469658569355813e-02 -9.014220398017549485e-01 1.370592266601458498e+00
-2.987101193796087850e-01 6.767769018435743078e-01 -2.153951888486594246e+00 -4.969777040259223955e-02 -9.034342580935467160e-01 1.368676583719812712e+00
-3.008670643667692990e-01 6.743526534706498765e-01 -2.153353386522378177e+00 -5.078257808373599913e-02 -9.054695730605972770e-01 1.366761087659871921e+00
-3.030322320257194391e-01 6.719163204145720547e-01 -2.152758593690564659e+00 -5.187915574404838859e-02 -9.075277178331222494e-01 1.364845875330599423e+00
-3.052055944895353257e-01 6.694679289940147493e-01 -2.152167686736671914e+00 -5.298753979100595535e-02 -9.096084349795829915e-01 1.362931043341593318e+00
-3.073871244063731689e-01 6.670075061576511422e-01 -2.151580829413931362e+00 -5.410776726121405145e-02 -9.117114777955297455e-01 1.361016688001231323e+00
-3.095767949168395372e-01 6.645350794615269008e-01 -2.150998172893576310e+00 -5.523987591214798987e-02 -9.138366103804737017e-01 1.359102905314822696e+00
-3.117745796315312123e-01 6.620506770467607938e-01 -2.150419856169496047e+00 -5.638390435843890214e-02 -9.159836079169840772e-01 1.357189790982764155e+00
-3.139804526087631165e-01 6.595543276175839242e-01 -2.149846006457099445e+00 -5.753989214517690742e-02 -9.181522566451790768e-01 1.355277440398698907e+00
-3.161943883325033511e-01 6.570460604197304599e-01 -2.149276739586230001e+00 -5.870787982115484305e-02 -9.203423538368314949e-01 1.353365948647679229e+00
-3.184163616905311134e-01 6.545259052191916282e-01 -2.148712160387994174e+00 -5.988790901203255856e-02 -9.225537077691076115e-01 1.351455410504331489e+00
-3.206463479528359750e-01 6.519938922813408588e-01 -2.148152363075370275e+00 -6.108002249339614109e-02 -9.247861376979297221e-01 1.349545920431022283e+00
-3.228843227502717905e-01 6.494500523504408429e-01 -2.147597431617481956e+00 -6.228426427084399197e-02 -9.270394738627776299e-01 1.347637572576025455e+00
-3.251302620534821664e-01 6.468944166295405029e-01 -2.147047440107428873e+00 -6.350067966016062493e-02 -9.293135574907656071e-01 1.345730460771689119e+00
-3.273841421521100914e-01 6.443270167607675347e-01 -2.146502453123578569e+00 -6.472931536039905343e-02 -9.316082407687611422e-01 1.343824678532602457e+00
-3.296459396343051074e-01 6.417478848060247376e-01 -2.145962526084236988e+00 -6.597021953040123343e-02 -9.339233868308814968e-01 1.341920319053760080e+00
-3.319156313665401759e-01 6.391570532280934636e-01 -2.145427705595621237e+00 -6.722344185865973543e-02 -9.362588697173162000e-01 1.340017475208724829e+00
-3.341931944737505100e-01 6.365545548721518454e-01 -2.144898029793071093e+00 -6.848903363578830172e-02 -9.386145743454638035e-01 1.338116239547787689e+00
-3.364786063198036414e-01 6.339404229477083597e-01 -2.144373528675443286e+00 -6.976704782673862071e-02 -9.409903964807594390e-01 1.336216704296123492e+00
-3.387718444883116020e-01 6.313146910109561638e-01 -2.143854224432641509e+00 -7.105753914274644256e-02 -9.433862427072141621e-01 1.334318961351942834e+00
-3.410728867637938810e-01 6.286773929475499845e-01 -2.143340131766245271e+00 -7.236056411298677493e-02 -9.458020303976739651e-01 1.332423102284637562e+00
-3.433817111131998168e-01 6.260285629558074438e-01 -2.142831258203208744e+00 -7.367618115591884065e-02 -9.482376876838077839e-01 1.330529218332921593e+00
-3.456982956677973062e-01 6.233682355303364897e-01 -2.142327604402608721e+00 -7.500445065030209024e-02 -9.506931534258387106e-01 1.328637400402963742e+00
-3.480226187054351605e-01 6.206964454460881520e-01 -2.141829164455426149e+00 -7.634543500586443709e-02 -9.531683771820245177e-01 1.326747739066514331e+00
-3.503546586331851009e-01 6.180132277428361798e-01 -2.141335926177357241e+00 -7.769919873360518758e-02 -9.556633191779048131e-01 1.324860324559021807e+00
-3.526943939703685582e-01 6.153186177100828935e-01 -2.140847871394654156e+00 -7.906580851571341773e-02 -9.581779502753213773e-01 1.322975246777741809e+00
-3.550418033319729938e-01 6.126126508723883646e-01 -2.140364976223003257e+00 -8.044533327508372744e-02 -9.607122519412187867e-01 1.321092595279835802e+00
-3.573968654124619060e-01 6.098953629751246996e-01 -2.139887211339455586e+00 -8.183784424441455096e-02 -9.632662162162507480e-01 1.319212459280458827e+00
-3.597595589699814633e-01 6.071667899706496563e-01 -2.139414542247426443e+00 -8.324341503486884508e-02 -9.658398456831895906e-01 1.317334927650835708e+00
-3.621298628109669848e-01 6.044269680048999227e-01 -2.138946929534796482e+00 -8.466212170428123740e-02 -9.684331534351553472e-01 1.315460088916326153e+00
-3.645077557751505992e-01 6.016759334044003982e-01 -2.138484329125139194e+00 -8.609404282489713234e-02 -9.710461630436837410e-01 1.313588031254475208e+00
-3.668932167209720818e-01 5.989137226636856992e-01 -2.138026692522116079e+00 -8.753925955062336062e-02 -9.736789085266298605e-01 1.311718842493051707e+00
-3.692862245113935349e-01 5.961403724331300058e-01 -2.137573967047079915e+00 -8.899785568377746592e-02 -9.763314343159302799e-01 1.309852610108070747e+00
-3.716867580001180227e-01 5.933559195071833603e-01 -2.137126096069931869e+00 -9.046991774131818431e-02 -9.790037952252302889e-01 1.307989421221801507e+00
-3.740947960182122722e-01 5.905604008130063143e-01 -2.136683019233285741e+00 -9.195553502054203132e-02 -9.816960564173892179e-01 1.306129362600758848e+00
-3.765103173611319964e-01 5.877538533995028125e-01 -2.136244672669992184e+00 -9.345479966423071716e-02 -9.844082933718755202e-01 1.304272520653677603e+00
-3.789333007761490624e-01 5.849363144267423209e-01 -2.135810989214084188e+00 -9.496780672523420785e-02 -9.871405918520633760e-01 1.302418981429469325e+00
-3.813637249501785620e-01 5.821078211557677573e-01 -2.135381898605206885e+00 -9.649465423047461077e-02 -9.898930478724415893e-01 1.300568830615161264e+00
-3.838015684980032316e-01 5.792684109387844504e-01 -2.134957327686596074e+00 -9.803544324435785329e-02 -9.926657676657520968e-01 1.298722153533814261e+00
-3.862468099508926112e-01 5.764181212097225782e-01 -2.134537200596678286e+00 -9.959027793157505803e-02 -9.954588676500568667e-01 1.296879035142421976e+00
-3.886994277456140012e-01 5.735569894751685327e-01 -2.134121438954364791e+00 -1.011592656192851630e-01 -9.982724743957624991e-01 1.295039560029788372e+00
-3.911594002138309989e-01 5.706850533056584407e-01 -2.133709962038113250e+00 -1.027425168586600795e-01 -1.001106724592599528e+00 1.293203812414382980e+00
-3.936267055718861707e-01 5.678023503273272876e-01 -2.133302686958839178e+00 -1.043401454857823124e-01 -1.003961765016576857e+00 1.291371876142175079e+00
-3.961013219109632000e-01 5.649089182139070964e-01 -2.132899528826755819e+00 -1.059522686818788889e-01 -1.006837752496915428e+00 1.289543834684442114e+00
-3.985832271876236788e-01 5.620047946790684978e-01 -2.132500400912227700e+00 -1.075790070328829368e-01 -1.009734853882986227e+00 1.287719771135556135e+00
-4.010723992147137151e-01 5.590900174690967006e-01 -2.132105214800720461e+00 -1.092204845883070902e-01 -1.012653246011252506e+00 1.285899768210742700e+00
-4.035688156526346382e-01 5.561646243558975300e-01 -2.131713880541940664e+00 -1.108768289185413786e-01 -1.015593115669243485e+00 1.284083908243815575e+00
-4.060724540009721939e-01 5.532286531303227672e-01 -2.131326306793248193e+00 -1.125481711722946948e-01 -1.018554659562559417e+00 1.282272273184884126e+00
-4.085832915904781815e-01 5.502821415958119022e-01 -2.130942400957437144e+00 -1.142346461244642536e-01 -1.021538084252109124e+00 1.280464944598032284e+00
-4.111013055753983125e-01 5.473251275623388645e-01 -2.130562069314975826e+00 -1.159363922319262691e-01 -1.024543606121354644e+00 1.278662003658969315e+00
-4.136264729261396322e-01 5.443576488406589586e-01 -2.130185217150800892e+00 -1.176535516795865072e-01 -1.027571451313714634e+00 1.276863531152651721e+00
-4.161587704222707296e-01 5.413797432368472329e-01 -2.129811748875759303e+00 -1.193862704344809816e-01 -1.030621855700099676e+00 1.275069607470874056e+00
-4.186981746458529052e-01 5.383914485471124056e-01 -2.129441568143037866e+00 -1.211346981308442511e-01 -1.033695064294227750e+00 1.273280312609828879e+00
-4.212446619750407351e-01 5.353928025529686163e-01 -2.129074577959269909e+00 -1.228989880469409240e-01 -1.036791330987461235e+00 1.271495726167631624e+00
-4.237982086105787638e-01 5.323838429308815900e-01 -2.128710680794776433e+00 -1.246792964183599667e-01 -1.039910916105389882e+00 1.269715927342342399e+00
-4.263587905886128682e-01 5.293646071981827905e-01 -2.128349778699662576e+00 -1.264757790809291627e-01 -1.043054075434969086e+00 1.267940994930365717e+00
-4.289263837751288722e-01 5.263351327089285103e-01 -2.127991773415423449e+00 -1.282885910688163489e-01 -1.046221059097162120e+00 1.266171007324833342e+00
-4.315009638607249509e-01 5.232954566500571669e-01 -2.127636566481872826e+00 -1.301178865680776009e-01 -1.049412111585223961e+00 1.264406042513971595e+00
-4.340825063557162133e-01 5.202456160378270411e-01 -2.127284059339673128e+00 -1.319638187262783813e-01 -1.052627471346986310e+00 1.262646178079451786e+00
-4.366709865855645800e-01 5.171856477145306830e-01 -2.126934153428396979e+00 -1.338265395788236223e-01 -1.055867370746630840e+00 1.260891491194725766e+00
-4.392663796866266845e-01 5.141155883454758824e-01 -2.126586750280219817e+00 -1.357061999694855747e-01 -1.059132036009518885e+00 1.259142058623346605e+00
-4.418686606022129149e-01 5.110354744162295404e-01 -2.126241751609337705e+00 -1.376029495018329385e-01 -1.062421687264578418e+00 1.257397956717274168e+00
-4.444778040789497675e-01 5.079453422301132282e-01 -2.125899059397212021e+00 -1.395169364739796969e-01 -1.065736538533904598e+00 1.255659261415166483e+00
-4.470937846634382429e-01 5.048452279059478798e-01 -2.125558575973745867e+00 -1.414483077774948416e-01 -1.069076797612640517e+00 1.253926048240658231e+00
-4.497165766992006763e-01 5.017351673760360731e-01 -2.125220204094483201e+00 -1.433972088481194340e-01 -1.072442666110237752e+00 1.252198392300625462e+00
-4.523461543239085669e-01 4.986151963843784007e-01 -2.124883847013931071e+00 -1.453637836180465270e-01 -1.075834339495084002e+00 1.250476368283437889e+00
-4.549824914668836318e-01 4.954853504851152168e-01 -2.124549408555103547e+00 -1.473481744687941686e-01 -1.079252007139429370e+00 1.248760050457198734e+00
-4.576255618468647590e-01 4.923456650411869306e-01 -2.124216793175382367e+00 -1.493505221728998744e-01 -1.082695852329295549e+00 1.247049512667973259e+00
-4.602753389700325881e-01 4.891961752232065197e-01 -2.123885906028795123e+00 -1.513709658477889464e-01 -1.086166052310124641e+00 1.245344828338005527e+00
-4.629317961282850002e-01 4.860369160085367679e-01 -2.123556653024802898e+00 -1.534096429102647652e-01 -1.089662778332692206e+00 1.243646070463924724e+00
-4.655949063977551372e-01 4.828679221805659005e-01 -2.123228940883695959e+00 -1.554666890316289685e-01 -1.093186195699279883e+00 1.241953311614941269e+00
-4.682646426375644544e-01 4.796892283281746217e-01 -2.122902677188689857e+00 -1.575422380835855285e-01 -1.096736463781213589e+00 1.240266623931032264e+00
-4.709409774888038136e-01 4.765008688453880592e-01 -2.122577770434817435e+00 -1.596364220944739842e-01 -1.100313736065650971e+00 1.238586079121118955e+00
-4.736238833737341780e-01 4.733028779312059564e-01 -2.122254130074707756e+00 -1.617493712061618960e-01 -1.103918160202604470e+00 1.236911748461233529e+00
-4.763133324952000258e-01 4.700952895896043926e-01 -2.121931666561346130e+00 -1.638812136262391694e-01 -1.107549878036719226e+00 1.235243702792679032e+00
-4.790092968362480441e-01 4.668781376297030938e-01 -2.121610291387903580e+00 -1.660320755861586506e-01 -1.111209025654799509e+00 1.233582012520180182e+00
-4.817117481599431650e-01 4.636514556660912278e-01 -2.121289917124726365e+00 -1.682020813000550397e-01 -1.114895733433523883e+00 1.231926747610026851e+00
-4.844206580093753378e-01 4.604152771193060767e-01 -2.120970457453573932e+00 -1.703913529242554181e-01 -1.118610126087362433e+00 1.230277977588211114e+00
-4.871359977078491554e-01 4.571696352164582589e-01 -2.120651827199193207e+00 -1.726000105135548357e-01 -1.122352322705581384e+00 1.228635771538556520e+00
-4.898577383592495060e-01 4.539145629919967839e-01 -2.120333942358312740e+00 -1.748281719820553304e-01 -1.126122436800549576e+00 1.227000198100841377e+00
-4.925858508485762011e-01 4.506500932886088884e-01 -2.120016720126145504e+00 -1.770759530647103286e-01 -1.129920576356197914e+00 1.225371325468917361e+00
-4.953203058426401406e-01 4.473762587582481021e-01 -2.119700078920480735e+00 -1.793434672795836682e-01 -1.133746843876629384e+00 1.223749221388821029e+00
-4.980610737909146879e-01 4.440930918632846613e-01 -2.119383938403448742e+00 -1.816308258908277684e-01 -1.137601336434866273e+00 1.222133953156881780e+00
-5.008081249265350365e-01 4.408006248777731062e-01 -2.119068219501036410e+00 -1.839381378723829452e-01 -1.141484145721717525e+00 1.220525587617824481e+00
-5.035614292674387427e-01 4.374988898888307332e-01 -2.118752844420437764e+00 -1.862655098724081970e-01 -1.145395358094769556e+00 1.218924191162868320e+00
-5.063209566176414267e-01 4.341879187981220189e-01 -2.118437736665314208e+00 -1.886130461715129214e-01 -1.149335054608600082e+00 1.217329829727822776e+00
-5.090866765686403728e-01 4.308677433234431309e-01 -2.118122821049040816e+00 -1.909808486485497225e-01 -1.153303311064041603e+00 1.215742568791178480e+00
-5.118585585009400862e-01 4.275383950004015277e-01 -2.117808023706016396e+00 -1.933690167471523447e-01 -1.157300198057536145e+00 1.214162473372197182e+00
-5.146365715856937584e-01 4.241999051841850443e-01 -2.117493272101108825e+00 -1.957776474430222569e-01 -1.161325781030561499e+00 1.212589608028998400e+00
-5.174206847864533110e-01 4.208523050514159092e-01 -2.117178495037308039e+00 -1.982068352119658317e-01 -1.165380120319122748e+00 1.211024036856644281e+00
-5.202108668610239128e-01 4.174956256020841416e-01 -2.116863622661660838e+00 -2.006566719986908054e-01 -1.169463271203305066e+00 1.209465823485222469e+00
-5.230070863634146416e-01 4.141298976615559457e-01 -2.116548586469550131e+00 -2.031272471863599660e-01 -1.173575283956867610e+00 1.207915031077928969e+00
-5.258093116458826266e-01 4.107551518826518810e-01 -2.116233319307393668e+00 -2.056186475669053992e-01 -1.177716203896868263e+00 1.206371722329149021e+00
-5.286175108610609019e-01 4.073714187477903703e-01 -2.115917755373823983e+00 -2.081309573121062906e-01 -1.181886071433308150e+00 1.204835959462537964e+00
-5.314316519641687497e-01 4.039787285711919917e-01 -2.115601830219416168e+00 -2.106642579454344744e-01 -1.186084922118791907e+00 1.203307804229102773e+00
-5.342517027152955400e-01 4.005771115011399486e-01 -2.115285480745026980e+00 -2.132186283146695338e-01 -1.190312786698192404e+00 1.201787317905282926e+00
-5.370776306817550694e-01 3.971665975222927747e-01 -2.114968645198804342e+00 -2.157941445652819812e-01 -1.194569691158298141e+00 1.200274561291033493e+00
-5.399094032405045152e-01 3.937472164580442247e-01 -2.114651263171932971e+00 -2.183908801145896250e-01 -1.198855656777445100e+00 1.198769594707908004e+00
-5.427469875806216759e-01 3.903189979729273507e-01 -2.114333275593168970e+00 -2.210089056266891783e-01 -1.203170700175122843e+00 1.197272477997143758e+00
-5.455903507058388335e-01 3.868819715750577704e-01 -2.114014624722226454e+00 -2.236482889881614700e-01 -1.207514833361535755e+00 1.195783270517748909e+00
-5.484394594371246878e-01 3.834361666186124618e-01 -2.113695254142065050e+00 -2.263090952845525639e-01 -1.211888063787116110e+00 1.194302031144591991e+00
-5.512942804153118104e-01 3.799816123063411988e-01 -2.113375108750140896e+00 -2.289913867776344203e-01 -1.216290394391982721e+00 1.192828818266494117e+00
-5.541547801037653986e-01 3.765183376921049652e-01 -2.113054134748666879e+00 -2.316952228834417982e-01 -1.220721823655327887e+00 1.191363689784323832e+00
-5.570209247910875572e-01 3.730463716834402366e-01 -2.112732279633937615e+00 -2.344206601510865906e-01 -1.225182345644723059e+00 1.189906703109096187e+00
-5.598926805938537754e-01 3.695657430441433577e-01 -2.112409492184767590e+00 -2.371677522423492057e-01 -1.229671950065333252e+00 1.188457915160075151e+00
-5.627700134593768277e-01 3.660764803968732384e-01 -2.112085722450092184e+00 -2.399365499120490464e-01 -1.234190622309035978e+00 1.187017382362880458e+00
-5.656528891684950988e-01 3.625786122257682598e-01 -2.111760921735775565e+00 -2.427271009891942555e-01 -1.238738343503435368e+00 1.185585160647598446e+00
-5.685412733383805595e-01 3.590721668790748389e-01 -2.111435042590675160e+00 -2.455394503589057309e-01 -1.243315090560751734e+00 1.184161305446898460e+00
-5.714351314253618419e-01 3.555571725717837639e-01 -2.111108038792004482e+00 -2.483736399451202947e-01 -1.247920836226589447e+00 1.182745871694154127e+00
-5.743344287277618587e-01 3.520336573882720810e-01 -2.110779865330036476e+00 -2.512297086940705748e-01 -1.252555549128574253e+00 1.181338913821570191e+00
-5.772391303887420833e-01 3.485016492849474234e-01 -2.110450478392192242e+00 -2.541076925585382118e-01 -1.257219193824836712e+00 1.179940485758315782e+00
-5.801492013991531582e-01 3.449611760928918969e-01 -2.110119835346550232e+00 -2.570076244828809475e-01 -1.261911730852348867e+00 1.178550640928663018e+00
-5.830646066003888350e-01 3.414122655205029666e-01 -2.109787894724818091e+00 -2.599295343888333720e-01 -1.266633116775097712e+00 1.177169432250132708e+00
-5.859853106872364714e-01 3.378549451561289052e-01 -2.109454616204804900e+00 -2.628734491620750569e-01 -1.271383304232081013e+00 1.175796912131647387e+00
-5.889112782107259747e-01 3.342892424706958021e-01 -2.109119960592427123e+00 -2.658393926395717366e-01 -1.276162241985136170e+00 1.174433132471690566e+00
-5.918424735809693082e-01 3.307151848203246924e-01 -2.108783889803284683e+00 -2.688273855976808235e-01 -1.280969874966570998e+00 1.173078144656474642e+00
-5.947788610699924483e-01 3.271327994489352520e-01 -2.108446366843840014e+00 -2.718374457410220324e-01 -1.285806144326602451e+00 1.171731999558116355e+00
-5.977204048145524640e-01 3.235421134908351704e-01 -2.108107355792234738e+00 -2.748695876921126713e-01 -1.290670987480596832e+00 1.170394747532819801e+00
-6.006670688189404972e-01 3.199431539732918717e-01 -2.107766821778769284e+00 -2.779238229817597161e-01 -1.295564338156087292e+00 1.169066438419068765e+00
-6.036188169577667573e-01 3.163359478190855834e-01 -2.107424730966081405e+00 -2.810001600402118882e-01 -1.300486126439582391e+00 1.167747121535827715e+00
-6.065756129787248652e-01 3.127205218490411998e-01 -2.107081050529048039e+00 -2.840986041890631864e-01 -1.305436278823135732e+00 1.166436845680751677e+00
-6.095374205053336603e-01 3.090969027845367201e-01 -2.106735748634439798e+00 -2.872191576339103158e-01 -1.310414718250689337e+00 1.165135659128405887e+00
-6.125042030396541382e-01 3.054651172499879275e-01 -2.106388794420352983e+00 -2.903618194577581857e-01 -1.315421364164172324e+00 1.163843609628494979e+00
-6.154759239649792990e-01 3.018251917753055347e-01 -2.106040157975444416e+00 -2.935265856151709762e-01 -1.320456132549352679e+00 1.162560744404101953e+00
-6.184525465484943529e-01 2.981771527983250181e-01 -2.105689810317993960e+00 -2.967134489271631148e-01 -1.325518935981426782e+00 1.161287110149938462e+00
-6.214340339439066163e-01 2.945210266672065869e-01 -2.105337723374816505e+00 -2.999223990768284942e-01 -1.330609683670346488e+00 1.160022753030604203e+00
-6.244203491940414352e-01 2.908568396428037328e-01 -2.104983869960044274e+00 -3.031534226057049919e-01 -1.335728281505879522e+00 1.158767718678858971e+00
-6.274114552334039141e-01 2.871846179009995836e-01 -2.104628223753803873e+00 -3.064065029108694604e-01 -1.340874632102392550e+00 1.157522052193904027e+00
-6.304073148907037849e-01 2.835043875350092835e-01 -2.104270759280800540e+00 -3.096816202427589149e-01 -1.346048634843348690e+00 1.156285798139676579e+00
-6.334078908913417516e-01 2.798161745576467352e-01 -2.103911451888837547e+00 -3.129787517037116995e-01 -1.351250185925513936e+00 1.155059000543155134e+00
-6.364131458598563107e-01 2.761200049035554827e-01 -2.103550277727279205e+00 -3.162978712472278575e-01 -1.356479178402869135e+00 1.153841702892677290e+00
-6.394230423223288273e-01 2.724159044314018452e-01 -2.103187213725480564e+00 -3.196389496779439288e-01 -1.361735502230221773e+00 1.152633948136268849e+00
-6.424375427087463120e-01 2.687038989260291943e-01 -2.102822237571195796e+00 -3.230019546523134055e-01 -1.367019044306505116e+00 1.151435778679987365e+00
-6.454566093553194550e-01 2.649840141005724847e-01 -2.102455327688982578e+00 -3.263868506799936231e-01 -1.372329688517768265e+00 1.150247236386276128e+00
-6.484802045067552534e-01 2.612562755985322616e-01 -2.102086463218613144e+00 -3.297935991259289268e-01 -1.377667315779841140e+00 1.149068362572333246e+00
-6.515082903184831187e-01 2.575207089958070350e-01 -2.101715623993508419e+00 -3.332221582131287274e-01 -1.383031804080677274e+00 1.147899198008493382e+00
-6.545408288588325796e-01 2.537773398026827998e-01 -2.101342790519205028e+00 -3.366724830261372259e-01 -1.388423028522371983e+00 1.146739782916622374e+00
-6.575777821111624677e-01 2.500261934657797003e-01 -2.100967943951866257e+00 -3.401445255151848701e-01 -1.393840861362843020e+00 1.145590156968526507e+00
-6.606191119759391439e-01 2.462672953699538425e-01 -2.100591066076849867e+00 -3.436382345010161599e-01 -1.399285172057164406e+00 1.144450359284375551e+00
-6.636647802727644319e-01 2.425006708401550304e-01 -2.100212139287338076e+00 -3.471535556803916345e-01 -1.404755827298562076e+00 1.143320428431140678e+00
-6.667147487423502605e-01 2.387263451432384276e-01 -2.099831146563043038e+00 -3.506904316322589366e-01 -1.410252691059060925e+00 1.142200402421045702e+00
-6.697689790484412375e-01 2.349443434897300342e-01 -2.099448071448994035e+00 -3.542488018245820713e-01 -1.415775624629772578e+00 1.141090318710034301e+00
-6.728274327796827103e-01 2.311546910355456452e-01 -2.099062898034411706e+00 -3.578286026218281957e-01 -1.421324486660829667e+00 1.139990214196251683e+00
-6.758900714514336494e-01 2.273574128836618469e-01 -2.098675610931679980e+00 -3.614297672931064409e-01 -1.426899133200961067e+00 1.138900125218541337e+00
-6.789568565075243534e-01 2.235525340857399401e-01 -2.098286195255417486e+00 -3.650522260209467795e-01 -1.432499417736692759e+00 1.137820087554958226e+00
-6.820277493219578657e-01 2.197400796437004589e-01 -2.097894636601656870e+00 -3.686959059107174363e-01 -1.438125191231182320e+00 1.136750136421296409e+00
-6.851027112005535491e-01 2.159200745112493935e-01 -2.097500921027136478e+00 -3.723607310006764592e-01 -1.443776302162684155e+00 1.135690306469633315e+00
-6.881817033825331498e-01 2.120925435953551208e-01 -2.097105035028705267e+00 -3.760466222726454588e-01 -1.449452596562629703e+00 1.134640631786890008e+00
-6.912646870420484646e-01 2.082575117576752621e-01 -2.096706965522847632e+00 -3.797534976633052950e-01 -1.455153918053336604e+00 1.133601145893407880e+00
-6.943516232896497220e-01 2.044150038159338045e-01 -2.096306699825329911e+00 -3.834812720761008875e-01 -1.460880107885324186e+00 1.132571881741541997e+00
-6.974424731736940108e-01 2.005650445452472619e-01 -2.095904225630969897e+00 -3.872298573937570931e-01 -1.466631004974255692e+00 1.131552871714270436e+00
-7.005371976816934243e-01 1.967076586794005433e-01 -2.095499530993534254e+00 -3.909991624913899955e-01 -1.472406445937481934e+00 1.130544147623821605e+00
-7.036357577416022524e-01 1.928428709120715290e-01 -2.095092604305758499e+00 -3.947890932502148287e-01 -1.478206265130199482e+00 1.129545740710318436e+00
-7.067381142230427793e-01 1.889707058980042431e-01 -2.094683434279498879e+00 -3.985995525718353250e-01 -1.484030294681208950e+00 1.128557681640439458e+00
-7.098442279384685749e-01 1.850911882541304010e-01 -2.094272009926008149e+00 -4.024304403931170948e-01 -1.489878364528282262e+00 1.127580000506098079e+00
-7.129540596442660583e-01 1.812043425606391089e-01 -2.093858320536341910e+00 -4.062816537016301632e-01 -1.495750302453128455e+00 1.126612726823138955e+00
-7.160675700417921119e-01 1.773101933619944948e-01 -2.093442355661888410e+00 -4.101530865516578306e-01 -1.501645934115958259e+00 1.125655889530053022e+00
-7.191847197783487466e-01 1.734087651679008246e-01 -2.093024105095026677e+00 -4.140446300807609781e-01 -1.507565083089640767e+00 1.124709516986710289e+00
-7.223054694480935956e-01 1.695000824542151063e-01 -2.092603558849906342e+00 -4.179561725269002603e-01 -1.513507570893470433e+00 1.123773636973110612e+00
-7.254297795928856818e-01 1.655841696638075122e-01 -2.092180707143351359e+00 -4.218875992460978108e-01 -1.519473217026517275e+00 1.122848276688153346e+00
-7.285576107030665716e-01 1.616610512073679562e-01 -2.091755540375882294e+00 -4.258387927306390708e-01 -1.525461839000577857e+00 1.121933462748425869e+00
-7.316889232181760239e-01 1.577307514641603792e-01 -2.091328049112855414e+00 -4.298096326278032508e-01 -1.531473252372716143e+00 1.121029221187010538e+00
-7.348236775276015820e-01 1.537932947827237440e-01 -2.090898224065718125e+00 -4.337999957591150424e-01 -1.537507270777390023e+00 1.120135577452310294e+00
-7.379618339711621067e-01 1.498487054815192954e-01 -2.090466056073372769e+00 -4.378097561401116389e-01 -1.543563705958170384e+00 1.119252556406894694e+00
-7.411033528396244741e-01 1.458970078495244183e-01 -2.090031536083649222e+00 -4.418387850006196271e-01 -1.549642367799055176e+00 1.118380182326363714e+00
-7.442481943751529938e-01 1.419382261467730943e-01 -2.089594655134880963e+00 -4.458869508055334774e-01 -1.555743064355369576e+00 1.117518478898232415e+00
-7.473963187716912149e-01 1.379723846048425129e-01 -2.089155404337580180e+00 -4.499541192760841413e-01 -1.561865601884254717e+00 1.116667469220834485e+00
-7.505476861752755635e-01 1.339995074272855025e-01 -2.088713774856207905e+00 -4.540401534115929838e-01 -1.568009784874740520e+00 1.115827175802245330e+00
-7.537022566842805915e-01 1.300196187900091171e-01 -2.088269757891035638e+00 -4.581449135117044991e-01 -1.574175416077409295e+00 1.114997620559226243e+00
-7.568599903495949466e-01 1.260327428415992657e-01 -2.087823344660092229e+00 -4.622682571990878730e-01 -1.580362296533645017e+00 1.114178824816187463e+00
-7.600208471747281758e-01 1.220389037035907176e-01 -2.087374526381191586e+00 -4.664100394426050067e-01 -1.586570225604478246e+00 1.113370809304172537e+00
-7.631847871158471408e-01 1.180381254706827088e-01 -2.086923294254036776e+00 -4.705701125809297891e-01 -1.592799000999011838e+00 1.112573594159862234e+00
-7.663517700817421563e-01 1.140304322109002566e-01 -2.086469639442394719e+00 -4.747483263466138470e-01 -1.599048418802432980e+00 1.111787198924599318e+00
-7.695217559337222957e-01 1.100158479657006305e-01 -2.086013553056336178e+00 -4.789445278815043783e-01 -1.605318273485229374e+00 1.111011642543434208e+00
-7.726947044854390878e-01 1.059943967500251993e-01 -2.085555026134534806e+00 -4.831585617616357964e-01 -1.611608357930431890e+00 1.110246943364191274e+00
-7.758705755026382711e-01 1.019661025522961006e-01 -2.085094049626623036e+00 -4.873902700225492546e-01 -1.617918463460453093e+00 1.109493119136556238e+00
-7.790493287028389391e-01 9.793098933435817610e-02 -2.084630614375593716e+00 -4.916394921850353872e-01 -1.624248379863524772e+00 1.108750187011184218e+00
-7.822309237549398553e-01 9.388908103136550665e-02 -2.084164711100245704e+00 -4.959060652812897207e-01 -1.630597895419733323e+00 1.108018163538829537e+00
-7.854153202787518273e-01 8.984040155161265861e-02 -2.083696330377668549e+00 -5.001898238814742603e-01 -1.636966796926653478e+00 1.107297064669496844e+00
-7.886024778444564731e-01 8.578497477631052970e-02 -2.083225462625756030e+00 -5.044906001206758139e-01 -1.643354869724581890e+00 1.106586905751613337e+00
-7.917923559719896032e-01 8.172282455930657274e-02 -2.082752098085746351e+00 -5.088082237262535612e-01 -1.649761897721370385e+00 1.105887701531222733e+00
-7.949849141303496625e-01 7.765397472674950841e-02 -2.082276226804784081e+00 -5.131425220455709812e-01 -1.656187663416866407e+00 1.105199466151201015e+00
-7.981801117368300114e-01 7.357844907669752743e-02 -2.081797838618493213e+00 -5.174933200637519271e-01 -1.662631947906360486e+00 1.104522213150494148e+00
-8.013779081561749340e-01 6.949627137867109283e-02 -2.081316923133561314e+00 -5.218604404321176560e-01 -1.669094530904307927e+00 1.103855955463377780e+00
-8.045782626996579312e-01 6.540746537314934272e-02 -2.080833469710325900e+00 -5.262437034969860150e-01 -1.675575190767661260e+00 1.103200705418738048e+00
-8.077811346240827417e-01 6.131205477100987178e-02 -2.080347467445357257e+00 -5.306429273288256754e-01 -1.682073704518814994e+00 1.102556474739376569e+00
-8.109864831307054267e-01 5.721006325291222439e-02 -2.079858905154033710e+00 -5.350579277517576449e-01 -1.688589847868170235e+00 1.101923274541335207e+00
-8.141942673640772954e-01 5.310151446862476643e-02 -2.079367771353104466e+00 -5.394885183733983958e-01 -1.695123395236318276e+00 1.101301115333245484e+00
-8.174044464108082275e-01 4.898643203629449161e-02 -2.078874054243231573e+00 -5.439345106150327291e-01 -1.701674119775846039e+00 1.100690007015698857e+00
-8.206169792982488387e-01 4.486483954165976229e-02 -2.078377741691509240e+00 -5.483957137421123784e-01 -1.708241793392765828e+00 1.100089958880640983e+00
-8.238318249930918213e-01 4.073676053720598489e-02 -2.077878821213954286e+00 -5.528719348950688062e-01 -1.714826186767570260e+00 1.099500979610787299e+00
-8.270489423998909073e-01 3.660221854126399776e-02 -2.077377279957962841e+00 -5.573629791204344208e-01 -1.721427069375917940e+00 1.098923077279062355e+00
-8.302682903594971187e-01 3.246123703705050545e-02 -2.076873104684727966e+00 -5.618686494022642197e-01 -1.728044209508951212e+00 1.098356259348061803e+00
-8.334898276474114187e-01 2.831383947165133641e-02 -2.076366281751615528e+00 -5.663887466938485327e-01 -1.734677374293247532e+00 1.097800532669537033e+00
-8.367135129720529862e-01 2.416004925494608102e-02 -2.075856797094493889e+00 -5.709230699497089834e-01 -1.741326329710406462e+00 1.097255903483903339e+00
-8.399393049729423355e-01 1.999988975847533101e-02 -2.075344636210010751e+00 -5.754714161578728948e-01 -1.747990840616282959e+00 1.096722377419771410e+00
-8.431671622187983939e-01 1.583338431424941017e-02 -2.074829784137817601e+00 -5.800335803724163686e-01 -1.754670670759866047e+00 1.096199959493501019e+00
-8.463970432055492044e-01 1.166055621349826321e-02 -2.074312225442735080e+00 -5.846093557462654910e-01 -1.761365582801799334e+00 1.095688654108779136e+00
-8.496289063542544762e-01 7.481428705363390996e-03 -2.073791944196857973e+00 -5.891985335642517807e-01 -1.768075338332556257e+00 1.095188465056221361e+00
-8.528627100089403168e-01 3.296024995530943968e-03 -2.073268923961596233e+00 -5.938009032764113293e-01 -1.774799697890269812e+00 1.094699395512995999e+00
-8.560984124343444801e-01 -8.956317551945813804e-04 -2.072743147769648520e+00 -5.984162525315211978e-01 -1.781538420978218795e+00 1.094221448042472788e+00
-8.593359718135714642e-01 -5.093518432375154781e-03 -2.072214598106910000e+00 -6.030443672108632969e-01 -1.788291266081973863e+00 1.093754624593894276e+00
-8.625753462456572374e-01 -9.297611969483310368e-03 -2.071683256894306435e+00 -6.076850314622129767e-01 -1.795057990686216520e+00 1.093298926502071611e+00
-8.658164937430417041e-01 -1.350788934950575282e-02 -2.071149105469559881e+00 -6.123380277340341182e-01 -1.801838351291213725e+00 1.092854354487104107e+00
-8.690593722289489120e-01 -1.772432760660613837e-02 -2.070612124568877999e+00 -6.170031368098867208e-01 -1.808632103428979843e+00 1.092420908654122114e+00
-8.723039395346738889e-01 -2.194690382784758587e-02 -2.070072294308573202e+00 -6.216801378430274472e-01 -1.815439001679104436e+00 1.091998588493054534e+00
-8.755501533967753325e-01 -2.617559515497447364e-02 -2.069529594166604980e+00 -6.263688083911977955e-01 -1.822258799684260744e+00 1.091587392878419660e+00
-8.787979714541731546e-01 -3.041037878625407753e-02 -2.068984002964051161e+00 -6.310689244515969021e-01 -1.829091250165399085e+00 1.091187320069140432e+00
-8.820473512451502129e-01 -3.465123197837793878e-02 -2.068435498846504128e+00 -6.357802604960275383e-01 -1.835936104936632063e+00 1.090798367708383676e+00
-8.852982502042573421e-01 -3.889813204842296201e-02 -2.067884059265396868e+00 -6.405025895062095298e-01 -1.842793114919810016e+00 1.090420532823423994e+00
-8.885506256591213514e-01 -4.315105637587213216e-02 -2.067329660959257520e+00 -6.452356830092510487e-01 -1.849662030158797599e+00 1.090053811825531183e+00
-8.918044348271541022e-01 -4.740998240469507241e-02 -2.066772279934895540e+00 -6.499793111132715628e-01 -1.856542599833446605e+00 1.089698200509882087e+00
-8.950596348121632184e-01 -5.167488764548822111e-02 -2.066211891448523463e+00 -6.547332425431665603e-01 -1.863434572273276579e+00 1.089353694055497312e+00
-8.983161826008626560e-01 -5.594574967767462770e-02 -2.065648469986814284e+00 -6.594972446765071661e-01 -1.870337694970861886e+00 1.089020287025201483e+00
-9.015740350592829078e-01 -6.022254615176347858e-02 -2.065081989247902428e+00 -6.642710835795666569e-01 -1.877251714594932341e+00 1.088697973365609029e+00
-9.048331489290799556e-01 -6.450525479166857590e-02 -2.064512422122326996e+00 -6.690545240434715435e-01 -1.884176377003197178e+00 1.088386746407133288e+00
-9.080934808237427491e-01 -6.879385339708643521e-02 -2.063939740673927936e+00 -6.738473296204603447e-01 -1.891111427254889232e+00 1.088086598864021148e+00
-9.113549872246975436e-01 -7.308831984593322506e-02 -2.063363916120696029e+00 -6.786492626602490530e-01 -1.898056609623032465e+00 1.087797522834411668e+00
-9.146176244773093211e-01 -7.738863209684032629e-02 -2.062784918815586011e+00 -6.834600843464927467e-01 -1.905011667606443471e+00 1.087519509800419337e+00
-9.178813487867796272e-01 -8.169476819170884418e-02 -2.062202718227296394e+00 -6.882795547333369068e-01 -1.911976343941468093e+00 1.087252550628242442e+00
-9.211461162139401582e-01 -8.600670625832196325e-02 -2.061617282921024863e+00 -6.931074327820517800e-01 -1.918950380613459350e+00 1.086996635568295400e+00
-9.244118826709409875e-01 -9.032442451301492259e-02 -2.061028580539209454e+00 -6.979434763977422351e-01 -1.925933518868003347e+00 1.086751754255367075e+00
-9.276786039168343212e-01 -9.464790126340283383e-02 -2.060436577782259082e+00 -7.027874424661220143e-01 -1.932925499221887833e+00 1.086517895708802195e+00
-9.309462355530516708e-01 -9.897711491116545357e-02 -2.059841240389287620e+00 -7.076390868903500442e-01 -1.939926061473830954e+00 1.086295048332708957e+00
-9.342147330187758891e-01 -1.033120439548874669e-01 -2.059242533118858187e+00 -7.124981646279153757e-01 -1.946934944714961091e+00 1.086083199916190845e+00
-9.374840515862058465e-01 -1.076526669929557256e-01 -2.058640419729751425e+00 -7.173644297275715287e-01 -1.953951887339068438e+00 1.085882337633603534e+00
-9.407541463557153039e-01 -1.119989627265108867e-01 -2.058034862961766187e+00 -7.222376353662468551e-01 -1.960976627052507970e+00 1.085692448044836445e+00
-9.440249722509044261e-01 -1.163509099624541188e-01 -2.057425824516566859e+00 -7.271175338860433879e-01 -1.968008900883985834e+00 1.085513517095619607e+00
-9.472964840135442710e-01 -1.207084876165064324e-01 -2.056813265038590632e+00 -7.320038768316428079e-01 -1.975048445194850899e+00 1.085345530117854951e+00
-9.505686361984144739e-01 -1.250716747163224118e-01 -2.056197144096027607e+00 -7.368964149864337676e-01 -1.982094995686714212e+00 1.085188471829973578e+00
-9.538413831680339072e-01 -1.294404504046545723e-01 -2.055577420161888380e+00 -7.417948984084754560e-01 -1.989148287408531113e+00 1.085042326337316565e+00
-9.571146790872840926e-01 -1.338147939425692323e-01 -2.054954050595174664e+00 -7.466990764675450754e-01 -1.996208054765528761e+00 1.084907077132541975e+00
-9.603884779179259201e-01 -1.381946847127123457e-01 -2.054326991622170251e+00 -7.516086978821827635e-01 -2.003274031527935151e+00 1.084782707096056509e+00
-9.636627334130097866e-01 -1.425801022226241832e-01 -2.053696198317868760e+00 -7.565235107567250816e-01 -2.010345950839509399e+00 1.084669198496472253e+00
-9.669373991111795963e-01 -1.469710261081006442e-01 -2.053061624587556366e+00 -7.614432626183155195e-01 -2.017423545225873305e+00 1.084566532991088295e+00
-9.702124283308710684e-01 -1.513674361366025289e-01 -2.052423223148566844e+00 -7.663677004538916870e-01 -2.024506546602657053e+00 1.084474691626398091e+00
-9.734877741644043514e-01 -1.557693122107078887e-01 -2.051780945512232890e+00 -7.712965707471379773e-01 -2.031594686283455520e+00 1.084393654838621046e+00
-9.767633894719726095e-01 -1.601766343716085617e-01 -2.051134741966048836e+00 -7.762296195153952638e-01 -2.038687694987603383e+00 1.084323402454259844e+00
-9.800392268755261371e-01 -1.645893828026484540e-01 -2.050484561556071395e+00 -7.811665923465263006e-01 -2.045785302847777043e+00 1.084263913690682646e+00
-9.833152387525538884e-01 -1.690075378329013445e-01 -2.049830352069577977e+00 -7.861072344357262764e-01 -2.052887239417423793e+00 1.084215167156730830e+00
-9.865913772297629780e-01 -1.734310799407879911e-01 -2.049172060018007890e+00 -7.910512906222715301e-01 -2.059993233678023561e+00 1.084177140853351151e+00
-9.898675941766569286e-01 -1.778599897577278766e-01 -2.048509630620209521e+00 -7.959985054261997650e-01 -2.067103014046185905e+00 1.084149812174253658e+00
-9.931438411990142212e-01 -1.822942480718271474e-01 -2.047843007786019687e+00 -8.009486230849172106e-01 -2.074216308380591123e+00 1.084133157906594924e+00
-9.964200696322689232e-01 -1.867338358315971947e-01 -2.047172134100200935e+00 -8.059013875897221846e-01 -2.081332843988777270e+00 1.084127154231685486e+00
-9.996962305347940614e-01 -1.911787341497040993e-01 -2.046496950806766524e+00 -8.108565427222437227e-01 -2.088452347633778849e+00 1.084131776725723695e+00
-1.002972274681090070e+00 -1.956289243067449446e-01 -2.045817397793717518e+00 -8.158138320907800667e-01 -2.095574545540611844e+00 1.084147000360554003e+00
-1.006248152554878761e+00 -2.000843877550503302e-01 -2.045133413578225312e+00 -8.207729991665381197e-01 -2.102699163402626858e+00 1.084172799504450557e+00
-1.009523814342108583e+00 -2.045451061225075362e-01 -2.044444935292287546e+00 -8.257337873197668765e-01 -2.109825926387721928e+00 1.084209147922926109e+00
-1.012799209923866517e+00 -2.090110612164054471e-01 -2.043751898668891176e+00 -8.306959398557707264e-01 -2.116954559144418546e+00 1.084256018779565567e+00
-1.016074288869206921e+00 -2.134822350272943536e-01 -2.043054238028712000e+00 -8.356592000508041851e-01 -2.124084785807811571e+00 1.084313384636885980e+00
-1.019349000427892893e+00 -2.179586097328612970e-01 -2.042351886267387062e+00 -8.406233111878386177e-01 -2.131216330005394788e+00 1.084381217457220048e+00
-1.022623293523056143e+00 -2.224401677018142953e-01 -2.041644774843394572e+00 -8.455880165921939584e-01 -2.138348914862763905e+00 1.084459488603626287e+00
-1.025897116743780035e+00 -2.269268914977752294e-01 -2.040932833766574195e+00 -8.505530596670324295e-01 -2.145482263009209856e+00 1.084548168840822946e+00
-1.029170418337602921e+00 -2.314187638831758376e-01 -2.040215991587328137e+00 -8.555181839287024914e-01 -2.152616096583189531e+00 1.084647228336148794e+00
-1.032443146202950413e+00 -2.359157678231545985e-01 -2.039494175386538100e+00 -8.604831330419288049e-01 -2.159750137237692158e+00 1.084756636660547224e+00
-1.035715247881499490e+00 -2.404178864894491729e-01 -2.038767310766238072e+00 -8.654476508548427649e-01 -2.166884106145497313e+00 1.084876362789576998e+00
-1.038986670550472446e+00 -2.449251032642821846e-01 -2.038035321841083825e+00 -8.704114814338472783e-01 -2.174017724004331686e+00 1.085006375104446752e+00
-1.042257361014873318e+00 -2.494374017442350100e-01 -2.037298131230657283e+00 -8.753743690983085690e-01 -2.181150711041928147e+00 1.085146641393076150e+00
-1.045527265699663477e+00 -2.539547657441060258e-01 -2.036555660052651984e+00 -8.803360584550712353e-01 -2.188282787020989772e+00 1.085297128851180792e+00
-1.048796330641884378e+00 -2.584771793007488716e-01 -2.035807827916979118e+00 -8.852962944327877892e-01 -2.195413671244066833e+00 1.085457804083382660e+00
-1.052064501482730119e+00 -2.630046266768851781e-01 -2.035054552920840365e+00 -8.902548223160575702e-01 -2.202543082558336529e+00 1.085628633104346097e+00
-1.055331723459576931e+00 -2.675370923648890953e-01 -2.034295751644812356e+00 -8.952113877793698160e-01 -2.209670739360309888e+00 1.085809581339938434e+00
-1.058597941397972253e+00 -2.720745610905360712e-01 -2.033531339149989847e+00 -9.001657369208417858e-01 -2.216796359600444521e+00 1.086000613628415268e+00
-1.061863099703588720e+00 -2.766170178167127736e-01 -2.032761228976232015e+00 -9.051176162957506044e-01 -2.223919660787688990e+00 1.086201694221631264e+00
-1.065127142354150624e+00 -2.811644477470828241e-01 -2.031985333141565597e+00 -9.100667729498507219e-01 -2.231040359993949007e+00 1.086412786786276063e+00
-1.068390012891337726e+00 -2.857168363297005742e-01 -2.031203562142789298e+00 -9.150129544524698844e-01 -2.238158173858479039e+00 1.086633854405135047e+00
-1.071651654412669963e+00 -2.902741692605713686e-01 -2.030415824957333637e+00 -9.199559089293799508e-01 -2.245272818592209951e+00 1.086864859578374753e+00
-1.074912009563383508e+00 -2.948364324871480813e-01 -2.029622029046424636e+00 -9.248953850954362288e-01 -2.252384009982004720e+00 1.087105764224853166e+00
-1.078171020528301938e+00 -2.994036122117610388e-01 -2.028822080359606872e+00 -9.298311322869798889e-01 -2.259491463394858179e+00 1.087356529683455753e+00
-1.081428629023710286e+00 -3.039756948949740023e-01 -2.028015883340676950e+00 -9.347629004939974617e-01 -2.266594893782029718e+00 1.087617116714455712e+00
-1.084684776289239538e+00 -3.085526672588597696e-01 -2.027203340935083364e+00 -9.396904403920327553e-01 -2.273694015683125347e+00 1.087887485500898865e+00
-1.087939403079768663e+00 -3.131345162901891799e-01 -2.026384354598849580e+00 -9.446135033738451980e-01 -2.280788543230120702e+00 1.088167595650013864e+00
-1.091192449657351515e+00 -3.177212292435266372e-01 -2.025558824309071415e+00 -9.495318415808070567e-01 -2.287878190151330315e+00 1.088457406194647481e+00
-1.094443855783177266e+00 -3.223127936442246044e-01 -2.024726648576052224e+00 -9.544452079340359774e-01 -2.294962669775323150e+00 1.088756875594723894e+00
-1.097693560709573468e+00 -3.269091972913117372e-01 -2.023887724457130943e+00 -9.593533561652579644e-01 -2.302041695034795943e+00 1.089065961738728827e+00
-1.100941503172060187e+00 -3.315104282602648889e-01 -2.023041947572261634e+00 -9.642560408473945799e-01 -2.309114978470394597e+00 1.089384621945219456e+00
-1.104187621381461870e+00 -3.361164749056598788e-01 -2.022189212121404900e+00 -9.691530174248710328e-01 -2.316182232234496929e+00 1.089712812964357624e+00
-1.107431853016092038e+00 -3.407273258636914770e-01 -2.021329410903792478e+00 -9.740440422436390522e-01 -2.323243168094953681e+00 1.090050490979468822e+00
-1.110674135214014147e+00 -3.453429700545554981e-01 -2.020462435339127172e+00 -9.789288725809054403e-01 -2.330297497438782450e+00 1.090397611608624695e+00
-1.113914404565392147e+00 -3.499633966846861233e-01 -2.019588175490776294e+00 -9.838072666745679706e-01 -2.337344931275830540e+00 1.090754129906251535e+00
-1.117152597104944078e+00 -3.545885952488373460e-01 -2.018706520091025691e+00 -9.886789837523485280e-01 -2.344385180242396061e+00 1.091120000364762088e+00
-1.120388648304502244e+00 -3.592185555320032142e-01 -2.017817356568455178e+00 -9.935437840606212712e-01 -2.351417954604815286e+00 1.091495176916212451e+00
-1.123622493065697281e+00 -3.638532676111664310e-01 -2.016920571077502444e+00 -9.984014288929315972e-01 -2.358442964263022912e+00 1.091879612933983834e+00
-1.126854065712778130e+00 -3.684927218568673224e-01 -2.016016048530274052e+00 -1.003251680618201025e+00 -2.365459918754078128e+00 1.092273261234488091e+00
-1.130083299985572776e+00 -3.731369089345834000e-01 -2.015103672630676357e+00 -1.008094302708607337e+00 -2.372468527255654713e+00 1.092676074078897663e+00
-1.133310129032612412e+00 -3.777858198059121930e-01 -2.014183325910925415e+00 -1.012929059767143203e+00 -2.379468498589506709e+00 1.093088003174900846e+00
-1.136534485404423034e+00 -3.824394457295453575e-01 -2.013254889770504708e+00 -1.017755717554845507e+00 -2.386459541224903891e+00 1.093508999678480142e+00
-1.139756301047003095e+00 -3.870977782620282914e-01 -2.012318244517637744e+00 -1.022574043017690615e+00 -2.393441363282046819e+00 1.093939014195716375e+00
-1.142975507295498794e+00 -3.917608092582917090e-01 -2.011373269413338605e+00 -1.027383804313152682e+00 -2.400413672535449905e+00 1.094377996784615448e+00
-1.146192034868089848e+00 -3.964285308719487366e-01 -2.010419842718111472e+00 -1.032184770836418464e+00 -2.407376176417304947e+00 1.094825896956960642e+00
-1.149405813860102654e+00 -4.011009355553457612e-01 -2.009457841741363104e+00 -1.036976713246259729e+00 -2.414328582020824232e+00 1.095282663680188451e+00
-1.152616773738366351e+00 -4.057780160593583707e-01 -2.008487142893595312e+00 -1.041759403490549518e+00 -2.421270596103555217e+00 1.095748245379288832e+00
-1.155824843335820695e+00 -4.104597654329208423e-01 -2.007507621741446702e+00 -1.046532614831425789e+00 -2.428201925090674340e+00 1.096222589938729675e+00
-1.159029950846401480e+00 -4.151461770222807379e-01 -2.006519153065647654e+00 -1.051296121870097799e+00 -2.435122275078263954e+00 1.096705644704405236e+00
-1.162232023820210625e+00 -4.198372444699661754e-01 -2.005521610921955578e+00 -1.056049700571287442e+00 -2.442031351836566611e+00 1.097197356485607900e+00
-1.165430989158990904e+00 -4.245329617134575573e-01 -2.004514868705141062e+00 -1.060793128287306430e+00 -2.448928860813219366e+00 1.097697671557025245e+00
-1.168626773111926198e+00 -4.292333229835522124e-01 -2.003498799216083537e+00 -1.065526183781761782e+00 -2.455814507136474756e+00 1.098206535660760208e+00
-1.171819301271775249e+00 -4.339383228024104033e-01 -2.002473274732050168e+00 -1.070248647247749485e+00 -2.462687995608343172e+00 1.098723894008375224e+00
-1.175008498571368243e+00 -4.386479559812749285e-01 -2.001438167080216157e+00 -1.074960300330811691e+00 -2.469549030707729464e+00 1.099249691282960573e+00
-1.178194289280474205e+00 -4.433622176178496632e-01 -2.000393347714496617e+00 -1.079660926151513323e+00 -2.476397316593550002e+00 1.099783871641226041e+00
-1.181376597003064965e+00 -4.480811030933301575e-01 -1.999338687795749525e+00 -1.084350309327639428e+00 -2.483232557107833749e+00 1.100326378715616782e+00
-1.184555344674991240e+00 -4.528046080690736330e-01 -1.998274058275414156e+00 -1.089028235996005067e+00 -2.490054455778810905e+00 1.100877155616452496e+00
-1.187730454562091698e+00 -4.575327284828966112e-01 -1.997199329982648708e+00 -1.093694493833877512e+00 -2.496862715823986889e+00 1.101436144934090811e+00
-1.190901848258755003e+00 -4.622654605449926235e-01 -1.996114373715024870e+00 -1.098348872080007421e+00 -2.503657040153203006e+00 1.102003288741113973e+00
-1.194069446686954361e+00 -4.670028007334553477e-01 -1.995019060332841487e+00 -1.102991161555266331e+00 -2.510437131371682007e+00 1.102578528594539087e+00
-1.197233170095777233e+00 -4.717447457894000662e-01 -1.993913260857113512e+00 -1.107621154682885134e+00 -2.517202691783064328e+00 1.103161805538051654e+00
-1.200392938061469295e+00 -4.764912927116701225e-01 -1.992796846571295077e+00 -1.112238645508294876e+00 -2.523953423392425233e+00 1.103753060104263550e+00
-1.203548669488017087e+00 -4.812424387511192725e-01 -1.991669689126791098e+00 -1.116843429718562541e+00 -2.530689027909283517e+00 1.104352232316993421e+00
-1.206700282608286656e+00 -4.859981814044588289e-01 -1.990531660652309132e+00 -1.121435304661424937e+00 -2.537409206750598667e+00 1.104959261693570394e+00
-1.209847694985749289e+00 -4.907585184076596052e-01 -1.989382633867107009e+00 -1.126014069363913572e+00 -2.544113661043756025e+00 1.105574087247162662e+00
-1.212990823516805428e+00 -4.955234477288980033e-01 -1.988222482198181540e+00 -1.130579524550571868e+00 -2.550802091629538193e+00 1.106196647489127605e+00
-1.216129584433744082e+00 -5.002929675610366944e-01 -1.987051079901447803e+00 -1.135131472661259355e+00 -2.557474199065091547e+00 1.106826880431385662e+00
-1.219263893308345725e+00 -5.050670763136290153e-01 -1.985868302186954315e+00 -1.139669717868546872e+00 -2.564129683626879430e+00 1.107464723588818201e+00
-1.222393665056170420e+00 -5.098457726044381966e-01 -1.984674025348174276e+00 -1.144194066094689655e+00 -2.570768245313623801e+00 1.108110113981687572e+00
-1.225518813941538276e+00 -5.146290552504620974e-01 -1.983468126895414629e+00 -1.148704325028188089e+00 -2.577389583849234445e+00 1.108762988138080496e+00
-1.228639253583239555e+00 -5.194169232584525675e-01 -1.982250485693378472e+00 -1.153200304139931909e+00 -2.583993398685744403e+00 1.109423282096374530e+00
-1.231754896960995715e+00 -5.242093758149227734e-01 -1.981020982102914552e+00 -1.157681814698922507e+00 -2.590579389006222755e+00 1.110090931407728299e+00
-1.234865656422694968e+00 -5.290064122756316101e-01 -1.979779498126984949e+00 -1.162148669787574473e+00 -2.597147253727688732e+00 1.110765871138593042e+00
-1.237971443692429840e+00 -5.338080321545380924e-01 -1.978525917560875369e+00 -1.166600684316597469e+00 -2.603696691504018279e+00 1.111448035873248585e+00
-1.241072169879363862e+00 -5.386142351122175098e-01 -1.977260126146675123e+00 -1.171037675039454884e+00 -2.610227400728848846e+00 1.112137359716361296e+00
-1.244167745487452681e+00 -5.434250209437304635e-01 -1.975982011732041688e+00 -1.175459460566400161e+00 -2.616739079538479729e+00 1.112833776295565125e+00
-1.247258080426046689e+00 -5.482403895659392346e-01 -1.974691464433267374e+00 -1.179865861378089686e+00 -2.623231425814774198e+00 1.113537218764065528e+00
-1.250343084021401818e+00 -5.530603410042634893e-01 -1.973388376802658994e+00 -1.184256699838770022e+00 -2.629704137188055846e+00 1.114247619803265366e+00
-1.253422665029126026e+00 -5.578848753788691051e-01 -1.972072644000234964e+00 -1.188631800209046352e+00 -2.636156911040016482e+00 1.114964911625414334e+00
-1.256496731647589460e+00 -5.627139928902845645e-01 -1.970744163969742280e+00 -1.192990988658224172e+00 -2.642589444506628027e+00 1.115689025976280613e+00
-1.259565191532323158e+00 -5.675476938044389241e-01 -1.969402837618989155e+00 -1.197334093276231304e+00 -2.649001434481062400e+00 1.116419894137844704e+00
-1.262627951811440941e+00 -5.723859784371164716e-01 -1.968048569004485326e+00 -1.201660944085113369e+00 -2.655392577616617622e+00 1.117157446931016374e+00
-1.265684919102101347e+00 -5.772288471378249630e-01 -1.966681265520372923e+00 -1.205971373050112483e+00 -2.661762570329666566e+00 1.117901614718373349e+00
-1.268735999528049163e+00 -5.820763002730718894e-01 -1.965300838091629254e+00 -1.210265214090326946e+00 -2.668111108802624365e+00 1.118652327406922886e+00
-1.271781098738256066e+00 -5.869283382090474399e-01 -1.963907201371515532e+00 -1.214542303066286077e+00 -2.674437888940273567e+00 1.119409514450885323e+00
-1.274820121926693250e+00 -5.917849612937106096e-01 -1.962500273943235563e+00 -1.218802477789829419e+00 -2.680742606372534809e+00 1.120173104854500057e+00
-1.277852973853262242e+00 -5.966461698382777845e-01 -1.961079978525768430e+00 -1.223045578033584935e+00 -2.687024956457288560e+00 1.120943027174853501e+00
-1.280879558865911427e+00 -6.015119640981120286e-01 -1.959646242183825215e+00 -1.227271445540041306e+00 -2.693284634283242163e+00 1.121719209524730143e+00
-1.283899780923968503e+00 -6.063823442530135166e-01 -1.958198996541877124e+00 -1.231479924030222994e+00 -2.699521334672851491e+00 1.122501579575483799e+00
-1.286913543622712819e+00 -6.112573103869111124e-01 -1.956738178002194406e+00 -1.235670859211972505e+00 -2.705734752185320335e+00 1.123290064559932633e+00
-1.289920750219220480e+00 -6.161368624669584237e-01 -1.955263727966824794e+00 -1.239844098787839410e+00 -2.711924581119665056e+00 1.124084591275275935e+00
-1.292921303659503085e+00 -6.210210003220334452e-01 -1.953775593063435068e+00 -1.243999492462577683e+00 -2.718090515517859629e+00 1.124885086086031549e+00
-1.295915106606972955e+00 -6.259097236206488946e-01 -1.952273725374928937e+00 -1.248136891950263339e+00 -2.724232249168077047e+00 1.125691474926997282e+00
-1.298902061472260172e+00 -6.308030318482747978e-01 -1.950758082672746641e+00 -1.252256150981028160e+00 -2.730349475608025323e+00 1.126503683306231629e+00
-1.301882070444403627e+00 -6.357009242840790941e-01 -1.949228628653741913e+00 -1.256357125307418832e+00 -2.736441888128395838e+00 1.127321636308058928e+00
-1.304855035566839128e+00 -6.406034001291446289e-01 -1.947685333185241729e+00 -1.260439671581556675e+00 -2.742509177347126403e+00 1.128145258597359257e+00
-1.307820858777891893e+00 -6.455104585019167951e-01 -1.946128172563993397e+00 -1.264503642483832513e+00 -2.748551020901986774e+00 1.128974474424301322e+00
-1.310779441945557622e+00 -6.504220984138974204e-01 -1.944557129778345717e+00 -1.268548886650933794e+00 -2.754567083181898468e+00 1.129809207629083989e+00
-1.313730686903810785e+00 -6.553383187447451297e-01 -1.942972194773628036e+00 -1.272575248041839746e+00 -2.760557013863866871e+00 1.130649381646683826e+00
-1.316674495490460561e+00 -6.602591182167921735e-01 -1.941373364720388350e+00 -1.276582565755142840e+00 -2.766520447391588533e+00 1.131494919511611519e+00
-1.319610769586579746e+00 -6.651844953689892703e-01 -1.939760644285307034e+00 -1.280570673968049578e+00 -2.772457002706456564e+00 1.132345743862676724e+00
-1.322539411157531486e+00 -6.701144485302935605e-01 -1.938134045904596370e+00 -1.284539401961114269e+00 -2.778366283157622796e+00 1.133201776947760697e+00
-1.325460322295604954e+00 -6.750489757925132173e-01 -1.936493590059696235e+00 -1.288488574096451345e+00 -2.784247876310838699e+00 1.134062940628597804e+00
-1.328373405264291485e+00 -6.799880749826253679e-01 -1.934839305555056788e+00 -1.292418009820926805e+00 -2.790101353807942441e+00 1.134929156385566573e+00
-1.331278562544211841e+00 -6.849317436345833121e-01 -1.933171229797788548e+00 -1.296327523694726924e+00 -2.795926271278562414e+00 1.135800345322488747e+00
-1.334175696880713247e+00 -6.898799789606343547e-01 -1.931489409078949615e+00 -1.300216925335551998e+00 -2.801722168068613961e+00 1.136676428171438546e+00
-1.337064711333154854e+00 -6.948327778221642381e-01 -1.929793898856218215e+00 -1.304086019458511769e+00 -2.807488567171533500e+00 1.137557325297560373e+00
-1.339945509325897177e+00 -6.997901367000930462e-01 -1.928084764037690579e+00 -1.307934605899118807e+00 -2.813224975121649152e+00 1.138442956703896947e+00
-1.342817994700999940e+00 -7.047520516648427824e-01 -1.926362079266527028e+00 -1.311762479641514600e+00 -2.818930881897181884e+00 1.139333242036225657e+00
-1.345682071772654531e+00 -7.097185183459017166e-01 -1.924625929206153829e+00 -1.315569430867775003e+00 -2.824605760867495263e+00 1.140228100587905580e+00
-1.348537645383345307e+00 -7.146895319010092562e-01 -1.922876408825713090e+00 -1.319355245008016819e+00 -2.830249068741111707e+00 1.141127451304733365e+00
-1.351384620961760596e+00 -7.196650869849904320e-01 -1.921113623685434701e+00 -1.323119702767008965e+00 -2.835860245461573115e+00 1.142031212789808903e+00
-1.354222904582450759e+00 -7.246451777182657539e-01 -1.919337690221591286e+00 -1.326862580176024764e+00 -2.841438714157057177e+00 1.142939303308409871e+00
-1.357052403027240395e+00 -7.296297976550670805e-01 -1.917548736030674217e+00 -1.330583648645504047e+00 -2.846983881091015078e+00 1.143851640792875823e+00
-1.359873023848398255e+00 -7.346189397513896990e-01 -1.915746900152415000e+00 -1.334282675018524600e+00 -2.852495135613923871e+00 1.144768142847501835e+00
-1.362684675433559089e+00 -7.396125963327141450e-01 -1.913932333351255455e+00 -1.337959421625087186e+00 -2.857971850116229007e+00 1.145688726753439912e+00
-1.365487267072397870e+00 -7.446107590615290706e-01 -1.912105198395852135e+00 -1.341613646337219024e+00 -2.863413379982584495e+00 1.146613309473609732e+00
-1.368280709025050168e+00 -7.496134189046924634e-01 -1.910265670336180444e+00 -1.345245102624898603e+00 -2.868819063547488390e+00 1.147541807657618040e+00
-1.371064912592265816e+00 -7.546205661006667453e-01 -1.908413936777783926e+00 -1.348853539612811181e+00 -2.874188222052415753e+00 1.148474137646684934e+00
-1.373839790187291854e+00 -7.596321901266657184e-01 -1.906550198152691777e+00 -1.352438702137942483e+00 -2.879520159604560980e+00 1.149410215478578356e+00
-1.376605255409458106e+00 -7.646482796657519954e-01 -1.904674667986509196e+00 -1.356000330808021070e+00 -2.884814163137314758e+00 1.150349956892555925e+00
-1.379361223119457414e+00 -7.696688225739255484e-01 -1.902787573161160539e+00 -1.359538162060817124e+00 -2.890069502372580867e+00 1.151293277334312526e+00
-1.382107609516294300e+00 -7.746938058472471189e-01 -1.900889154172744622e+00 -1.363051928224315201e+00 -2.895285429785079412e+00 1.152240091960934798e+00
-1.384844332215873219e+00 -7.797232155890362337e-01 -1.898979665383936366e+00 -1.366541357577774063e+00 -2.900461180568765229e+00 1.153190315645860498e+00
-1.387571310331201513e+00 -7.847570369771915688e-01 -1.897059375270347292e+00 -1.370006174413692435e+00 -2.905595972605507171e+00 1.154143862983842528e+00
-1.390288464554169767e+00 -7.897952542316776237e-01 -1.895128566660231328e+00 -1.373446099100696483e+00 -2.910689006436182780e+00 1.155100648295917187e+00
-1.392995717238874942e+00 -7.948378505822250029e-01 -1.893187536966898454e+00 -1.376860848147376526e+00 -2.915739465234342020e+00 1.156060585634375304e+00
-1.395692992486436967e+00 -7.998848082362922662e-01 -1.891236598413172043e+00 -1.380250134267097417e+00 -2.920746514782638137e+00 1.157023588787735813e+00
-1.398380216231267958e+00 -8.049361083473401957e-01 -1.889276078247199786e+00 -1.383613666443802570e+00 -2.925709303452156185e+00 1.157989571285720221e+00
-1.401057316328736757e+00 -8.099917309834662182e-01 -1.887306318948901662e+00 -1.386951149998847610e+00 -2.930626962184876838e+00 1.158958446404227516e+00
-1.403724222644173736e+00 -8.150516550964531648e-01 -1.885327678426309106e+00 -1.390262286658894952e+00 -2.935498604479440665e+00 1.159930127170308856e+00
-1.406380867143150137e+00 -8.201158584912838778e-01 -1.883340530201023322e+00 -1.393546774624902618e+00 -2.940323326380440250e+00 1.160904526367138256e+00
-1.409027183982962228e+00 -8.251843177961742937e-01 -1.881345263581989169e+00 -1.396804308622474622e+00 -2.945100206425950162e+00 1.161881556538982174e+00
-1.411663109605248767e+00 -8.302570084331825084e-01 -1.879342283826752169e+00 -1.400034579973359561e+00 -2.949828305644508042e+00 1.162861129996161980e+00
-1.414288582829655194e+00 -8.353339045894455639e-01 -1.877332012289336438e+00 -1.403237276668179989e+00 -2.954506667556345612e+00 1.163843158820011991e+00
-1.416903544948458382e+00 -8.404149791891030175e-01 -1.875314886553848481e+00 -1.406412083440443217e+00 -2.959134318179122758e+00 1.164827554867828407e+00
-1.419507939822059583e+00 -8.455002038659636954e-01 -1.873291360552879370e+00 -1.409558681841888150e+00 -2.963710266038446228e+00 1.165814229777809352e+00
-1.422101713975235882e+00 -8.505895489369731388e-01 -1.871261904669746956e+00 -1.412676750319223906e+00 -2.968233502183458050e+00 1.166803094973982713e+00
-1.424684816694048450e+00 -8.556829833765408067e-01 -1.869227005823583809e+00 -1.415765964292322376e+00 -2.972703000207807200e+00 1.167794061671120875e+00
-1.427257200123283720e+00 -8.607804747917860988e-01 -1.867187167536242365e+00 -1.418825996233926912e+00 -2.977117716276305615e+00 1.168787040879640582e+00
-1.429818819364303106e+00 -8.658819893987635963e-01 -1.865142909979954133e+00 -1.421856515750947958e+00 -2.981476589157612267e+00 1.169781943410484137e+00
-1.432369632573170293e+00 -8.709874919997272480e-01 -1.863094770004642076e+00 -1.424857189667418922e+00 -2.985778540263306802e+00 1.170778679879981299e+00
-1.434909601058904638e+00 -8.760969459614943444e-01 -1.861043301143748607e+00 -1.427827682109192864e+00 -2.990022473693711547e+00 1.171777160714688737e+00
-1.437438689381714152e+00 -8.812103131949721169e-01 -1.858989073597403952e+00 -1.430767654590450411e+00 -2.994207276290828723e+00 1.172777296156203741e+00
-1.439956865451045953e+00 -8.863275541359064702e-01 -1.856932674191718702e+00 -1.433676766102115252e+00 -2.998331817698826285e+00 1.173778996265950614e+00
-1.442464100623272572e+00 -8.914486277269170200e-01 -1.854874706312945154e+00 -1.436554673202258492e+00 -3.002394950432456078e+00 1.174782170929935976e+00
-1.444960369798842681e+00 -8.965734914008799405e-01 -1.852815789815211112e+00 -1.439401030108586443e+00 -3.006395509953859069e+00 1.175786729863470992e+00
-1.447445651518690202e+00 -9.017021010657210178e-01 -1.850756560900487013e+00 -1.442215488793102240e+00 -3.010332314758186634e+00 1.176792582615854288e+00
-1.449919928059704155e+00 -9.068344110906826350e-01 -1.848697671969401490e+00 -1.444997699079039410e+00 -3.014204166468497093e+00 1.177799638575016683e+00
-1.452383185529033671e+00 -9.119703742941277502e-01 -1.846639791441479828e+00 -1.447747308740166217e+00 -3.018009849940416878e+00 1.178807806972119288e+00
-1.454835413957000778e+00 -9.171099419329421520e-01 -1.844583603543330952e+00 -1.450463963602556472e+00 -3.021748133377025525e+00 1.179816996886104974e+00
-1.457276607388377609e+00 -9.222530636936013826e-01 -1.842529808063261054e+00 -1.453147307648927633e+00 -3.025417768454471634e+00 1.180827117248196112e+00
-1.459706763971761134e+00 -9.273996876849631699e-01 -1.840479120070746211e+00 -1.455796983125640320e+00 -3.029017490458808304e+00 1.181838076846336794e+00
-1.462125886046784728e+00 -9.325497604328499834e-01 -1.838432269599141966e+00 -1.458412630652455411e+00 -3.032546018434549850e+00 1.182849784329572884e+00
-1.464533980228863719e+00 -9.377032268764838863e-01 -1.836390001289960772e+00 -1.460993889335137075e+00 -3.036002055345439210e+00 1.183862148212366572e+00
-1.466931057487189438e+00 -9.428600303488025025e-01 -1.834353073996932260e+00 -1.463540397314723629e+00 -3.039384289362544678e+00 1.184875076878094013e+00
-1.469317133189870450e+00 -9.480201124123254219e-01 -1.832322260336133768e+00 -1.466051797082553287e+00 -3.042691406856350866e+00 1.185888478582201699e+00
-1.471692227180672941e+00 -9.531834128614123935e-01 -1.830298346192366532e+00 -1.468527736317423171e+00 -3.045922094525105983e+00 1.186902261455310192e+00
-1.474056363851902862e+00 -9.583498697266815691e-01 -1.828282130179994303e+00 -1.470967868084497088e+00 -3.049075039977401147e+00 1.187916333506261468e+00
-1.476409572213053689e+00 -9.635194192816461944e-01 -1.826274423056295948e+00 -1.473371850897710500e+00 -3.052148931987581193e+00 1.188930602625103639e+00
-1.478751885954808554e+00 -9.686919960516321426e-01 -1.824276047085314545e+00 -1.475739348899109293e+00 -3.055142461049295655e+00 1.189944976586007286e+00
-1.481083343507974437e+00 -9.738675328250366858e-01 -1.822287835350124174e+00 -1.478070031923977234e+00 -3.058054319655161279e+00 1.190959363050107411e+00
-1.483403988096896775e+00 -9.790459606669866810e-01 -1.820310631011365698e+00 -1.480363575562976486e+00 -3.060883202576257567e+00 1.191973669568265448e+00
-1.485713867786881970e+00 -9.842272089354550113e-01 -1.818345286509834846e+00 -1.482619661232091435e+00 -3.063627807168539441e+00 1.192987803583743567e+00
-1.488013035525115768e+00 -9.894112052998914608e-01 -1.816392662710832218e+00 -1.484837976257856740e+00 -3.066286833725466288e+00 1.194001672434786832e+00
-1.490301549174552598e+00 -9.945978757624215350e-01 -1.814453627987909989e+00 -1.487018213952437495e+00 -3.068858985813380791e+00 1.195015183357103661e+00
-1.492579471540205649e+00 -9.997871446816642971e-01 -1.812529057243573050e+00 -1.489160073690628971e+00 -3.071342970619878265e+00 1.196028243486240594e+00
-1.494846870387241733e+00 -1.004978934799219736e+00 -1.810619830864407032e+00 -1.491263260984082573e+00 -3.073737499303430099e+00 1.197040759859842041e+00
-1.497103818450240986e+00 -1.010173167268867189e+00 -1.808726833608025331e+00 -1.493327487566988188e+00 -3.076041287380540723e+00 1.198052639419789456e+00
