-2.022553153246140489e+00 -4.479938721895885045e+00 3.114002752935827623e+00 -3.844675639208723350e+00 -4.558612137613934578e+00 1.437368062945322267e-01
-2.022553153246140489e+00 -4.479938721895885045e+00 3.114002752935827623e+00 -3.844675639208723350e+00 -4.558612137613934578e+00 1.437368062945322267e-01
-2.022561485923480173e+00 -4.479935913511558176e+00 3.111907995081124589e+00 -3.844797799315236020e+00 -4.558621530111678588e+00 1.437874487485297503e-01
-2.022578965538760709e+00 -4.479930156637554894e+00 3.107813585462452455e+00 -3.845039607713464314e+00 -4.558639978553371996e+00 1.438883879704610513e-01
-2.022606370677683341e+00 -4.479921254210811554e+00 3.101812424983414918e+00 -3.845398551918629337e+00 -4.558667164151098739e+00 1.440392782880635936e-01
-2.022644443921368218e+00 -4.479908946854620488e+00 3.093995213762180896e+00 -3.845872119146481527e+00 -4.558702784999313806e+00 1.442397740311499588e-01
-2.022693890922796722e+00 -4.479892908608357871e+00 3.084450457566740855e+00 -3.846457796676790331e+00 -4.558746555200070993e+00 1.444895295201394370e-01
-2.022755378892612921e+00 -4.479872743676785340e+00 3.073264476184767613e+00 -3.847153072210212965e+00 -4.558798203997194598e+00 1.447881990548461895e-01
-2.022829534519796191e+00 -4.479847984143792594e+00 3.060521413631562382e+00 -3.847955434218902848e+00 -4.558857474919610908e+00 1.451354369035232350e-01
-2.022916941370846988e+00 -4.479818088604567095e+00 3.046303250102010196e+00 -3.848862372291239620e+00 -4.558924124934058852e+00 1.455308972921610100e-01
-2.023018136825791125e+00 -4.479782441677190974e+00 3.030689815574926449e+00 -3.849871377471032474e+00 -4.558997923607376102e+00 1.459742343940396425e-01
-2.023133608620834689e+00 -4.479740354359619481e+00 3.013758804980631645e+00 -3.850979942591544969e+00 -4.559078652278560462e+00 1.464651023195341073e-01
-2.023263791076348017e+00 -4.479691065200845479e+00 2.995585794845038841e+00 -3.852185562604678370e+00 -4.559166103240799295e+00 1.470031551061715680e-01
-2.023409061095245320e+00 -4.479633742255994200e+00 2.976244261325992735e+00 -3.853485734905624405e+00 -4.559260078933653482e+00 1.475880467089396020e-01
-2.023569734021013922e+00 -4.479567485794294868e+00 2.955805599560047181e+00 -3.854877959653330244e+00 -4.559360391145571789e+00 1.482194309908447249e-01
-2.023746059446838608e+00 -4.479491331726612735e+00 2.934339144240287744e+00 -3.856359740087073718e+00 -4.559466860226925711e+00 1.488969617137207990e-01
-2.023938217067550394e+00 -4.479404255715697225e+00 2.911912191348216439e+00 -3.857928582839391218e+00 -4.559579314313713994e+00 1.496202925292855757e-01
-2.024146312664732772e+00 -4.479305177927876969e+00 2.888590020965128513e+00 -3.859581998245753542e+00 -4.559697588562119819e+00 1.503890769704455121e-01
-2.024370374312280951e+00 -4.479192968379859252e+00 2.864435921090752846e+00 -3.861317500651123336e+00 -4.559821524394072512e+00 1.512029684428472243e-01
-2.024610348885236277e+00 -4.479066452828828204e+00 2.839511212399312701e+00 -3.863132608713772953e+00 -4.559950968753975431e+00 1.520616202166755193e-01
-2.024866098948877813e+00 -4.478924419148541780e+00 2.813875273865455107e+00 -3.865024845706529266e+00 -4.560085773376738594e+00 1.529646854186969551e-01
-2.025137400098033780e+00 -4.478765624128763889e+00 2.787585569194813928e+00 -3.866991739815756279e+00 -4.560225794067284788e+00 1.539118170245488415e-01
-2.025423938808522895e+00 -4.478588800630464384e+00 2.760697673996197476e+00 -3.869030824438280280e+00 -4.560370889991652632e+00 1.549026678512717414e-01
-2.025725310853676575e+00 -4.478392665024903074e+00 2.733265303634630161e+00 -3.871139638476467137e+00 -4.560520922979846681e+00 1.559368905500859159e-01
-2.026041020329296671e+00 -4.478175924841225175e+00 2.705340341706663043e+00 -3.873315726631678668e+00 -4.560675756840558037e+00 1.570141375994102695e-01
-2.026370479320232842e+00 -4.477937286544647399e+00 2.676972869081472695e+00 -3.875556639696216443e+00 -4.560835256687886030e+00 1.581340612981239069e-01
-2.026713008231340929e+00 -4.477675463365796915e+00 2.648211193453414047e+00 -3.877859934844094525e+00 -4.560999288280195074e+00 1.592963137590683587e-01
-2.027067836794990807e+00 -4.477389183101413650e+00 2.619101879353740170e+00 -3.880223175920783252e+00 -4.561167717371237273e+00 1.605005469027906140e-01
-2.027434105756822813e+00 -4.477077195807396492e+00 2.589689778571124368e+00 -3.882643933732013330e+00 -4.561340409073634028e+00 1.617464124515285706e-01
-2.027810869231202240e+00 -4.476738281307123479e+00 2.560018060932689021e+00 -3.885119786331846736e+00 -4.561517227234844540e+00 1.630335619234341837e-01
-2.028197097708039021e+00 -4.476371256441045610e+00 2.530128245399078324e+00 -3.887648319310129441e+00 -4.561698033825729581e+00 1.643616466270362564e-01
-2.028591681683459935e+00 -4.475974981987692836e+00 2.500060231428991475e+00 -3.890227126079489839e+00 -4.561882688341807324e+00 1.657303176559412616e-01
-2.028993435878364782e+00 -4.475548369191348463e+00 2.469852330570421639e+00 -3.892853808162056506e+00 -4.562071047217328257e+00 1.671392258837725020e-01
-2.029401104001355538e+00 -4.475090385837610540e+00 2.439541298237550393e+00 -3.895525975475945923e+00 -4.562262963252242898e+00 1.685880219593461904e-01
-2.029813364005907950e+00 -4.474600061824785868e+00 2.409162365634016201e+00 -3.898241246621637401e+00 -4.562458285052169771e+00 1.700763563020852298e-01
-2.030228833786142939e+00 -4.474076494186377317e+00 2.378749271784863950e+00 -3.900997249168420389e+00 -4.562656856481456025e+00 1.716038790976686934e-01
-2.030646077251084147e+00 -4.473518851527646056e+00 2.348334295641163472e+00 -3.903791619940881752e+00 -4.562858516129415065e+00 1.731702402939162833e-01
-2.031063610714005652e+00 -4.472926377847312729e+00 2.317948288222772213e+00 -3.906622005305599998e+00 -4.563063096789821138e+00 1.747750895969085727e-01
-2.031479909531270334e+00 -4.472298395723598219e+00 2.287620704766284874e+00 -3.909486061458102846e+00 -4.563270424953755899e+00 1.764180764673418389e-01
-2.031893414923995778e+00 -4.471634308851995421e+00 2.257379636846637005e+00 -3.912381454710144091e+00 -4.563480320315867367e+00 1.780988501171159866e-01
-2.032302540915883693e+00 -4.470933603930146383e+00 2.227251844442279971e+00 -3.915305861777323315e+00 -4.563692595294119414e+00 1.798170595061576449e-01
-2.032705681321532953e+00 -4.470195851892930783e+00 2.197262787915178706e+00 -3.918256970067082179e+00 -4.563907054563095755e+00 1.815723533394739686e-01
-2.033101216721489912e+00 -4.469420708508172524e+00 2.167436659878285710e+00 -3.921232477967196761e+00 -4.564123494600933917e+00 1.833643800644407240e-01
-2.033487521363049666e+00 -4.468607914350180899e+00 2.137796416924376164e+00 -3.924230095134756180e+00 -4.564341703249953142e+00 1.851927878683211626e-01
-2.033862969929312481e+00 -4.467757294174576899e+00 2.108363811191395154e+00 -3.927247542785645695e+00 -4.564561459291022416e+00 1.870572246760180135e-01
-2.034225944123124741e+00 -4.466868755723375273e+00 2.079159421740687907e+00 -3.930282553984454808e+00 -4.564782532031719242e+00 1.889573381480548486e-01
-2.034574839017160741e+00 -4.465942287994176141e+00 2.050202685725718066e+00 -3.933332873935016405e+00 -4.565004680908352874e+00 1.908927756787864582e-01
-2.034908069126446506e+00 -4.464977959011418029e+00 2.021511929329929291e+00 -3.936396260271313619e+00 -4.565227655101863569e+00 1.928631843948405145e-01
-2.035224074164940333e+00 -4.463975913141002394e+00 1.993104398453601434e+00 -3.939470483349037710e+00 -4.565451193167683996e+00 1.948682111537886341e-01
-2.035521324453286596e+00 -4.462936367992192288e+00 1.964996289130578111e+00 -3.942553326537461267e+00 -4.565675022679547723e+00 1.969075025430456483e-01
-2.035798325950446852e+00 -4.461859610952550348e+00 1.937202777656836794e+00 -3.945642586511791450e+00 -4.565898859887312256e+00 1.989807048789971333e-01
-2.036053624887456337e+00 -4.460745995402840336e+00 1.909738050413880783e+00 -3.948736073545989989e+00 -4.566122409388839287e+00 2.010874642063540940e-01
-2.036285811987024630e+00 -4.459595936659271231e+00 1.882615333370894373e+00 -3.951831611805903144e+00 -4.566345363815921488e+00 2.032274262977347423e-01
-2.036493526257958209e+00 -4.458409907690295881e+00 1.855846921250633663e+00 -3.954927039642674114e+00 -4.566567403534293135e+00 2.054002366534732893e-01
-2.036675458358412349e+00 -4.457188434654475451e+00 1.829444206344923884e+00 -3.958020209886487617e+00 -4.566788196357765450e+00 2.076055405016548339e-01
-2.036830353526706272e+00 -4.455932092304637493e+00 1.803417706966544909e+00 -3.961108990140464581e+00 -4.567007397276459102e+00 2.098429827983750717e-01
-2.036957014082792394e+00 -4.454641499301863483e+00 1.777777095525212792e+00 -3.964191263074673177e+00 -4.567224648199174730e+00 2.121122082282229093e-01
-2.037054301507476683e+00 -4.453317313480758877e+00 1.752531226216206273e+00 -3.967264926720150520e+00 -4.567439577709877518e+00 2.144128612049887306e-01
-2.037121138110053575e+00 -4.451960227105031365e+00 1.727688162311039610e+00 -3.970327894762906151e+00 -4.567651800838320675e+00 2.167445858725960128e-01
-2.037156508298191948e+00 -4.450570962149725140e+00 1.703255203040409782e+00 -3.973378096837788753e+00 -4.567860918844790064e+00 2.191070261062550983e-01
-2.037159459466626021e+00 -4.449150265643601720e+00 1.679238910060425249e+00 -3.976413478822184988e+00 -4.568066519018985083e+00 2.214998255138397598e-01
-2.037129102523527191e+00 -4.447698905102124733e+00 1.655645133493926391e+00 -3.979432003129345308e+00 -4.568268174492977174e+00 2.239226274374845060e-01
-2.037064612075301984e+00 -4.446217664078409904e+00 1.632479037539448452e+00 -3.982431649001232810e+00 -4.568465444068262826e+00 2.263750749554021835e-01
-2.036965226292060560e+00 -4.444707337856391050e+00 1.609745125641107499e+00 -3.985410412800836077e+00 -4.568657872056858693e+00 2.288568108839214854e-01
-2.036830246477089990e+00 -4.443168729307291898e+00 1.587447265213402403e+00 -3.988366308303916696e+00 -4.568844988136469887e+00 2.313674777797449789e-01
-2.036659036364414366e+00 -4.441602644927458599e+00 1.565588711915608888e+00 -3.991297366989789097e+00 -4.569026307219602678e+00 2.339067179424242360e-01
-2.036451021168925735e+00 -4.440009891072592474e+00 1.544172133471134245e+00 -3.994201638331341897e+00 -4.569201329336682882e+00 2.364741734170527077e-01
-2.036205686413670612e+00 -4.438391270400579458e+00 1.523199633027806810e+00 -3.997077190083799803e+00 -4.569369539533038704e+00 2.390694859971750075e-01
-2.035922576558708119e+00 -4.436747578532362901e+00 1.502672772055763772e+00 -3.999922108572599555e+00 -4.569530407779830661e+00 2.416922972279134385e-01
-2.035601293455539196e+00 -4.435079600937736011e+00 1.482592592780121121e+00 -4.002734498979751976e+00 -4.569683388898744703e+00 2.443422484093125679e-01
-2.035241494650468663e+00 -4.433388110050558772e+00 1.462959640146281437e+00 -4.005512485628845099e+00 -4.569827922500487638e+00 2.470189805998928845e-01
-2.034842891559465627e+00 -4.431673862615665094e+00 1.443773983316197107e+00 -4.008254212268338890e+00 -4.569963432936940961e+00 2.497221346204215042e-01
-2.034405247536110295e+00 -4.429937597267728400e+00 1.425035236694552898e+00 -4.010957842353192859e+00 -4.570089329266988187e+00 2.524513510578944020e-01
-2.033928375853136572e+00 -4.428180032340511829e+00 1.406742580484271921e+00 -4.013621559324541010e+00 -4.570205005235876250e+00 2.552062702697309726e-01
-2.033412137616894988e+00 -4.426401863903333123e+00 1.388894780771283477e+00 -4.016243566887252925e+00 -4.570309839268057672e+00 2.579865323881778694e-01
-2.032856439632799717e+00 -4.424603764020099916e+00 1.371490209138982896e+00 -4.018822089285385424e+00 -4.570403194473461106e+00 2.607917773249249782e-01
-2.032261232238518289e+00 -4.422786379225050801e+00 1.354526861813242444e+00 -4.021355371575106474e+00 -4.570484418667033921e+00 2.636216447759286985e-01
-2.031626507120332548e+00 -4.420950329208262808e+00 1.338002378339285592e+00 -4.023841679895092227e+00 -4.570552844401515102e+00 2.664757742264424190e-01
-2.030952295126754237e+00 -4.419096205703072933e+00 1.321914059792177687e+00 -4.026279301734304816e+00 -4.570607789013347855e+00 2.693538049562561043e-01
-2.030238664092126832e+00 -4.417224571566857882e+00 1.306258886523058216e+00 -4.028666546196783216e+00 -4.570648554681590703e+00 2.722553760451399962e-01
-2.029485716681832752e+00 -4.415335960046159691e+00 1.291033535443575797e+00 -4.031001744075455306e+00 -4.570674428447298432e+00 2.751801263784917628e-01
-2.028693588268888348e+00 -4.413430874216241584e+00 1.276234396851454456e+00 -4.033283248112007335e+00 -4.570684682296141332e+00 2.781276946531880401e-01
-2.027862444851001644e+00 -4.411509786585321002e+00 1.261857590800412154e+00 -4.035509433253470668e+00 -4.570678573253702304e+00 2.810977193836378119e-01
-2.026992481015797321e+00 -4.409573138853341234e+00 1.247898983017992292e+00 -4.037678696905309117e+00 -4.570655343493307932e+00 2.840898389080379061e-01
-2.026083917960792125e+00 -4.407621341815077365e+00 1.234354200375151311e+00 -4.039789459180719966e+00 -4.570614220456241661e+00 2.871036913948277758e-01
-2.025137001573635409e+00 -4.405654775397354506e+00 1.221218645911743339e+00 -4.041840163146205533e+00 -4.570554416984268009e+00 2.901389148493436210e-01
-2.024152000577122301e+00 -4.403673788820234414e+00 1.208487513422355608e+00 -4.043829275063013817e+00 -4.570475131464273311e+00 2.931951471206702964e-01
-2.023129204742573517e+00 -4.401678700872188266e+00 1.196155801607136748e+00 -4.045755284624431347e+00 -4.570375547984915521e+00 2.962720259086898955e-01
-2.022068923174299648e+00 -4.399669800289474075e+00 1.184218327792544656e+00 -4.047616705188679553e+00 -4.570254836505123208e+00 2.993691887713251232e-01
-2.020971482667095476e+00 -4.397647346230205478e+00 1.172669741227166718e+00 -4.049412074007254780e+00 -4.570112153034288305e+00 3.024862731319777343e-01
-2.019837226137986885e+00 -4.395611568833905025e+00 1.161504535957945894e+00 -4.051139952448516546e+00 -4.569946639823994516e+00 3.056229162871590965e-01
-2.018666511132807706e+00 -4.393562669857671743e+00 1.150717063292372444e+00 -4.052798926216400588e+00 -4.569757425571131293e+00 3.087787554143108237e-01
-2.017459708407608243e+00 -4.391500823380467544e+00 1.140301543852341393e+00 -4.054387605564038211e+00 -4.569543625632208617e+00 3.119534275798175327e-01
-2.016217200584379032e+00 -4.389426176567419624e+00 1.130252079225609663e+00 -4.055904625502122052e+00 -4.569304342248704742e+00 3.151465697472058958e-01
-2.014939380880130138e+00 -4.387338850486413477e+00 1.120562663220852961e+00 -4.057348646001835313e+00 -4.569038664783276360e+00 3.183578187855323760e-01
-2.013626651907964860e+00 -4.385238940969711230e+00 1.111227192732535007e+00 -4.058718352192275169e+00 -4.568745669966657097e+00 3.215868114779558695e-01
-2.012279424548460316e+00 -4.383126519513702135e+00 1.102239478221860969e+00 -4.060012454551989336e+00 -4.568424422155009879e+00 3.248331845304927579e-01
-2.010898116889380027e+00 -4.381001634210330842e+00 1.093593253820226652e+00 -4.061229689094690620e+00 -4.568073973597609694e+00 3.280965745809563683e-01
-2.009483153231502506e+00 -4.378864310704177143e+00 1.085282187061731518e+00 -4.062368817548835054e+00 -4.567693364714601856e+00 3.313766182080754574e-01
-2.008034963158173536e+00 -4.376714553169531285e+00 1.077299888251314952e+00 -4.063428627530960568e+00 -4.567281624384664340e+00 3.346729519407924958e-01
-2.006553980666026860e+00 -4.374552345302251233e+00 1.069639919475245726e+00 -4.064407932712676086e+00 -4.566837770242382355e+00 3.379852122677386994e-01
-2.005040643354217611e+00 -4.372377651321549763e+00 1.062295803260670857e+00 -4.065305572981148252e+00 -4.566360808985121977e+00 3.413130356468869198e-01
-2.003495391669426251e+00 -4.370190416977247416e+00 1.055261030891080587e+00 -4.066120414592796273e+00 -4.565849736689151506e+00 3.446560585153768952e-01
-2.001918668203854779e+00 -4.367990570558386132e+00 1.048529070384528250e+00 -4.066851350320115799e+00 -4.565303539134800914e+00 3.480139172995129204e-01
-2.000310917043409020e+00 -4.365778023899444804e+00 1.042093374141502382e+00 -4.067497299591511961e+00 -4.564721192140467565e+00 3.513862484249296592e-01
-1.998672583163269678e+00 -4.363552673380739932e+00 1.035947386269390424e+00 -4.068057208624045629e+00 -4.564101661905231921e+00 3.547726883269293752e-01
-1.997004111868084575e+00 -4.361314400919893863e+00 1.030084549590481346e+00 -4.068530050548832655e+00 -4.563443905359833686e+00 3.581728734609850306e-01
-1.995305948274051611e+00 -4.359063074951573746e+00 1.024498312340454298e+00 -4.068914825529026835e+00 -4.562746870525784537e+00 3.615864403134076421e-01
-1.993578536830232562e+00 -4.356798551392959240e+00 1.019182134564393882e+00 -4.069210560870340387e+00 -4.562009496882414084e+00 3.650130254121760620e-01
-1.991822320878317454e+00 -4.354520674594333229e+00 1.014129494216954974e+00 -4.069416310576140283e+00 -4.561230715532572866e+00 3.684522653379306845e-01
-1.990037742244759933e+00 -4.352229278269508228e+00 1.009333892973898639e+00 -4.069531155446586723e+00 -4.560409449577702112e+00 3.719037967351295215e-01
-1.988225240864632370e+00 -4.349924186405963233e+00 1.004788861761988894e+00 -4.069554203170127060e+00 -4.559544614500115500e+00 3.753672563233616533e-01
-1.986385254437466497e+00 -4.347605214155422892e+00 1.000487966013786645e+00 -4.069484587799130360e+00 -4.558635118313102197e+00 3.788422809088204946e-01
-1.984518218107796717e+00 -4.345272168698950388e+00 9.964248106545772199e-01 -4.069321469830115667e+00 -4.557679861948893851e+00 3.823285073959352132e-01
-1.982624564170829773e+00 -4.342924850087704236e+00 9.925930448282823670e-01 -4.069064036275982232e+00 -4.556677739653062886e+00 3.858255727991509176e-01
-1.980704721801266333e+00 -4.340563052058373117e+00 9.889863663691663698e-01 -4.068711500730404218e+00 -4.555627639385200212e+00 3.893331142548638324e-01
-1.978759116803425977e+00 -4.338186562822487602e+00 9.855985260260878844e-01 -4.068263103423866767e+00 -4.554528443225446033e+00 3.928507690335046321e-01
-1.976788171380928993e+00 -4.335795165828930209e+00 9.824233314460411037e-01 -4.067718111271642734e+00 -4.553379027786796485e+00 3.963781745517664934e-01
-1.974792303940545946e+00 -4.333388640513429202e+00 9.794546509218037267e-01 -4.067075815299238783e+00 -4.552178263541597936e+00 3.999149683850545256e-01
-1.972771928905697747e+00 -4.330966763014128418e+00 9.766864169110088811e-01 -4.066335529050303599e+00 -4.550925014516494116e+00 4.034607882801243828e-01
-1.970727456541064848e+00 -4.328529306855659620e+00 9.741126293336115349e-01 -4.065496587614472190e+00 -4.549618138225318020e+00 4.070152721678995666e-01
-1.968659292785759796e+00 -4.326076043600552090e+00 9.717273586548974551e-01 -4.064558347683726147e+00 -4.548256486030920698e+00 4.105780581764375547e-01
-1.966567839098996684e+00 -4.323606743472475422e+00 9.695247487603754211e-01 -4.063520187601545430e+00 -4.546838903511722485e+00 4.141487846440457532e-01
-1.964453492317174588e+00 -4.321121175951354587e+00 9.674990196288937305e-01 -4.062381507404777103e+00 -4.545364230832798391e+00 4.177270901325471630e-01
-1.962316644521403086e+00 -4.318619110340461198e+00 9.656444698102363278e-01 -4.061141728858213895e+00 -4.543831303121321774e+00 4.213126134406959822e-01
-1.960157682914573041e+00 -4.316100316305667484e+00 9.639554787133967073e-01 -4.059800295481896804e+00 -4.542238950846185119e+00 4.249049936177369813e-01
-1.957976989707184590e+00 -4.313564564387118772e+00 9.624265087115491113e-01 -4.058356672570775814e+00 -4.540586000201466632e+00 4.285038699771134829e-01
-1.955774942011210049e+00 -4.311011626483653103e+00 9.610521070697564117e-01 -4.056810347206968537e+00 -4.538871273493666259e+00 4.321088821103170052e-01
-1.953551911741354896e+00 -4.308441276310324142e+00 9.598269077013570350e-01 -4.055160828264487094e+00 -4.537093589532465998e+00 4.357196699008803464e-01
-1.951308265523155505e+00 -4.305853289829460806e+00 9.587456327587804417e-01 -4.053407646406316900e+00 -4.535251764024759602e+00 4.393358735385107794e-01
-1.949044364607416480e+00 -4.303247445655740577e+00 9.578030940645554381e-01 -4.051550354073874871e+00 -4.533344609971796224e+00 4.429571335333661875e-01
-1.946760564790552595e+00 -4.300623525435762318e+00 9.569941943881411506e-01 -4.049588525468823086e+00 -4.531370938069208876e+00 4.465830907304702002e-01
-1.944457216340462535e+00 -4.297981314202688807e+00 9.563139285741725226e-01 -4.047521756527206804e+00 -4.529329557109728732e+00 4.502133863242647749e-01
-1.942134663927612026e+00 -4.295320600706514114e+00 9.557573845275229019e-01 -4.045349664885683261e+00 -4.527219274388261994e+00 4.538476618732971146e-01
-1.939793246561054563e+00 -4.292641177720565082e+00 9.553197440605072366e-01 -4.043071889840291533e+00 -4.525038896109354170e+00 4.574855593150420896e-01
-1.937433297529625564e+00 -4.289942842325264571e+00 9.549962836074853412e-01 -4.040688092133246201e+00 -4.522787227715929781e+00 4.611267209808611600e-01
-1.935055144347189282e+00 -4.287225396168997449e+00 9.547823748119755871e-01 -4.038197953898184700e+00 -4.520463074298625372e+00 4.647707896110895298e-01
-1.932659108702251105e+00 -4.284488645707152266e+00 9.546734849914024768e-01 -4.035601178597778116e+00 -4.518065241006802069e+00 4.684174083702569158e-01
-1.930245506411809808e+00 -4.281732402420013628e+00 9.546651774844783223e-01 -4.032897490953765818e+00 -4.515592533461067148e+00 4.720662208624366030e-01
-1.927814647379358703e+00 -4.278956483010179390e+00 9.547531118860003163e-01 -4.030086636869188332e+00 -4.513043758166968900e+00 4.757168711467192335e-01
-1.925366835556963752e+00 -4.276160709580211439e+00 9.549330441738103081e-01 -4.027168383342957014e+00 -4.510417722929727091e+00 4.793690037528162695e-01
-1.922902368911371562e+00 -4.273344909791225277e+00 9.552008267325670099e-01 -4.024142518376579325e+00 -4.507713237269678430e+00 4.830222636967879679e-01
-1.920421539394108867e+00 -4.270508917003106752e+00 9.555524082789044193e-01 -4.021008850873211138e+00 -4.504929112838307326e+00 4.866762964968886496e-01
-1.917924632915559480e+00 -4.267652570397083345e+00 9.559838336924194602e-01 -4.017767210529018307e+00 -4.502064163834622157e+00 4.903307481895383124e-01
-1.915411929323012075e+00 -4.264775715081343677e+00 9.564912437567799630e-01 -4.014417447717027798e+00 -4.499117207421751807e+00 4.939852653454128717e-01
-1.912883702382681239e+00 -4.261878202180419350e+00 9.570708748152346734e-01 -4.010959433363233906e+00 -4.496087064143408973e+00 4.976394950856514177e-01
-1.910340219765708447e+00 -4.258959888909022773e+00 9.577190583446657524e-01 -4.007393058815164721e+00 -4.492972558340089684e+00 5.012930850981820452e-01
-1.907781743038160061e+00 -4.256020638631046182e+00 9.584322204521914523e-01 -4.003718235702856454e+00 -4.489772518564770110e+00 5.049456836541602600e-01
-1.905208527655035677e+00 -4.253060320904404890e+00 9.592068812982833537e-01 -3.999934895792259582e+00 -4.486485777997842206e+00 5.085969396245202390e-01
-1.902620822958307034e+00 -4.250078811512402410e+00 9.600396544502393104e-01 -3.996042990831404129e+00 -4.483111174861273085e+00 5.122465024966372793e-01
-1.900018872179001894e+00 -4.247075992482310269e+00 9.609272461696536372e-01 -3.992042492389087815e+00 -4.479647552831584889e+00 5.158940223911012701e-01
-1.897402912443350242e+00 -4.244051752091800189e+00 9.618664546376249902e-01 -3.987933391686309115e+00 -4.476093761451566344e+00 5.195391500785969674e-01
-1.894773174782998559e+00 -4.241005984863888578e+00 9.628541691212503251e-01 -3.983715699420329326e+00 -4.472448656540389145e+00 5.231815369968905172e-01
-1.892129884149305497e+00 -4.237938591551041689e+00 9.638873690847512554e-01 -3.979389445581642093e+00 -4.468711100602066111e+00 5.268208352679210060e-01
-1.889473259431716512e+00 -4.234849479109052517e+00 9.649631232486708399e-01 -3.974954679263723811e+00 -4.464879963231909166e+00 5.304566977149924867e-01
-1.886803513480210803e+00 -4.231738560661305826e+00 9.660785886003415701e-01 -3.970411468465895322e+00 -4.460954121520958715e+00 5.340887778800651464e-01
-1.884120853131818096e+00 -4.228605755454035275e+00 9.672310093587471735e-01 -3.965759899889155449e+00 -4.456932460458036260e+00 5.377167300411470618e-01
-1.881425479225219632e+00 -4.225450988789263285e+00 9.684177158992095524e-01 -3.961000080935522139e+00 -4.452813874643099190e+00 5.413402092295523937e-01
-1.878717586626502678e+00 -4.222274191955965428e+00 9.696361236399041461e-01 -3.956132140842153699e+00 -4.448597269537898136e+00 5.449588712471098439e-01
-1.875997364267973033e+00 -4.219075302161738428e+00 9.708837318917347137e-01 -3.951156230402010028e+00 -4.444281561897059696e+00 5.485723726834479397e-01
-1.873264995185951021e+00 -4.215854262453333945e+00 9.721581226751768723e-01 -3.946072522533709215e+00 -4.439865680716830632e+00 5.521803709332765431e-01
-1.870520656567517204e+00 -4.212611021635273900e+00 9.734569595059580083e-01 -3.940881211974816445e+00 -4.435348567666221875e+00 5.557825242137393040e-01
-1.867764519801119905e+00 -4.209345534182696191e+00 9.747779861522345435e-01 -3.935582514968256174e+00 -4.430729177513210715e+00 5.593784915818276193e-01
-1.864996750530978131e+00 -4.206057760148905977e+00 9.761190253657294758e-01 -3.930176668942019447e+00 -4.426006478545833289e+00 5.629679329518557651e-01
-1.862217508715206638e+00 -4.202747665068107707e+00 9.774779775893029932e-01 -3.924663932182398174e+00 -4.421179452987978209e+00 5.665505091129978688e-01
-1.859426948687574743e+00 -4.199415219853753989e+00 9.788528196432899620e-01 -3.919044583500861378e+00 -4.416247097409675249e+00 5.701258817468818352e-01
-1.856625219222820089e+00 -4.196060400692961601e+00 9.802416033928795791e-01 -3.913318921894748392e+00 -4.411208423131665057e+00 5.736937134452332332e-01
-1.853812463605409855e+00 -4.192683188937384564e+00 9.816424543987085638e-01 -3.907487266201729259e+00 -4.406062456623928369e+00 5.772536677275702521e-01
-1.850988819701655297e+00 -4.189283570990965266e+00 9.830535705527762014e-01 -3.901549954748618543e+00 -4.400808239898242213e+00 5.808054090589478413e-01
-1.848154420035061918e+00 -4.185861538194924236e+00 9.844732207017324876e-01 -3.895507344994467491e+00 -4.395444830894423838e+00 5.843486028677460364e-01
-1.845309391864806470e+00 -4.182417086710354504e+00 9.858997432594611698e-01 -3.889359813168355551e+00 -4.389971303860221497e+00 5.878829155635020287e-01
-1.842453857267216666e+00 -4.178950217398781142e+00 9.873315448107973236e-01 -3.883107753901972714e+00 -4.384386749724650478e+00 5.914080145547838674e-01
-1.839587933220127036e+00 -4.175460935700990639e+00 9.887670987082572971e-01 -3.876751579857060204e+00 -4.378690276464492825e+00 5.949235682670965808e-01
-1.836711731689980587e+00 -4.171949251514459611e+00 9.902049436634389190e-01 -3.870291721347989267e+00 -4.372881009463877255e+00 5.984292461608263780e-01
-1.833825359721542370e+00 -4.168415179069674181e+00 9.916436823348353524e-01 -3.863728625959752083e+00 -4.366958091866829150e+00 6.019247187492188234e-01
-1.830928919527897047e+00 -4.164858736803732420e+00 9.930819799140113702e-01 -3.857062758570187100e+00 -4.360920685202552605e+00 6.054096576163302545e-01
-1.828022508584996819e+00 -4.161279947235286159e+00 9.945185627111822191e-01 -3.850294600951297941e+00 -4.354767969726259125e+00 6.088837354350092879e-01
-1.825106219728397594e+00 -4.157678836839151515e+00 9.959522167417496075e-01 -3.843424651366417422e+00 -4.348499144752227430e+00 6.123466259848977522e-01
-1.822180141252036645e+00 -4.154055435920849249e+00 9.973817863150986618e-01 -3.836453424163508430e+00 -4.342113428979022416e+00 6.157980041704498309e-01
-1.819244357009023094e+00 -4.150409778491320090e+00 9.988061726269679141e-01 -3.829381449317948771e+00 -4.335610060773671393e+00 6.192375460389750730e-01
-1.816298946514050439e+00 -4.146741902141943825e+00 1.000224332356699719e+00 -3.822209272019414961e+00 -4.328988298480305197e+00 6.226649287986961712e-01
-1.813343985047406237e+00 -4.143051847920101061e+00 1.001635276270518959e+00 -3.814937452255539263e+00 -4.322247420720587208e+00 6.260798308368138443e-01
-1.810379543760421983e+00 -4.139339660205450855e+00 1.003038067832010105e+00 -3.807566564392798281e+00 -4.315386726685965790e+00 6.294819317375817125e-01
-1.807405689782214830e+00 -4.135605386587098309e+00 1.004431821820837678e+00 -3.800097196754802287e+00 -4.308405536421632043e+00 6.328709123003839476e-01
-1.804422486327567743e+00 -4.131849077741800436e+00 1.005815702960821234e+00 -3.792529951198384541e+00 -4.301303191102199719e+00 6.362464545578181419e-01
-1.801429992805803293e+00 -4.128070787313360412e+00 1.007188924558233278e+00 -3.784865442687415094e+00 -4.294079053298792914e+00 6.396082417937780651e-01
-1.798428264930496789e+00 -4.124270571793343443e+00 1.008550747151297111e+00 -3.777104298864804477e+00 -4.286732507237650758e+00 6.429559585615315376e-01
-1.795417354829888623e+00 -4.120448490403225250e+00 1.009900477171699285e+00 -3.769247159622877597e+00 -4.279262959050107895e+00 6.462892907017969701e-01
-1.792397311157844175e+00 -4.116604604978099324e+00 1.011237465618973763e+00 -3.761294676672481074e+00 -4.271669837014004045e+00 6.496079253608088022e-01
-1.789368179205220954e+00 -4.112738979852036181e+00 1.012561106748447681e+00 -3.753247513110579803e+00 -4.263952591786086543e+00 6.529115510083709495e-01
-1.786330001010193680e+00 -4.108851681744090989e+00 1.013870836773898665e+00 -3.745106343280907968e+00 -4.256110696849847663e+00 6.561998574558628450e-01
-1.783282815470038196e+00 -4.104942779647253737e+00 1.015166132585143766e+00 -3.736871852333320643e+00 -4.248143648731305788e+00 6.594725358742221655e-01
-1.780226658452911614e+00 -4.101012344719283220e+00 1.016446510481232801e+00 -3.728544735782709285e+00 -4.240050967205724497e+00 6.627292788119116818e-01
-1.777161562909497450e+00 -4.097060450175527890e+00 1.017711524919814314e+00 -3.720125699067905689e+00 -4.231832195495385918e+00 6.659697802128604627e-01
-1.774087558984384083e+00 -4.093087171183753981e+00 1.018960767283246360e+00 -3.711615457110491789e+00 -4.223486900458144788e+00 6.691937354343817645e-01
-1.771004674127055756e+00 -4.089092584761067961e+00 1.020193864661891547e+00 -3.703014733874055775e+00 -4.215014672766957737e+00 6.724008412650649413e-01
-1.767912933202373305e+00 -4.085076769672951080e+00 1.021410478655069509e+00 -3.694324261924136099e+00 -4.206415127080383343e+00 6.755907959426324938e-01
-1.764812358600428288e+00 -4.081039806334458397e+00 1.022610304190065156e+00 -3.685544781988873808e+00 -4.197687902203869115e+00 6.787632991717698072e-01
-1.761702970345657038e+00 -4.076981776713604511e+00 1.023793068359621250e+00 -3.676677042520767547e+00 -4.188832661241942645e+00 6.819180521419164753e-01
-1.758584786205106276e+00 -4.072902764236974171e+00 1.024958529278166441e+00 -3.667721799259733739e+00 -4.179849091741278500e+00 6.850547575450190996e-01
-1.755457821795562978e+00 -4.068802853697464528e+00 1.026106474957273917e+00 -3.658679814853552870e+00 -4.170736905870135125e+00 6.881731195932349054e-01
-1.752322090689818701e+00 -4.064682131164392587e+00 1.027236722200484564e+00 -3.649551858421996364e+00 -4.161495840542519531e+00 6.912728440365942806e-01
-1.749177604521791274e+00 -4.060540683895863978e+00 1.028349115517691148e+00 -3.640338705122809770e+00 -4.152125657533077607e+00 6.943536381806186819e-01
-1.746024373090398818e+00 -4.056378600253416344e+00 1.029443526059362846e+00 -3.631041135720116664e+00 -4.142626143582997855e+00 6.974152109038938008e-01
-1.742862404462115045e+00 -4.052195969618929361e+00 1.030519850570761564e+00 -3.621659936155178894e+00 -4.132997110496744675e+00 7.004572726755857737e-01
-1.739691705072111239e+00 -4.047992882313818264e+00 1.031578010366291487e+00 -3.612195897119929722e+00 -4.123238395229783748e+00 7.034795355729086541e-01
-1.736512279823912319e+00 -4.043769429520482461e+00 1.032617950324138834e+00 -3.602649813633588494e+00 -4.113349859967422972e+00 7.064817132985353743e-01
-1.733324132187494149e+00 -4.039525703206026108e+00 1.033639637901272224e+00 -3.593022484622337753e+00 -4.103331392194622396e+00 7.094635211979541944e-01
-1.730127264295748590e+00 -4.035261796048213334e+00 1.034643062168870697e+00 -3.583314712502543742e+00 -4.093182904757023621e+00 7.124246762767643126e-01
-1.726921677039259473e+00 -4.030977801363667901e+00 1.035628232868236909e+00 -3.573527302767460778e+00 -4.082904335913046800e+00 7.153648972179086352e-01
-1.723707370159322849e+00 -4.026673813038291527e+00 1.036595179487234564e+00 -3.563661063577723720e+00 -4.072495649377159133e+00 7.182839043988455963e-01
-1.720484342339158701e+00 -4.022349925459876019e+00 1.037543950357178169e+00 -3.553716805355963793e+00 -4.061956834354522705e+00 7.211814199086541421e-01
-1.717252591293264796e+00 -4.018006233452901199e+00 1.038474611770214384e+00 -3.543695340385545123e+00 -4.051287905566881342e+00 7.240571675650701033e-01
-1.714012113854859187e+00 -4.013642832215487566e+00 1.039387247117122826e+00 -3.533597482413900259e+00 -4.040488903270008869e+00 7.269108729314534001e-01
-1.710762906061371824e+00 -4.009259817258476133e+00 1.040281956045517431e+00 -3.523424046260605458e+00 -4.029559893262761427e+00 7.297422633336858588e-01
-1.707504963237948870e+00 -4.004857284346628354e+00 1.041158853638363135e+00 -3.513175847430098031e+00 -4.018500966887531334e+00 7.325510678769888706e-01
-1.704238280078931300e+00 -4.000435329441893728e+00 1.042018069612672404e+00 -3.502853701729638392e+00 -4.007312241022575883e+00 7.353370174626698841e-01
-1.700962850727278930e+00 -3.995994048648739305e+00 1.042859747538255277e+00 -3.492458424892250335e+00 -3.995993858065887583e+00 7.380998448047910721e-01
-1.697678668851923867e+00 -3.991533538161536221e+00 1.043684044078731610e+00 -3.481990832203185615e+00 -3.984545985909201171e+00 7.408392844467603933e-01
-1.694385727723023205e+00 -3.987053894213914873e+00 1.044491128251382461e+00 -3.471451738132802500e+00 -3.972968817904668715e+00 7.435550727778339475e-01
-1.691084020285079870e+00 -3.982555213030058994e+00 1.045281180705369017e+00 -3.460841955976425410e+00 -3.961262572824688188e+00 7.462469480495366181e-01
-1.687773539227942265e+00 -3.978037590777979915e+00 1.046054393022154860e+00 -3.450162297497194164e+00 -3.949427494811164507e+00 7.489146503920001141e-01
-1.684454277055652538e+00 -3.973501123524656897e+00 1.046810967034069728e+00 -3.439413572576058620e+00 -3.937463853317938689e+00 7.515579218302111952e-01
-1.681126226153123904e+00 -3.968945907193024425e+00 1.047551114160857333e+00 -3.428596588869311290e+00 -3.925371943046755518e+00 7.541765063001681924e-01
-1.677789378850651492e+00 -3.964372037520788705e+00 1.048275054765281267e+00 -3.417712151472327875e+00 -3.913152083875503173e+00 7.567701496649523740e-01
-1.674443727486244482e+00 -3.959779610021035179e+00 1.048983017526738282e+00 -3.406761062590510925e+00 -3.900804620779641407e+00 7.593385997307046109e-01
-1.671089264465778434e+00 -3.955168719944604394e+00 1.049675238833326807e+00 -3.395744121217069367e+00 -3.888329923746463468e+00 7.618816062625057839e-01
-1.667725982320973577e+00 -3.950539462244197608e+00 1.050351962192111133e+00 -3.384662122817629903e+00 -3.875728387682168652e+00 7.643989210001649326e-01
-1.664353873765200165e+00 -3.945891931540182807e+00 1.051013437657325689e+00 -3.373515859021955166e+00 -3.863000432312000409e+00 7.668902976739124799e-01
-1.660972931747121351e+00 -3.941226222088078046e+00 1.051659921276654419e+00 -3.362306117322156229e+00 -3.850146502072863353e+00 7.693554920199936475e-01
-1.657583149502180664e+00 -3.936542427747655282e+00 1.052291674554555634e+00 -3.351033680778619406e+00 -3.837167065999574689e+00 7.717942617961663920e-01
-1.654184520601944541e+00 -3.931840641953645576e+00 1.052908963932746689e+00 -3.339699327733371081e+00 -3.824062617604515601e+00 7.742063667970930929e-01
-1.650777039001314783e+00 -3.927120957688013281e+00 1.053512060287581820e+00 -3.328303831531087553e+00 -3.810833674750892186e+00 7.765915688696286567e-01
-1.647360699083625590e+00 -3.922383467453760542e+00 1.054101238444022037e+00 -3.316847960247503835e+00 -3.797480779519390115e+00 7.789496319280168057e-01
-1.643935495703643834e+00 -3.917628263250232390e+00 1.054676776705939067e+00 -3.305332476425581145e+00 -3.784004498068595179e+00 7.812803219689672396e-01
-1.640501424227875926e+00 -3.912855436549210086e+00 1.055238956402593686e+00 -3.293758136961053129e+00 -3.770405420629431958e+00 7.835834070866080081e-01
-1.637058480573430508e+00 -3.908065078273115667e+00 1.055788061450837034e+00 -3.282125692854131582e+00 -3.756684161355832607e+00 7.858586574873271946e-01
-1.633606661244849434e+00 -3.903257278774616701e+00 1.056324377932766900e+00 -3.270435888969132510e+00 -3.742841358169407329e+00 7.881058455045057975e-01
-1.630145963368929252e+00 -3.898432127817614834e+00 1.056848193688848303e+00 -3.258689463801629049e+00 -3.728877672597745274e+00 7.903247456131400339e-01
-1.626676384727562485e+00 -3.893589714559561710e+00 1.057359797925547351e+00 -3.246887149254193528e+00 -3.714793789607472974e+00 7.925151344443500667e-01
-1.623197923788620045e+00 -3.888730127535089842e+00 1.057859480837501920e+00 -3.235029670420646930e+00 -3.700590417432048529e+00 7.946767907997757119e-01
-1.619710579731961309e+00 -3.883853454638426683e+00 1.058347533244916816e+00 -3.223117745847138060e+00 -3.686268287869474136e+00 7.968094956656618377e-01
-1.616214352460244807e+00 -3.878959783098108627e+00 1.058824246250479995e+00 -3.211152088962258677e+00 -3.671828157761213518e+00 7.989130322254472949e-01
-1.612709242624154271e+00 -3.874049199464472348e+00 1.059289910910012011e+00 -3.199133407860139222e+00 -3.657270808812974838e+00 8.009871858721911986e-01
-1.609195251636700519e+00 -3.869121789592024907e+00 1.059744817919861193e+00 -3.187062406105074963e+00 -3.642597048446659436e+00 8.030317442200441969e-01
-1.605672381694899675e+00 -3.864177638629330058e+00 1.060189257317484701e+00 -3.174939782517976816e+00 -3.627807709611279741e+00 8.050464971155377736e-01
-1.602140635794628398e+00 -3.859216831006519133e+00 1.060623518196848858e+00 -3.162766231597840871e+00 -3.612903651234240510e+00 8.070312366482277344e-01
-1.598600017735232859e+00 -3.854239450420466895e+00 1.061047888442307130e+00 -3.150542444700374922e+00 -3.597885759450797138e+00 8.089857571596839048e-01
-1.595050532133439170e+00 -3.849245579826264141e+00 1.061462654476017953e+00 -3.138269110199938705e+00 -3.582754947790981692e+00 8.109098552519864445e-01
-1.591492184430903345e+00 -3.844235301427882945e+00 1.061868101020929656e+00 -3.125946914121652487e+00 -3.567512157846247867e+00 8.128033297951372527e-01
-1.587924980907954753e+00 -3.839208696673718890e+00 1.062264510875643664e+00 -3.113576539911621310e+00 -3.552158359032896229e+00 8.146659819341978137e-01
-1.584348928695883396e+00 -3.834165846253071663e+00 1.062652164700849777e+00 -3.101158668215663994e+00 -3.536694548346224209e+00 8.164976150961514856e-01
-1.580764035783527532e+00 -3.829106830091579372e+00 1.063031340819123205e+00 -3.088693977188343709e+00 -3.521121750656144300e+00 8.182980349960066180e-01
-1.577170311026800942e+00 -3.824031727349582077e+00 1.063402315025728795e+00 -3.076183142277771232e+00 -3.505441018439260592e+00 8.200670496426072376e-01
-1.573567764156895699e+00 -3.818940616421341527e+00 1.063765360410128258e+00 -3.063626836018733979e+00 -3.489653431501248626e+00 8.218044693441493020e-01
-1.569956405787201525e+00 -3.813833574935090898e+00 1.064120747187936145e+00 -3.051025727834569601e+00 -3.473760096690083010e+00 8.235101067134044106e-01
-1.566336247418979699e+00 -3.808710679753877670e+00 1.064468742543005053e+00 -3.038380483847462621e+00 -3.457762147599876101e+00 8.251837766726377588e-01
-1.562707301445838803e+00 -3.803572006977189890e+00 1.064809610479372282e+00 -3.025691766697292895e+00 -3.441660744265583993e+00 8.268252964582324394e-01
-1.559069581157046969e+00 -3.798417631943323158e+00 1.065143611682775937e+00 -3.012960235369031015e+00 -3.425457072848697049e+00 8.284344856250147604e-01
-1.555423100739725895e+00 -3.793247629232475049e+00 1.065471003391476268e+00 -3.000186545028282303e+00 -3.409152345313631649e+00 8.300111660502733635e-01
-1.551767875277525022e+00 -3.788062072669853730e+00 1.065792039277520864e+00 -2.987371347174389680e+00 -3.392747799430142042e+00 8.315551619371590597e-01
-1.548103920750729667e+00 -3.782861035330205901e+00 1.066106969336776844e+00 -2.974515289483640412e+00 -3.376244698426204227e+00 8.330662998177739142e-01
-1.544431254035379508e+00 -3.777644589542984210e+00 1.066416039787474235e+00 -2.961619015660809318e+00 -3.359644330631927467e+00 8.345444085559539094e-01
-1.540749892901436935e+00 -3.772412806898140403e+00 1.066719492976965666e+00 -2.948683165298536579e+00 -3.342948009114116825e+00 8.359893193497418551e-01
-1.537059856010045911e+00 -3.767165758252507324e+00 1.067017567296458802e+00 -2.935708373744709831e+00 -3.326157071301859780e+00 8.374008657335539896e-01
-1.533361162909919972e+00 -3.761903513736761795e+00 1.067310497103566069e+00 -2.922695271977295839e+00 -3.309272878602706136e+00 8.387788835800351617e-01
-1.529653834032896675e+00 -3.756626142762926168e+00 1.067598512652200737e+00 -2.909644486487338089e+00 -3.292296816010443550e+00 8.401232111016053716e-01
-1.525937890688698007e+00 -3.751333714032395239e+00 1.067881840029694329e+00 -2.896556639169740155e+00 -3.275230291704264385e+00 8.414336888516970037e-01
-1.522213355058931850e+00 -3.746026295544464979e+00 1.068160701100861143e+00 -2.883432347221485337e+00 -3.258074736639155589e+00 8.427101597256851928e-01
-1.518480250190374026e+00 -3.740703954605337778e+00 1.068435313458777403e+00 -2.870272223047451998e+00 -3.240831604127922816e+00 8.439524689615179875e-01
-1.514738599987565770e+00 -3.735366757837584650e+00 1.068705890382043444e+00 -2.857076874173624326e+00 -3.223502369414874558e+00 8.451604641400387585e-01
-1.510988429204765060e+00 -3.730014771190038658e+00 1.068972640798284690e+00 -2.843846903167512430e+00 -3.206088529241210239e+00 8.463339951850055165e-01
-1.507229763435532721e+00 -3.724648059947940570e+00 1.069235769255030943e+00 -2.830582907811896920e+00 -3.188591601677843723e+00 8.474729143625258088e-01
-1.503462629103525350e+00 -3.719266688743693372e+00 1.069495475896315329e+00 -2.817285481030518568e+00 -3.171013125667169419e+00 8.485770762801889688e-01
-1.499687053452749330e+00 -3.713870721567979594e+00 1.069751956444856988e+00 -2.803955210820976873e+00 -3.153354660557081690e+00 8.496463378858940541e-01
-1.495903064537311256e+00 -3.708460221781228139e+00 1.070005402189605270e+00 -2.790592680194518671e+00 -3.135617785627183629e+00 8.506805584663755804e-01
-1.492110691210837281e+00 -3.703035252125636667e+00 1.070255999978430017e+00 -2.777198467066929854e+00 -3.117804099543909579e+00 8.516795996454347151e-01
-1.488309963115311829e+00 -3.697595874737259702e+00 1.070503932215753240e+00 -2.763773144212025468e+00 -3.099915219871476779e+00 8.526433253818767044e-01
-1.484500910669512175e+00 -3.692142151158386287e+00 1.070749376864916336e+00 -2.750317279221327293e+00 -3.081952782575257288e+00 8.535716019671509835e-01
-1.480683565057058892e+00 -3.686674142350166772e+00 1.070992507455083675e+00 -2.736831434470511581e+00 -3.063918441518568070e+00 8.544642980227105111e-01
-1.476857958214122579e+00 -3.681191908705493177e+00 1.071233493092482725e+00 -2.723316167091859086e+00 -3.045813867952365861e+00 8.553212844970775608e-01
-1.473024122816811055e+00 -3.675695510062102933e+00 1.071472498475790847e+00 -2.709772028953048029e+00 -3.027640749998606218e+00 8.561424346626391735e-01
-1.469182092268261464e+00 -3.670185005715876247e+00 1.071709683915476718e+00 -2.696199566642055956e+00 -3.009400792127360447e+00 8.569276241121649429e-01
-1.465331900685467037e+00 -3.664660454434326198e+00 1.071945205356918285e+00 -2.682599321458129182e+00 -2.991095714628048796e+00 8.576767307550507979e-01
-1.461473582885868705e+00 -3.659121914470252701e+00 1.072179214407112724e+00 -2.668971829408625318e+00 -2.972727253074950227e+00 8.583896348132920018e-01
-1.457607174373730219e+00 -3.653569443575545694e+00 1.072411858364806125e+00 -2.655317621211612078e+00 -2.954297157787266315e+00 8.590662188171986902e-01
-1.453732711326327642e+00 -3.648003099015117101e+00 1.072643280253865905e+00 -2.641637222304313859e+00 -2.935807193284253547e+00 8.597063676008513955e-01
-1.449850230579969868e+00 -3.642422937580941600e+00 1.072873618859735645e+00 -2.627931152857233776e+00 -2.917259137735650487e+00 8.603099682973091022e-01
-1.445959769615880131e+00 -3.636829015606197313e+00 1.073103008768807820e+00 -2.614199927793770417e+00 -2.898654782407634301e+00 8.608769103335708328e-01
-1.442061366545957846e+00 -3.631221388979479325e+00 1.073331580410552988e+00 -2.600444056815331972e+00 -2.879995931104724072e+00 8.614070854252880993e-01
-1.438155060098441851e+00 -3.625600113159077598e+00 1.073559460102250673e+00 -2.586664044431882026e+00 -2.861284399608028384e+00 8.619003875712503149e-01
-1.434240889603497715e+00 -3.619965243187300175e+00 1.073786770096173848e+00 -2.572860389997678965e+00 -2.842522015109998357e+00 8.623567130476376130e-01
-1.430318894978748423e+00 -3.614316833704823928e+00 1.074013628629079564e+00 -2.559033587752383987e+00 -2.823710615646347843e+00 8.627759604020457385e-01
-1.426389116714763983e+00 -3.608654938965057291e+00 1.074240149973863634e+00 -2.545184126867308549e+00 -2.804852049525361046e+00 8.631580304472963316e-01
-1.422451595860139140e+00 -3.602979612848795199e+00 1.074466444493756390e+00 -2.531312491546769294e+00 -2.785948174812507894e+00 8.635028262549432343e-01
-1.418506374006975657e+00 -3.597290908878582272e+00 1.074692618698416036e+00 -2.517419161079933687e+00 -2.767000858750590542e+00 8.638102531485705171e-01
-1.414553493276385021e+00 -3.591588880233050673e+00 1.074918775301785256e+00 -2.503504609897464928e+00 -2.748011977178243637e+00 8.640802186968923326e-01
-1.410592996304025348e+00 -3.585873579761202912e+00 1.075145013281585626e+00 -2.489569307633023421e+00 -2.728983413947324799e+00 8.643126327066608106e-01
-1.406624926225687577e+00 -3.580145059996641344e+00 1.075371427940323033e+00 -2.475613719189293960e+00 -2.709917060339323225e+00 8.645074072153851041e-01
-1.402649326662944951e+00 -3.574403373171710641e+00 1.075598110967689758e+00 -2.461638304809030231e+00 -2.690814814481838013e+00 8.646644564838751323e-01
-1.398666241708881319e+00 -3.568648571231557654e+00 1.075825150504245320e+00 -2.447643520150700525e+00 -2.671678580765147970e+00 8.647836969886091296e-01
-1.394675715913910929e+00 -3.562880705848090912e+00 1.076052631206269261e+00 -2.433629816368472643e+00 -2.652510269259055420e+00 8.648650474139381039e-01
-1.390677794271704126e+00 -3.557099828433820221e+00 1.076280634311676199e+00 -2.419597640196770705e+00 -2.633311795130773625e+00 8.649084286441340863e-01
-1.386672522205227853e+00 -3.551305990155577241e+00 1.076509237706873012e+00 -2.405547434039164933e+00 -2.614085078064074530e+00 8.649137637552847258e-01
-1.382659945552917380e+00 -3.545499241948093516e+00 1.076738515994482226e+00 -2.391479636061460745e+00 -2.594832041680041890e+00 8.648809780070434439e-01
-1.378640110554983700e+00 -3.539679634527433727e+00 1.076968540561828336e+00 -2.377394680289071971e+00 -2.575554612960007095e+00 8.648099988342434763e-01
-1.374613063839872584e+00 -3.533847218404268187e+00 1.077199379650087607e+00 -2.363292996708627136e+00 -2.556254721671111341e+00 8.647007558383842385e-01
-1.370578852410880621e+00 -3.528002043896975692e+00 1.077431098424016964e+00 -2.349175011373412225e+00 -2.536934299794510128e+00 8.645531807789933465e-01
-1.366537523632945117e+00 -3.522144161144569630e+00 1.077663759042177150e+00 -2.335041146512804922e+00 -2.517595280956880899e+00 8.643672075648697328e-01
-1.362489125219604302e+00 -3.516273620119437560e+00 1.077897420727564670e+00 -2.320891820645568870e+00 -2.498239599865566873e+00 8.641427722452188487e-01
-1.358433705220150500e+00 -3.510390470639880967e+00 1.078132139838577030e+00 -2.306727448696796579e+00 -2.478869191747572920e+00 8.638798130006827281e-01
-1.354371312006970474e+00 -3.504494762382452500e+00 1.078367969940234206e+00 -2.292548442118465424e+00 -2.459485991792839776e+00 8.635782701342759049e-01
-1.350301994263090055e+00 -3.498586544894077832e+00 1.078604961875584189e+00 -2.278355209013445126e+00 -2.440091934602072854e+00 8.632380860622292928e-01
-1.346225800969924613e+00 -3.492665867603960805e+00 1.078843163837227781e+00 -2.264148154262977108e+00 -2.420688953639594132e+00 8.628592053047496879e-01
-1.342142781395245787e+00 -3.486732779835261198e+00 1.079082621438895551e+00 -2.249927679657314883e+00 -2.401278980691303300e+00 8.624415744766998904e-01
-1.338052985081366719e+00 -3.480787330816538017e+00 1.079323377787015259e+00 -2.235694184029375364e+00 -2.381863945328012377e+00 8.619851422782116579e-01
-1.333956461833553764e+00 -3.474829569692953868e+00 1.079565473552210886e+00 -2.221448063391467720e+00 -2.362445774374653862e+00 8.614898594852276048e-01
-1.329853261708668910e+00 -3.468859545537231526e+00 1.079808947040678646e+00 -2.207189711074774241e+00 -2.343026391385405027e+00 8.609556789399868126e-01
-1.325743435004049786e+00 -3.462877307360366697e+00 1.080053834265386481e+00 -2.192919517871524171e+00 -2.323607716125069889e+00 8.603825555414543746e-01
-1.321627032246627920e+00 -3.456882904122076994e+00 1.080300169017050838e+00 -2.178637872179712609e+00 -2.304191664056945754e+00 8.597704462357033117e-01
-1.317504104182294133e+00 -3.450876384741000003e+00 1.080547982934842555e+00 -2.164345160149903080e+00 -2.284780145837031373e+00 8.591193100062449739e-01
-1.313374701765515074e+00 -3.444857798104623559e+00 1.080797305576772782e+00 -2.150041765834381113e+00 -2.265375066815264571e+00 8.584291078643290218e-01
-1.309238876149200426e+00 -3.438827193078953570e+00 1.081048164489737617e+00 -2.135728071338162337e+00 -2.245978326543586423e+00 8.576998028392047724e-01
-1.305096678674825927e+00 -3.432784618517908726e+00 1.081300585279165949e+00 -2.121404456971819563e+00 -2.226591818291146829e+00 8.569313599683588967e-01
-1.300948160862819059e+00 -3.426730123272441197e+00 1.081554591678240751e+00 -2.107071301406006292e+00 -2.207217428566860207e+00 8.561237462877198112e-01
-1.296793374403202304e+00 -3.420663756199382011e+00 1.081810205616662079e+00 -2.092728981827383095e+00 -2.187857036649314413e+00 8.552769308218490796e-01
-1.292632371146505754e+00 -3.414585566170011077e+00 1.082067447288924233e+00 -2.078377874095735933e+00 -2.168512514124107060e+00 8.543908845741118308e-01
-1.288465203094946609e+00 -3.408495602078344788e+00 1.082326335222080438e+00 -2.064018352901928921e+00 -2.149185724428522182e+00 8.534655805168376297e-01
-1.284291922393882679e+00 -3.402393912849150492e+00 1.082586886342965737e+00 -2.049650791927016602e+00 -2.129878522404226260e+00 8.525009935814668038e-01
-1.280112581323534338e+00 -3.396280547445672759e+00 1.082849116044860338e+00 -2.035275564001591597e+00 -2.110592753857218007e+00 8.514971006486945493e-01
-1.275927232290983149e+00 -3.390155554877078536e+00 1.083113038253573857e+00 -2.020893041265777068e+00 -2.091330255125775750e+00 8.504538805386139266e-01
-1.271735927822446044e+00 -3.384018984205616754e+00 1.083378665492932491e+00 -2.006503595329348855e+00 -2.072092852656100881e+00 8.493713140008610774e-01
-1.267538720555831500e+00 -3.377870884553501263e+00 1.083646008949656681e+00 -1.992107597431553412e+00 -2.052882362585417120e+00 8.482493837047608842e-01
-1.263335663233569717e+00 -3.371711305109501122e+00 1.083915078537610821e+00 -1.977705418600935738e+00 -2.033700590333142433e+00 8.470880742294877308e-01
-1.259126808695728350e+00 -3.365540295135251991e+00 1.084185882961417491e+00 -1.963297429814480521e+00 -2.014549330199576715e+00 8.458873720542272601e-01
-1.254912209873411122e+00 -3.359357903971284198e+00 1.084458429779425526e+00 -1.948884002156135775e+00 -1.995430364972426762e+00 8.446472655483506786e-01
-1.250691919782442429e+00 -3.353164181042772363e+00 1.084732725466028169e+00 -1.934465506974352600e+00 -1.976345465540973123e+00 8.433677449616028277e-01
-1.246465991517332839e+00 -3.346959175864994585e+00 1.085008775473322640e+00 -1.920042316038357955e+00 -1.957296390517772267e+00 8.420488024143092387e-01
-1.242234478245533680e+00 -3.340742938048516741e+00 1.085286584292111112e+00 -1.905614801693195526e+00 -1.938284885868143181e+00 8.406904318876009530e-01
-1.237997433201979192e+00 -3.334515517304096122e+00 1.085566155512235564e+00 -1.891183337012873000e+00 -1.919312684546887748e+00 8.392926292136577704e-01
-1.233754909683915990e+00 -3.328276963447303061e+00 1.085847491882250937e+00 -1.876748295951991885e+00 -1.900381506142858612e+00 8.378553920659773668e-01
-1.229506961046022306e+00 -3.322027326402869907e+00 1.086130595368437257e+00 -1.862310053494992124e+00 -1.881493056530580077e+00 8.363787199496597324e-01
-1.225253640695817436e+00 -3.315766656208761098e+00 1.086415467213155184e+00 -1.847868985803216457e+00 -1.862649027529328372e+00 8.348626141917221410e-01
-1.220995002089361847e+00 -3.309495003019971016e+00 1.086702107992543187e+00 -1.833425470359387521e+00 -1.843851096569378178e+00 8.333070779314372123e-01
-1.216731098727248606e+00 -3.303212417112044719e+00 1.086990517673564804e+00 -1.818979886109397537e+00 -1.825100926365465170e+00 8.317121161106971750e-01
-1.212461984150886352e+00 -3.296918948884334899e+00 1.087280695670412856e+00 -1.804532613601068203e+00 -1.806400164597236735e+00 8.300777354644053307e-01
-1.208187711939076703e+00 -3.290614648862984382e+00 1.087572640900280163e+00 -1.790084035119774875e+00 -1.787750443596712646e+00 8.284039445108974942e-01
-1.203908335698042897e+00 -3.284299567673220288e+00 1.087866351830805600e+00 -1.775634535940964653e+00 -1.769153381281357351e+00 8.266907535444342203e-01
-1.199623909047388803e+00 -3.277973755999584071e+00 1.088161826517247910e+00 -1.761184506296104235e+00 -1.750610582855795183e+00 8.249381746302265617e-01
-1.195334485610999753e+00 -3.271637264563347358e+00 1.088459062632961549e+00 -1.746734342742061852e+00 -1.732123641833596572e+00 8.231462216009963750e-01
-1.191040119011909315e+00 -3.265290144116651749e+00 1.088758057497751341e+00 -1.732284448770661012e+00 -1.713694140214163664e+00 8.213149100539197667e-01
-1.186740862868412627e+00 -3.258932445439236325e+00 1.089058808104431453e+00 -1.717835235244127734e+00 -1.695323648469899691e+00 8.194442573478574188e-01
-1.182436770789969671e+00 -3.252564219335527085e+00 1.089361311144118716e+00 -1.703387120871250104e+00 -1.677013725577233938e+00 8.175342826007608865e-01
-1.178127896373768468e+00 -3.246185516630841761e+00 1.089665563029426298e+00 -1.688940532663748328e+00 -1.658765919028232894e+00 8.155850066874241744e-01
-1.173814293201242309e+00 -3.239796388169351005e+00 1.089971559916596222e+00 -1.674495906394333655e+00 -1.640581764842353518e+00 8.135964522373496655e-01
-1.169496014835816444e+00 -3.233396884815629146e+00 1.090279297727445140e+00 -1.660053686748819590e+00 -1.622462787252863858e+00 8.115686436325340036e-01
-1.165173114820784228e+00 -3.226987057456117469e+00 1.090588772171138032e+00 -1.645614327471703220e+00 -1.604410498392746298e+00 8.095016070051648249e-01
-1.160845646677312493e+00 -3.220566957000492003e+00 1.090899978765806688e+00 -1.631178291505468447e+00 -1.586426397980547520e+00 8.073953702352283379e-01
-1.156513663902575928e+00 -3.214136634382938951e+00 1.091212912860019868e+00 -1.616746051123409966e+00 -1.568511973006169402e+00 8.052499629480339705e-01
-1.152177219968021582e+00 -3.207696140563337739e+00 1.091527569654132668e+00 -1.602318088055785683e+00 -1.550668697416594632e+00 8.030654165116509757e-01
-1.147836368317765698e+00 -3.201245526528344598e+00 1.091843944221522644e+00 -1.587894893609093749e+00 -1.532898031801537719e+00 8.008417640342603283e-01
-1.143491162367119340e+00 -3.194784843292392207e+00 1.092162031529732902e+00 -1.573476968778291685e+00 -1.515201423079036047e+00 7.985790403614175803e-01
-1.139141655501251016e+00 -3.188314141898586307e+00 1.092481826461531025e+00 -1.559064824352047296e+00 -1.497580304181274524e+00 7.962772820732268997e-01
-1.134787901073978089e+00 -3.181833473419514391e+00 1.092803323835906948e+00 -1.544658981010651910e+00 -1.480036093740469738e+00 7.939365274814325080e-01
-1.130429952406696525e+00 -3.175342888957956689e+00 1.093126518429022642e+00 -1.530259969416697619e+00 -1.462570195775119153e+00 7.915568166264231875e-01
-1.126067862787442309e+00 -3.168842439647501230e+00 1.093451404995134491e+00 -1.515868330298024258e+00 -1.445183999376313366e+00 7.891381912741459725e-01
-1.121701685470093413e+00 -3.162332176653066540e+00 1.093777978287497898e+00 -1.501484614523131977e+00 -1.427878878394522211e+00 7.866806949129295790e-01
-1.117331473673706776e+00 -3.155812151171326185e+00 1.094106233079280344e+00 -1.487109383168642829e+00 -1.410656191126634429e+00 7.841843727502247896e-01
-1.112957280581997166e+00 -3.149282414431040067e+00 1.094436164184495297e+00 -1.472743207579055191e+00 -1.393517280003706560e+00 7.816492717092557996e-01
-1.108579159342956366e+00 -3.142743017693287122e+00 1.094767766478971449e+00 -1.458386669418195947e+00 -1.376463471279030237e+00 7.790754404255788579e-01
-1.104197163068667997e+00 -3.136194012251320995e+00 1.095101034921150296e+00 -1.444040360718253702e+00 -1.359496074722860381e+00 7.764629292435931696e-01
-1.099811344835205595e+00 -3.129635449430606453e+00 1.095435964572958998e+00 -1.429704883916207425e+00 -1.342616383313176343e+00 7.738117902129592052e-01
-1.095421757682674579e+00 -3.123067380588750552e+00 1.095772550620776498e+00 -1.415380851881903101e+00 -1.325825672927298804e+00 7.711220770849321893e-01
-1.091028454615400767e+00 -3.116489857115340989e+00 1.096110788396509328e+00 -1.401068887937451102e+00 -1.309125202034246982e+00 7.683938453085975562e-01
-1.086631488602267881e+00 -3.109902930431684531e+00 1.096450673398796427e+00 -1.386769625867927402e+00 -1.292516211388033298e+00 7.656271520270248043e-01
-1.082230912577204274e+00 -3.103306651990444642e+00 1.096792201314358284e+00 -1.372483709923259187e+00 -1.275999923721987894e+00 7.628220560733317557e-01
-1.077826779439822413e+00 -3.096701073275176519e+00 1.097135368039507064e+00 -1.358211794811208240e+00 -1.259577543444242220e+00 7.599786179666544461e-01
-1.073419142056213360e+00 -3.090086245799765763e+00 1.097480169701839259e+00 -1.343954545681353974e+00 -1.243250256334483161e+00 7.570968999080310846e-01
-1.069008053259898228e+00 -3.083462221107754253e+00 1.097826602682121067e+00 -1.329712638100102318e+00 -1.227019229242215737e+00 7.541769657761918655e-01
-1.064593565852937740e+00 -3.076829050771571428e+00 1.098174663636390713e+00 -1.315486758016507718e+00 -1.210885609786537920e+00 7.512188811232592967e-01
-1.060175732607205212e+00 -3.070186786391654543e+00 1.098524349518290366e+00 -1.301277601718715093e+00 -1.194850526057454232e+00 7.482227131703603762e-01
-1.055754606265825180e+00 -3.063535479595464572e+00 1.098875657601642741e+00 -1.287085875781132316e+00 -1.178915086319046512e+00 7.451885308031467314e-01
-1.051330239544775225e+00 -3.056875182036389305e+00 1.099228585503295719e+00 -1.272912297002148474e+00 -1.163080378714532959e+00 7.421164045672236087e-01
-1.046902685134663447e+00 -3.050205945392546525e+00 1.099583131206243403e+00 -1.258757592332465869e+00 -1.147347470973488548e+00 7.390064066634860485e-01
-1.042471995702145104e+00 -3.043527821364440555e+00 1.099939293083019631e+00 -1.244622498966506896e+00 -1.131717410278692881e+00 7.358586109433827849e-01
-1.038038223892057133e+00 -3.036840861673561154e+00 1.100297069919407456e+00 -1.230507764250711844e+00 -1.116191222973164088e+00 7.326730929040788931e-01
-1.033601422329728514e+00 -3.030145118060861620e+00 1.100656460938476577e+00 -1.216414145582077388e+00 -1.100769914269596139e+00 7.294499296835331714e-01
-1.029161643623472955e+00 -3.023440642285121882e+00 1.101017465824973174e+00 -1.202342410297009945e+00 -1.085454467962470471e+00 7.261892000554850402e-01
-1.024718940367269182e+00 -3.016727486121196566e+00 1.101380084750066102e+00 -1.188293335550439256e+00 -1.070245846143002222e+00 7.228909844243466276e-01
-1.020273365143627764e+00 -3.010005701358139163e+00 1.101744318396469247e+00 -1.174267708185132264e+00 -1.055144988917072979e+00 7.195553648200085917e-01
-1.015824970526653770e+00 -3.003275339797211174e+00 1.102110167983956890e+00 -1.160266324591109122e+00 -1.040152814126264591e+00 7.161824248925519054e-01
-1.011373809085303721e+00 -2.996536453249764698e+00 1.102477635295280312e+00 -1.146289990555111604e+00 -1.025270217072159262e+00 7.127722499068683826e-01
-1.006919933386843935e+00 -2.989789093535000220e+00 1.102846722702499838e+00 -1.132339521100306001e+00 -1.010498070244262969e+00 7.093249267371899425e-01
-1.002463396000512263e+00 -2.983033312477601395e+00 1.103217433193746100e+00 -1.118415740315897633e+00 -9.958372230514682677e-01 7.058405438615261707e-01
-9.980042495013876636e-01 -2.976269161905238381e+00 1.103589770400422498e+00 -1.104519481176927886e+00 -9.812885015574979164e-01 7.023191913560143940e-01
-9.935425464744715995e-01 -2.969496693645941043e+00 1.103963738624856195e+00 -1.090651585354021069e+00 -9.668527082203119960e-01 6.987609608891774959e-01
-9.890783395189850502e-01 -2.962715959525341169e+00 1.104339342868411844e+00 -1.076812903013217859e+00 -9.525306216358022660e-01 6.951659457160925815e-01
-9.846116812528864504e-01 -2.955927011363778334e+00 1.104716588860083171e+00 -1.063004292605890466e+00 -9.383229962859505058e-01 6.915342406724663826e-01
-9.801426243176116770e-01 -2.949129900973272989e+00 1.105095483085566377e+00 -1.049226620648694652e+00 -9.242305622916044960e-01 6.878659421686245112e-01
-9.756712213830440739e-01 -2.942324680154354333e+00 1.105476032816827825e+00 -1.035480761493658530e+00 -9.102540251701438656e-01 6.841611481834092290e-01
-9.711975251527158459e-01 -2.935511400692754957e+00 1.105858246142174428e+00 -1.021767597088323765e+00 -8.963940655981414984e-01 6.804199582579871786e-01
-9.667215883692468203e-01 -2.928690114355957608e+00 1.106242131996832523e+00 -1.008088016726083502e+00 -8.826513391793282537e-01 6.766424734895706283e-01
-9.622434638196599721e-01 -2.921860872888282223e+00 1.106627700193699937e+00 -9.944429169065984730e-01 -8.690264763148656257e-01 6.728287965251175118e-01
-9.577632043412971363e-01 -2.915023728007129833e+00 1.107014961454624302e+00 -9.808332010687186298e-01 -8.555200819811727975e-01 6.689790315549373201e-01
-9.532808628279849650e-01 -2.908178731399075012e+00 1.107403927442208724e+00 -9.672597793129500410e-01 -8.421327355129615277e-01 6.650932843062103972e-01
-9.487964922364529041e-01 -2.901325934715814014e+00 1.107794610792153689e+00 -9.537235681148268363e-01 -8.288649903927471918e-01 6.611716620364180841e-01
-9.443101455930071886e-01 -2.894465389569959690e+00 1.108187025146134985e+00 -9.402254900287410067e-01 -8.157173740466250322e-01 6.572142735266900404e-01
-9.398218760004668493e-01 -2.887597147530676978e+00 1.108581185185222528e+00 -9.267664733820653034e-01 -8.026903876463511445e-01 6.532212290750626371e-01
-9.353317366453657300e-01 -2.880721260119171845e+00 1.108977106663844303e+00 -9.133474519598507868e-01 -7.897845059181016758e-01 6.491926404896490865e-01
-9.308397808054256206e-01 -2.873837778804014143e+00 1.109374806444298311e+00 -8.999693646801070201e-01 -7.770001769580723305e-01 6.451286210817253064e-01
-9.263460618573042815e-01 -2.866946754996306801e+00 1.109774302531804979e+00 -8.866331552597057630e-01 -7.643378220551038105e-01 6.410292856587266330e-01
-9.218506332697100625e-01 -2.860048240004498865e+00 1.110175614104826902e+00 -8.733397738228618756e-01 -7.517978369897702073e-01 6.368947505184554547e-01
-9.173535486115631521e-01 -2.853142285028917868e+00 1.110578761545932602e+00 -8.600901765748010241e-01 -7.393805918409377398e-01 6.327251334431960306e-01
-9.128548615392901855e-01 -2.846228941100675147e+00 1.110983766466226763e+00 -8.468853284716715280e-01 -7.270864330196395997e-01 6.285205536954509009e-01
-9.083546258005770202e-01 -2.839308259062671258e+00 1.111390651728504375e+00 -8.337262036957016065e-01 -7.149156836110943658e-01 6.242811320139950437e-01
-9.038528952358679813e-01 -2.832380289544726537e+00 1.111799441468664940e+00 -8.206137864676610327e-01 -7.028686439475682057e-01 6.200069906103846673e-01
-8.993497237778187436e-01 -2.825445082931675511e+00 1.112210161113984519e+00 -8.075490725141833970e-01 -6.909455926263468051e-01 6.156982531661822078e-01
-8.948451654602151972e-01 -2.818502689356508828e+00 1.112622837401922693e+00 -7.945330687772993450e-01 -6.791467862298246061e-01 6.113550448300755225e-01
-8.903392744270712811e-01 -2.811553158693436139e+00 1.113037498399454206e+00 -7.815667931131740076e-01 -6.674724590482306041e-01 6.069774922148890584e-01
-8.858321049419115578e-01 -2.804596540550881478e+00 1.113454173522924862e+00 -7.686512739801338867e-01 -6.559228228053388676e-01 6.025657233944845537e-01
-8.813237113948229062e-01 -2.797632884258234753e+00 1.113872893557649402e+00 -7.557875505937770022e-01 -6.444980667178747957e-01 5.981198679007319052e-01
-8.768141483103681910e-01 -2.790662238854182409e+00 1.114293690677406135e+00 -7.429766730328974944e-01 -6.331983575161514999e-01 5.936400567205095680e-01
-8.723034703574044091e-01 -2.783684653079407489e+00 1.114716598464419395e+00 -7.302197019057903304e-01 -6.220238391633787778e-01 5.891264222925934879e-01
-8.677917323590924603e-01 -2.776700175369219981e+00 1.115141651929829170e+00 -7.175177080052477230e-01 -6.109746325782334786e-01 5.845790985044281296e-01
-8.632789893030998751e-01 -2.769708853846120533e+00 1.115568887534630793e+00 -7.048717719523489578e-01 -6.000508353610634060e-01 5.799982206887829284e-01
-8.587652963519996074e-01 -2.762710736312284254e+00 1.115998343211069166e+00 -6.922829838293491633e-01 -5.892525215242230274e-01 5.753839256202896157e-01
-8.542507088538675575e-01 -2.755705870241979660e+00 1.116430058384474844e+00 -6.797524428014307674e-01 -5.785797412266813211e-01 5.707363515118617503e-01
-8.497352823530861521e-01 -2.748694302773906806e+00 1.116864073995520457e+00 -6.672812567271311224e-01 -5.680325205130745125e-01 5.660556380109921237e-01
-8.452190726013522060e-01 -2.741676080703470575e+00 1.117300432522885023e+00 -6.548705417576496934e-01 -5.576108610576397950e-01 5.613419261959331497e-01
-8.407021355688963915e-01 -2.734651250474977147e+00 1.117739178006301959e+00 -6.425214219248815972e-01 -5.473147399132232138e-01 5.565953585717494656e-01
-8.361845274559138730e-01 -2.727619858173750522e+00 1.118180356069972126e+00 -6.302350287184790290e-01 -5.371441092658608696e-01 5.518160790662515192e-01
-8.316663047042101020e-01 -2.720581949518186882e+00 1.118624013946323048e+00 -6.180125006516767883e-01 -5.270988961950457963e-01 5.470042330257993690e-01
-8.271475240090657710e-01 -2.713537569851721898e+00 1.119070200500084100e+00 -6.058549828160972872e-01 -5.171790024401214936e-01 5.421599672109833623e-01
-8.226282423313215908e-01 -2.706486764134735878e+00 1.119518966252655456e+00 -5.937636264254613216e-01 -5.073843041730405901e-01 5.372834297921768032e-01
-8.181085169096862231e-01 -2.699429576936376307e+00 1.119970363406745051e+00 -5.817395883482197050e-01 -4.977146517777972790e-01 5.323747703449589475e-01
-8.135884052732700322e-01 -2.692366052426318213e+00 1.120424445871241792e+00 -5.697840306292003554e-01 -4.881698696368728108e-01 5.274341398454095442e-01
-8.090679652543455447e-01 -2.685296234366444157e+00 1.120881269286295279e+00 -5.578981200004355934e-01 -4.787497559250901702e-01 5.224616906652710391e-01
-8.045472550013361701e-01 -2.678220166102454947e+00 1.121340891048575372e+00 -5.460830273810119984e-01 -4.694540824110591259e-01 5.174575765669818805e-01
-8.000263329920342947e-01 -2.671137890555413286e+00 1.121803370336674543e+00 -5.343399273663864690e-01 -4.602825942667623238e-01 5.124219526985749340e-01
-7.955052580470527435e-01 -2.664049450213214154e+00 1.122268768136617467e+00 -5.226699977068260949e-01 -4.512350098853588065e-01 5.073549755884433354e-01
-7.909840893432589226e-01 -2.656954887121217190e+00 1.122737147267268476e+00 -5.110744189076013022e-01 -4.423110207814788808e-01 5.022568031400023170e-01
-7.864628864276865805e-01 -2.649854242873579846e+00 1.123208572405776318e+00 -4.995543736878822472e-01 -4.335102914240112071e-01 4.971275946262164736e-01
-7.819417092316818252e-01 -2.642747558604527924e+00 1.123683110113016692e+00 -4.881110464293052509e-01 -4.248324590781855647e-01 4.919675106839899725e-01
-7.774206180852802905e-01 -2.635634874979563058e+00 1.124160828858979055e+00 -4.767456226141706388e-01 -4.162771336572097525e-01 4.867767133084184850e-01
-7.728996737318174493e-01 -2.628516232186614676e+00 1.124641799048070379e+00 -4.654592882534829279e-01 -4.078438975838389879e-01 4.815553658469038933e-01
-7.683789373427714064e-01 -2.621391669927131574e+00 1.125126093044285458e+00 -4.542532293050252079e-01 -3.995323056622517299e-01 4.763036329931283341e-01
-7.638584705328361757e-01 -2.614261227407125077e+00 1.125613785196191374e+00 -4.431286310814752660e-01 -3.913418849604859417e-01 4.710216807808881856e-01
-7.593383353752263254e-01 -2.607124943328158473e+00 1.126104951861688797e+00 -4.320866776487926053e-01 -3.832721347038230419e-01 4.657096765777891667e-01
-7.548185944172094430e-01 -2.599982855878292032e+00 1.126599671432490846e+00 -4.211285512150899635e-01 -3.753225261794774781e-01 4.603677890787982729e-01
-7.502993106958670833e-01 -2.592835002722983617e+00 1.127098024358266004e+00 -4.102554315100217508e-01 -3.674925026528619298e-01 4.549961882996522156e-01
-7.457805477540788708e-01 -2.585681420995949331e+00 1.127600093170401108e+00 -3.994684951551130681e-01 -3.597814792958775598e-01 4.495950455701239745e-01
-7.412623696567293141e-01 -2.578522147289991739e+00 1.128105962505320914e+00 -3.887689150250417391e-01 -3.521888431274771136e-01 4.441645335271450779e-01
-7.367448410071337772e-01 -2.571357217647793458e+00 1.128615719127308736e+00 -3.781578596002441728e-01 -3.447139529669174252e-01 4.387048261077858835e-01
-7.322280269636805006e-01 -2.564186667552689869e+00 1.129129451950765528e+00 -3.676364923108690341e-01 -3.373561393999358060e-01 4.332160985420934196e-01
-7.277119932566833427e-01 -2.557010531919418295e+00 1.129647252061846352e+00 -3.572059708724428795e-01 -3.301147047582482230e-01 4.276985273457815095e-01
-7.231968062054425772e-01 -2.549828845084852524e+00 1.130169212739415618e+00 -3.468674466133756518e-01 -3.229889231126525928e-01 4.221522903127770121e-01
-7.186825327355077508e-01 -2.542641640798728453e+00 1.130695429475250036e+00 -3.366220637948607042e-01 -3.159780402801919408e-01 4.165775665076227319e-01
-7.141692403961372726e-01 -2.535448952214368834e+00 1.131225999993423770e+00 -3.264709589229606301e-01 -3.090812738454991049e-01 4.109745362577329475e-01
-7.096569973779505158e-01 -2.528250811879407589e+00 1.131761024268805649e+00 -3.164152600534801962e-01 -3.022978131967857252e-01 4.053433811455036673e-01
-7.051458725307615527e-01 -2.521047251726526106e+00 1.132300604544593803e+00 -3.064560860900660266e-01 -2.956268195768574358e-01 3.996842840002790553e-01
-7.006359353815940771e-01 -2.513838303064209967e+00 1.132844845348819796e+00 -2.965945460752634766e-01 -2.890674261492289787e-01 3.939974288901713084e-01
-6.961272561528646374e-01 -2.506623996567527435e+00 1.133393853509743421e+00 -2.868317384752958610e-01 -2.826187380798463877e-01 3.882830011137350379e-01
-6.916199057807290718e-01 -2.499404362268946134e+00 1.133947738170057340e+00 -2.771687504587241335e-01 -2.762798326346507238e-01 3.825411871914985995e-01
-6.871139559335817104e-01 -2.492179429549186587e+00 1.134506610799824733e+00 -2.676066571692738982e-01 -2.700497592932684654e-01 3.767721748573484297e-01
-6.826094790306980187e-01 -2.484949227128131710e+00 1.135070585208071359e+00 -2.581465209932334304e-01 -2.639275398791527394e-01 3.709761530497682758e-01
-6.781065482610135753e-01 -2.477713783055792707e+00 1.135639777552939211e+00 -2.487893908217726491e-01 -2.579121687064658275e-01 3.651533119029377605e-01
-6.736052376020245092e-01 -2.470473124703349121e+00 1.136214306350321390e+00 -2.395363013084419457e-01 -2.520026127439400909e-01 3.593038427376835653e-01
-6.691056218388022891e-01 -2.463227278754267502e+00 1.136794292480888258e+00 -2.303882721223406982e-01 -2.461978117960494927e-01 3.534279380522893921e-01
-6.646077765831079898e-01 -2.455976271195511984e+00 1.137379859195417175e+00 -2.213463071971824014e-01 -2.404966787017004393e-01 3.475257915131627073e-01
-6.601117782925940425e-01 -2.448720127308857020e+00 1.137971132118329232e+00 -2.124113939767955372e-01 -2.348980995507590208e-01 3.415975979453600986e-01
-6.556177042900817042e-01 -2.441458871662313790e+00 1.138568239249344360e+00 -2.035845026572813410e-01 -2.294009339186136032e-01 3.356435533229725210e-01
-6.511256327828978119e-01 -2.434192528101683184e+00 1.139171310963150718e+00 -1.948665854264448605e-01 -2.240040151190818563e-01 3.296638547593700452e-01
-6.466356428822590541e-01 -2.426921119742248223e+00 1.139780480006981955e+00 -1.862585757005450482e-01 -2.187061504757847885e-01 3.236587004973053294e-01
-6.421478146226842210e-01 -2.419644668960617473e+00 1.140395881496026664e+00 -1.777613873591561422e-01 -2.135061216123439465e-01 3.176282898988820325e-01
-6.376622289814213307e-01 -2.412363197386733660e+00 1.141017652906546553e+00 -1.693759139784711820e-01 -2.084026847615811917e-01 3.115728234353854487e-01
-6.331789678978705371e-01 -2.405076725896060807e+00 1.141645934066616963e+00 -1.611030280633269918e-01 -2.033945710938862561e-01 3.054925026769774732e-01
-6.286981142929863875e-01 -2.397785274601966776e+00 1.142280867144348289e+00 -1.529435802784950837e-01 -1.984804870649838904e-01 2.993875302822570639e-01
-6.242197520886396678e-01 -2.390488862848314078e+00 1.142922596633506371e+00 -1.448983986796750223e-01 -1.936591147832871229e-01 2.932581099876888087e-01
-6.197439662269186300e-01 -2.383187509202275400e+00 1.143571269336423946e+00 -1.369682879447200463e-01 -1.889291123970480157e-01 2.871044465968989878e-01
-6.152708426893496174e-01 -2.375881231447388942e+00 1.144227034344083460e+00 -1.291540286055394837e-01 -1.842891145014524668e-01 2.809267459698411296e-01
-6.108004685160151048e-01 -2.368570046576869537e+00 1.144890043013243153e+00 -1.214563762811549097e-01 -1.797377325658349179e-01 2.747252150118369984e-01
-6.063329318245489485e-01 -2.361253970787197343e+00 1.145560448940513343e+00 -1.138760609122124734e-01 -1.752735553810955693e-01 2.685000616624863556e-01
-6.018683218289817560e-01 -2.353933019471993848e+00 1.146238407933256376e+00 -1.064137859977338785e-01 -1.708951495275572441e-01 2.622514948844559268e-01
-5.974067288584139490e-01 -2.346607207216209190e+00 1.146924077977187428e+00 -9.907022783445906811e-02 -1.666010598633302919e-01 2.559797246521450798e-01
-5.929482443754927612e-01 -2.339276547790638094e+00 1.147617619200542505e+00 -9.184603475931174543e-02 -1.623898100333214245e-01 2.496849619402325970e-01
-5.884929609946645268e-01 -2.331941054146780878e+00 1.148319193834710594e+00 -8.474182639552108043e-02 -1.582599029989806283e-01 2.433674187121042942e-01
-5.840409725001760588e-01 -2.324600738412073486e+00 1.149028966171198762e+00 -7.775819290291741126e-02 -1.542098215888794144e-01 2.370273079081653411e-01
-5.795923738637966949e-01 -2.317255611885503441e+00 1.149747102514797392e+00 -7.089569423291486316e-02 -1.502380290701976762e-01 2.306648434340405063e-01
-5.751472612622317016e-01 -2.309905685033631695e+00 1.150473771132810130e+00 -6.415485938876219763e-02 -1.463429697411866570e-01 2.242802401486625463e-01
-5.707057320941961720e-01 -2.302550967487043909e+00 1.151209142200235513e+00 -5.753618569150020789e-02 -1.425230695446355611e-01 2.178737138522516548e-01
-5.662678849971189976e-01 -2.295191468037251159e+00 1.151953387740765722e+00 -5.104013805233353906e-02 -1.387767367024190790e-01 2.114454812741915213e-01
-5.618338198634429403e-01 -2.287827194634061811e+00 1.152706681563463009e+00 -4.466714825186679505e-02 -1.351023623711187227e-01 2.049957600608016406e-01
-5.574036378564879435e-01 -2.280458154383448566e+00 1.153469199194986139e+00 -3.841761422678047211e-02 -1.314983213187375100e-01 1.985247687630099789e-01
-5.529774414258434856e-01 -2.273084353545930636e+00 1.154241117807227157e+00 -3.229189936454890386e-02 -1.279629726224973396e-01 1.920327268239294949e-01
-5.485553343222517864e-01 -2.265705797535498611e+00 1.155022616140223501e+00 -2.629033180675044434e-02 -1.244946603877075120e-01 1.855198545663418463e-01
-5.441374216119474472e-01 -2.258322490919099312e+00 1.155813874420219323e+00 -2.041320376155120186e-02 -1.210917144876555440e-01 1.789863731800902524e-01
-5.397238096904133364e-01 -2.250934437416711731e+00 1.156615074272729027e+00 -1.466077082596095593e-02 -1.177524513244820881e-01 1.724325047093861196e-01
-5.353146062955129736e-01 -2.243541639902032259e+00 1.157426398630462483e+00 -9.033251318444790456e-03 -1.144751746109653467e-01 1.658584720400322343e-01
-5.309099205199605542e-01 -2.236144100403799850e+00 1.158248031635976005e+00 -3.530825622438005240e-03 -1.112581761731252783e-01 1.592644988865672961e-01
-5.265098628230853173e-01 -2.228741820107779770e+00 1.159080158538912331e+00 1.846364458590876723e-03 -1.080997367735596626e-01 1.526508097793334295e-01
-5.221145450418465117e-01 -2.221334799359438783e+00 1.159922965587690147e+00 7.098216333986773208e-03 -1.049981269553832419e-01 1.460176300514724745e-01
-5.177240804010561082e-01 -2.213923037667329563e+00 1.160776639915497510e+00 1.222466724600002053e-02 -1.019516079066500325e-01 1.393651858258534992e-01
-5.133385835227619598e-01 -2.206506533707215834e+00 1.161641369420455039e+00 1.722569487656855358e-02 -9.895843234510337538e-02 1.326937040019364467e-01
-5.089581704347447833e-01 -2.199085285326962236e+00 1.162517342639806772e+00 2.210131794014591478e-02 -9.601684542308319692e-02 1.260034122425759406e-01
-5.045829585780816640e-01 -2.191659289552216006e+00 1.163404748618003248e+00 2.685159676203152657e-02 -9.312508565241106595e-02 1.192945389607697054e-01
-5.002130668137256819e-01 -2.184228542592907552e+00 1.164303776768529586e+00 3.147663384159704592e-02 -9.028138584904077391e-02 1.125673133063551101e-01
-4.958486154280883351e-01 -2.176793039850764888e+00 1.165214616729396413e+00 3.597657439920842748e-02 -8.748397409726216267e-02 1.058219651526563221e-01
-4.914897261374981952e-01 -2.169352775927531951e+00 1.166137458212104461e+00 4.035160690728600841e-02 -8.473107473321928040e-02 9.905872508308968816e-02
-4.871365220915191419e-01 -2.161907744634081752e+00 1.167072490843945820e+00 4.460196360443635655e-02 -8.202090934747729989e-02 9.227782437773048019e-02
-4.827891278750726656e-01 -2.154457939000456790e+00 1.168019904003505083e+00 4.872792099210299099e-02 -7.935169780636908143e-02 8.547949499984751343e-02
-4.784476695093091703e-01 -2.147003351286857598e+00 1.168979886649224698e+00 5.272980031306628845e-02 -7.672165929183094590e-02 7.866396958240978732e-02
-4.741122744511705456e-01 -2.139543972995612720e+00 1.169952627140904866e+00 5.660796801120060451e-02 -7.412901335941857184e-02 7.183148141457040836e-02
-4.697830715915833899e-01 -2.132079794884151003e+00 1.170938313054004976e+00 6.036283617197790718e-02 -7.157198101416462066e-02 6.498226442813276327e-02
-4.654601912522253748e-01 -2.124610806979004618e+00 1.171937130986618669e+00 6.399486294304734812e-02 -6.904878580393969401e-02 5.811655318400438253e-02
-4.611437651807996918e-01 -2.117136998590869457e+00 1.172949266358994658e+00 6.750455293441603999e-02 -6.655765492993648280e-02 5.123458285864280343e-02
-4.568339265447585174e-01 -2.109658358330748662e+00 1.173974903205478926e+00 7.089245759768258992e-02 -6.409682037390496134e-02 4.433658923049937917e-02
-4.525308099234068848e-01 -2.102174874127203719e+00 1.175014223958756654e+00 7.415917558358797734e-02 -6.166452004172917611e-02 3.742280866646723742e-02
-4.482345512983243463e-01 -2.094686533244738413e+00 1.176067409226277727e+00 7.730535307750496798e-02 -5.925899892292996185e-02 3.049347810833824557e-02
-4.439452880420369230e-01 -2.087193322303341425e+00 1.177134637558748143e+00 8.033168411227897820e-02 -5.687851026564771928e-02 2.354883505927424930e-02
-4.396631589048687339e-01 -2.079695227299208860e+00 1.178216085210575859e+00 8.323891085779644428e-02 -5.452131676665228355e-02 1.658911757029941231e-02
-4.353883039999069116e-01 -2.072192233626674263e+00 1.179311925892164048e+00 8.602782388684815373e-02 -5.218569177590293151e-02 9.614564226818670539e-03
-4.311208648152020650e-01 -2.064684326178417795e+00 1.180422330518583474e+00 8.869926441329534228e-02 -4.986992047412730500e-02 2.625414134790934016e-03
-4.268609842106818597e-01 -2.057171489412987331e+00 1.181547466952558523e+00 9.125412565008605981e-02 -4.757230114555000000e-02 -4.378093093244114255e-03
-4.226088064078379336e-01 -2.049653707410540537e+00 1.182687499740928239e+00 9.369335384701926728e-02 -4.529114650626020477e-02 -1.139571735220785802e-02
-4.183644769685341824e-01 -2.042130963906950480e+00 1.183842589842987625e+00 9.601794848950717665e-02 -4.302478507237861294e-02 -1.842721805844343280e-02
-4.141281427686727135e-01 -2.034603242321381789e+00 1.185012894350083279e+00 9.822896218874044294e-02 -4.077156253889491211e-02 -2.547235416354137749e-02
-4.098999519695780691e-01 -2.027070525785156008e+00 1.186198566196388748e+00 1.003275005431527589e-01 -3.852984316164587142e-02 -3.253088416802476374e-02
-4.056800539870202282e-01 -2.019532797171931460e+00 1.187399753860783003e+00 1.023147219710258682e-01 -3.629801114173769605e-02 -3.960256613488804395e-02
-4.014685994577946726e-01 -2.011990039129209595e+00 1.188616601059767408e+00 1.041918375139925246e-01 -3.407447201170477058e-02 -4.668715770298506595e-02
-3.972657402037809149e-01 -2.004442234111185162e+00 1.189849246431367691e+00 1.059601106112881830e-01 -3.185765402270490654e-02 -5.378441610026054448e-02
-3.930716291964071463e-01 -1.996889364421277069e+00 1.191097823210570672e+00 1.076208571316188412e-01 -2.964600954511098507e-02 -6.089409815685961624e-02
-3.888864205153670373e-01 -1.989331412247679065e+00 1.192362458895639632e+00 1.091754450704622847e-01 -2.743801646270505046e-02 -6.801596031806672604e-02
-3.847102693045683086e-01 -1.981768359700293303e+00 1.193643274905278107e+00 1.106252942176175758e-01 -2.523217956513956750e-02 -7.514975865706750857e-02
-3.805433317252266967e-01 -1.974200188849055682e+00 1.194940386226610807e+00 1.119718757946848164e-01 -2.302703193790645031e-02 -8.229524888752938472e-02
-3.763857649075725842e-01 -1.966626881767969071e+00 1.196253901054277868e+00 1.132167122312455199e-01 -2.082113636176519123e-02 -8.945218637601874689e-02
-3.722377268979535359e-01 -1.959048420576219751e+00 1.197583920420316472e+00 1.143613767312272600e-01 -1.861308669936700966e-02 -9.662032615422389004e-02
-3.680993766028264336e-01 -1.951464787480702512e+00 1.198930537814835828e+00 1.154074928092221342e-01 -1.640150927677641590e-02 -1.037994229309787131e-01
-3.639708737295517249e-01 -1.943875964819960167e+00 1.200293838797495072e+00 1.163567337988204997e-01 -1.418506425934573656e-02 -1.109892311040824864e-01
-3.598523787239005234e-01 -1.936281935109536612e+00 1.201673900599810496e+00 1.172108223288943485e-01 -1.196244702081283862e-02 -1.181895047719109804e-01
-3.557440527041890732e-01 -1.928682681088742967e+00 1.203070791718321875e+00 1.179715297700072441e-01 -9.732389505032301713e-03 -1.253999977448132519e-01
-3.516460573919495403e-01 -1.921078185768832824e+00 1.204484571498667833e+00 1.186406756509290616e-01 -7.493661579561106123e-03 -1.326204635562893697e-01
-3.475585550390491996e-01 -1.913468432482580805e+00 1.205915289710628224e+00 1.192201270453847606e-01 -5.245072380350990215e-03 -1.398506554739448737e-01
-3.434817083511709779e-01 -1.905853404935255124e+00 1.207362986114202785e+00 1.197117979291881795e-01 -2.985471646784532140e-03 -1.470903265102173063e-01
-3.394156804075645351e-01 -1.898233087256975260e+00 1.208827690016814005e+00 1.201176485078554457e-01 -7.137510462982277204e-04 -1.543392294328695680e-01
-3.353606345769808428e-01 -1.890607464056438314e+00 1.210309419821729904e+00 1.204396845148805184e-01 1.571154512164163464e-03 -1.615971167752462967e-01
-3.313167344297027750e-01 -1.882976520476002946e+00 1.211808182567822634e+00 1.206799564808851422e-01 3.870265576615850023e-03 -1.688637408462884126e-01
-3.272841436455835584e-01 -1.875340242248106915e+00 1.213323973460790572e+00 1.208405589738017483e-01 6.184556863168211294e-03 -1.761388537403016374e-01
-3.232630259180058196e-01 -1.867698615753000002e+00 1.214856775395990018e+00 1.209236298102971396e-01 8.514955980588823081e-03 -1.834222073464751857e-01
-3.192535448536779619e-01 -1.860051628077767916e+00 1.216406558473031474e+00 1.209313492387731337e-01 1.086234216901704741e-02 -1.907135533581454656e-01
-3.152558638681790537e-01 -1.852399267076618727e+00 1.217973279502325257e+00 1.208659390941568823e-01 1.322754505357437438e-02 -1.980126432818019866e-01
-3.112701460771725159e-01 -1.844741521432402998e+00 1.219556881503766954e+00 1.207296619247677505e-01 1.561134341359959876e-02 -2.053192284458306149e-01
-3.072965541832042291e-01 -1.837078380719335158e+00 1.221157293197777438e+00 1.205248200915582935e-01 1.801446396824513130e-02 -2.126330600089902101e-01
-3.033352503580042381e-01 -1.829409835466879741e+00 1.222774428488931475e+00 1.202537548401108047e-01 2.043758017913166469e-02 -2.199538889686197540e-01
-2.993863961202143376e-01 -1.821735877224762934e+00 1.224408185942425176e+00 1.199188453457020742e-01 2.288131107079038884e-02 -2.272814661685714221e-01
-2.954501522084638232e-01 -1.814056498629069925e+00 1.226058448253655397e+00 1.195225077318400331e-01 2.534622006958375806e-02 -2.346155423068668477e-01
-2.915266784497188013e-01 -1.806371693469379647e+00 1.227725081711202204e+00 1.190671940626577552e-01 2.783281386179581318e-02 -2.419558679430723891e-01
-2.876161336228344467e-01 -1.798681456756893393e+00 1.229407935653535233e+00 1.185553913095511724e-01 3.034154127159283121e-02 -2.493021935053903737e-01
-2.837186753172378229e-01 -1.790985784793505342e+00 1.231106841919775929e+00 1.179896202925050375e-01 3.287279215952132461e-02 -2.566542692974633777e-01
-2.798344597866782024e-01 -1.783284675241757267e+00 1.232821614294881796e+00 1.173724345965974081e-01 3.542689634219975403e-02 -2.640118455048877655e-01
-2.759636417979798306e-01 -1.775578127195626355e+00 1.234552047949633691e+00 1.167064194641347363e-01 3.800412253386387107e-02 -2.713746722014341861e-01
-2.721063744747380664e-01 -1.767866141252083523e+00 1.236297918875840285e+00 1.159941906629149422e-01 4.060467731040251493e-02 -2.787424993549724728e-01
-2.682628091359027245e-01 -1.760148719583360499e+00 1.238058983317191775e+00 1.152383933311331710e-01 4.322870409652157520e-02 -2.861150768330965599e-01
-2.644330951291991028e-01 -1.752425866009859501e+00 1.239834977196228039e+00 1.144417007994884550e-01 4.587628217663564101e-02 -2.934921544084487244e-01
-2.606173796598110215e-01 -1.744697586075163898e+00 1.241625615538022087e+00 1.136068134032814925e-01 4.854742572685211144e-02 -3.008734817637391812e-01
-2.568158076133264522e-01 -1.736963887120021255e+00 1.243430591890982040e+00 1.127364572560662914e-01 5.124208287612930235e-02 -3.082588084964588138e-01
-2.530285213733929339e-01 -1.729224778356764691e+00 1.245249577745321412e+00 1.118333830022346653e-01 5.396013479310735050e-02 -3.156478841232833177e-01
-2.492556606342326564e-01 -1.721480270944670821e+00 1.247082221949824099e+00 1.109003645668855675e-01 5.670139479354041612e-02 -3.230404580841692019e-01
-2.454973622076270789e-01 -1.713730378065014825e+00 1.248928150127457393e+00 1.099401978650820233e-01 5.946560748055773615e-02 -3.304362797461367074e-01
-2.417537598245380615e-01 -1.705975114996321818e+00 1.250786964090480957e+00 1.089556994919682609e-01 6.225244791232054098e-02 -3.378350984067375884e-01
-2.380249839313519633e-01 -1.698214499189741655e+00 1.252658241255722560e+00 1.079497053944264984e-01 6.506152079758464879e-02 -3.452366632972061478e-01
-2.343111614807409371e-01 -1.690448550344457956e+00 1.254541534060723107e+00 1.069250695249617245e-01 6.789235971964568961e-02 -3.526407235852917488e-01
-2.306124157171447475e-01 -1.682677290483051813e+00 1.256436369381497720e+00 1.058846624784628432e-01 7.074442638917233239e-02 -3.600470283777719716e-01
-2.269288659568822197e-01 -1.674900744026730948e+00 1.258342247952686233e+00 1.048313701126257769e-01 7.361710992634140638e-02 -3.674553267226441933e-01
-2.232606273629100802e-01 -1.667118937870340822e+00 1.260258643790909794e+00 1.037680921527184275e-01 7.650972617273321674e-02 -3.748653676109954258e-01
-2.196078107142596103e-01 -1.659331901457071101e+00 1.262185003622180890e+00 1.026977407814304577e-01 7.942151703340893931e-02 -3.822768999785486344e-01
-2.159705221701833100e-01 -1.651539666852767319e+00 1.264120746314257415e+00 1.016232392145517416e-01 8.235164984955822831e-02 -3.896896727068853705e-01
-2.123488630290624180e-01 -1.643742268819763375e+00 1.266065262314871820e+00 1.005475202632593046e-01 8.529921680210339474e-02 -3.971034346243430546e-01
-2.087429294821279147e-01 -1.635939744890146930e+00 1.268017913096803007e+00 9.947352488379879176e-02 8.826323434660654499e-02 -4.045179345065877952e-01
-2.051528123620660615e-01 -1.628132135438370209e+00 1.269978030610802833e+00 9.840420071529187851e-02 9.124264267984472099e-02 -4.119329210768611915e-01
-2.015785968865839717e-01 -1.620319483753122292e+00 1.271944916747433041e+00 9.734250060655558201e-02 9.423630523833548267e-02 -4.193481430059009529e-01
-1.980203623970282489e-01 -1.612501836108378495e+00 1.273917842808906409e+00 9.629138113267865506e-02 9.724300822913622966e-02 -4.267633489115355561e-01
-1.944781820921581694e-01 -1.604679241833542491e+00 1.275896048992076315e+00 9.525380110220149632e-02 1.002614601931774985e-01 -4.341782873579524415e-01
-1.909521227571890911e-01 -1.596851753382604766e+00 1.277878743883764212e+00 9.423272005570559884e-02 1.032902916014055705e-01 -4.415927068546405265e-01
-1.874422444882355432e-01 -1.589019426402236590e+00 1.279865103969660689e+00 9.323109675672025531e-02 1.063280544839209085e-01 -4.490063558550067557e-01
-1.839486004122965479e-01 -1.581182319798745795e+00 1.281854273158082869e+00 9.225188767575254190e-02 1.093732220923504528e-01 -4.564189827546673572e-01
-1.804712364029417149e-01 -1.573340495803824624e+00 1.283845362319924188e+00 9.129804546828301781e-02 1.124241885956402953e-01 -4.638303358894143025e-01
-1.770101907918693041e-01 -1.565494020039019496e+00 1.285837448846177233e+00 9.037251744762020422e-02 1.154792688094223863e-01 -4.712401635328581362e-01
-1.735654940765263277e-01 -1.557642961578861840e+00 1.287829576224469363e+00 8.947824405345494725e-02 1.185366979591071512e-01 -4.786482138937471209e-01
-1.701371686239927516e-01 -1.549787393012604042e+00 1.289820753636097272e+00 8.861815731702504806e-02 1.215946314768041603e-01 -4.860542351129646388e-01
-1.667252283714606431e-01 -1.541927390504880258e+00 1.291809955575125013e+00 8.779517931810953968e-02 1.246511448352745077e-01 -4.934579752602051284e-01
-1.633296785233302462e-01 -1.534063033854498492e+00 1.293796121491123552e+00 8.701222064485136798e-02 1.277042334136302415e-01 -5.008591823303299995e-01
-1.599505152452904699e-01 -1.526194406551691696e+00 1.295778155457214309e+00 8.627217885291837973e-02 1.307518123970980994e-01 -5.082576042394054694e-01
-1.565877253556595683e-01 -1.518321595833799442e+00 1.297754925865125308e+00 8.557793692484416681e-02 1.337917167108901850e-01 -5.156529888204236522e-01
-1.532412860142808864e-01 -1.510444692739349115e+00 1.299725265149040743e+00 8.493236173048046567e-02 1.368217009881655954e-01 -5.230450838187077345e-01
-1.499111644093698015e-01 -1.502563792160850564e+00 1.301687969540109346e+00 8.433830247749218856e-02 1.398394395790614197e-01 -5.304336368870038454e-01
-1.465973174424870518e-01 -1.494678992895635883e+00 1.303641798853476974e+00 8.379858917591098688e-02 1.428425265876880346e-01 -5.378183955802605665e-01
-1.432996914120763243e-01 -1.486790397695066712e+00 1.305585476309814918e+00 8.331603110652929800e-02 1.458284759430981126e-01 -5.451991073500994656e-01
-1.400182216959491299e-01 -1.478898113312121065e+00 1.307517688393373678e+00 8.289341529406435427e-02 1.487947215041165450e-01 -5.525755195389788765e-01
-1.367528324331179768e-01 -1.471002250547365442e+00 1.309437084748660718e+00 8.253350498600653395e-02 1.517386171978918341e-01 -5.599473793740514793e-01
-1.335034362054052792e-01 -1.463102924293348206e+00 1.311342278117912263e+00 8.223903813804689378e-02 1.546574371920375057e-01 -5.673144339607205655e-01
-1.302699337192791962e-01 -1.455200253577438652e+00 1.313231844321599784e+00 8.201272590701202958e-02 1.575483761001628125e-01 -5.746764302758960996e-01
