-1.033012457881778146e-01 9.233223249634621155e-01 -1.419385371226637993e+00 2.152744723464419113e-02 -8.667987079933858752e-01 1.668745010719641986e+00
-1.033012457881778146e-01 9.233223249634621155e-01 -1.419385371226637993e+00 2.152744723464419113e-02 -8.667987079933858752e-01 1.668745010719641986e+00
-1.033711297630169751e-01 9.234111951792717266e-01 -1.623891921555069784e+00 2.152267281674557706e-02 -8.667344325714053666e-01 1.668632861665013456e+00
-1.034568721030738186e-01 9.235689823937721643e-01 -1.848372644489568062e+00 2.151326175757860629e-02 -8.666066302228965235e-01 1.668409629376561565e+00
-1.035230135957191655e-01 9.237892532772766785e-01 -2.017424711401515136e+00 2.149937255063728500e-02 -8.664160460663546948e-01 1.668076377534719823e+00
-1.035598565621767553e-01 9.240646535679172269e-01 -2.118074904859819974e+00 2.148118364290372076e-02 -8.661634218965675869e-01 1.667634167686722346e+00
-1.035739942630946181e-01 9.243910702793945999e-01 -2.164602787426805452e+00 2.145889268279554604e-02 -8.658494962476254164e-01 1.667084059252952333e+00
-1.035778586242193655e-01 9.247678124996435711e-01 -2.177589829351957995e+00 2.143271577935875957e-02 -8.654750044648713558e-01 1.666427109532480966e+00
-1.035829366974477250e-01 9.251953291986300121e-01 -2.174226988522578008e+00 2.140288677262281586e-02 -8.650406787850147827e-01 1.665664373707806734e+00
-1.035969356642400946e-01 9.256737900561317067e-01 -2.165600002288408543e+00 2.136965651502871835e-02 -8.645472484236412791e-01 1.664796904848807158e+00
-1.036235964457636605e-01 9.262028967014411807e-01 -2.157375540994181939e+00 2.133329216383648280e-02 -8.639954396693905192e-01 1.663825753915909589e+00
-1.036637739576795475e-01 9.267821363005114277e-01 -2.151581105714724274e+00 2.129407648441601283e-02 -8.633859759841071568e-01 1.662751969762497950e+00
-1.037167706130703443e-01 9.274109778279547855e-01 -2.148299172265874635e+00 2.125230716432066624e-02 -8.627195781082783732e-01 1.661576599136560750e+00
-1.037813846045688715e-01 9.280889292538259117e-01 -2.146853558814680873e+00 2.120829613804327968e-02 -8.619969641711269226e-01 1.660300686681594140e+00
-1.038565215286256643e-01 9.288155249700024152e-01 -2.146470902630696731e+00 2.116236892235038788e-02 -8.612188498047185226e-01 1.658925274936766225e+00
-1.039414356052384691e-01 9.295903028506545818e-01 -2.146558059984773337e+00 2.111486396209003025e-02 -8.603859482614926169e-01 1.657451404336354628e+00
-1.040357394566244487e-01 9.304127918459733637e-01 -2.146756446137714658e+00 2.106613198636883219e-02 -8.594989705346703923e-01 1.655880113208462845e+00
-1.041393102345358895e-01 9.312825099560940734e-01 -2.146896785670335817e+00 2.101653537499359806e-02 -8.585586254809538520e-01 1.654212437773027844e+00
-1.042521771173604422e-01 9.321989673178279201e-01 -2.146928899406335578e+00 2.096644753507345346e-02 -8.575656199450271133e-01 1.652449412139120000e+00
-1.043744320408266230e-01 9.331616703103298160e-01 -2.146861747304040779e+00 2.091625228767710065e-02 -8.565206588853477854e-01 1.650592068301560245e+00
-1.045061750118706362e-01 9.341701246939294601e-01 -2.146724166622555163e+00 2.086634326444305673e-02 -8.554244455007118386e-01 1.648641436136840221e+00
-1.046474891354663012e-01 9.352238372752852413e-01 -2.146544447639136877e+00 2.081712331405062219e-02 -8.542776813572681149e-01 1.646598543398387848e+00
-1.047984350069423864e-01 9.363223163459433174e-01 -2.146342761255136899e+00 2.076900391844123048e-02 -8.530810665154489048e-01 1.644464415711148098e+00
-1.049590547396214574e-01 9.374650713881914621e-01 -2.146130570983445285e+00 2.072240461869525111e-02 -8.518352996564132473e-01 1.642240076565501417e+00
-1.051293788907967791e-01 9.386516125019341850e-01 -2.145912851923501119e+00 2.067775245047108815e-02 -8.505410782076254783e-01 1.639926547310539107e+00
-1.053094326825492200e-01 9.398814498500638326e-01 -2.145690749677166664e+00 2.063548138891215661e-02 -8.491990984671845544e-01 1.637524847146673679e+00
-1.054992402199621815e-01 9.411540932579832708e-01 -2.145463660406715878e+00 2.059603180293361271e-02 -8.478100557266632364e-01 1.635035993117630593e+00
-1.056988267238266888e-01 9.424690519879074246e-01 -2.145230508730843422e+00 2.055984991880036375e-02 -8.463746443919573093e-01 1.632461000101794069e+00
-1.059082193318226506e-01 9.438258346496589679e-01 -2.144990363766718477e+00 2.052738729290931943e-02 -8.448935581020718955e-01 1.629800880802939833e+00
-1.061274470891216543e-01 9.452239491936591520e-01 -2.144742631879701822e+00 2.049910029369100134e-02 -8.433674898452608870e-01 1.627056645740345253e+00
-1.063565406049992862e-01 9.466629029397112260e-01 -2.144487035079096771e+00 2.047544959255612890e-02 -8.417971320725375906e-01 1.624229303238299060e+00
-1.065955316613585030e-01 9.481422026115244872e-01 -2.144223514281586862e+00 2.045689966379893657e-02 -8.401831768080652019e-01 1.621319859414966480e+00
-1.068444529025248252e-01 9.496613543622950404e-01 -2.143952131240821846e+00 2.044391829338517916e-02 -8.385263157563391800e-01 1.618329318170681486e+00
-1.071033376363993150e-01 9.512198637873918727e-01 -2.143672997482637399e+00 2.043697609656539016e-02 -8.368272404060171921e-01 1.615258681175673949e+00
-1.073722197285469637e-01 9.528172359259201585e-01 -2.143386233416600284e+00 2.043654604422484936e-02 -8.350866421300034981e-01 1.612108947857165742e+00
-1.076511335563330313e-01 9.544529752548580603e-01 -2.143091950395479284e+00 2.044310299791265995e-02 -8.333052122816636542e-01 1.608881115385909277e+00
-1.079401139933522380e-01 9.561265856793822460e-01 -2.142790246485940742e+00 2.045712325347650434e-02 -8.314836422872146082e-01 1.605576178662165399e+00
-1.082391964040457788e-01 9.578375705218895586e-01 -2.142481208612156074e+00 2.047908409324756054e-02 -8.296226237337929188e-01 1.602195130301084403e+00
-1.085484166377415904e-01 9.595854325111089489e-01 -2.142164916534985419e+00 2.050946334670883039e-02 -8.277228484533181163e-01 1.598738960617554161e+00
-1.088678110180550107e-01 9.613696737718849805e-01 -2.141841446389864512e+00 2.054873895959048041e-02 -8.257850086018976299e-01 1.595208657610474035e+00
-1.091974163274563453e-01 9.631897958156530049e-01 -2.141510873040471274e+00 2.059738857132871817e-02 -8.238097967347591810e-01 1.591605206946490769e+00
-1.095372697883636171e-01 9.650452995314611204e-01 -2.141173271335219841e+00 2.065588910084061036e-02 -8.217979058763125177e-01 1.587929591943169072e+00
-1.098874090423817840e-01 9.669356851772956674e-01 -2.140828716576387514e+00 2.072471634054747630e-02 -8.197500295858040076e-01 1.584182793551633939e+00
-1.102478721289424091e-01 9.688604523715494965e-01 -2.140477284570863503e+00 2.080434455861098625e-02 -8.176668620182020453e-01 1.580365790338697174e+00
-1.106186974641098220e-01 9.708191000845332042e-01 -2.140119051507938241e+00 2.089524610931124335e-02 -8.155490979801821583e-01 1.576479558468456776e+00
-1.109999238198680210e-01 9.728111266299739324e-01 -2.139754093780326549e+00 2.099789105151267030e-02 -8.133974329812223569e-01 1.572525071683362530e+00
-1.113915903040614830e-01 9.748360296565028449e-01 -2.139382487861429816e+00 2.111274677518733614e-02 -8.112125632799769281e-01 1.568503301284758678e+00
-1.117937363408930546e-01 9.768933061391222861e-01 -2.139004310234144501e+00 2.124027763592799961e-02 -8.089951859256345745e-01 1.564415216112940099e+00
-1.122064016519156160e-01 9.789824523706724957e-01 -2.138619637347851654e+00 2.138094459741928313e-02 -8.067459987940016619e-01 1.560261782526600305e+00
-1.126296262374409662e-01 9.811029639533344060e-01 -2.138228545604955233e+00 2.153520488179519812e-02 -8.044657006191746618e-01 1.556043964381930378e+00
-1.130634503583153594e-01 9.832543357901849523e-01 -2.137831111329101752e+00 2.170351162785575175e-02 -8.021549910197336430e-01 1.551762723011172795e+00
-1.135079145180952764e-01 9.854360620767773637e-01 -2.137427410788677040e+00 2.188631355709216159e-02 -7.998145705204213751e-01 1.547419017200694302e+00
-1.139630594454991153e-01 9.876476362928081620e-01 -2.137017520195644060e+00 2.208405464743036853e-02 -7.974451405688049999e-01 1.543013803168520104e+00
-1.144289260771761962e-01 9.898885511938400050e-01 -2.136601515697404086e+00 2.229717381469053725e-02 -7.950474035472987477e-01 1.538548034541509679e+00
-1.149055555408331070e-01 9.921582988030882566e-01 -2.136179473374979487e+00 2.252610460169901171e-02 -7.926220627803416408e-01 1.534022662331956388e+00
-1.153929891386945017e-01 9.944563704032575169e-01 -2.135751469221694787e+00 2.277127487499915753e-02 -7.901698225365476613e-01 1.529438634913782069e+00
-1.158912683312836173e-01 9.967822565285042735e-01 -2.135317579154825118e+00 2.303310652909476217e-02 -7.876913880265880019e-01 1.524796897998272449e+00
-1.164004347215132629e-01 9.991354469564747154e-01 -2.134877878990699696e+00 2.331201519820211288e-02 -7.851874653959836081e-01 1.520098394609324277e+00
-1.169205300391264052e-01 1.001515430700424369e+00 -2.134432444459237299e+00 2.360840997542972691e-02 -7.826587617136417929e-01 1.515344065058282563e+00
-1.174515961254167656e-01 1.003921696001440989e+00 -2.133981351206902577e+00 2.392269313937239045e-02 -7.801059849556387649e-01 1.510534846918362817e+00
-1.179936749182458056e-01 1.006353730320763917e+00 -2.133524674769735174e+00 2.425525988797844895e-02 -7.775298439851670018e-01 1.505671674998544152e+00
-1.185468084374081410e-01 1.008811020332226693e+00 -2.133062490588890636e+00 2.460649807970918812e-02 -7.749310485277522975e-01 1.500755481317087137e+00
-1.191110387702833118e-01 1.011293051914791574e+00 -2.132594873969259730e+00 2.497678798188289126e-02 -7.723103091428363820e-01 1.495787195074673059e+00
-1.196864080578289996e-01 1.013799310145234944e+00 -2.132121900082454946e+00 2.536650202624217768e-02 -7.696683371901320569e-01 1.490767742627055803e+00
-1.202729584808558960e-01 1.016329279290943743e+00 -2.131643643975522640e+00 2.577600457155098529e-02 -7.670058447928157497e-01 1.485698047457333137e+00
-1.208707322465991107e-01 1.018882442802829580e+00 -2.131160180590404352e+00 2.620565167320111633e-02 -7.643235447968266261e-01 1.480579030147823216e+00
-1.214797715754984964e-01 1.021458283308432247e+00 -2.130671584716258060e+00 2.665579085977571802e-02 -7.616221507262496138e-01 1.475411608351594017e+00
-1.221001186883733935e-01 1.024056282605110280e+00 -2.130177931024173077e+00 2.712676091651533561e-02 -7.589023767350177030e-01 1.470196696763563127e+00
-1.227318157937749565e-01 1.026675921653464219e+00 -2.129679294023826497e+00 2.761889167561521613e-02 -7.561649375549890362e-01 1.464935207091239144e+00
-1.233749050757365212e-01 1.029316680570828257e+00 -2.129175748044497496e+00 2.813250381327554381e-02 -7.534105484401549813e-01 1.459628048025028102e+00
-1.240294286818084402e-01 1.031978038624928207e+00 -2.128667367283579637e+00 2.866790865340345176e-02 -7.506399251080884127e-01 1.454276125208218140e+00
-1.246954287112380516e-01 1.034659474227774822e+00 -2.128154225779362196e+00 2.922540797783918995e-02 -7.478537836785683623e-01 1.448880341206556066e+00
-1.253729472034831594e-01 1.037360464929679926e+00 -2.127636397413271929e+00 2.980529384319061462e-02 -7.450528406084769850e-01 1.443441595477624295e+00
-1.260620261269899400e-01 1.040080487413452826e+00 -2.127113955873334739e+00 3.040784840409242046e-02 -7.422378126239517204e-01 1.437960784339691545e+00
-1.267627073683136874e-01 1.042819017488744615e+00 -2.126586974676013764e+00 3.103334374283685249e-02 -7.394094166494873388e-01 1.432438800940385892e+00
-1.274750327214091150e-01 1.045575530086603200e+00 -2.126055527158896563e+00 3.168204170515637186e-02 -7.365683697351566028e-01 1.426876535224919307e+00
-1.281990438771939966e-01 1.048349499254246808e+00 -2.125519686487878701e+00 3.235419374231759959e-02 -7.337153889803257334e-01 1.421274873903973335e+00
-1.289347824133066367e-01 1.051140398150049116e+00 -2.124979525663416524e+00 3.305004075916777306e-02 -7.308511914559538969e-01 1.415634700421376957e+00
-1.296822897841256594e-01 1.053947699038694452e+00 -2.124435117438338239e+00 3.376981296837084506e-02 -7.279764941234561082e-01 1.409956894921420734e+00
-1.304416073112128205e-01 1.056770873286515311e+00 -2.123886534387117830e+00 3.451372975032421242e-02 -7.250920137526144504e-01 1.404242334215857202e+00
-1.312127761738522691e-01 1.059609391357072328e+00 -2.123333848879428665e+00 3.528199951898688957e-02 -7.221984668369951788e-01 1.398491891750746063e+00
-1.319958373998555978e-01 1.062462722806930771e+00 -2.122777133125969051e+00 3.607481959347892675e-02 -7.192965695071409371e-01 1.392706437572812872e+00
-1.327908318564582635e-01 1.065330336281738122e+00 -2.122216459110406461e+00 3.689237607525890084e-02 -7.163870374421854592e-01 1.386886838295516178e+00
-1.335978002416314536e-01 1.068211699512472412e+00 -2.121651898589648866e+00 3.773484373085528309e-02 -7.134705857796806994e-01 1.381033957065052054e+00
-1.344167830756051452e-01 1.071106279311895948e+00 -2.121083523104023261e+00 3.860238588006807692e-02 -7.105479290237323164e-01 1.375148653525945397e+00
-1.352478206925936954e-01 1.074013541571283037e+00 -2.120511403982139775e+00 3.949515428941764716e-02 -7.076197809520378135e-01 1.369231783786521106e+00
-1.360909532327094495e-01 1.076932951257400406e+00 -2.119935612358101462e+00 4.041328907080720539e-02 -7.046868545217596091e-01 1.363284200383945821e+00
-1.369462206340168464e-01 1.079863972409769834e+00 -2.119356219111829809e+00 4.135691858543781574e-02 -7.017498617737090161e-01 1.357306752249239246e+00
-1.378136626250069385e-01 1.082806068138066680e+00 -2.118773294882087210e+00 4.232615935259004258e-02 -6.988095137358412146e-01 1.351300284671966834e+00
-1.386933187171713322e-01 1.085758700619881889e+00 -2.118186910078891039e+00 4.332111596333962367e-02 -6.958665203257807796e-01 1.345265639264773938e+00
-1.395852281977998655e-01 1.088721331098667866e+00 -2.117597134896042288e+00 4.434188099916365478e-02 -6.929215902522968262e-01 1.339203653927591331e+00
-1.404894301228937770e-01 1.091693419882018290e+00 -2.117004039279692940e+00 4.538853495522168768e-02 -6.899754309160580634e-01 1.333115162811773002e+00
-1.414059633104153557e-01 1.094674426340186857e+00 -2.116407692956951525e+00 4.646114616804859071e-02 -6.870287483104868809e-01 1.327000996283868473e+00
-1.423348663336219677e-01 1.097663808904907778e+00 -2.115808165388431306e+00 4.755977074797751447e-02 -6.840822469211044199e-01 1.320861980889371345e+00
-1.432761775147013694e-01 1.100661025068467636e+00 -2.115205525793940389e+00 4.868445251582509403e-02 -6.811366296248348995e-01 1.314698939316396142e+00
-1.442299349185300616e-01 1.103665531383102305e+00 -2.114599843149572944e+00 4.983522294393792629e-02 -6.781925975885527702e-01 1.308512690358825559e+00
-1.451961763466327049e-01 1.106676783460634805e+00 -2.113991186177757609e+00 5.101210110131871450e-02 -6.752508501680007935e-01 1.302304048879533882e+00
-1.461749393313642176e-01 1.109694235972404019e+00 -2.113379623321857359e+00 5.221509360287051454e-02 -6.723120848062552612e-01 1.296073825773641497e+00
-1.471662611303302115e-01 1.112717342649502283e+00 -2.112765222770510931e+00 5.344419456260993823e-02 -6.693769969320719770e-01 1.289822827931455196e+00
-1.481701787209173116e-01 1.115745556283318285e+00 -2.112148052511369389e+00 5.469938555070582437e-02 -6.664462798581284320e-01 1.283551858201051221e+00
-1.491867287948455689e-01 1.118778328726447224e+00 -2.111528180274674149e+00 5.598063555434971972e-02 -6.635206246792867413e-01 1.277261715350984650e+00
-1.502159477530240761e-01 1.121815110893917833e+00 -2.110905673498273849e+00 5.728790094196888755e-02 -6.606007201719774624e-01 1.270953194032942601e+00
-1.512578717007065920e-01 1.124855352764605687e+00 -2.110280599353836717e+00 5.862112543111590995e-02 -6.576872526932948659e-01 1.264627084744420316e+00
-1.523125364427390660e-01 1.127898503383048645e+00 -2.109653024713185943e+00 5.998024005981241608e-02 -6.547809060803446712e-01 1.258284173790947591e+00
-1.533799774790441939e-01 1.130944010861562044e+00 -2.109023016192033140e+00 6.136516316137608645e-02 -6.518823615496190937e-01 1.251925243248475317e+00
-1.544602300001401141e-01 1.133991322382700506e+00 -2.108390640124207849e+00 6.277580034247583207e-02 -6.489922975967860053e-01 1.245551070925825066e+00
-1.555533288828588323e-01 1.137039884202055706e+00 -2.107755962577048781e+00 6.421204446429626400e-02 -6.461113898970907155e-01 1.239162430326945730e+00
-1.566593086862195783e-01 1.140089141651391191e+00 -2.107119049358797014e+00 6.567377562668445801e-02 -6.432403112065847584e-01 1.232760090612885717e+00
-1.577782036473988625e-01 1.143138539142104504e+00 -2.106479966039872753e+00 6.716086115551211932e-02 -6.403797312631844818e-01 1.226344816564018281e+00
-1.589100476778687598e-01 1.146187520169068552e+00 -2.105838777870733480e+00 6.867315559232138600e-02 -6.375303166900875285e-01 1.219917368541984182e+00
-1.600548743598499135e-01 1.149235527314794725e+00 -2.105195549827709289e+00 7.021050068716552794e-02 -6.346927308986463068e-01 1.213478502451946994e+00
-1.612127169427655660e-01 1.152282002253984583e+00 -2.104550346614307621e+00 7.177272539420857800e-02 -6.318676339918609663e-01 1.207028969704610155e+00
-1.623836083398708940e-01 1.155326385758378205e+00 -2.103903232640702115e+00 7.335964586982705871e-02 -6.290556826690735237e-01 1.200569517178277978e+00
-1.635675811250677514e-01 1.158368117701955136e+00 -2.103254272020522286e+00 7.497106547344478678e-02 -6.262575301307766740e-01 1.194100887181085646e+00
-1.647646675298811703e-01 1.161406637066553671e+00 -2.102603528584770398e+00 7.660677477026481275e-02 -6.234738259858557674e-01 1.187623817413085980e+00
-1.659748994404815492e-01 1.164441381947840082e+00 -2.101951065888332248e+00 7.826655153659889397e-02 -6.207052161590975725e-01 1.181139040928431250e+00
-1.671983083948835325e-01 1.167471789561639106e+00 -2.101296947204612575e+00 7.995016076804559169e-02 -6.179523427983419914e-01 1.174647286097589616e+00
-1.684349255802864431e-01 1.170497296250629038e+00 -2.100641235543946550e+00 8.165735468954016252e-02 -6.152158441833464053e-01 1.168149276569600659e+00
-1.696847818304957067e-01 1.173517337491452928e+00 -2.099983993590495146e+00 8.338787276717841979e-02 -6.124963546367314660e-01 1.161645731234446588e+00
-1.709479076236661843e-01 1.176531347902134872e+00 -2.099325283741824144e+00 8.514144172249393794e-02 -6.097945044349587507e-01 1.155137364185231164e+00
-1.722243330800006522e-01 1.179538761249931511e+00 -2.098665168119068891e+00 8.691777554834456687e-02 -6.071109197213666597e-01 1.148624884680849556e+00
-1.735140879595939989e-01 1.182539010459571660e+00 -2.098003708569041947e+00 8.871657552746106679e-02 -6.044462224188043020e-01 1.142108997108469248e+00
-1.748172016604024881e-01 1.185531527621849435e+00 -2.097340966595753642e+00 9.053753025267291532e-02 -6.018010301437017873e-01 1.135590400946191014e+00
-1.761337032165078975e-01 1.188515744002589303e+00 -2.096677003455846400e+00 9.238031564909571225e-02 -5.991759561212877117e-01 1.129069790725806044e+00
-1.774636212962290294e-01 1.191491090052129831e+00 -2.096011880059092114e+00 9.424459499761875247e-02 -5.965716091029649171e-01 1.122547855995877919e+00
-1.788069842006115295e-01 1.194456995415020817e+00 -2.095345657072074541e+00 9.613001896029915727e-02 -5.939885932844009009e-01 1.116025281284850124e+00
-1.801638198617924735e-01 1.197412888940345921e+00 -2.094678394866284599e+00 9.803622560788050055e-02 -5.914275082240172399e-01 1.109502746064015222e+00
-1.815341558415825285e-01 1.200358198692376366e+00 -2.094010153442290800e+00 9.996284044863679163e-02 -5.888889487633519604e-01 1.102980924710879496e+00
-1.829180193303894253e-01 1.203292351961399165e+00 -2.093340992573912818e+00 1.019094764589903446e-01 -5.863735049483537187e-01 1.096460486472805584e+00
-1.843154371458674001e-01 1.206214775275287199e+00 -2.092670971746258157e+00 1.038757341154080416e-01 -5.838817619525464853e-01 1.089942095430509683e+00
-1.857264357318186843e-01 1.209124894411284901e+00 -2.092000150153331184e+00 1.058612014279743663e-01 -5.814143000010900675e-01 1.083426410462052569e+00
-1.871510411572186172e-01 1.212022134408350826e+00 -2.091328586702018377e+00 1.078654539756151165e-01 -5.789716942957878754e-01 1.076914085206645666e+00
-1.885892791153409020e-01 1.214905919579796434e+00 -2.090656340000311975e+00 1.098880549422921460e-01 -5.765545149425168603e-01 1.070405768028991789e+00
-1.900411749231026848e-01 1.217775673526422464e+00 -2.089983468358191487e+00 1.119285551553512448e-01 -5.741633268785044653e-01 1.063902101983751569e+00
-1.915067535205005056e-01 1.220630819149984170e+00 -2.089310029770560462e+00 1.139864931256359959e-01 -5.717986898003544205e-01 1.057403724780185517e+00
-1.929860394700824433e-01 1.223470778667147929e+00 -2.088636081909776454e+00 1.160613950884679668e-01 -5.694611580944533014e-01 1.050911268747078076e+00
-1.944790569565867933e-01 1.226294973623823115e+00 -2.087961682157485122e+00 1.181527750455546033e-01 -5.671512807696508229e-01 1.044425360797993418e+00
-1.959858297866294841e-01 1.229102824909888092e+00 -2.087286887631248256e+00 1.202601348089837874e-01 -5.648696013898730772e-01 1.037946622396483276e+00
-1.975063813883727315e-01 1.231893752774545270e+00 -2.086611755151602132e+00 1.223829640469170088e-01 -5.626166580077611723e-01 1.031475669521912497e+00
-1.990407348114167085e-01 1.234667176841950376e+00 -2.085936341283563866e+00 1.245207403298931315e-01 -5.603929831006846385e-01 1.025013112635397405e+00
-2.005889127267330152e-01 1.237422516127363981e+00 -2.085260702275873346e+00 1.266729291787800638e-01 -5.581991035076987462e-01 1.018559556645910913e+00
-2.021509374267760895e-01 1.240159189053657629e+00 -2.084584894095348861e+00 1.288389841139933045e-01 -5.560355403682546438e-01 1.012115600876768884e+00
-2.037268308256578453e-01 1.242876613468301361e+00 -2.083908972401758319e+00 1.310183467060150042e-01 -5.539028090622020173e-01 1.005681839032222413e+00
-2.053166144594590348e-01 1.245574206660821082e+00 -2.083232992517130455e+00 1.332104466275293442e-01 -5.518014191507687460e-01 9.992588591646834884e-01
-2.069203094866204351e-01 1.248251385380544143e+00 -2.082557009532435721e+00 1.354147017067759140e-01 -5.497318743193823076e-01 9.928472436419538694e-01
-2.085379366882837426e-01 1.250907565854948000e+00 -2.081881078222738157e+00 1.376305179824473535e-01 -5.476946723215279089e-01 9.864475691149722225e-01
-2.101695164688833217e-01 1.253542163808448073e+00 -2.081205253088141305e+00 1.398572897596958853e-01 -5.456903049245260817e-01 9.800604064856682784e-01
-2.118150688567329576e-01 1.256154594481506681e+00 -2.080529588344080860e+00 1.420943996666883535e-01 -5.437192578578664559e-01 9.736863208754051868e-01
-2.134746135047820015e-01 1.258744272650295759e+00 -2.079854137892190202e+00 1.443412187140963032e-01 -5.417820107607079771e-01 9.673258715934940355e-01
-2.151481696914644970e-01 1.261310612646747487e+00 -2.079178955366492776e+00 1.465971063555042697e-01 -5.398790371316830594e-01 9.609796121064094754e-01
-2.168357563215510542e-01 1.263853028379129828e+00 -2.078504094138784897e+00 1.488614105492221951e-01 -5.380108042803191104e-01 9.546480900069186371e-01
-2.185373919270627296e-01 1.266370933353133665e+00 -2.077829607331845185e+00 1.511334678209059201e-01 -5.361777732808067354e-01 9.483318469838796227e-01
-2.202530946682469404e-01 1.268863740693314757e+00 -2.077155547690858306e+00 1.534126033284539947e-01 -5.343803989261810550e-01 9.420314187923329863e-01
-2.219828823349380142e-01 1.271330863164839009e+00 -2.076481967703663667e+00 1.556981309274539926e-01 -5.326191296853108881e-01 9.357473352239472630e-01
-2.237267723477623371e-01 1.273771713195866573e+00 -2.075808919588463031e+00 1.579893532390513056e-01 -5.308944076600415896e-01 9.294801200780267170e-01
-2.254847817594393677e-01 1.276185702900396235e+00 -2.075136455311740846e+00 1.602855617182912251e-01 -5.292066685456624509e-01 9.232302911328614803e-01
-2.272569272560956977e-01 1.278572244101658262e+00 -2.074464626560834635e+00 1.625860367240414828e-01 -5.275563415926519673e-01 9.169983601171932674e-01
-2.290432251587895263e-01 1.280930748355681770e+00 -2.073793484779314245e+00 1.648900475906591445e-01 -5.259438495698542937e-01 9.107848326824099505e-01
-2.308436914249619998e-01 1.283260626975592622e+00 -2.073123081103875887e+00 1.671968527017410056e-01 -5.243696087286657814e-01 9.045902083750212430e-01
-2.326583416502274460e-01 1.285561291056179334e+00 -2.072453466338499695e+00 1.695056995644667053e-01 -5.228340287701698230e-01 8.984149806094203772e-01
-2.344871910701816775e-01 1.287832151498854882e+00 -2.071784691051085314e+00 1.718158248863838333e-01 -5.213375128129483782e-01 8.922596366411447155e-01
-2.363302545621238926e-01 1.290072619037265111e+00 -2.071116805519401360e+00 1.741264546535362945e-01 -5.198804573630297909e-01 8.861246575407383252e-01
-2.381875466469647040e-01 1.292282104263240416e+00 -2.070449859807574455e+00 1.764368042108870882e-01 -5.184632522848096059e-01 8.800105181680558664e-01
-2.400590814910833204e-01 1.294460017653304096e+00 -2.069783903703919847e+00 1.787460783428791167e-01 -5.170862807757452551e-01 8.739176871466279861e-01
-2.419448729083962801e-01 1.296605769595582602e+00 -2.069118986722034759e+00 1.810534713561102182e-01 -5.157499193423206174e-01 8.678466268389769533e-01
-2.438449343625423704e-01 1.298718770417239377e+00 -2.068455158174320019e+00 1.833581671645377609e-01 -5.144545377769039751e-01 8.617977933220853926e-01
-2.457592789689899415e-01 1.300798430412425155e+00 -2.067792467039781812e+00 1.856593393750174681e-01 -5.132004991380700876e-01 8.557716363634562118e-01
-2.476879194974077603e-01 1.302844159870381269e+00 -2.067130962077894818e+00 1.879561513757848357e-01 -5.119881597316233712e-01 8.497685993973538299e-01
-2.496308683740084411e-01 1.304855369104249263e+00 -2.066470691737234411e+00 1.902477564268485466e-01 -5.108178690932931865e-01 8.437891195020527091e-01
-2.515881376840143346e-01 1.306831468480215142e+00 -2.065811704241314661e+00 1.925332977503333709e-01 -5.096899699755524926e-01 8.378336273771858078e-01
-2.535597391740856965e-01 1.308771868447194286e+00 -2.065154047561684081e+00 1.948119086238350173e-01 -5.086047983351444923e-01 8.319025473216155042e-01
-2.555456842549344021e-01 1.310675979566920279e+00 -2.064497769447893205e+00 1.970827124750356152e-01 -5.075626833232154134e-01 8.259962972114996971e-01
-2.575459840039909798e-01 1.312543212544666993e+00 -2.063842917344404171e+00 1.993448229790710791e-01 -5.065639472767181628e-01 8.201152884797292542e-01
-2.595606491681683448e-01 1.314372978260073488e+00 -2.063189538442561144e+00 2.015973441559612833e-01 -5.056089057136397003e-01 8.142599260948366613e-01
-2.615896901657083218e-01 1.316164687799129762e+00 -2.062537679689998793e+00 2.038393704673095996e-01 -5.046978673326436571e-01 8.084306085449803891e-01
-2.636331170890858777e-01 1.317917752486108984e+00 -2.061887387876773392e+00 2.060699869182330279e-01 -5.038311340117853643e-01 8.026277278184236197e-01
-2.656909397076614443e-01 1.319631583916433648e+00 -2.061238709531162172e+00 2.082882691616110560e-01 -5.030090008090225551e-01 7.968516693843730181e-01
-2.677631674707802167e-01 1.321305593989393845e+00 -2.060591690988282654e+00 2.104932836029084486e-01 -5.022317559660750552e-01 7.911028121742147423e-01
-2.698498095095494542e-01 1.322939194942708507e+00 -2.059946378273842971e+00 2.126840875038717438e-01 -5.014996809174325776e-01 7.853815285674762281e-01
-2.719508746394185272e-01 1.324531799386573283e+00 -2.059302817206548397e+00 2.148597290893781153e-01 -5.008130503001934075e-01 7.796881843766060305e-01
-2.740663713631500964e-01 1.326082820338080115e+00 -2.058661053349061465e+00 2.170192476585078301e-01 -5.001721319640404229e-01 7.740231388304049664e-01
-2.761963078735990562e-01 1.327591671256381112e+00 -2.058021132067813674e+00 2.191616736946236654e-01 -4.995771869863518955e-01 7.683867445599542600e-01
-2.783406920571603882e-01 1.329057766077902603e+00 -2.057383098467585825e+00 2.212860289788643464e-01 -4.990284696884333959e-01 7.627793475827920888e-01
-2.804995314972652531e-01 1.330480519251437066e+00 -2.056746997446939229e+00 2.233913267078024845e-01 -4.985262276518035440e-01 7.572012872878018941e-01
-2.826728334780601593e-01 1.331859345773883874e+00 -2.056112873695942866e+00 2.254765716125691211e-01 -4.980707017375274881e-01 7.516528964207492836e-01
-2.848606049880049174e-01 1.333193661226869997e+00 -2.055480771714328192e+00 2.275407600796112151e-01 -4.976621261080709235e-01 7.461345010699191871e-01
-2.870628527236081529e-01 1.334482881813340072e+00 -2.054850735793126937e+00 2.295828802736138707e-01 -4.973007282516447303e-01 7.406464206519157711e-01
-2.892795830929489331e-01 1.335726424395174305e+00 -2.054222810021335111e+00 2.316019122633085070e-01 -4.969867290081863009e-01 7.351889678984264709e-01
-2.915108022195720960e-01 1.336923706530894318e+00 -2.053597038220114079e+00 2.335968281478786046e-01 -4.967203425991371102e-01 7.297624488442160384e-01
-2.937565159465820863e-01 1.338074146513297924e+00 -2.052973464013842175e+00 2.355665921845892796e-01 -4.965017766603974647e-01 7.243671628148797836e-01
-2.960167298403225677e-01 1.339177163408552973e+00 -2.052352130859037782e+00 2.375101609207033726e-01 -4.963312322755605854e-01 7.190034024151058523e-01
-2.982914491944210766e-01 1.340232177095414867e+00 -2.051733082028258881e+00 2.394264833269109660e-01 -4.962089040124292860e-01 7.136714535181057917e-01
-3.005806790341439827e-01 1.341238608303965574e+00 -2.051116360572329267e+00 2.413145009316049194e-01 -4.961349799629131696e-01 7.083715952549282102e-01
-3.028844241207413468e-01 1.342195878654927954e+00 -2.050502009352491495e+00 2.431731479561546061e-01 -4.961096417862445040e-01 7.031041000054533141e-01
-3.052026889557311606e-01 1.343103410700121403e+00 -2.049890071085659127e+00 2.450013514555241245e-01 -4.961330647517993020e-01 6.978692333885063714e-01
-3.075354777851712074e-01 1.343960627963020293e+00 -2.049280588246532808e+00 2.467980314585133672e-01 -4.962054177863754467e-01 6.926672542533881538e-01
-3.098827946039031667e-01 1.344766954980159301e+00 -2.048673603195152015e+00 2.485621011105661471e-01 -4.963268635235588699e-01 6.874984146715529265e-01
-3.122446431601051398e-01 1.345521817342738569e+00 -2.048069158046737837e+00 2.502924668199603131e-01 -4.964975583543443372e-01 6.823629599286236136e-01
-3.146210269598994080e-01 1.346224641738599237e+00 -2.047467294767971957e+00 2.519880284046702168e-01 -4.967176524816249716e-01 6.772611285180805130e-01
-3.170119492724770005e-01 1.346874855993417830e+00 -2.046868055173601597e+00 2.536476792393952961e-01 -4.969872899784678055e-01 6.721931521350487104e-01
-3.194174131343793244e-01 1.347471889113989185e+00 -2.046271480867937864e+00 2.552703064086375706e-01 -4.973066088453880762e-01 6.671592556704593058e-01
-3.218374213546009721e-01 1.348015171330958939e+00 -2.045677613297547381e+00 2.568547908594581708e-01 -4.976757410720703545e-01 6.621596572059674779e-01
-3.242719765192121351e-01 1.348504134142682220e+00 -2.045086493730096322e+00 2.584000075577208011e-01 -4.980948127002357562e-01 6.571945680089568143e-01
-3.267210809967016072e-01 1.348938210357922607e+00 -2.044498163335263019e+00 2.599048256439864257e-01 -4.985639438908013865e-01 6.522641925291504661e-01
-3.291847369430017101e-01 1.349316834140604993e+00 -2.043912663147643194e+00 2.613681085926053416e-01 -4.990832489923332504e-01 6.473687283949066673e-01
-3.316629463065021710e-01 1.349639441054965472e+00 -2.043330034006189955e+00 2.627887143726971297e-01 -4.996528366119092346e-01 6.425083664098619751e-01
-3.341557108332235959e-01 1.349905468109868778e+00 -2.042750316643137332e+00 2.641654956120143005e-01 -5.002728096873385599e-01 6.376832905515207317e-01
-3.366630320723256742e-01 1.350114353803620659e+00 -2.042173551542839416e+00 2.654972997610412500e-01 -5.009432655632446441e-01 6.328936779698858262e-01
-3.391849113812517302e-01 1.350265538170044799e+00 -2.041599779117072799e+00 2.667829692611166092e-01 -5.016642960675187224e-01 6.281396989864189706e-01
-3.417213499310864933e-01 1.350358462824845729e+00 -2.041029039661455879e+00 2.680213417137435883e-01 -5.024359875904542694e-01 6.234215170928346650e-01
-3.442723487122166803e-01 1.350392571011509668e+00 -2.040461373294673919e+00 2.692112500504073580e-01 -5.032584211672710417e-01 6.187392889511735827e-01
-3.468379085398612949e-01 1.350367307648071780e+00 -2.039896820082599760e+00 2.703515227055400816e-01 -5.041316725616976635e-01 6.140931643956301089e-01
-3.494180300600136513e-01 1.350282119373983125e+00 -2.039335419964419138e+00 2.714409837923196234e-01 -5.050558123506414532e-01 6.094832864334589484e-01
-3.520127137551762320e-01 1.350136454597696822e+00 -2.038777212698602792e+00 2.724784532799593983e-01 -5.060309060110657065e-01 6.049097912467943372e-01
-3.546219599502095088e-01 1.349929763544162720e+00 -2.038222237883045018e+00 2.734627471724433434e-01 -5.070570140092940381e-01 6.003728081957757645e-01
-3.572457688183291458e-01 1.349661498302633600e+00 -2.037670535068092370e+00 2.743926776894801689e-01 -5.081341918918060863e-01 5.958724598218865243e-01
-3.598841403869409428e-01 1.349331112875666205e+00 -2.037122143710558220e+00 2.752670534491000187e-01 -5.092624903777486223e-01 5.914088618513677620e-01
-3.625370745440205100e-01 1.348938063227717921e+00 -2.036577103171564929e+00 2.760846796524403235e-01 -5.104419554530246206e-01 5.869821231999979849e-01
-3.652045710443451165e-01 1.348481807334045435e+00 -2.036035452767011922e+00 2.768443582714063544e-01 -5.116726284649210088e-01 5.825923459784365654e-01
-3.678866295155724941e-01 1.347961805230471599e+00 -2.035497231604569635e+00 2.775448882373343085e-01 -5.129545462191134053e-01 5.782396254977522077e-01
-3.705832494649189401e-01 1.347377519062291418e+00 -2.034962478705152567e+00 2.781850656315796866e-01 -5.142877410781765413e-01 5.739240502761776552e-01
-3.732944302855548679e-01 1.346728413134383517e+00 -2.034431233023847874e+00 2.787636838782723836e-01 -5.156722410607792462e-01 5.696457020459215759e-01
-3.760201712633282067e-01 1.346013953961069376e+00 -2.033903533479639592e+00 2.792795339384286923e-01 -5.171080699426446881e-01 5.654046557615829416e-01
-3.787604715832900704e-01 1.345233610316803441e+00 -2.033379418936442917e+00 2.797314045082917033e-01 -5.185952473570667465e-01 5.612009796083603508e-01
-3.815153303364950954e-01 1.344386853287097727e+00 -2.032858928145705679e+00 2.801180822168000684e-01 -5.201337888981609758e-01 5.570347350110275153e-01
-3.842847465268210971e-01 1.343473156319576312e+00 -2.032342099809821168e+00 2.804383518261430175e-01 -5.217237062242892076e-01 5.529059766433408463e-01
-3.870687190779943387e-01 1.342491995275564731e+00 -2.031828972588442195e+00 2.806909964337883645e-01 -5.233650071624257327e-01 5.488147524384060505e-01
-3.898672468405356417e-01 1.341442848481736894e+00 -2.031319585052376642e+00 2.808747976782332012e-01 -5.250576958118025050e-01 5.447611035989218253e-01
-3.926803285987928716e-01 1.340325196781922745e+00 -2.030813975615352707e+00 2.809885359448268671e-01 -5.268017726496714292e-01 5.407450646103899583e-01
-3.955079630781969113e-01 1.339138523588679242e+00 -2.030312182705055868e+00 2.810309905744644010e-01 -5.285972346367280306e-01 5.367666632525833759e-01
-3.983501489525806960e-01 1.337882314935805894e+00 -2.029814244734118311e+00 2.810009400736345198e-01 -5.304440753234134220e-01 5.328259206134093873e-01
-4.012068848517136299e-01 1.336556059531270879e+00 -2.029320200162317622e+00 2.808971623257884853e-01 -5.323422849564788395e-01 5.289228511019287149e-01
-4.040781693687899301e-01 1.335159248810411814e+00 -2.028830087293099549e+00 2.807184348062669588e-01 -5.342918505845800636e-01 5.250574624626234144e-01
-4.069640010677975095e-01 1.333691376989469379e+00 -2.028343944422243528e+00 2.804635347990171446e-01 -5.362927561639709850e-01 5.212297557901520717e-01
-4.098643784911163435e-01 1.332151941118220106e+00 -2.027861809788619407e+00 2.801312396130906657e-01 -5.383449826653803338e-01 5.174397255459054490e-01
-4.127793001673458750e-01 1.330540441133428065e+00 -2.027383721773980962e+00 2.797203268020730382e-01 -5.404485081800363133e-01 5.136873595746792587e-01
-4.157087646193051711e-01 1.328856379913270658e+00 -2.026909718654775538e+00 2.792295743898118854e-01 -5.426033080224871297e-01 5.099726391214457477e-01
-4.186527703720155369e-01 1.327099263330512757e+00 -2.026439838638744551e+00 2.786577610917123082e-01 -5.448093548367317629e-01 5.062955388497325515e-01
-4.216113159606964533e-01 1.325268600306799494e+00 -2.025974119957651531e+00 2.780036665423892828e-01 -5.470666186988666357e-01 5.026560268597669578e-01
-4.245843999386322842e-01 1.323363902867658259e+00 -2.025512600927072526e+00 2.772660715234404050e-01 -5.493750672201451746e-01 4.990540647077166270e-01
-4.275720208859008498e-01 1.321384686196684477e+00 -2.025055319806648768e+00 2.764437581918836595e-01 -5.517346656497255086e-01 4.954896074267316486e-01
-4.305741774175295689e-01 1.319330468690047109e+00 -2.024602314811799086e+00 2.755355103124450533e-01 -5.541453769751304437e-01 4.919626035471331149e-01
-4.335908681918942964e-01 1.317200772011886123e+00 -2.024153624231128656e+00 2.745401134909432050e-01 -5.566071620219190663e-01 4.884729951182551488e-01
-4.366220919193786187e-01 1.314995121149097113e+00 -2.023709286412205266e+00 2.734563554115018169e-01 -5.591199795509516068e-01 4.850207177310767448e-01
-4.396678473712328783e-01 1.312713044466471857e+00 -2.023269339680057399e+00 2.722830260735355501e-01 -5.616837863552833765e-01 4.816057005416735648e-01
-4.427281333880803693e-01 1.310354073762111105e+00 -2.022833822356831845e+00 2.710189180315932256e-01 -5.642985373549057604e-01 4.782278662956078730e-01
-4.458029488886530167e-01 1.307917744323046527e+00 -2.022402772915192770e+00 2.696628266360399651e-01 -5.669641856900762278e-01 4.748871313522533555e-01
-4.488922928791855282e-01 1.305403594981537019e+00 -2.021976229871453423e+00 2.682135502777099889e-01 -5.696806828116847132e-01 4.715834057101325194e-01
-4.519961644622277896e-01 1.302811168171003953e+00 -2.021554231747497266e+00 2.666698906348792808e-01 -5.724479785692611067e-01 4.683165930329766247e-01
-4.551145628458616033e-01 1.300140009981868960e+00 -2.021136817148307063e+00 2.650306529201940098e-01 -5.752660212979612275e-01 4.650865906773896663e-01
-4.582474873531122705e-01 1.297389670217764301e+00 -2.020724024726710866e+00 2.632946461302223540e-01 -5.781347579026239192e-01 4.618932897208543609e-01
-4.613949374310372109e-01 1.294559702452205752e+00 -2.020315893216163339e+00 2.614606832988386476e-01 -5.810541339383730186e-01 4.587365749899933176e-01
-4.645569126602636656e-01 1.291649664085055438e+00 -2.019912461368017720e+00 2.595275817503010507e-01 -5.840240936895513268e-01 4.556163250903603745e-01
-4.677334127647018169e-01 1.288659116398135573e+00 -2.019513768021176325e+00 2.574941633541276143e-01 -5.870445802459965945e-01 4.525324124379489499e-01
-4.709244376212982086e-01 1.285587624612013480e+00 -2.019119852194922515e+00 2.553592547847299832e-01 -5.901155355747543796e-01 4.494847032905177064e-01
-4.741299872701172369e-01 1.282434757942631620e+00 -2.018730752941822804e+00 2.531216877796972353e-01 -5.932369005904736259e-01 4.464730577801523936e-01
-4.773500619241310972e-01 1.279200089658557360e+00 -2.018346509500385633e+00 2.507802994019683318e-01 -5.964086152212810799e-01 4.434973299458075391e-01
-4.805846619795548502e-01 1.275883197137803737e+00 -2.017967161104197160e+00 2.483339323039416013e-01 -5.996306184714051968e-01 4.405573677677531719e-01
-4.838337880256545764e-01 1.272483661924333598e+00 -2.017592747250433138e+00 2.457814349923898856e-01 -6.029028484807662513e-01 4.376530132027727227e-01
-4.870974408555885926e-01 1.269001069785097080e+00 -2.017223307489801165e+00 2.431216620970009512e-01 -6.062252425799745659e-01 4.347841022204117500e-01
-4.903756214767945876e-01 1.265435010766823964e+00 -2.016858881513158508e+00 2.403534746391230992e-01 -6.095977373424327217e-01 4.319504648402993641e-01
-4.936683311213251324e-01 1.261785079253537667e+00 -2.016499509082859909e+00 2.374757403040302361e-01 -6.130202686315768812e-01 4.291519251694237425e-01
-4.969755712561164662e-01 1.258050874023228793e+00 -2.016145230145848899e+00 2.344873337156690718e-01 -6.164927716440229410e-01 4.263883014414971417e-01
-5.002973435941114877e-01 1.254231998304657703e+00 -2.015796084754803097e+00 2.313871367112060873e-01 -6.200151809491674104e-01 4.236594060576013843e-01
-5.036336501050423520e-01 1.250328059835289274e+00 -2.015452113208727081e+00 2.281740386199330728e-01 -6.235874305232218529e-01 4.209650456262512552e-01
-5.069844930265706706e-01 1.246338670918562208e+00 -2.015113355954597285e+00 2.248469365425816435e-01 -6.272094537792841651e-01 4.183050210053879669e-01
-5.103498748754655701e-01 1.242263448480944943e+00 -2.014779853592424619e+00 2.214047356312718595e-01 -6.308811835937057078e-01 4.156791273462692171e-01
-5.137297984587786415e-01 1.238102014128690254e+00 -2.014451646874691360e+00 2.178463493744496049e-01 -6.346025523261498158e-01 4.130871541377924006e-01
-5.171242668852662483e-01 1.233853994205506233e+00 -2.014128776866978221e+00 2.141706998808887430e-01 -6.383734918357746313e-01 4.105288852506082664e-01
-5.205332835771940836e-01 1.229519019849961925e+00 -2.013811284783340039e+00 2.103767181683587617e-01 -6.421939334915300890e-01 4.080040989839503474e-01
-5.239568522818398577e-01 1.225096727052780832e+00 -2.013499211940962041e+00 2.064633444517616212e-01 -6.460638081781501230e-01 4.055125681130089532e-01
-5.273949770829080563e-01 1.220586756713386789e+00 -2.013192599816555184e+00 2.024295284362575553e-01 -6.499830462955140664e-01 4.030540599371222887e-01
-5.308476624121417631e-01 1.215988754697071794e+00 -2.012891490105865877e+00 1.982742296070103272e-01 -6.539515777551280218e-01 4.006283363295671252e-01
-5.343149130614481823e-01 1.211302371891979757e+00 -2.012595924918306078e+00 1.939964175228894305e-01 -6.579693319700972154e-01 3.982351537896282045e-01
-5.377967341959436487e-01 1.206527264266599397e+00 -2.012305946649984190e+00 1.895950721145878981e-01 -6.620362378385117319e-01 3.958742634940993210e-01
-5.412931313665468869e-01 1.201663092927292009e+00 -2.012021597960254038e+00 1.850691839828128293e-01 -6.661522237216819242e-01 3.935454113501625772e-01
-5.448041105225475134e-01 1.196709524175067374e+00 -2.011742921592959643e+00 1.804177546977999980e-01 -6.703172174170215492e-01 3.912483380496664664e-01
-5.483296780230567657e-01 1.191666229561654911e+00 -2.011469960625668296e+00 1.756397971013452797e-01 -6.745311461249174911e-01 3.889827791265179635e-01
-5.518698406502520193e-01 1.186532885946636195e+00 -2.011202758378414224e+00 1.707343356115378352e-01 -6.787939364089893290e-01 3.867484650123534928e-01
-5.554246056222520433e-01 1.181309175554366320e+00 -2.010941358418865565e+00 1.657004065268255222e-01 -6.831055141516445550e-01 3.845451210951739696e-01
-5.589939806056885008e-01 1.175994786030526207e+00 -2.010685804621713757e+00 1.605370583323044442e-01 -6.874658045031885045e-01 3.823724677785292902e-01
-5.625779737292206928e-01 1.170589410498803717e+00 -2.010436141241053853e+00 1.552433520097772912e-01 -6.918747318241712518e-01 3.802302205418894854e-01
-5.661765935969339525e-01 1.165092747617345825e+00 -2.010192412752454860e+00 1.498183613470373821e-01 -6.963322196223878935e-01 3.781180900031870795e-01
-5.697898493016984034e-01 1.159504501635169715e+00 -2.009954664038644978e+00 1.442611732491771159e-01 -7.008381904834131149e-01 3.760357819817508607e-01
-5.734177504391818614e-01 1.153824382448425556e+00 -2.009722940194084373e+00 1.385708880510832797e-01 -7.053925659954072280e-01 3.739829975641700832e-01
-5.770603071208849633e-01 1.148052105656118371e+00 -2.009497286759512669e+00 1.327466198348569160e-01 -7.099952666660499512e-01 3.719594331707741230e-01
-5.807175299890922071e-01 1.142187392616439423e+00 -2.009277749720216555e+00 1.267874967437040146e-01 -7.146462118354026671e-01 3.699647806225128677e-01
-5.843894302314454059e-01 1.136229970503244369e+00 -2.009064375319523421e+00 1.206926612977923252e-01 -7.193453195820767032e-01 3.679987272106429730e-01
-5.880760195947357660e-01 1.130179572360774376e+00 -2.008857210173375929e+00 1.144612707140796881e-01 -7.240925066218385497e-01 3.660609557671615777e-01
-5.917773103991326167e-01 1.124035937159152176e+00 -2.008656301234269304e+00 1.080924972279243279e-01 -7.288876881999446500e-01 3.641511447367863918e-01
-5.954933155521686672e-01 1.117798809849637198e+00 -2.008461695727712382e+00 1.015855284134713210e-01 -7.337307779781774286e-01 3.622689682509351861e-01
-5.992240485626160185e-01 1.111467941419785443e+00 -2.008273441472483878e+00 9.493956750643120501e-02 -7.386216879148118641e-01 3.604140962026163297e-01
-6.029695235569163536e-01 1.105043088949070551e+00 -2.008091586767597914e+00 8.815383372635743342e-02 -7.435603281393952102e-01 3.585861943237958482e-01
-6.067297552947922279e-01 1.098524015663846720e+00 -2.007916180188088262e+00 8.122756260361728431e-02 -7.485466068196229283e-01 3.567849242633006068e-01
-6.105047591835444099e-01 1.091910490991472305e+00 -2.007747270716598198e+00 7.416000630313554498e-02 -7.535804300236854658e-01 3.550099436676156794e-01
-6.142945512933679630e-01 1.085202290614936560e+00 -2.007584907910553884e+00 6.695043395119135154e-02 -7.586617015753606141e-01 3.532609062613040751e-01
-6.180991483737007242e-01 1.078399196527382475e+00 -2.007429141733961586e+00 5.959813196568579385e-02 -7.637903229025542196e-01 3.515374619303919257e-01
-6.219185678686057761e-01 1.071500997086348494e+00 -2.007280022685650422e+00 5.210240438554932657e-02 -7.689661928798766644e-01 3.498392568063183328e-01
-6.257528279329889198e-01 1.064507487067915203e+00 -2.007137601743851363e+00 4.446257320132994406e-02 -7.741892076654504073e-01 3.481659333520119581e-01
-6.296019474490256451e-01 1.057418467720442568e+00 -2.007001930311209659e+00 3.667797868638807135e-02 -7.794592605317144374e-01 3.465171304495685001e-01
-6.334659460420655197e-01 1.050233746817843983e+00 -2.006873060343725701e+00 2.874797972556501768e-02 -7.847762416914382255e-01 3.448924834892208025e-01
-6.373448440975212348e-01 1.042953138712508609e+00 -2.006751044321354538e+00 2.067195415035763192e-02 -7.901400381159489061e-01 3.432916244625425772e-01
-6.412386627773317693e-01 1.035576464388608953e+00 -2.006635935262529369e+00 1.244929907135950906e-02 -7.955505333489494291e-01 3.417141820551470310e-01
-6.451474240367176538e-01 1.028103551514778280e+00 -2.006527786759349841e+00 4.079431213265684308e-03 -8.010076073140588448e-01 3.401597817423705483e-01
-6.490711506414722498e-01 1.020534234496995873e+00 -2.006426652880563211e+00 -4.438212751983295484e-03 -8.065111361177119687e-01 3.386280458856568698e-01
-6.530098661853073194e-01 1.012868354530136683e+00 -2.006332588430951969e+00 -1.310417586752345154e-02 -8.120609918453519649e-01 3.371185938301484719e-01
-6.569635951080816660e-01 1.005105759650768649e+00 -2.006245648608411702e+00 -2.191898055866237094e-02 -8.176570423544549104e-01 3.356310420044656406e-01
-6.609323627119909617e-01 9.972463047880344433e-01 -2.006165889417140136e+00 -3.088312829524266639e-02 -8.232991510608076435e-01 3.341650040236802122e-01
-6.649161951818260974e-01 9.892898518158728116e-01 -2.006093367384855330e+00 -3.999709925707059521e-02 -8.289871767210843512e-01 3.327200907920049300e-01
-6.689151196021922985e-01 9.812362696036409648e-01 -2.006028139640867458e+00 -4.926135199737618348e-02 -8.347209732102598423e-01 3.312959106089377603e-01
-6.729291639758064880e-01 9.730854340671293290e-01 -2.005970264325850128e+00 -5.867632310602902829e-02 -8.405003892944754584e-01 3.298920692779738761e-01
-6.769583572453552467e-01 9.648372282202862804e-01 -2.005919800103936446e+00 -6.824242687059212109e-02 -8.463252683988090608e-01 3.285081702149837413e-01
-6.810027293109373048e-01 9.564915422251176746e-01 -2.005876806123058298e+00 -7.796005494262139845e-02 -8.521954483729575758e-01 3.271438145609426584e-01
-6.850623110481626199e-01 9.480482734408347545e-01 -2.005841342183233067e+00 -8.782957599741739174e-02 -8.581107612504800253e-01 3.257986012949266597e-01
-6.891371343270421557e-01 9.395073264734739027e-01 -2.005813468683043777e+00 -9.785133539461310370e-02 -8.640710330045057175e-01 3.244721273479410639e-01
-6.932272320299036616e-01 9.308686132255195034e-01 -2.005793247024817649e+00 -1.080256548423496332e-01 -8.700760833014106188e-01 3.231639877201433197e-01
-6.973326380742892461e-01 9.221320529454050119e-01 -2.005780739581168870e+00 -1.183528320592538707e-01 -8.761257252503743542e-01 3.218737756008269724e-01
-7.014533874347251841e-01 9.132975722776354166e-01 -2.005776009423801298e+00 -1.288331404358013799e-01 -8.822197651498352444e-01 3.206010824892321920e-01
-7.055895161630767465e-01 9.043651053104087012e-01 -2.005779120326896869e+00 -1.394668286982903571e-01 -8.883580022317811853e-01 3.193454983179895845e-01
-7.097410614087846792e-01 8.953345936233917390e-01 -2.005790136943379931e+00 -1.502541205713922023e-01 -8.945402284030163909e-01 3.181066115772517855e-01
-7.139080614403803260e-01 8.862059863360750578e-01 -2.005809124739473148e+00 -1.611952144420029098e-01 -9.007662279844990127e-01 3.168840094417216258e-01
-7.180905556668171208e-01 8.769792401548071048e-01 -2.005836149836169202e+00 -1.722902830237287852e-01 -9.070357774490399594e-01 3.156772778998527262e-01
-7.222885846572727475e-01 8.676543194197887665e-01 -2.005871279240565741e+00 -1.835394730180869016e-01 -9.133486451557021324e-01 3.144860018838568361e-01
-7.265021901634725054e-01 8.582311961517234966e-01 -2.005914580905588274e+00 -1.949429047768334589e-01 -9.197045910833370197e-01 3.133097654029209922e-01
-7.307314151421742121e-01 8.487098500987467764e-01 -2.005966123780432486e+00 -2.065006719687247916e-01 -9.261033665644907709e-01 3.121481516793719324e-01
-7.349763037790049136e-01 8.390902687829091544e-01 -2.006025977757543100e+00 -2.182128412428524511e-01 -9.325447140171677640e-01 3.110007432847874398e-01
-7.392369015111887043e-01 8.293724475460340084e-01 -2.006094213829640260e+00 -2.300794518970303570e-01 -9.390283666775479654e-01 3.098671222800334912e-01
-7.435132550527009387e-01 8.195563895954063316e-01 -2.006170903884639145e+00 -2.421005155425250133e-01 -9.455540483314774924e-01 3.087468703539281156e-01
-7.478054124171502615e-01 8.096421060488814270e-01 -2.006256120586603853e+00 -2.542760157712538605e-01 -9.521214730464184761e-01 3.076395689682643875e-01
-7.521134229396354565e-01 7.996296159789882951e-01 -2.006349937815879336e+00 -2.666059078240461400e-01 -9.587303449045182502e-01 3.065447995033148132e-01
-7.564373373023769442e-01 7.895189464581306993e-01 -2.006452430597607250e+00 -2.790901182563595428e-01 -9.653803577353301524e-01 3.054621434059809348e-01
-7.607772075606721307e-01 7.793101326033753384e-01 -2.006563675035073491e+00 -2.917285446048145103e-01 -9.720711948498322874e-01 3.043911823364224278e-01
-7.651330871680188661e-01 7.690032176202366010e-01 -2.006683748471741691e+00 -3.045210550580019215e-01 -9.788025287776865868e-01 3.033314983192139658e-01
-7.695050310030743246e-01 7.585982528468946384e-01 -2.006812729213241386e+00 -3.174674881252705361e-01 -9.855740210052945649e-01 3.022826738978360295e-01
-7.738930953942497748e-01 7.480952977957469052e-01 -2.006950696570208414e+00 -3.305676523088876273e-01 -9.923853217171777485e-01 3.012442922909245313e-01
-7.782973381442168659e-01 7.374944201961871615e-01 -2.007097731182462930e+00 -3.438213257767412379e-01 -9.992360695399731263e-01 3.002159375483516301e-01
-7.827178185584908743e-01 7.267956960371091402e-01 -2.007253914813691864e+00 -3.572282560332262213e-01 -1.006125891289068708e+00 2.991971947110051988e-01
-7.871545974715068450e-01 7.159992096086558178e-01 -2.007419330437432592e+00 -3.707881595965909494e-01 -1.013054401720610898e+00 2.981876499722830309e-01
-7.916077372746556096e-01 7.051050535439877809e-01 -2.007594062388330602e+00 -3.845007216688502982e-01 -1.020021203284871003e+00 2.971868908404286524e-01
-7.960773019451165000e-01 6.941133288609534491e-01 -2.007778196524702796e+00 -3.983655958156495092e-01 -1.027025885886843959e+00 2.961945063032200287e-01
-8.005633570772390240e-01 6.830241450032028538e-01 -2.007971819962909965e+00 -4.123824036430000506e-01 -1.034068026650176497e+00 2.952100869973174890e-01
-8.050659699103350775e-01 6.718376198814839384e-01 -2.008175021117420744e+00 -4.265507344722384020e-01 -1.041147189685770025e+00 2.942332253766435923e-01
-8.095852093577108333e-01 6.605538799134572647e-01 -2.008387889782159874e+00 -4.408701450195801064e-01 -1.048262925867140760e+00 2.932635158838978739e-01
-8.141211460367085984e-01 6.491730600628644599e-01 -2.008610517106113047e+00 -4.553401590775232322e-01 -1.055414772612135454e+00 2.923005551214623021e-01
-8.186738522981580335e-01 6.376953038790060813e-01 -2.008842995914248863e+00 -4.699602671945003474e-01 -1.062602253670206665e+00 2.913439420292237014e-01
-8.232434022595703782e-01 6.261207635374383962e-01 -2.009085420356692797e+00 -4.847299263581468232e-01 -1.069824878917431166e+00 2.903932780615039455e-01
-8.278298718350313168e-01 6.144495998782089075e-01 -2.009337886070455159e+00 -4.996485596787322292e-01 -1.077082144158741706e+00 2.894481673650273756e-01
-8.324333387664637485e-01 6.026819824451026264e-01 -2.009600490455810906e+00 -5.147155560750443781e-01 -1.084373530937997376e+00 2.885082169596063228e-01
-8.370538826586767511e-01 5.908180895241303965e-01 -2.009873332540053514e+00 -5.299302699561141416e-01 -1.091698506355051723e+00 2.875730369221575211e-01
-8.416915850135197052e-01 5.788581081815453722e-01 -2.010156513114070176e+00 -5.452920209125230455e-01 -1.099056522894084731e+00 2.866422405703890064e-01
-8.463465292655382166e-01 5.668022343016423381e-01 -2.010450134637289388e+00 -5.608000934020066497e-01 -1.106447018258733150e+00 2.857154446474082787e-01
-8.510188008161864159e-01 5.546506726240143514e-01 -2.010754301072347872e+00 -5.764537364406657760e-01 -1.113869415218348147e+00 2.847922695117530711e-01
-8.557084870669668941e-01 5.424036367792310909e-01 -2.011069118402150746e+00 -5.922521632983188677e-01 -1.121323121465033656e+00 2.838723393263466455e-01
-8.604156774582294442e-01 5.300613493272703369e-01 -2.011394694339323497e+00 -6.081945511878986688e-01 -1.128807529478542904e+00 2.829552822481353758e-01
-8.651404635046267000e-01 5.176240417932462812e-01 -2.011731138412495845e+00 -6.242800409618689539e-01 -1.136322016403727098e+00 2.820407306233012612e-01
-8.698829388313108479e-01 5.050919547042335145e-01 -2.012078562355886113e+00 -6.405077368060851928e-01 -1.143865943938095597e+00 2.811283211826634543e-01
-8.746431992157505109e-01 4.924653376268509630e-01 -2.012437080014346957e+00 -6.568767059389176710e-01 -1.151438658232396994e+00 2.802176952377513075e-01
-8.794213426291013214e-01 4.797444492032907903e-01 -2.012806807298143763e+00 -6.733859783107652985e-01 -1.159039489802637712e+00 2.793084988768331778e-01
-8.842174692771015421e-01 4.669295571862792094e-01 -2.013187862018133156e+00 -6.900345463061390294e-01 -1.166667753454887269e+00 2.784003831651298277e-01
-8.890316816383606602e-01 4.540209384735125475e-01 -2.013580363859622580e+00 -7.068213644498645420e-01 -1.174322748223537882e+00 2.774930043464636786e-01
-8.938640845024129478e-01 4.410188791424411447e-01 -2.013984434007624724e+00 -7.237453491111720538e-01 -1.182003757321653747e+00 2.765860240456581853e-01
-8.987147850035782648e-01 4.279236744815896332e-01 -2.014400194693604984e+00 -7.408053782103430907e-01 -1.189710048105553586e+00 2.756791094715485557e-01
-9.035838926474049071e-01 4.147356290195064465e-01 -2.014827768416750153e+00 -7.580002909263028332e-01 -1.197440872052635275e+00 2.747719336232598009e-01
-9.084715193267819400e-01 4.014550565494861001e-01 -2.015267276975560407e+00 -7.753288874094045324e-01 -1.205195464754654777e+00 2.738641754961264607e-01
-9.133777793255696276e-01 3.880822801483171380e-01 -2.015718841181767917e+00 -7.927899284924123657e-01 -1.212973045924730764e+00 2.729555202898532595e-01
-9.183027893172657219e-01 3.746176321929372000e-01 -2.016182582408375890e+00 -8.103821354105851249e-01 -1.220772819421332978e+00 2.720456596173362329e-01
-9.232466683831038745e-01 3.610614543854007152e-01 -2.016658626852743552e+00 -8.281041895167903233e-01 -1.228593973285423413e+00 2.711342917152689269e-01
-9.282095376799999187e-01 3.474140994759260526e-01 -2.017147112203522497e+00 -8.459547331989551999e-01 -1.236435680825191730e+00 2.702211216205219757e-01
-9.331915190239907787e-01 3.336759372146516078e-01 -2.017648183998733469e+00 -8.639323743829326885e-01 -1.244297104197271908e+00 2.693058612236193250e-01
-9.381927349594870735e-01 3.198473544757751696e-01 -2.018161999136565576e+00 -8.820356865144821645e-01 -1.252177394548447786e+00 2.683882293199265634e-01
-9.432133080631579514e-01 3.059287585763791339e-01 -2.018688716210494949e+00 -9.002632105946281049e-01 -1.260075693940151620e+00 2.674679515931157603e-01
-9.482533609054423218e-01 2.919205774016949695e-01 -2.019228491673071613e+00 -9.186134552864489988e-01 -1.267991135541925329e+00 2.665447605949822774e-01
-9.533130159565804673e-01 2.778232595083953704e-01 -2.019781480291650499e+00 -9.370848970459622063e-01 -1.275922843840385124e+00 2.656183957198202661e-01
-9.583923954920788857e-01 2.636372742312235173e-01 -2.020347838196218770e+00 -9.556759802666482395e-01 -1.283869934859648065e+00 2.646886031774529080e-01
-9.634916215387558935e-01 2.493631118050853024e-01 -2.020927721624934392e+00 -9.743851174367008650e-01 -1.291831516394033486e+00 2.637551359608100721e-01
-9.686108157981367928e-01 2.350012834775294657e-01 -2.021521287143408063e+00 -9.932106893160267402e-01 -1.299806688253292819e+00 2.628177538123311341e-01
-9.737500995698727957e-01 2.205523216208725712e-01 -2.022128692644192149e+00 -1.012151045120474269e+00 -1.307794542517382252e+00 2.618762231865434664e-01
-9.789095936841309964e-01 2.060167798492849034e-01 -2.022750099167710758e+00 -1.031204502723744199e+00 -1.315794163803038597e+00 2.609303172103252244e-01
-9.840894184594320970e-01 1.913952331411362673e-01 -2.023385670721412399e+00 -1.050369348883419596e+00 -1.323804629544390377e+00 2.599798156382250314e-01
-9.892896936528052798e-01 1.766882779611116394e-01 -2.024035574100278900e+00 -1.069643839473815472e+00 -1.331825010281765920e+00 2.590245048067081335e-01
-9.945105384068533283e-01 1.618965323771179854e-01 -2.024699978990256000e+00 -1.089026199735131151e+00 -1.339854369961695824e+00 2.580641775817545391e-01
-9.997520711918288505e-01 1.470206361789738736e-01 -2.025379057601564892e+00 -1.108514624534161941e+00 -1.347891766245479461e+00 2.570986333078885133e-01
-1.005014409742129633e+00 1.320612509899127263e-01 -2.026072984896575058e+00 -1.128107278651359957e+00 -1.355936250831378143e+00 2.561276777506050761e-01
-1.010297670990565555e+00 1.170190603800630447e-01 -2.026781938718611453e+00 -1.147802297076924827e+00 -1.363986869784019840e+00 2.551511230374596262e-01
-1.015601971002716875e+00 1.018947699766472592e-01 -2.027506100528194910e+00 -1.167597785324409498e+00 -1.372042663874004198e+00 2.541687875947762909e-01
-1.020927424917486892e+00 8.668910757633951913e-02 -2.028245655721719221e+00 -1.187491819762461320e+00 -1.380102668926381337e+00 2.531804960841068652e-01
-1.026274146890976624e+00 7.140282325577695932e-02 -2.029000793948576575e+00 -1.207482447959213001e+00 -1.388165916177596770e+00 2.521860793337675211e-01
-1.031642250041377329e+00 5.603668948191431465e-02 -2.029771708849155587e+00 -1.227567689045560240e+00 -1.396231432641093395e+00 2.511853742674569623e-01
-1.037031846386464951e+00 4.059150121886601070e-02 -2.030558595607752093e+00 -1.247745534094427455e+00 -1.404298241480601339e+00 2.501782238328789099e-01
-1.042443046740775259e+00 2.506807601741478653e-02 -2.031361645107772063e+00 -1.268013946509793710e+00 -1.412365362389494283e+00 2.491644769237580936e-01
-1.047875960515305849e+00 9.467254070607666883e-03 -2.032181060488927216e+00 -1.288370862435684883e+00 -1.420431811977867831e+00 2.481439883022643900e-01
-1.053330695772829673e+00 -6.210101646502930173e-03 -2.033017050409335003e+00 -1.308814191178072184e+00 -1.428496604165722328e+00 2.471166185201163212e-01
-1.058807359175301332e+00 -2.196310527593259287e-02 -2.033869826232870270e+00 -1.329341815645093794e+00 -1.436558750582467070e+00 2.460822338364339334e-01
-1.064306055885139823e+00 -3.779084799477783196e-02 -2.034739601918883700e+00 -1.349951592802008049e+00 -1.444617260973076744e+00 2.450407061305713563e-01
-1.069826889460069319e+00 -5.369239793740498978e-02 -2.035626594951081891e+00 -1.370641354138104839e+00 -1.452671143607973558e+00 2.439919128154627859e-01
-1.075369961757915105e+00 -6.966680011705561615e-02 -2.036531026992046467e+00 -1.391408906148805524e+00 -1.460719405697105344e+00 2.429357367488166053e-01
-1.080935372847610765e+00 -8.571307634704927736e-02 -2.037453124333233223e+00 -1.412252030836661953e+00 -1.468761053809779726e+00 2.418720661424863250e-01
-1.086523220926687516e+00 -1.018302251668672387e-01 -2.038393118005478843e+00 -1.433168486220281146e+00 -1.476795094296916133e+00 2.408007944680854717e-01
-1.092133602234363954e+00 -1.180172217696782155e-01 -2.039351243809724323e+00 -1.454156006859569139e+00 -1.484820533716467050e+00 2.397218203641453826e-01
-1.097766610962709999e+00 -1.342730179354376663e-01 -2.040327742420640522e+00 -1.475212304389979190e+00 -1.492836379260807700e+00 2.386350475417505501e-01
-1.103422339164358501e+00 -1.505965419669377248e-01 -2.041322859666816925e+00 -1.496335068074231112e+00 -1.500841639187121768e+00 2.375403846877510439e-01
-1.109100876663140722e+00 -1.669866986315164947e-01 -2.042336846318041577e+00 -1.517521965364889258e+00 -1.508835323249431593e+00 2.364377453672010521e-01
-1.114802310958610487e+00 -1.834423691108688637e-01 -2.043369958212552628e+00 -1.538770642481758211e+00 -1.516816443132243730e+00 2.353270479228679879e-01
-1.120526727125649380e+00 -1.999624109505753200e-01 -2.044422456608907090e+00 -1.560078724989633292e+00 -1.524784012882356432e+00 2.342082153736226857e-01
-1.126274207719328402e+00 -2.165456580163298561e-01 -2.045494608756753152e+00 -1.581443818390708467e+00 -1.532737049341896807e+00 2.330811753115493434e-01
-1.132044832684807378e+00 -2.331909204539508451e-01 -2.046586687600238097e+00 -1.602863508734173381e+00 -1.540674572581855362e+00 2.319458598003339422e-01
-1.137838679259471464e+00 -2.498969846561960306e-01 -2.047698972017529595e+00 -1.624335363221413031e+00 -1.548595606332111130e+00 2.308022052690319181e-01
-1.143655821872851641e+00 -2.666626132327729604e-01 -2.048831746978571733e+00 -1.645856930838856647e+00 -1.556499178413742968e+00 2.296501524092059987e-01
-1.149496332046307412e+00 -2.834865449867065568e-01 -2.049985303634323852e+00 -1.667425742986878623e+00 -1.564384321166455649e+00 2.284896460734963941e-01
-1.155360278290255893e+00 -3.003674948965515679e-01 -2.051159939775107688e+00 -1.689039314122688040e+00 -1.572250071874933930e+00 2.273206351738690234e-01
-1.161247726006790160e+00 -3.173041541023562395e-01 -2.052355959894827109e+00 -1.710695142401218671e+00 -1.580095473191060584e+00 2.261430725755979865e-01
-1.167158737389550005e+00 -3.342951898992769788e-01 -2.053573675723472380e+00 -1.732390710331056960e+00 -1.587919573554370523e+00 2.249569149956746061e-01
-1.173093371326381584e+00 -3.513392457326827145e-01 -2.054813406222499861e+00 -1.754123485436678509e+00 -1.595721427608356446e+00 2.237621229002842160e-01
-1.179051683299496611e+00 -3.684349412016250103e-01 -2.056075477747450364e+00 -1.775890920925625283e+00 -1.603500096612634485e+00 2.225586604052937900e-01
-1.185033725283762163e+00 -3.855808720676385803e-01 -2.057360224425072381e+00 -1.797690456356368927e+00 -1.611254648849830495e+00 2.213464951751308862e-01
-1.191039545649985598e+00 -4.027756102702808594e-01 -2.058667988233426893e+00 -1.819519518310613870e+00 -1.618984160027935770e+00 2.201255983233632585e-01
-1.197069189062749173e+00 -4.200177039476922225e-01 -2.059999119468516326e+00 -1.841375521073883137e+00 -1.626687713677893221e+00 2.188959443143591588e-01
-1.203122696383588153e+00 -4.373056774626291610e-01 -2.061353977000042637e+00 -1.863255867320274595e+00 -1.634364401546343881e+00 2.176575108658054813e-01
-1.209200104573602275e+00 -4.546380314330049632e-01 -2.062732928202795524e+00 -1.885157948789765614e+00 -1.642013323979980566e+00 2.164102788535789690e-01
-1.215301446591160905e+00 -4.720132427716827728e-01 -2.064136349804029269e+00 -1.907079146969312466e+00 -1.649633590304030895e+00 2.151542322176996092e-01
-1.221426751300094482e+00 -4.894297647285852371e-01 -2.065564627722126900e+00 -1.929016833774713335e+00 -1.657224319194396944e+00 2.138893578692899478e-01
-1.227576043369284831e+00 -5.068860269400992102e-01 -2.067018157645325260e+00 -1.950968372231947745e+00 -1.664784639042222736e+00 2.126156455989189342e-01
-1.233749343179243452e+00 -5.243804354836114623e-01 -2.068497345224153960e+00 -1.972931117157809888e+00 -1.672313688311896751e+00 2.113330879873297763e-01
-1.239946666726696067e+00 -5.419113729374898103e-01 -2.070002606626896835e+00 -1.994902415839487908e+00 -1.679810615891504044e+00 2.100416803183025038e-01
-1.246168025534568180e+00 -5.594771984462147962e-01 -2.071534368579214025e+00 -2.016879608708143756e+00 -1.687274581434435206e+00 2.087414204939905538e-01
-1.252413426556923337e+00 -5.770762477922921629e-01 -2.073093068909027892e+00 -2.038860030015102076e+00 -1.694704755694695031e+00 2.074323089518499696e-01
-1.258682872089131877e+00 -5.947068334729841421e-01 -2.074679157272112828e+00 -2.060841008495983839e+00 -1.702100320851859028e+00 2.061143485837126088e-01
-1.264976359684534257e+00 -6.123672447791357332e-01 -2.076293095029038582e+00 -2.082819868032958155e+00 -1.709460470828531031e+00 2.047875446570137092e-01
-1.271293882063546210e+00 -6.300557478829797997e-01 -2.077935355650748939e+00 -2.104793928316787355e+00 -1.716784411600287719e+00 2.034519047388813062e-01
-1.277635427023809944e+00 -6.477705859307054670e-01 -2.079606425290168481e+00 -2.126760505499941001e+00 -1.724071361495981503e+00 2.021074386228320918e-01
-1.284000977354901929e+00 -6.655099791393555009e-01 -2.081306803414077145e+00 -2.148716912845677118e+00 -1.731320551489996973e+00 2.007541582579474015e-01
-1.290390510757245091e+00 -6.832721248964610528e-01 -2.083037003435190382e+00 -2.170660461367564409e+00 -1.738531225484823750e+00 1.993920776817654228e-01
-1.296803999766013904e+00 -7.010551978641783588e-01 -2.084797552713092639e+00 -2.192588460466545985e+00 -1.745702640585876875e+00 1.980212129540581401e-01
-1.303241411668108363e+00 -7.188573500900294899e-01 -2.086588993215343635e+00 -2.214498218560090326e+00 -1.752834067367416093e+00 1.966415820944111825e-01
-1.309702708422166406e+00 -7.366767111202712215e-01 -2.088411882020063892e+00 -2.236387043702108723e+00 -1.759924790128656324e+00 1.952532050233254657e-01
-1.316187846581453380e+00 -7.545113881180187665e-01 -2.090266792178469224e+00 -2.258252244194663305e+00 -1.766974107141431105e+00 1.938561035046657277e-01
-1.322696777223818509e+00 -7.723594659831709563e-01 -2.092154312796250082e+00 -2.280091129192561628e+00 -1.773981330888976249e+00 1.924503010923041268e-01
-1.329229445873964854e+00 -7.902190074784691820e-01 -2.094075049907341945e+00 -2.301901009296680733e+00 -1.780945788294987064e+00 1.910358230786028677e-01
-1.335785792432762520e+00 -8.080880533576322300e-01 -2.096029627088648706e+00 -2.323679197144987718e+00 -1.787866820945528179e+00 1.896126964478624666e-01
-1.342365751107550409e+00 -8.259646224956949112e-01 -2.098018685956893670e+00 -2.345423007988861830e+00 -1.794743785300715544e+00 1.881809498318532115e-01
-1.348969250342137993e+00 -8.438467120240082942e-01 -2.100042887074439868e+00 -2.367129760262383975e+00 -1.801576052897944535e+00 1.867406134676724005e-01
-1.355596212751511542e+00 -8.617322974650944989e-01 -2.102102910478443221e+00 -2.388796776143793377e+00 -1.808363010546807370e+00 1.852917191585689849e-01
-1.362246555055748543e+00 -8.796193328721284566e-01 -2.104199456419729497e+00 -2.410421382106543220e+00 -1.815104060515040363e+00 1.838343002388611036e-01
-1.368920188015397166e+00 -8.975057509693509239e-01 -2.106333246358398359e+00 -2.432000909460416249e+00 -1.821798620706183813e+00 1.823683915420418467e-01
-1.375617016370787260e+00 -9.153894632920802632e-01 -2.108505023419216862e+00 -2.453532694890020238e+00 -1.828446124830001907e+00 1.808940293707136937e-01
-1.382336938778198965e+00 -9.332683603317961651e-01 -2.110715553599923133e+00 -2.475014080979166753e+00 -1.835046022563590284e+00 1.794112514701448891e-01
-1.389079847754535635e+00 -9.511403116805423608e-01 -2.112965626483119141e+00 -2.496442416726153191e+00 -1.841597779704674309e+00 1.779200970053435027e-01
-1.395845629619920425e+00 -9.690031661767017912e-01 -2.115256055990535344e+00 -2.517815058048886279e+00 -1.848100878316651929e+00 1.764206065393176537e-01
-1.402634164438090414e+00 -9.868547520524215688e-01 -2.117587681369408781e+00 -2.539129368284035682e+00 -1.854554816866013978e+00 1.749128220157786240e-01
-1.409445325957396911e+00 -1.004692877079547353e+00 -2.119961368195601104e+00 -2.560382718675673352e+00 -1.860959110351545931e+00 1.733967867433534871e-01
-1.416278981554123018e+00 -1.022515328717496175e+00 -2.122378009585486502e+00 -2.581572488857973635e+00 -1.867313290426777739e+00 1.718725453833593042e-01
-1.423134992180021374e+00 -1.040319874260284605e+00 -2.124838527201108995e+00 -2.602696067329830054e+00 -1.873616905514919662e+00 1.703401439404358397e-01
-1.430013212307734927e+00 -1.058104260981913569e+00 -2.127343872418922643e+00 -2.623750851919019578e+00 -1.879869520916042980e+00 1.687996297555527936e-01
-1.436913489878417494e+00 -1.075866216282326704e+00 -2.129895027464475010e+00 -2.644734250241459250e+00 -1.886070718907721266e+00 1.672510515013931887e-01
-1.443835666247628602e+00 -1.093603447831480668e+00 -2.132493006739919927e+00 -2.665643680149354378e+00 -1.892220098837519293e+00 1.656944591808283962e-01
-1.450779576133514714e+00 -1.111313643712108501e+00 -2.135138858041393917e+00 -2.686476570173067291e+00 -1.898317277208878773e+00 1.641299041279370985e-01
-1.457745047563926644e+00 -1.128994472561668072e+00 -2.137833663942685813e+00 -2.707230359956458443e+00 -1.904361887760671390e+00 1.625574390102378641e-01
-1.464731901822760474e+00 -1.146643583711730585e+00 -2.140578543493605324e+00 -2.727902500685714049e+00 -1.910353581539800727e+00 1.609771178345366649e-01
-1.471739953401057566e+00 -1.164258607323876316e+00 -2.143374653389628293e+00 -2.748490455512183406e+00 -1.916292026967197915e+00 1.593889959543137724e-01
-1.478769009941373058e+00 -1.181837154524678635e+00 -2.146223189520618746e+00 -2.768991699967690234e+00 -1.922176909897272523e+00 1.577931300792822789e-01
-1.485818872181144279e+00 -1.199376817538420514e+00 -2.149125388975110962e+00 -2.789403722376092354e+00 -1.928007933671470830e+00 1.561895782865590498e-01
-1.492889333901597837e+00 -1.216875169814507718e+00 -2.152082531819888622e+00 -2.809724024256693653e+00 -1.933784819164988011e+00 1.545784000344020970e-01
-1.499980181876375385e+00 -1.234329766151215146e+00 -2.155095942719126523e+00 -2.829950120725690521e+00 -1.939507304827873035e+00 1.529596561776735142e-01
-1.507091195813844875e+00 -1.251738142815531418e+00 -2.158166992838520315e+00 -2.850079540891230501e+00 -1.945175146719751558e+00 1.513334089844507180e-01
-1.514222148299137594e+00 -1.269097817660596483e+00 -2.161297102065459885e+00 -2.870109828246413031e+00 -1.950788118539057647e+00 1.496997221548153623e-01
-1.521372804736592199e+00 -1.286406290236182581e+00 -2.164487741212734573e+00 -2.890038541054322785e+00 -1.956346011645507810e+00 1.480586608410369154e-01
-1.528542923292431910e+00 -1.303661041894503825e+00 -2.167740434244432191e+00 -2.909863252729592897e+00 -1.961848635076750558e+00 1.464102916694702550e-01
-1.535732254834488275e+00 -1.320859535890500425e+00 -2.171056760712897216e+00 -2.929581552215371865e+00 -1.967295815559094052e+00 1.447546827636039257e-01
-1.542940542871374943e+00 -1.337999217476222302e+00 -2.174438358190332821e+00 -2.949191044360236269e+00 -1.972687397513106955e+00 1.430919037685056683e-01
-1.550167523486667642e+00 -1.355077513989210836e+00 -2.177886925089917103e+00 -2.968689350291048079e+00 -1.978023243052716262e+00 1.414220258769616767e-01
-1.557412925273740978e+00 -1.372091834932914978e+00 -2.181404223250141161e+00 -2.988074107784595590e+00 -1.983303231979117509e+00 1.397451218561415465e-01
-1.564676469263867942e+00 -1.389039572051129490e+00 -2.184992080768516587e+00 -3.007342971633324868e+00 -1.988527261768212151e+00 1.380612660752143228e-01
-1.571957868849191975e+00 -1.405918099396743948e+00 -2.188652394725238537e+00 -3.026493614013845423e+00 -1.993695247553329608e+00 1.363705345335673169e-01
-1.579256829695208308e+00 -1.422724773394290931e+00 -2.192387133583224568e+00 -3.045523724850825342e+00 -1.998807122101390110e+00 1.346730048898641674e-01
-1.586573049634573351e+00 -1.439456932900740060e+00 -2.196198339631385998e+00 -3.064431012177593949e+00 -2.003862835782992846e+00 1.329687564927738430e-01
-1.593906218541026432e+00 -1.456111899265227994e+00 -2.200088131789537993e+00 -3.083213202498017669e+00 -2.008862356537396643e+00 1.312578704114428230e-01
-1.601256018184495256e+00 -1.472686976384695701e+00 -2.204058708437924619e+00 -3.101868041146111921e+00 -2.013805669831473910e+00 1.295404294663913547e-01
-1.608622122067465465e+00 -1.489179450756977996e+00 -2.208112352334396178e+00 -3.120393292645472716e+00 -2.018692778612841909e+00 1.278165182613336948e-01
-1.616004195272509714e+00 -1.505586591515085448e+00 -2.212251437856397995e+00 -3.138786741068520403e+00 -2.023523703256924655e+00 1.260862232151787332e-01
-1.623401895181183052e+00 -1.521905651057192888e+00 -2.216478441550553846e+00 -3.157046186780038344e+00 -2.028298480954748406e+00 1.243496325958500931e-01
-1.630814872309775510e+00 -1.538133865644050857e+00 -2.220795952612752089e+00 -3.175169442259213159e+00 -2.033017165032424245e+00 1.226068365557222289e-01
-1.638242771927197694e+00 -1.554268456454178882e+00 -2.225206678605391897e+00 -3.193154324215767836e+00 -2.037679823792196920e+00 1.208579271693965423e-01
-1.645685236503246385e+00 -1.570306631217133209e+00 -2.229713437067085025e+00 -3.210998641360536254e+00 -2.042286538831439735e+00 1.191029984732330793e-01
-1.653141905609782691e+00 -1.586245584018905586e+00 -2.234319156817146990e+00 -3.228700194881432672e+00 -2.046837405197188708e+00 1.173421465041856321e-01
-1.660612415752484416e+00 -1.602082495115930261e+00 -2.239026888691911132e+00 -3.246256778916824626e+00 -2.051332531533764492e+00 1.155754693373148984e-01
-1.668096400278552771e+00 -1.617814530688499453e+00 -2.243839826638249768e+00 -3.263666181028310298e+00 -2.055772040223671659e+00 1.138030671219480566e-01
-1.675593491841484095e+00 -1.633438844184924577e+00 -2.248761301924801170e+00 -3.280926170064033531e+00 -2.060156065916792567e+00 1.120250421165916027e-01
-1.683103322348351583e+00 -1.648952575945781263e+00 -2.253794786769933278e+00 -3.298034496703584839e+00 -2.064484755762359569e+00 1.102414987224790560e-01
-1.690625522846855189e+00 -1.664352852823938633e+00 -2.258943900471438226e+00 -3.314988893987750096e+00 -2.068758269631576052e+00 1.084525435151602046e-01
-1.698159723382856479e+00 -1.679636787783473473e+00 -2.264212416033645869e+00 -3.331787077854778456e+00 -2.072976780333146696e+00 1.066582852747790938e-01
-1.705705552827756266e+00 -1.694801479475301242e+00 -2.269604269856675849e+00 -3.348426747693273864e+00 -2.077140473822639777e+00 1.048588350140849668e-01
-1.713262638713528130e+00 -1.709844011768199223e+00 -2.275123572660131988e+00 -3.364905586895495126e+00 -2.081249549403620946e+00 1.030543060046975046e-01
-1.720830607083909447e+00 -1.724761453227639851e+00 -2.280774622472754309e+00 -3.381221263413973777e+00 -2.085304219920476321e+00 1.012448138018207655e-01
-1.728409082381612505e+00 -1.739550856527372513e+00 -2.286561917303519209e+00 -3.397371430317212226e+00 -2.089304711942219228e+00 9.943047626748756362e-02
-1.735997687353205921e+00 -1.754209257796624843e+00 -2.292490171993475379e+00 -3.413353726352251094e+00 -2.093251265938091521e+00 9.761141359158974351e-02
-1.743596043021105713e+00 -1.768733675873508382e+00 -2.298564325387293827e+00 -3.429165776478069194e+00 -2.097144136440844964e+00 9.578774831137432111e-02
-1.751203768562723306e+00 -1.783121111536658976e+00 -2.304789551845774831e+00 -3.444805192434414742e+00 -2.100983592204185513e+00 9.395960532886095395e-02
-1.758820481150510151e+00 -1.797368546685448543e+00 -2.311171276558794396e+00 -3.460269573314505021e+00 -2.104769916350810455e+00 9.212711192678976757e-02
-1.766445795791964812e+00 -1.811472943440919803e+00 -2.317715194837850490e+00 -3.475556506140813351e+00 -2.108503406510592981e+00 9.029039778294073448e-02
-1.774079325208313573e+00 -1.825431243138162074e+00 -2.324427287963052979e+00 -3.490663566443961585e+00 -2.112184374948814281e+00 8.844959498252522034e-02
-1.781720679683143738e+00 -1.839240365237789554e+00 -2.331313840524798842e+00 -3.505588318846803109e+00 -2.115813148684204670e+00 8.660483802926724484e-02
-1.789369466881953974e+00 -1.852897206146105535e+00 -2.338381460226587549e+00 -3.520328317652248185e+00 -2.119390069596437609e+00 8.475626385450790723e-02
-1.797025291655632628e+00 -1.866398637926828918e+00 -2.345637099689164451e+00 -3.534881107435579484e+00 -2.122915494522884750e+00 8.290401182441423100e-02
-1.804687755830923557e+00 -1.879741506889735625e+00 -2.353088080675933558e+00 -3.549244223641916385e+00 -2.126389795344253208e+00 8.104822374562657694e-02
-1.812356457994206194e+00 -1.892922632038447794e+00 -2.360742120898422058e+00 -3.563415193188273822e+00 -2.129813359058752464e+00 7.918904386933900419e-02
-1.820030993272614195e+00 -1.905938803357755340e+00 -2.368607360695829556e+00 -3.577391535071022144e+00 -2.133186587844615012e+00 7.732661889357747564e-02
-1.827710953078906631e+00 -1.918786779942042386e+00 -2.376692392734166770e+00 -3.591170760980898713e+00 -2.136509899110718536e+00 7.546109796391710367e-02
-1.835395924825007130e+00 -1.931463287941835194e+00 -2.385006294867499044e+00 -3.604750375923318373e+00 -2.139783725534774916e+00 7.359263267252226515e-02
-1.843085491606355264e+00 -1.943965018303701608e+00 -2.393558666344795860e+00 -3.618127878845089906e+00 -2.143008515088790311e+00 7.172137705551821785e-02
-1.850779231857174745e+00 -1.956288624277090715e+00 -2.402359667876617255e+00 -3.631300763269465381e+00 -2.146184731051540062e+00 6.984748758868170038e-02
-1.858476718977134956e+00 -1.968430718656883904e+00 -2.411420064579838485e+00 -3.644266517940098371e+00 -2.149312852007567720e+00 6.797112318165950129e-02
-1.866177520911823651e+00 -1.980387870737048139e+00 -2.420751273756047262e+00 -3.657022627474479481e+00 -2.152393371832425295e+00 6.609244517032356048e-02
-1.873881199688216759e+00 -1.992156602935478471e+00 -2.430365417275520024e+00 -3.669566573028170353e+00 -2.155426799663580972e+00 6.421161730770504061e-02
-1.881587310893961140e+00 -2.003733387049823289e+00 -2.440275379339184703e+00 -3.681895832970322413e+00 -2.158413659856450284e+00 6.232880575336003509e-02
-1.889295403091014736e+00 -2.015114640097275700e+00 -2.450494870599122077e+00 -3.694007883572843820e+00 -2.161354491925180810e+00 6.044417906128961293e-02
-1.897005017155515727e+00 -2.026296719682074254e+00 -2.461038498858191481e+00 -3.705900199713881626e+00 -2.164249850467476755e+00 5.855790816627904488e-02
-1.904715685526021884e+00 -2.037275918830188104e+00 -2.471921847511895809e+00 -3.717570255597843598e+00 -2.167100305072914956e+00 5.667016636880622266e-02
-1.912426931342999792e+00 -2.048048460219330735e+00 -2.483161562452252280e+00 -3.729015525494225436e+00 -2.169906440214040888e+00 5.478112931855841361e-02
-1.920138267454850167e+00 -2.058610489722918935e+00 -2.494775449423627833e+00 -3.740233484497644145e+00 -2.172668855119453735e+00 5.289097499652647971e-02
-1.927849195270495475e+00 -2.068958069166880076e+00 -2.506782584194076069e+00 -3.751221609312231475e+00 -2.175388163628092730e+00 5.099988369569244395e-02
-1.935559203442525522e+00 -2.079087168173553657e+00 -2.519203438969072728e+00 -3.761977379063674576e+00 -2.178064994023698908e+00 4.910803800049473589e-02
-1.943267766373848904e+00 -2.088993654932365995e+00 -2.532060030000066408e+00 -3.772498276142161266e+00 -2.180699988848454840e+00 4.721562276502508371e-02
-1.950974342557082464e+00 -2.098673285689053536e+00 -2.545376092400837287e+00 -3.782781787081984870e+00 -2.183293804694639739e+00 4.532282508996738485e-02
-1.958678372769396159e+00 -2.108121692688468940e+00 -2.559177287852600458e+00 -3.792825403482247282e+00 -2.185847111972967660e+00 4.342983429840957532e-02
-1.966379278139251507e+00 -2.117334370254521758e+00 -2.573491447495428908e+00 -3.802626622975825210e+00 -2.188360594656161062e+00 4.153684191057941538e-02
-1.974076458043519056e+00 -2.126306658670682026e+00 -2.588348844374153579e+00 -3.812182950253976355e+00 -2.190834949996088632e+00 3.964404161751115124e-02
-1.981769287649712163e+00 -2.135033725578930230e+00 -2.603782475339751379e+00 -3.821491898155839007e+00 -2.193270888212585756e+00 3.775162925376395612e-02
-1.989457114647188440e+00 -2.143510544795766304e+00 -2.619828312595271047e+00 -3.830550988833931747e+00 -2.195669132151862435e+00 3.585980276931885480e-02
-1.997139254309858725e+00 -2.151731872785541899e+00 -2.636525465587950201e+00 -3.839357755008704576e+00 -2.198030416911930907e+00 3.396876220087262366e-02
-2.004814981565870902e+00 -2.159692223500135455e+00 -2.653916193218750941e+00 -3.847909741329663014e+00 -2.200355489432367140e+00 3.207870964226216398e-02
-2.012483518453053843e+00 -2.167385842668521523e+00 -2.672045751911448885e+00 -3.856204505862021570e+00 -2.202645108044961830e+00 3.018984921449397243e-02
-2.020144015623219769e+00 -2.174806682390375112e+00 -2.690962204103430011e+00 -3.864239621724076645e+00 -2.204900041981341818e+00 2.830238703551922128e-02
-2.027795528066162589e+00 -2.181948375098742510e+00 -2.710716593237221694e+00 -3.872012678906461947e+00 -2.207121070832760878e+00 2.641653118988098251e-02
-2.035436988630439537e+00 -2.188804201218752077e+00 -2.731364342691987357e+00 -3.879521286312855644e+00 -2.209308983956340899e+00 2.453249169860988871e-02
-2.043067188535282241e+00 -2.195367035666461408e+00 -2.752969305864451766e+00 -3.886763074072024260e+00 -2.211464579820572762e+00 2.265048048973334824e-02
-2.050684781052820149e+00 -2.201629244075618885e+00 -2.775612359748702129e+00 -3.893735696186563455e+00 -2.213588665281223999e+00 2.077071136973211024e-02
-2.058288329784490500e+00 -2.207582482592381101e+00 -2.799406286592958981e+00 -3.900436833603730502e+00 -2.215682054776262788e+00 1.889339999660937311e-02
-2.065876419989984392e+00 -2.213217343756346267e+00 -2.824517050234327975e+00 -3.906864197823084250e+00 -2.217745569425193075e+00 1.701876385518114043e-02
-2.073447830259885549e+00 -2.218522804375882895e+00 -2.851187232366386937e+00 -3.913015535197499783e+00 -2.219780036013658808e+00 1.514702223551372268e-02
-2.081001711258866571e+00 -2.223485502435780248e+00 -2.879749176960499923e+00 -3.918888632147024431e+00 -2.221786285837695551e+00 1.327839621564311234e-02
-2.088537633370839419e+00 -2.228089044711414335e+00 -2.910603100295759305e+00 -3.924481321601676065e+00 -2.223765153372802672e+00 1.141310865000019770e-02
-2.096055262417124254e+00 -2.232313869894116731e+00 -2.944121060729399275e+00 -3.929791491108158397e+00 -2.225717474483579927e+00 9.551384169743147926e-03
-2.103553359519162225e+00 -2.236138670457665789e+00 -2.980431087403330181e+00 -3.934817093390981846e+00 -2.227644084469774022e+00 7.693449195312973901e-03
-2.111027904406940880e+00 -2.239544878321966692e+00 -3.019051176586299512e+00 -3.939556160564094078e+00 -2.229545815811754483e+00 5.839531963234481128e-03
-2.118469548791291679e+00 -2.242525833045963424e+00 -3.058405042594757539e+00 -3.944006824052880056e+00 -2.231423495364495579e+00 3.989862573574445154e-03
-2.125861322193851155e+00 -2.245101012929970885e+00 -3.095396380567508654e+00 -3.948167344145119717e+00 -2.233277940761787761e+00 2.144673068300657817e-03
-2.133178119710370524e+00 -2.247331136019486753e+00 -3.125471774087231314e+00 -3.952036157334937183e+00 -2.235109955672066384e+00 3.041975581634251760e-04
-2.140388974021968149e+00 -2.249320483630360634e+00 -3.143961597323462254e+00 -3.955611960809608973e+00 -2.236920323508206465e+00 -1.531327570111182083e-03
