-2.430872469080592513e+00 -2.314061082452210094e+00 8.722472907527054065e-02 -6.059104068264477005e-01 -2.276767625838236775e+00 3.112685411083466303e+00
-2.430872469080592513e+00 -2.314061082452210094e+00 8.722472907527054065e-02 -6.059104068264477005e-01 -2.276767625838236775e+00 3.112685411083466303e+00
-2.430431957137311638e+00 -2.313919755539957102e+00 3.269084082088958843e-01 -6.057270714335829531e-01 -2.276670313585581695e+00 3.112546025503485136e+00
-2.429590126231251368e+00 -2.313437018749746166e+00 5.900049934115967343e-01 -6.053652906787527765e-01 -2.276476265434859592e+00 3.112268252348896258e+00
-2.428517411494124367e+00 -2.312403862945724864e+00 7.881389899610415917e-01 -6.048299114938365806e-01 -2.276186130016254694e+00 3.111853089097902370e+00
-2.427359880811484683e+00 -2.310766341061551987e+00 9.060983659582074745e-01 -6.041257375967453713e-01 -2.275800623591622163e+00 3.111301532917513324e+00
-2.426149336177146232e+00 -2.308560621302778504e+00 9.606108589280835108e-01 -6.032575294202966454e-01 -2.275320525492083856e+00 3.110614580871037926e+00
-2.424836578943449172e+00 -2.305838567524307603e+00 9.757933663283765435e-01 -6.022300040795608433e-01 -2.274746673637523475e+00 3.109793230117269491e+00
-2.423352523563169658e+00 -2.302642738022786517e+00 9.717936720533626449e-01 -6.010478353725122735e-01 -2.274079960138323031e+00 3.108838478101525471e+00
-2.421644950888140801e+00 -2.299002836140880746e+00 9.616075215884987148e-01 -5.997156538090009370e-01 -2.273321326979680368e+00 3.107751322738706357e+00
-2.419688381063384686e+00 -2.294936373963052390e+00 9.518805588792288441e-01 -5.982380466632506444e-01 -2.272471761788811495e+00 3.106532762588526619e+00
-2.417478983442648222e+00 -2.290451099878264341e+00 9.449925703140319433e-01 -5.966195580452682279e-01 -2.271532293685341042e+00 3.105183797023061576e+00
-2.415025122305718863e+00 -2.285548772168599641e+00 9.410422176431337826e-01 -5.948646889867355014e-01 -2.270503989215169938e+00 3.103705426386758948e+00
-2.412339264324719235e+00 -2.280228877748243121e+00 9.392375206390848330e-01 -5.929778975371354788e-01 -2.269387948368112973e+00 3.102098652149043456e+00
-2.409433055928709155e+00 -2.274491161816011076e+00 9.386716164079228486e-01 -5.909635988660477679e-01 -2.268185300679597560e+00 3.100364477049649015e+00
-2.406315293558312085e+00 -2.268336754646409048e+00 9.386484432549042634e-01 -5.888261653677319130e-01 -2.266897201416715024e+00 3.098503905236799749e+00
-2.402991782340318849e+00 -2.261768290105862000e+00 9.387468417754921690e-01 -5.865699267642938697e-01 -2.265524827848937495e+00 3.096517942398356649e+00
-2.399466083701031316e+00 -2.254789535929814459e+00 9.387677259760153214e-01 -5.841991702039159851e-01 -2.264069375603802836e+00 3.094407595886046192e+00
-2.395740450921048481e+00 -2.247404918696904286e+00 9.386518313691828430e-01 -5.817181403508056015e-01 -2.262532055107911333e+00 3.092173874832873537e+00
-2.391816588095397211e+00 -2.239619139246472379e+00 9.384093932101377211e-01 -5.791310394637014802e-01 -2.260914088113560538e+00 3.089817790263824637e+00
-2.387696122174526536e+00 -2.231436934975768338e+00 9.380740539465004524e-01 -5.764420274599506566e-01 -2.259216704311396651e+00 3.087340355199952313e+00
-2.383380820874821282e+00 -2.222862970869342814e+00 9.376788596985795587e-01 -5.736552219623513027e-01 -2.257441138029445238e+00 3.084742584755939099e+00
-2.378872641841464741e+00 -2.213901815323280342e+00 9.372473432945813698e-01 -5.707746983261299256e-01 -2.255588625018935200e+00 3.082025496231222128e+00
-2.374173696658693267e+00 -2.204557958508944537e+00 9.367928151364570688e-01 -5.678044896435977540e-01 -2.253660399327323205e+00 3.079190109194763103e+00
-2.369286188845839636e+00 -2.194835843616229631e+00 9.363209584364874383e-01 -5.647485867242098001e-01 -2.251657690258962674e+00 3.076237445563540618e+00
-2.364212357975639112e+00 -2.184739894920765924e+00 9.358329472807285221e-01 -5.616109380479220592e-01 -2.249581719423882742e+00 3.073168529674837668e+00
-2.358954441693998927e+00 -2.174274536817217829e+00 9.353278885406772769e-01 -5.583954496899169451e-01 -2.247433697875145686e+00 3.069984388352395843e+00
-2.353514655619150631e+00 -2.163444203861856430e+00 9.348043234780786248e-01 -5.551059852149364815e-01 -2.245214823335294874e+00 3.066686050966498378e+00
-2.347895186190597006e+00 -2.152253344315664840e+00 9.342609526557077437e-01 -5.517463655396407374e-01 -2.242926277512408362e+00 3.063274549488045562e+00
-2.342098190870818719e+00 -2.140706420004130361e+00 9.336968637592806264e-01 -5.483203687615747501e-01 -2.240569223506290175e+00 3.059750918536681574e+00
-2.336125801376158329e+00 -2.128807904664522077e+00 9.331115074445066604e-01 -5.448317299534981561e-01 -2.238144803305362363e+00 3.056116195423024706e+00
-2.329980127331758855e+00 -2.116562282086185576e+00 9.325045845638108011e-01 -5.412841409219993905e-01 -2.235654135374816942e+00 3.052371420185058248e+00
-2.323663259168521567e+00 -2.103974044634654206e+00 9.318759314384306158e-01 -5.376812499294836289e-01 -2.233098312336616154e+00 3.048517635618724242e+00
-2.317177269987374721e+00 -2.091047692295677773e+00 9.312254364919906324e-01 -5.340266613787904015e-01 -2.230478398741925883e+00 3.044555887302772934e+00
-2.310524216560836397e+00 -2.077787732152977185e+00 9.305529920591424364e-01 -5.303239354598566768e-01 -2.227795428936586664e+00 3.040487223617906576e+00
-2.303706139775371753e+00 -2.064198678147141308e+00 9.298584729727742415e-01 -5.265765877580065313e-01 -2.225050405020227995e+00 3.036312695760262415e+00
-2.296725064788691650e+00 -2.050285050978180923e+00 9.291417312228503755e-01 -5.227880888236104973e-01 -2.222244294899629935e+00 3.032033357749276181e+00
-2.289583001088468350e+00 -2.036051378058313155e+00 9.284025982424146672e-01 -5.189618637030143367e-01 -2.219378030436943483e+00 3.027650266429959380e+00
-2.282281942553908483e+00 -2.021502193464206343e+00 9.276408895678611710e-01 -5.151012914307890878e-01 -2.216452505693376374e+00 3.023164481469630793e+00
-2.274823867560972435e+00 -2.006642037868290096e+00 9.268564094551455801e-01 -5.112097044835196558e-01 -2.213468575268934924e+00 3.018577065349137278e+00
-2.267210739140394615e+00 -1.991475458444528224e+00 9.260489547838290925e-01 -5.072903881954859973e-01 -2.210427052738818787e+00 3.013889083348593623e+00
-2.259444505186896546e+00 -1.976007008749442129e+00 9.252183183936673050e-01 -5.033465801367529302e-01 -2.207328709187035720e+00 3.009101603527681856e+00
-2.251527098721096021e+00 -1.960241248584782214e+00 9.243642822926030345e-01 -4.993814694541156007e-01 -2.204174271835421806e+00 3.004215696700509142e+00
-2.243460438042262695e+00 -1.944182743908757338e+00 9.234866195514255249e-01 -4.953981961761435016e-01 -2.200964422773327822e+00 2.999232436405088631e+00
-2.235246426905093564e+00 -1.927836066736103415e+00 9.225850952622483003e-01 -4.913998504830274783e-01 -2.197699797786126563e+00 2.994152898867468160e+00
-2.226886954708874100e+00 -1.911205795032799415e+00 9.216594668137977342e-01 -4.873894719423232935e-01 -2.194380985283021612e+00 2.988978162960547635e+00
-2.218383896689660517e+00 -1.894296512610101013e+00 9.207094837921242503e-01 -4.833700487118104405e-01 -2.191008525324604328e+00 2.983709310157608208e+00
-2.209739114110007119e+00 -1.877112809020621498e+00 9.197348877241747767e-01 -4.793445167108067451e-01 -2.187582908750565824e+00 2.978347424480593642e+00
-2.200954454443825092e+00 -1.859659279457660297e+00 9.187354117854646951e-01 -4.753157587614215140e-01 -2.184104576407932097e+00 2.972893592443172306e+00
-2.192031751555795438e+00 -1.841940524658050693e+00 9.177107805277602282e-01 -4.712866037013483389e-01 -2.180573918480136264e+00 2.967348902988613979e+00
-2.182972825875743261e+00 -1.823961150808325549e+00 9.166607096517035425e-01 -4.672598254698756559e-01 -2.176991273917213476e+00 2.961714447422520546e+00
-2.173779484568872267e+00 -1.805725769453730756e+00 9.155849057915241840e-01 -4.632381421689855117e-01 -2.173356929967319218e+00 2.955991319340442125e+00
-2.164453521702267569e+00 -1.787238997409887009e+00 9.144830662978238323e-01 -4.592242151014946927e-01 -2.169671121809733982e+00 2.950180614550420799e+00
-2.154996718407853340e+00 -1.768505456676995546e+00 9.133548790310654919e-01 -4.552206477882606572e-01 -2.165934032289442257e+00 2.944283430990498385e+00
-2.145410843042236060e+00 -1.749529774356373135e+00 9.122000221828564515e-01 -4.512299849666179807e-01 -2.162145791753325774e+00 2.938300868641231300e+00
-2.135697651344242942e+00 -1.730316582568905082e+00 9.110181640495940147e-01 -4.472547115722729227e-01 -2.158306477987915528e+00 2.932234029433255618e+00
-2.125858886589557351e+00 -1.710870518375716909e+00 9.098089628042502763e-01 -4.432972517070351559e-01 -2.154416116258589753e+00 2.926084017149948036e+00
-2.115896279742685238e+00 -1.691196223700952128e+00 9.085720662799725567e-01 -4.393599675947668093e-01 -2.150474679450022908e+00 2.919851937325229407e+00
-2.105811549606785960e+00 -1.671298345256385876e+00 9.073071117162078147e-01 -4.354451585280966208e-01 -2.146482088307601011e+00 2.913538897136564554e+00
-2.095606402970939808e+00 -1.651181534468095125e+00 9.060137254743468871e-01 -4.315550598084475498e-01 -2.142438211779450263e+00 2.907146005293207658e+00
-2.085282534754530293e+00 -1.630850447405358672e+00 9.046915228088130423e-01 -4.276918416820586488e-01 -2.138342867458613572e+00 2.900674371919751859e+00
-2.074841628150165374e+00 -1.610309744711070135e+00 9.033401075744668107e-01 -4.238576082746705609e-01 -2.134195822124844266e+00 2.894125108435041227e+00
-2.064285354764182845e+00 -1.589564091534155565e+00 9.019590719402770240e-01 -4.200543965277176994e-01 -2.129996792385366433e+00 2.887499327426508167e+00
-2.053615374755195511e+00 -1.568618157463780083e+00 9.005479960709088516e-01 -4.162841751387850731e-01 -2.125745445413868673e+00 2.880798142520001104e+00
-2.042833336970337754e+00 -1.547476616465524479e+00 8.991064478544548155e-01 -4.125488435092039552e-01 -2.121441399786906601e+00 2.874022668245172607e+00
-2.031940879080541329e+00 -1.526144146818870340e+00 8.976339825340398093e-01 -4.088502307017103377e-01 -2.117084226416761528e+00 2.867174019896498560e+00
-2.020939627713175923e+00 -1.504625431056858087e+00 8.961301423646059749e-01 -4.051900944110989888e-01 -2.112673449579717477e+00 2.860253313390006991e+00
-2.009831198582938239e+00 -1.482925155907488080e+00 8.945944563043721764e-01 -4.015701199508363572e-01 -2.108208548038610353e+00 2.853261665115792489e+00
-1.998617196622129999e+00 -1.461048012236291216e+00 8.930264396127760573e-01 -3.979919192586031107e-01 -2.103688956258386256e+00 2.846200191786405487e+00
-1.987299216108719957e+00 -1.438998694990924143e+00 8.914255935066596193e-01 -3.944570299237561417e-01 -2.099114065713315380e+00 2.839070010281201206e+00
-1.975878840793865443e+00 -1.416781903146944632e+00 8.897914046797825716e-01 -3.909669142397335651e-01 -2.094483226284368449e+00 2.831872237486737998e+00
-1.964357644026302419e+00 -1.394402339656123813e+00 8.881233449187277973e-01 -3.875229582843771059e-01 -2.089795747745186727e+00 2.824607990133325419e+00
-1.952737188876153773e+00 -1.371864711396018066e+00 8.864208707103479190e-01 -3.841264710311412811e-01 -2.085050901334938533e+00 2.817278384627819321e+00
-1.941019028258458068e+00 -1.349173729120671128e+00 8.846834227570274933e-01 -3.807786834941898624e-01 -2.080247921416263690e+00 2.809884536882768291e+00
-1.929204705054841762e+00 -1.326334107413289498e+00 8.829104255471007523e-01 -3.774807479103060581e-01 -2.075386007216379447e+00 2.802427562142021156e+00
-1.917295752235073092e+00 -1.303350564640027409e+00 8.811012868707810419e-01 -3.742337369605488462e-01 -2.070464324649321508e+00 2.794908574802907442e+00
-1.905293692977800379e+00 -1.280227822905278368e+00 8.792553972869282530e-01 -3.710386430345423703e-01 -2.065482008217176091e+00 2.787328688235107599e+00
-1.893200040789877248e+00 -1.256970608008819434e+00 8.773721295607916915e-01 -3.678963775402184222e-01 -2.060438162988069699e+00 2.779689014596335994e+00
-1.881016299624148402e+00 -1.233583649404920379e+00 8.754508381784332771e-01 -3.648077702617996687e-01 -2.055331866648555383e+00 2.771990664644963243e+00
-1.868743963998068747e+00 -1.210071680162231322e+00 8.734908587266934088e-01 -3.617735687687728685e-01 -2.050162171627936125e+00 2.764234747549703552e+00
-1.856384519110647613e+00 -1.186439436925796231e+00 8.714915073360767206e-01 -3.587944378785481447e-01 -2.044928107291955399e+00 2.756422370696506086e+00
-1.843939440959831089e+00 -1.162691659880145556e+00 8.694520800692060458e-01 -3.558709591753410617e-01 -2.039628682203214805e+00 2.748554639492788887e+00
-1.831410196459731576e+00 -1.138833092713828821e+00 8.673718522759857885e-01 -3.530036305878718195e-01 -2.034262886445532992e+00 2.740632657169155717e+00
-1.818798243557617766e+00 -1.114868482585486431e+00 8.652500778678755555e-01 -3.501928660283014638e-01 -2.028829694009402829e+00 2.732657524578746777e+00
-1.806105031349463541e+00 -1.090802580092156360e+00 8.630859886290254135e-01 -3.474389950947501804e-01 -2.023328065235607376e+00 2.724630339994371653e+00
-1.793332000195687836e+00 -1.066640139239028562e+00 8.608787934986694701e-01 -3.447422628397102673e-01 -2.017756949313936232e+00 2.716552198903583015e+00
-1.780480581837216913e+00 -1.042385917410644902e+00 8.586276778869074144e-01 -3.421028296065122265e-01 -2.012115286833894956e+00 2.708424193801849622e+00
-1.767552199513537925e+00 -1.018044675342731242e+00 8.563318027515914865e-01 -3.395207709358577519e-01 -2.006402012384226108e+00 2.700247413983992040e+00
-1.754548268077847251e+00 -9.936211770973344404e-01 8.539903038940348523e-01 -3.369960775444351131e-01 -2.000616057197947661e+00 2.692022945334049844e+00
-1.741470194115518622e+00 -9.691201900380452816e-01 8.516022910259845036e-01 -3.345286553774430294e-01 -1.994756351839571895e+00 2.683751870113752602e+00
-1.728319376061320023e+00 -9.445464848078282127e-01 8.491668468750884768e-01 -3.321183257367878450e-01 -1.988821828931076396e+00 2.675435266749766949e+00
-1.715097204317312052e+00 -9.199048353085175211e-01 8.466830262752730318e-01 -3.297648254865579442e-01 -1.982811425913159509e+00 2.667074209619903602e+00
-1.701805061372150263e+00 -8.952000186817019589e-01 8.441498552119869325e-01 -3.274678073372098153e-01 -1.976724087838273469e+00 2.658669768838461955e+00
-1.688444321921808822e+00 -8.704368152910837431e-01 8.415663297171418478e-01 -3.252268402099539601e-01 -1.970558770191795039e+00 2.650223010040900995e+00
-1.675016352989196822e+00 -8.456200087077903049e-01 8.389314148412244654e-01 -3.230414096823982506e-01 -1.964314441737792682e+00 2.641734994168027040e+00
-1.661522514045806531e+00 -8.207543856970787033e-01 8.362440435224449686e-01 -3.209109185166487133e-01 -1.957990087385674816e+00 2.633206777249884389e+00
-1.647964157134151453e+00 -7.958447362072194053e-01 8.335031154600283099e-01 -3.188346872708545665e-01 -1.951584711074008993e+00 2.624639410189551381e+00
-1.634342626992480341e+00 -7.708958533599019614e-01 8.307074959024142169e-01 -3.168119549949174885e-01 -1.945097338667839182e+00 2.616033938547037252e+00
-1.620659261181095268e+00 -7.459125334426590648e-01 8.278560143577724517e-01 -3.148418800111214555e-01 -1.938527020865719042e+00 2.607391402323477436e+00
-1.606915390209857408e+00 -7.208995759036935791e-01 8.249474632729778545e-01 -3.129235407802006819e-01 -1.931872836112711544e+00 2.598712835745834671e+00
-1.593112337667688561e+00 -6.958617833488363047e-01 8.219805965852288177e-01 -3.110559368532145319e-01 -1.925133893515605488e+00 2.589999267052308873e+00
-1.579251420352562274e+00 -6.708039615416359069e-01 8.189541283807285632e-01 -3.092379899095230034e-01 -1.918309335756557266e+00 2.581251718278664065e+00
-1.565333948406441245e+00 -6.457309194043163725e-01 8.158667313926166731e-01 -3.074685448809509336e-01 -1.911398342001403128e+00 2.572471205045681497e+00
-1.551361225453006032e+00 -6.206474690209715650e-01 8.127170352786484697e-01 -3.057463711620957980e-01 -1.904400130798897806e+00 2.563658736347949940e+00
-1.537334548734611728e+00 -5.955584256451962322e-01 8.095036249843333698e-01 -3.040701639066120676e-01 -1.897313962967134060e+00 2.554815314344205390e+00
-1.523255209252675213e+00 -5.704686077100573627e-01 8.062250390583287629e-01 -3.024385454091144676e-01 -1.890139144463457432e+00 2.545941934149436925e+00
-1.509124491912485322e+00 -5.453828368400892579e-01 8.028797678055044074e-01 -3.008500665722890766e-01 -1.882875029234158060e+00 2.537039583628969197e+00
-1.494943675670658445e+00 -5.203059378665533252e-01 7.994662513827339723e-01 -2.993032084585698360e-01 -1.875521022040323338e+00 2.528109243194742284e+00
-1.480714033686228337e+00 -4.952427388456892565e-01 7.959828777398925137e-01 -2.977963839255877709e-01 -1.868076581256277624e+00 2.519151885604000274e+00
-1.466436833474042079e+00 -4.701980710810040875e-01 7.924279805916273345e-01 -2.963279393445993337e-01 -1.860541221637004305e+00 2.510168475760612417e+00
-1.452113337063932530e+00 -4.451767691479489031e-01 7.887998372341027409e-01 -2.948961564008491520e-01 -1.852914517051066357e+00 2.501159970519237330e+00
-1.437744801164622110e+00 -4.201836709218975674e-01 7.850966661666423096e-01 -2.934992539746694717e-01 -1.845196103175624991e+00 2.492127318492554533e+00
-1.423332477330476298e+00 -3.952236176108652188e-01 7.813166247088465521e-01 -2.921353901020856125e-01 -1.837385680150155798e+00 2.483071459861772912e+00
-1.408877612134167290e+00 -3.703014537916091697e-01 7.774578064170065694e-01 -2.908026640134722673e-01 -1.829483015185599193e+00 2.473993326190639941e+00
-1.394381447343576719e+00 -3.454220274504793409e-01 7.735182384007182055e-01 -2.894991182487838821e-01 -1.821487945125693564e+00 2.464893840243164824e+00
-1.379845220103992354e+00 -3.205901900288645745e-01 7.694958785675619639e-01 -2.882227408476727981e-01 -1.813400378957379377e+00 2.455773915805268715e+00
-1.365270163127538128e+00 -2.958107964725722461e-01 7.653886126729012584e-01 -2.869714676127935182e-01 -1.805220300267187383e+00 2.446634457510580063e+00
-1.350657504888936211e+00 -2.710887052861683522e-01 7.611942511901744757e-01 -2.857431844443507063e-01 -1.796947769640700798e+00 2.437476360670583819e+00
-1.336008469827319356e+00 -2.464287785929917263e-01 7.569105260021796733e-01 -2.845357297439715660e-01 -1.788582927002194900e+00 2.428300511109339421e+00
-1.321324278554092402e+00 -2.218358822014461218e-01 7.525350870565253869e-01 -2.833468968857941195e-01 -1.780125993891711778e+00 2.419107785002974520e+00
-1.306606148070622808e+00 -1.973148856759601166e-01 7.480654987328952954e-01 -2.821744367525738095e-01 -1.771577275676943453e+00 2.409899048724162274e+00
-1.291855291993589505e+00 -1.728706624145681658e-01 7.434992360488710261e-01 -2.810160603346198993e-01 -1.762937163697309462e+00 2.400675158691787381e+00
-1.277072920789254606e+00 -1.485080897330925964e-01 7.388336806308639648e-01 -2.798694413891716359e-01 -1.754206137337829929e+00 2.391436961226003799e+00
-1.262260242016443490e+00 -1.242320489568427000e-01 7.340661165241105790e-01 -2.787322191577560337e-01 -1.745384766030500412e+00 2.382185292408882216e+00
-1.247418460580169253e+00 -1.000474255195129558e-01 7.291937257036017472e-01 -2.776020011390950004e-01 -1.736473711180900104e+00 2.372920977950847110e+00
-1.232548778994840388e+00 -7.595910907084846286e-02 7.242135834575978981e-01 -2.764763659149570008e-01 -1.727473728017980381e+00 2.363644833063091699e+00
-1.217652397660540453e+00 -5.197199359192117285e-02 7.191226534485587463e-01 -2.753528660263137584e-01 -1.718385667365075697e+00 2.354357662336165724e+00
-1.202730515151545054e+00 -2.809097751958855582e-02 7.139177824301725650e-01 -2.742290308971133128e-01 -1.709210477330295408e+00 2.345060259624920818e+00
-1.187784328516216181e+00 -4.320963881826234143e-03 7.085956948142735357e-01 -2.731023698029423352e-01 -1.699949204914569911e+00 2.335753407939996862e+00
-1.172815033592530254e+00 1.933313955745630253e-02 7.031529868204257072e-01 -2.719703748818083078e-01 -1.690602997535744390e+00 2.326437879346025195e+00
-1.157823825337601198e+00 4.286642014175123805e-02 6.975861203820308276e-01 -2.708305241841843514e-01 -1.681173104467285517e+00 2.317114434866727635e+00
-1.142811898174258545e+00 6.627396015389885875e-02 6.918914166736893634e-01 -2.696802847594880204e-01 -1.671660878190240673e+00 2.307783824397074302e+00
-1.127780446355093780e+00 8.955083663534235683e-02 6.860650492034230385e-01 -2.685171157760901650e-01 -1.662067775657257274e+00 2.298446786622673876e+00
-1.112730664343724030e+00 1.126921211907965237e-01 6.801030365828898416e-01 -2.673384716719419685e-01 -1.652395359467588420e+00 2.289104048946549508e+00
-1.097663747216347518e+00 1.356928797784218155e-01 6.740012348768116279e-01 -2.661418053329307476e-01 -1.642645298952093436e+00 2.279756327423458906e+00
-1.082580891085046515e+00 1.585481724844250984e-01 6.677553294488732805e-01 -2.649245712960038857e-01 -1.632819371167438138e+00 2.270404326701908282e+00
-1.067483293543166178e+00 1.812530532800908922e-01 6.613608264516244173e-01 -2.636842289741122558e-01 -1.622919461798801422e+00 2.261048739974002686e+00
-1.052372154137301452e+00 2.038025697618168763e-01 6.548130436782595432e-01 -2.624182459000880541e-01 -1.612947565970459074e+00 2.251690248933274408e+00
-1.037248674864829745e+00 2.261917628708571826e-01 6.481071009148594575e-01 -2.611241009864583296e-01 -1.602905788963858713e+00 2.242329523740620889e+00
-1.022114060700083815e+00 2.484156665919567963e-01 6.412379097467569844e-01 -2.597992877983388293e-01 -1.592796346842785926e+00 2.232967222998479606e+00
-1.006969520152194653e+00 2.704693076297930432e-01 6.342001625749621452e-01 -2.584413178364382002e-01 -1.582621566985481287e+00 2.223603993733358930e+00
-9.918162658532982956e-01 2.923477050589164961e-01 6.269883211570898007e-01 -2.570477238273631282e-01 -1.572383888523523066e+00 2.214240471386844877e+00
-9.766555151840157212e-01 3.140458699481141203e-01 6.195966044174936460e-01 -2.556160630182889304e-01 -1.562085862687595750e+00 2.204877279815186775e+00
-9.614884909386085532e-01 3.355588049568138942e-01 6.120189754935789761e-01 -2.541439204732167112e-01 -1.551730153060203898e+00 2.195515031297567532e+00
-9.463164220328688092e-01 3.568815039011958845e-01 6.042491279124838632e-01 -2.526289123680219850e-01 -1.541319535735581336e+00 2.186154326553150895e+00
-9.311405442569988811e-01 3.780089512866751100e-01 5.962804709136155790e-01 -2.510686892814968929e-01 -1.530856899387196490e+00 2.176795754766993607e+00
-9.159621010776719530e-01 3.989361218043021573e-01 5.881061138357203122e-01 -2.494609394797051016e-01 -1.520345245243259313e+00 2.167439893624907743e+00
-9.007823444934097701e-01 4.196579797880906071e-01 5.797188495790565055e-01 -2.478033921909504889e-01 -1.509787686970825771e+00 2.158087309357344274e+00
-8.856025359494432703e-01 4.401694786311614038e-01 5.711111368934473909e-01 -2.460938208687977191e-01 -1.499187450469063432e+00 2.148738556792364029e+00
-8.704239473149439910e-01 4.604655601556335576e-01 5.622750814681329867e-01 -2.443300464405123162e-01 -1.488547873572507507e+00 2.139394179417760888e+00
-8.552478619272871896e-01 4.805411539316426506e-01 5.532024158239453593e-01 -2.425099405383977502e-01 -1.477872405665156430e+00 2.130054709452384731e+00
-8.400755757103302024e-01 5.003911765418114221e-01 5.438844779126430495e-01 -2.406314287115920436e-01 -1.467164607206293603e+00 2.120720667926709879e+00
-8.249083983742113713e-01 5.200105307870312998e-01 5.343121882804022782e-01 -2.386924936159327548e-01 -1.456428149169026298e+00 2.111392564772687663e+00
-8.097476547039985650e-01 5.393941048283035222e-01 5.244760258087770577e-01 -2.366911781795109082e-01 -1.445666812392689460e+00 2.102070898922916431e+00
-7.945946859476324953e-01 5.585367712607398616e-01 5.143660021525879866e-01 -2.346255887416386354e-01 -1.434884486850267482e+00 2.092756158419144086e+00
-7.794508513187941023e-01 5.774333861188343242e-01 5.039716352263459154e-01 -2.324938981630337853e-01 -1.424085170832046554e+00 2.083448820530121814e+00
-7.643175296395978702e-01 5.960787878186981636e-01 4.932819215927524703e-01 -2.302943489050517933e-01 -1.413272970046829613e+00 2.074149351878813441e+00
-7.491961211473887605e-01 6.144677960418838403e-01 4.822853079417328548e-01 -2.280252560758863623e-01 -1.402452096642079482e+00 2.064858208578964405e+00
-7.340880494954808988e-01 6.325952105692946859e-01 4.709696609228243847e-01 -2.256850104416986413e-01 -1.391626868144458129e+00 2.055575836381014820e+00
-7.189947639661296019e-01 6.504558100631836481e-01 4.593222337606667760e-01 -2.232720814007365107e-01 -1.380801706322235756e+00 2.046302670827339742e+00
-7.039177418891215954e-01 6.680443507718196727e-01 4.473296258985954843e-01 -2.207850199185253381e-01 -1.369981135971182873e+00 2.037039137416797097e+00
-6.888584911999950933e-01 6.853555650747948924e-01 4.349777294664786131e-01 -2.182224614223343684e-01 -1.359169783625507444e+00 2.027785651778547749e+00
-6.738185529796170137e-01 7.023841596941147181e-01 4.222516546956338601e-01 -2.155831286531699753e-01 -1.348372376195487776e+00 2.018542619855101528e+00
-6.587995037235658824e-01 7.191248132640715163e-01 4.091357038741970653e-01 -2.128658349092898971e-01 -1.337593738621607242e+00 2.009310438094115803e+00
-6.438029587680307309e-01 7.355721691755499059e-01 3.956133293154809882e-01 -2.100695032731351164e-01 -1.326838755057854424e+00 2.000089493587758671e+00
-6.288305756733165719e-01 7.517208333186116143e-01 3.816670606469134697e-01 -2.071931680568082079e-01 -1.316112366474955220e+00 1.990880164219840598e+00
-6.138840576450528275e-01 7.675653713172021497e-01 3.672784787491589764e-01 -2.042359765966141882e-01 -1.305419567286886906e+00 1.981682818820136083e+00
-5.989651578299748369e-01 7.831003060303034502e-01 3.524281671087503565e-01 -2.011971905249652637e-01 -1.294765402870707849e+00 1.972497817326160474e+00
-5.840756842041963104e-01 7.983201150058509832e-01 3.370956484931065811e-01 -1.980761869686496479e-01 -1.284154967064512487e+00 1.963325510952228070e+00
-5.692175049258898500e-01 8.132192277126959468e-01 3.212593128315912594e-01 -1.948724596734263681e-01 -1.273593399646506086e+00 1.954166242365619199e+00
-5.543925541428258441e-01 8.277920224661174942e-01 3.048963395568087820e-01 -1.915856200550248301e-01 -1.263085883798116038e+00 1.945020345869679756e+00
-5.396028383130078154e-01 8.420328230127811509e-01 2.879826157168171585e-01 -1.882153981767598627e-01 -1.252637643553961455e+00 1.935888147593676889e+00
-5.248504431301277418e-01 8.559358947624819969e-01 2.704926499630546655e-01 -1.847616436539735729e-01 -1.242253941241692194e+00 1.926769965689232755e+00
-5.101375411601458687e-01 8.694954406577597439e-01 2.523994820981868004e-01 -1.812243264856810421e-01 -1.231940074914503747e+00 1.917666110533166046e+00
-4.954664003050135435e-01 8.827055966703190037e-01 2.336745873035465104e-01 -1.776035378138141052e-01 -1.221701375779275622e+00 1.908576884936560525e+00
-4.808393932138967930e-01 8.955604269030583708e-01 2.142877744546684560e-01 -1.738994906105615357e-01 -1.211543205623234698e+00 1.899502584359887170e+00
-4.662590077740129679e-01 9.080539182710558599e-01 1.942070782097462811e-01 -1.701125202943978842e-01 -1.201470954241967481e+00 1.890443497134006057e+00
-4.517278588316793186e-01 9.201799747338421653e-01 1.733986443155002832e-01 -1.662430852754317456e-01 -1.191490036871720282e+00 1.881399904686871016e+00
-4.372487013128498745e-01 9.319324110472142486e-01 1.518266078521938178e-01 -1.622917674307862712e-01 -1.181605891628884741e+00 1.872372081775770081e+00
-4.228244449385107906e-01 9.433049460034048650e-01 1.294529643579723777e-01 -1.582592725108142862e-01 -1.171823976959518676e+00 1.863360296724926313e+00
-4.084581707628771596e-01 9.542911951329111631e-01 1.062374337338486269e-01 -1.541464304769475380e-01 -1.162149769101965990e+00 1.854364811668295143e+00
-3.941531497986603405e-01 9.648846628461402730e-01 8.213731702148008296e-02 -1.499541957721400309e-01 -1.152588759565385201e+00 1.845385882797387467e+00
-3.799128640370392773e-01 9.750787340019178018e-01 5.710734616549435760e-02 -1.456836475248400320e-01 -1.143146452627282761e+00 1.836423760613955070e+00
-3.657410302191888007e-01 9.848666649006481144e-01 3.109952648349706417e-02 -1.413359896875161503e-01 -1.133828362853109617e+00 1.827478690187382071e+00
-3.516416267685524844e-01 9.942415737073106996e-01 4.062971255199859799e-03 -1.369125511108337245e-01 -1.124640012641013875e+00 1.818550911416620286e+00
-3.376189243524390093e-01 1.003196430315593801e+00 -2.405627314593140192e-02 -1.324147855546076169e-01 -1.115586929794981863e+00 1.809640659296513965e+00
-3.236775206053277287e-01 1.011724045661595461e+00 -5.331541456803482598e-02 -1.278442716367251819e-01 -1.106674645129701595e+00 1.800748164188370470e+00
-3.098223796176329259e-01 1.019817060481000848e+00 -8.377511884743982229e-02 -1.232027127212818596e-01 -1.097908690110621199e+00 1.791873652094623237e+00
-2.960588768842495888e-01 1.027467933488896534e+00 -1.154997341388726562e-01 -1.184919367472273555e-01 -1.089294594532873584e+00 1.783017344937451343e+00
-2.823928505309134529e-01 1.034668928967865664e+00 -1.485575370582714327e-01 -1.137138959988712728e-01 -1.080837884242934699e+00 1.774179460841222244e+00
-2.688306598165350891e-01 1.041412103830826830e+00 -1.830209930088852743e-01 -1.088706668196609550e-01 -1.072544078907151865e+00 1.765360214418626006e+00
-2.553792521726871989e-01 1.047689294475781185e+00 -2.189670045668480336e-01 -1.039644492707003653e-01 -1.064418689831598597e+00 1.756559817060382445e+00
-2.420462404026846315e-01 1.053492104308049182e+00 -2.564770931937215281e-01 -9.899756673552628783e-02 -1.056467217838215955e+00 1.747778477228406180e+00
-2.288399920887265182e-01 1.058811893795405190e+00 -2.956374221299366001e-01 -9.397246547274884509e-02 -1.048695151202589493e+00 1.739016400752328995e+00
-2.157697336541870570e-01 1.063639776406842596e+00 -3.365385384434791405e-01 -8.889171411821417124e-02 -1.041107963659428703e+00 1.730273791129282479e+00
-2.028456717013606969e-01 1.067966625546029835e+00 -3.792747206311966601e-01 -8.375800313843717593e-02 -1.033711112482604610e+00 1.721550849826863905e+00
-1.900791339520733203e-01 1.071783098925370936e+00 -4.239429227649606502e-01 -7.857414423714381702e-02 -1.026510036647562574e+00 1.712847776589215387e+00
-1.774827312141997737e-01 1.075079686252028210e+00 -4.706415862264756722e-01 -7.334306971685866650e-02 -1.019510155085197711e+00 1.704164769746170149e+00
-1.650705406086876437e-01 1.077846781276757149e+00 -5.194701804880413887e-01 -6.806783165992957851e-02 -1.012716866070006327e+00 1.695502026525922634e+00
-1.528583131492737834e-01 1.080074772808515604e+00 -5.705311111233181132e-01 -6.275159627742055157e-02 -1.006135587968801648e+00 1.686859743439889092e+00
-1.408637020164236198e-01 1.081754110431471183e+00 -6.239365151430351641e-01 -5.739764460997620610e-02 -9.997717578526790216e-01 1.678238116670877078e+00
-1.291065297729314665e-01 1.082875290294716741e+00 -6.798231937784654511e-01 -5.200937318077780702e-02 -9.936308302095642198e-01 1.669637342464612262e+00
-1.176091317302141448e-01 1.083428675646486372e+00 -7.383782410246106931e-01 -4.659029460393671052e-02 -9.877182757795139878e-01 1.661057617524672958e+00
-1.063968449258694271e-01 1.083404069345697884e+00 -7.998743571765332128e-01 -4.114403814964295858e-02 -9.820395805429136260e-01 1.652499139410937179e+00
-9.549873766186234292e-02 1.082790026689212759e+00 -8.647052340343676091e-01 -3.567435026767729056e-02 -9.766002449003412522e-01 1.643962106941724732e+00
-8.494864885743469429e-02 1.081573089222740869e+00 -9.333959075536935046e-01 -3.018509507122113522e-02 -9.714057830947953054e-01 1.635446720599916359e+00
-7.478644421990132685e-02 1.079737473353038713e+00 -1.006540756232025657e+00 -2.468025478320545751e-02 -9.664617229441019308e-01 1.626953182943483567e+00
-6.505897155211837202e-02 1.077266233310989474e+00 -1.084598295629057185e+00 -1.916393014766804015e-02 -9.617736059762196366e-01 1.618481699021074194e+00
-5.581938859057178348e-02 1.074145350400546040e+00 -1.167462414331752019e+00 -1.364034080851805886e-02 -9.573469880975049584e-01 1.610032476793620271e+00
-4.712238310398886298e-02 1.070372141415545819e+00 -1.253764365563825756e+00 -8.113825657267814684e-03 -9.531874409813534399e-01 1.601605727563419679e+00
-3.901189467048737924e-02 1.065968165804045853e+00 -1.339985235238815298e+00 -2.588843148438102482e-03 -9.493005544548387409e-01 1.593201666412945361e+00
-3.149910316267368060e-02 1.060993995713637617e+00 -1.419729213868145212e+00 2.930028426786357443e-03 -9.456919403035033422e-01 1.584820512656983205e+00
-2.453530690288330263e-02 1.055559717818440379e+00 -1.483958579695542124e+00 8.438090740909287568e-03 -9.423672381253196395e-01 1.576462490314163079e+00
-1.800117452311944533e-02 1.049824482086863853e+00 -1.523584852628024455e+00 1.393052540405503859e-02 -9.393321240421241836e-01 1.568127828608751440e+00
