-3.044774502530093407e+00 -3.579659933942433092e+00 -1.523889760378609903e+00 -2.968468962600991023e+00 -5.503539053793133462e+00 1.624528432594685157e+00
-3.044774502530093407e+00 -3.579659933942433092e+00 -1.523889760378609903e+00 -2.968468962600991023e+00 -5.503539053793133462e+00 1.624528432594685157e+00
-3.044778464426887155e+00 -3.579674239233835653e+00 -1.521623995515041905e+00 -2.968476817793654909e+00 -5.503475754994958891e+00 1.624528218987550288e+00
-3.044786177223530288e+00 -3.579703679445666253e+00 -1.517195239472544310e+00 -2.968492554815968187e+00 -5.503348446527438931e+00 1.624527625133957986e+00
-3.044797330366552757e+00 -3.579749090834956071e+00 -1.510703882374049956e+00 -2.968516200228989543e+00 -5.503156417549545765e+00 1.624526484384089864e+00
-3.044811509770009916e+00 -3.579811312213810215e+00 -1.502247935770182119e+00 -2.968547780473351771e+00 -5.502898957244472200e+00 1.624524630083280963e+00
-3.044828194592957615e+00 -3.579891179954521441e+00 -1.491923039816544394e+00 -2.968587321823622283e+00 -5.502575354812948127e+00 1.624521895577732078e+00
-3.044846754791792343e+00 -3.579989522131185709e+00 -1.479822472531608701e+00 -2.968634850341516973e+00 -5.502184899465800250e+00 1.624518114220284914e+00
-3.044866449476359538e+00 -3.580107151873856974e+00 -1.466037161030517844e+00 -2.968690391827967900e+00 -5.501726880415747978e+00 1.624513119376261416e+00
-3.044886426103079469e+00 -3.580244860026305265e+00 -1.450655694632754900e+00 -2.968753971774056311e+00 -5.501200586868438158e+00 1.624506744429365490e+00
-3.044905720539632821e+00 -3.580403407211175892e+00 -1.433764339744265426e+00 -2.968825615310803023e+00 -5.500605308012726624e+00 1.624498822787648455e+00
-3.044923258034025082e+00 -3.580583515416899676e+00 -1.415447056417264315e+00 -2.968905347157828611e+00 -5.499940333010203908e+00 1.624489187889538666e+00
-3.044937855116397252e+00 -3.580785859229274060e+00 -1.395785516493603495e+00 -2.968993191570875378e+00 -5.499204950983955342e+00 1.624477673209932638e+00
-3.044948222454987530e+00 -3.581011056837104967e+00 -1.374859123240233405e+00 -2.969089172288205347e+00 -5.498398451006576870e+00 1.624464112266351234e+00
-3.044952968678547922e+00 -3.581259660945797396e+00 -1.352745032387932866e+00 -2.969193312475864932e+00 -5.497520122087437677e+00 1.624448338625158694e+00
-3.044950605166635516e+00 -3.581532149735163539e+00 -1.329518174487135829e+00 -2.969305634671830507e+00 -5.496569253159186985e+00 1.624430185907844493e+00
-3.044939551796935984e+00 -3.581828917998032047e+00 -1.305251278497320255e+00 -2.969426160729028208e+00 -5.495545133063526322e+00 1.624409487797369156e+00
-3.044918143625549245e+00 -3.582150268594408438e+00 -1.280014896529056312e+00 -2.969554911757236404e+00 -5.494447050536223287e+00 1.624386078044573800e+00
-3.044884638462426185e+00 -3.582496404352013997e+00 -1.253877429660428922e+00 -2.969691908063871733e+00 -5.493274294191392570e+00 1.624359790474651621e+00
-3.044837225290254690e+00 -3.582867420538003778e+00 -1.226905154752149452e+00 -2.969837169093661799e+00 -5.492026152505033565e+00 1.624330458993684667e+00
-3.044774033461520979e+00 -3.583263298018661391e+00 -1.199162252188249678e+00 -2.969990713367205881e+00 -5.490701913797829903e+00 1.624297917595242113e+00
-3.044693142595573665e+00 -3.583683897213973069e+00 -1.170710834471805573e+00 -2.970152558418430289e+00 -5.489300866217220687e+00 1.624262000367043379e+00
-3.044592593085626131e+00 -3.584128952942372326e+00 -1.141610975607656453e+00 -2.970322720730936616e+00 -5.487822297718746967e+00 1.624222541497684080e+00
-3.044470397115109250e+00 -3.584598070237829948e+00 -1.111920741206576135e+00 -2.970501215673247764e+00 -5.486265496046666357e+00 1.624179375283425486e+00
-3.044324550073875812e+00 -3.585090721207071063e+00 -1.081696219247801238e+00 -2.970688057432957496e+00 -5.484629748713848230e+00 1.624132336135046817e+00
-3.044153042257645048e+00 -3.585606242979306302e+00 -1.050991551439221627e+00 -2.970883258949778671e+00 -5.482914342980946820e+00 1.624081258584762377e+00
-3.043953870729021460e+00 -3.586143836784772443e+00 -1.019858965116902549e+00 -2.971086831847503884e+00 -5.481118565834877998e+00 1.624025977293200196e+00
-3.043725051215405930e+00 -3.586702568181885376e+00 -9.883488056279094991e-01 -2.971298786364867439e+00 -5.479241703966575727e+00 1.623966327056445724e+00
-3.043464629918311015e+00 -3.587281368436240570e+00 -9.565095691426646063e-01 -2.971519131285326409e+00 -5.477283043748053970e+00 1.623902142813148375e+00
-3.043170695109905122e+00 -3.587879037038383956e+00 -9.243879358452539163e-01 -2.971747873865751899e+00 -5.475241871208781141e+00 1.623833259651691563e+00
-3.042841388396023472e+00 -3.588494245331480759e+00 -8.920288034522474430e-01 -2.971985019764036284e+00 -5.473117472011363560e+00 1.623759512817426254e+00
-3.042474915530285262e+00 -3.589125541205085312e+00 -8.594753210126653276e-01 -2.972230572965622653e+00 -5.470909131426537897e+00 1.623680737719967793e+00
-3.042069556671164410e+00 -3.589771354797350877e+00 -8.267689229437374943e-01 -2.972484535708957321e+00 -5.468616134307485943e+00 1.623596769940556461e+00
-3.041623675982730646e+00 -3.590430005135490710e+00 -7.939493632590545191e-01 -2.972746908409863220e+00 -5.466237765063483245e+00 1.623507445239481539e+00
-3.041135730490025058e+00 -3.591099707633299776e+00 -7.610547499475901478e-01 -2.973017689584844359e+00 -5.463773307632887821e+00 1.623412599563568870e+00
-3.040604278111473935e+00 -3.591778582355177996e+00 -7.281215794638983274e-01 -2.973296875773316472e+00 -5.461222045455476959e+00 1.623312069053731932e+00
-3.040027984803056249e+00 -3.592464662948531728e+00 -6.951847712915439903e-01 -2.973584461458770978e+00 -5.458583261444131196e+00 1.623205690052586858e+00
-3.039405630761895960e+00 -3.593155906140674816e+00 -6.622777025435220288e-01 -2.973880438988873109e+00 -5.455856237955873489e+00 1.623093299112130072e+00
-3.038736115650245484e+00 -3.593850201692477597e+00 -6.294322425650494823e-01 -2.974184798494496906e+00 -5.453040256762280436e+00 1.622974733001480541e+00
-3.038018462814224829e+00 -3.594545382698948188e+00 -5.966787875056915880e-01 -2.974497527807697494e+00 -5.450134599019263781e+00 1.622849828714685305e+00
-3.037251822484902775e+00 -3.595239236126675841e+00 -5.640462948292936929e-01 -2.974818612378623328e+00 -5.447138545236253293e+00 1.622718423478587635e+00
-3.036435473962127318e+00 -3.595929513479461992e+00 -5.315623177316534109e-01 -2.975148035191371498e+00 -5.444051375244773006e+00 1.622580354760760901e+00
-3.035568826793751285e+00 -3.596613941486472399e+00 -4.992530394372682867e-01 -2.975485776678786554e+00 -5.440872368166417061e+00 1.622435460277503960e+00
-3.034651420974297409e+00 -3.597290232711612301e+00 -4.671433073478522546e-01 -2.975831814636204609e+00 -5.437600802380252674e+00 1.622283578001902038e+00
-3.033682926197612595e+00 -3.597956095988501080e+00 -4.352566670166160279e-01 -2.976186124134146738e+00 -5.434235955489630676e+00 1.622124546171950010e+00
-3.032663140207444208e+00 -3.598609246592129107e+00 -4.036153959235685429e-01 -2.976548677429960765e+00 -5.430777104288433854e+00 1.621958203298740075e+00
-3.031591986298124208e+00 -3.599247416065888050e+00 -3.722405370283107251e-01 -2.976919443878410121e+00 -5.427223524726797699e+00 1.621784388174713598e+00
-3.030469510024561330e+00 -3.599868361630964131e+00 -3.411519320779689557e-01 -2.977298389841220416e+00 -5.423574491876265391e+00 1.621602939881975347e+00
-3.029295875186482245e+00 -3.600469875113880391e+00 -3.103682546490526550e-01 -2.977685478595573976e+00 -5.419829279894432084e+00 1.621413697800673903e+00
-3.028071359156362163e+00 -3.601049791337075590e+00 -2.799070429031208507e-01 -2.978080670241559869e+00 -5.415987161989050946e+00 1.621216501617442907e+00
-3.026796347623730288e+00 -3.601605995926673298e+00 -2.497847320372106328e-01 -2.978483921608582108e+00 -5.412047410381646273e+00 1.621011191333908918e+00
-3.025471328830560136e+00 -3.602136432500821606e+00 -2.200166864110156273e-01 -2.978895186160719355e+00 -5.408009296270644306e+00 1.620797607275261898e+00
-3.024096887373379339e+00 -3.602639109211028590e+00 -1.906172313338097557e-01 -2.979314413901043235e+00 -5.403872089794020006e+00 1.620575590098889629e+00
-3.022673697647561664e+00 -3.603112104617692157e+00 -1.615996844950898514e-01 -2.979741551274895262e+00 -5.399635059991473973e+00 1.620344980803076762e+00
-3.021202517008132915e+00 -3.603553572889352630e+00 -1.329763870238628853e-01 -2.980176541072120155e+00 -5.395297474766165280e+00 1.620105620735767582e+00
-3.019684178719435064e+00 -3.603961748323022629e+00 -1.047587341624316160e-01 -2.980619322328259102e+00 -5.390858600846002879e+00 1.619857351603392281e+00
-3.018119584763219621e+00 -3.604334949190189707e+00 -7.695720554143638259e-02 -2.981069830224700290e+00 -5.386317703744520458e+00 1.619600015479758737e+00
-3.016509698571339548e+00 -3.604671580919682317e+00 -4.958139504379263651e-02 -2.981527995987788948e+00 -5.381674047721340060e+00 1.619333454815007345e+00
-3.014855537745237068e+00 -3.604970138634494781e+00 -2.264004024602366688e-02 -2.981993746786898214e+00 -5.376926895742241364e+00 1.619057512444630254e+00
-3.013158166820054440e+00 -3.605229209064846785e+00 3.858948573672953825e-03 -2.982467005631457724e+00 -5.372075509438850816e+00 1.618772031598554539e+00
-3.011418690126469677e+00 -3.605447471864251519e+00 2.990845987046769627e-02 -2.982947691266939483e+00 -5.367119149067991479e+00 1.618476855910290890e+00
-3.009638244798407136e+00 -3.605623700359093853e+00 5.550215272009374756e-02 -2.983435718069805009e+00 -5.362057073470679391e+00 1.618171829426145125e+00
-3.007817993969720494e+00 -3.605756761765288587e+00 8.063442916645828518e-02 -2.983930995941407538e+00 -5.356888540030797508e+00 1.617856796614495218e+00
-3.005959120197790657e+00 -3.605845616907966455e+00 1.053004070371745121e-01 -2.984433430200855941e+00 -5.351612804633455234e+00 1.617531602375132049e+00
-3.004062819146902541e+00 -3.605889319481868860e+00 1.294958932337778590e-01 -2.984942921476830158e+00 -5.346229121623082392e+00 1.617196092048665435e+00
-3.002130293559250429e+00 -3.605887014891268727e+00 1.532173575026682111e-01 -2.985459365598357895e+00 -5.340736743761213212e+00 1.616850111425994108e+00
-3.000162747536579744e+00 -3.605837938708833068e+00 1.764619066921172541e-01 -2.985982653484542393e+00 -5.335134922184065154e+00 1.616493506757840537e+00
-2.998161381150811433e+00 -3.605741414792908106e+00 1.992272594999971724e-01 -2.986512671033247024e+00 -5.329422906359848611e+00 1.616126124764350136e+00
-2.996127385397611143e+00 -3.605596853102353005e+00 2.215117217162229368e-01 -2.987049299008732284e+00 -5.323599944045874111e+00 1.615747812644755532e+00
-2.994061937502717097e+00 -3.605403747247279078e+00 2.433141619632560038e-01 -2.987592412928243846e+00 -5.317665281245480102e+00 1.615358418087105896e+00
-2.991966196587019233e+00 -3.605161671812937563e+00 2.646339879373923454e-01 -2.988141882947550343e+00 -5.311618162164774226e+00 1.614957789278060662e+00
-2.989841299692865384e+00 -3.604870279492607743e+00 2.854711231529528104e-01 -2.988697573745432656e+00 -5.305457829169216488e+00 1.614545774912748755e+00
-2.987688358170873748e+00 -3.604529298063678056e+00 3.058259841909080068e-01 -2.989259344407118935e+00 -5.299183522740102070e+00 1.614122224204692424e+00
-2.985508454423670077e+00 -3.604138527239300505e+00 3.256994584529054881e-01 -2.989827048306663126e+00 -5.292794481430906472e+00 1.613686986895795483e+00
-2.983302639000430023e+00 -3.603697835425977658e+00 3.450928824211203505e-01 -2.990400532988272353e+00 -5.286289941823559602e+00 1.613239913266398373e+00
-2.981071928033884433e+00 -3.603207156415388468e+00 3.640080204238265171e-01 -2.990979640046571575e+00 -5.279669138484642588e+00 1.612780854145396958e+00
-2.978817301009542895e+00 -3.602666486036554705e+00 3.824470439060794758e-01 -2.991564205005811772e+00 -5.272931303921543744e+00 1.612309660920427046e+00
-2.976539698855268590e+00 -3.602075878792287966e+00 4.004125112044172874e-01 -2.992154057198013639e+00 -5.266075668538609200e+00 1.611826185548113965e+00
-2.974240022338019873e+00 -3.601435444501622118e+00 4.179073478240208361e-01 -2.992749019640049468e+00 -5.259101460593279320e+00 1.611330280564388318e+00
-2.971919130753484684e+00 -3.600745344967777761e+00 4.349348272163301443e-01 -2.993348908909655215e+00 -5.252007906152281969e+00 1.610821799094866780e+00
-2.969577840893535381e+00 -3.600005790689048357e+00 4.514985520546876963e-01 -2.993953535020378087e+00 -5.244794229047865741e+00 1.610300594865298640e+00
-2.967216926275800137e+00 -3.599217037627935767e+00 4.676024360051752038e-01 -2.994562701295449880e+00 -5.237459650834109581e+00 1.609766522212077833e+00
-2.964837116619282398e+00 -3.598379384051865859e+00 4.832506859894234452e-01 -2.995176204240586948e+00 -5.230003390743362068e+00 1.609219436092820921e+00
-2.962439097549721012e+00 -3.597493167456908392e+00 4.984477849358097123e-01 -2.995793833415715923e+00 -5.222424665642787289e+00 1.608659192097010582e+00
-2.960023510518348111e+00 -3.596558761584129904e+00 5.131984750151092900e-01 -2.996415371305621633e+00 -5.214722689991081239e+00 1.608085646456705708e+00
-2.957590952917801719e+00 -3.595576573536526599e+00 5.275077413563387108e-01 -2.997040593189509217e+00 -5.206896675795374740e+00 1.607498656057316566e+00
-2.955141978379154377e+00 -3.594547041002897458e+00 5.413807962382197747e-01 -2.997669267009487992e+00 -5.198945832568362846e+00 1.606898078448447009e+00
-2.952677097234369441e+00 -3.593470629593580767e+00 5.548230637513997809e-01 -2.998301153237966865e+00 -5.190869367285647407e+00 1.606283771854802200e+00
-2.950196777128900383e+00 -3.592347830291623190e+00 5.678401649262916351e-01 -2.998936004743958605e+00 -5.182666484343373625e+00 1.605655595187162943e+00
-2.947701443747604788e+00 -3.591179156994803279e+00 5.804379033172182289e-01 -2.999573566438004768e+00 -5.174336391863332274e+00 1.605013408053318491e+00
-2.945191481635880404e+00 -3.589965144143075104e+00 5.926222510329587356e-01 -3.000213574736767974e+00 -5.165878313868012661e+00 1.604357070768822169e+00
-2.942667235173756168e+00 -3.588706344517265112e+00 6.043993352153449461e-01 -3.000855757433065207e+00 -5.157291491505241687e+00 1.603686444367786512e+00
-2.940129009646936353e+00 -3.587403327159531141e+00 6.157754249603231145e-01 -3.001499833607862655e+00 -5.148575183170720493e+00 1.603001390613724153e+00
-2.937577072400085143e+00 -3.586056675411506411e+00 6.267569186752257604e-01 -3.002145513543567734e+00 -5.139728664663753221e+00 1.602301772010436443e+00
-2.935011654060708075e+00 -3.584666985068105660e+00 6.373503318658308991e-01 -3.002792498641392527e+00 -5.130751229294915561e+00 1.601587451812943597e+00
-2.932432949822669777e+00 -3.583234862644384844e+00 6.475622853466219686e-01 -3.003440481340882595e+00 -5.121642188004183360e+00 1.600858294038457696e+00
-2.929841120779092201e+00 -3.581760923752364434e+00 6.573994938675109534e-01 -3.004089145042117881e+00 -5.112400869476855014e+00 1.600114163477394102e+00
-2.927236295295058799e+00 -3.580245791584313331e+00 6.668687551501575328e-01 -3.004738164030551051e+00 -5.103026620260822988e+00 1.599354925704421282e+00
-2.924618570411241514e+00 -3.578690095498674673e+00 6.759769393268950655e-01 -3.005387203404523255e+00 -5.093518804887198215e+00 1.598580447089544387e+00
-2.921988013270216289e+00 -3.577094469704537705e+00 6.847309787751678645e-01 -3.006035919005551449e+00 -5.083876805994371750e+00 1.597790594809223474e+00
-2.919344662557890491e+00 -3.575459552040380018e+00 6.931378583402905136e-01 -3.006683957351485414e+00 -5.074100024455603375e+00 1.596985236857522139e+00
-2.916688529953075371e+00 -3.573785982842658360e+00 7.012046059392581521e-01 -3.007330955572613540e+00 -5.064187879511109713e+00 1.596164242057283911e+00
-2.914019601578850871e+00 -3.572074403899740958e+00 7.089382835382643799e-01 -3.007976541350867006e+00 -5.054139808902968767e+00 1.595327480071336845e+00
-2.911337839449919418e+00 -3.570325457486639209e+00 7.163459784965253707e-01 -3.008620332862199653e+00 -5.043955269013731701e+00 1.594474821413721877e+00
-2.908643182910708891e+00 -3.568539785475993487e+00 7.234347952689600403e-01 -3.009261938722246565e+00 -5.033633735009186871e+00 1.593606137460942707e+00
-2.905935550059491668e+00 -3.566718028520803330e+00 7.302118474602359299e-01 -3.009900957935372823e+00 -5.023174700984780472e+00 1.592721300463236567e+00
-2.903214839154270699e+00 -3.564860825304468683e+00 7.366842502226633727e-01 -3.010536979847220351e+00 -5.012577680116086398e+00 1.591820183555861190e+00
-2.900480929996652968e+00 -3.562968811853794104e+00 7.428591129904000834e-01 -3.011169584100858998e+00 -5.001842204813367943e+00 1.590902660770397992e+00
-2.897733685290346806e+00 -3.561042620910732204e+00 7.487435325424166566e-01 -3.011798340596651968e+00 -4.990967826880397418e+00 1.589968607046068572e+00
-2.894972951971336972e+00 -3.559082881358776262e+00 7.543445863866736767e-01 -3.012422809455951977e+00 -4.979954117677515057e+00 1.589017898241060323e+00
-2.892198562507150683e+00 -3.557090217700066059e+00 7.596693264579656990e-01 -3.013042540988744022e+00 -4.968800668289074629e+00 1.588050411143860696e+00
-2.889410336162994586e+00 -3.555065249579432152e+00 7.647247731218986821e-01 -3.013657075665345797e+00 -4.957507089695347702e+00 1.587066023484597688e+00
-2.886608080232843765e+00 -3.553008591351776158e+00 7.695179094774933226e-01 -3.014265944092287430e+00 -4.946073012948987824e+00 1.586064613946382096e+00
-2.883791591233892948e+00 -3.550920851689373325e+00 7.740556759509307216e-01 -3.014868666992495783e+00 -4.934498089356134543e+00 1.585046062176650894e+00
-2.880960656063019432e+00 -3.548802633225858649e+00 7.783449651729926755e-01 -3.015464755189896984e+00 -4.922781990662170593e+00 1.584010248798508602e+00
-2.878115053114198130e+00 -3.546654532233844748e+00 7.823926171327895140e-01 -3.016053709598569110e+00 -4.910924409242315214e+00 1.582957055422063553e+00
-2.875254553356012988e+00 -3.544477138333319566e+00 7.862054146004139321e-01 -3.016635021216567569e+00 -4.898925058297098900e+00 1.581886364655757493e+00
-2.872378921368642146e+00 -3.542271034228141602e+00 7.897900788112134363e-01 -3.017208171124555527e+00 -4.886783672052799510e+00 1.580798060117684312e+00
-2.869487916339876765e+00 -3.540036795468147091e+00 7.931532654044285424e-01 -3.017772630489363284e+00 -4.874500005966877048e+00 1.579692026446895659e+00
-2.866581293019918597e+00 -3.537774990234556771e+00 7.963015606090092513e-01 -3.018327860572620036e+00 -4.862073836938638927e+00 1.578568149314691915e+00
-2.863658802634857725e+00 -3.535486179146551056e+00 7.992414776694857226e-01 -3.018873312744583703e+00 -4.849504963524996271e+00 1.577426315435893844e+00
-2.860720193758884644e+00 -3.533170915087047170e+00 8.019794535048435646e-01 -3.019408428503314035e+00 -4.836793206161506653e+00 1.576266412580092258e+00
-2.857765213145412098e+00 -3.530829743045879265e+00 8.045218455934268764e-01 -3.019932639499321336e+00 -4.823938407388772553e+00 1.575088329582873481e+00
-2.854793606517417537e+00 -3.528463199978737919e+00 8.068749290769726690e-01 -3.020445367565841810e+00 -4.810940432084280793e+00 1.573891956357017285e+00
-2.851805119317406323e+00 -3.526071814680380001e+00 8.090448940769625619e-01 -3.020946024754874948e+00 -4.797799167699750456e+00 1.572677183903664400e+00
-2.848799497417502824e+00 -3.523656107670753102e+00 8.110378432165616935e-01 -3.021434013379138417e+00 -4.784514524503967081e+00 1.571443904323449381e+00
-2.845776487790260489e+00 -3.521216591092824810e+00 8.128597893415073772e-01 -3.021908726060083428e+00 -4.771086435831275452e+00 1.570192010827596185e+00
-2.842735839140853038e+00 -3.518753768621022182e+00 8.145166534333979635e-01 -3.022369545782128686e+00 -4.757514858335744279e+00 1.568921397748973545e+00
-2.839677302501385725e+00 -3.516268135379315485e+00 8.160142627089280731e-01 -3.022815845953257696e+00 -4.743799772251044544e+00 1.567631960553106607e+00
-2.836600631788104288e+00 -3.513760177868087808e+00 8.173583488987131718e-01 -3.023246990472149509e+00 -4.729941181656176497e+00 1.566323595849140160e+00
-2.833505584322358217e+00 -3.511230373899028034e+00 8.185545466994414987e-01 -3.023662333801990787e+00 -4.715939114746963590e+00 1.564996201400749909e+00
-2.830391921316195436e+00 -3.508679192537390801e+00 8.196083923932057091e-01 -3.024061221051136172e+00 -4.701793624113509651e+00 1.563649676137000233e+00
-2.827259408323513856e+00 -3.506107094051050144e+00 8.205253226279483059e-01 -3.024442988060783932e+00 -4.687504787023519803e+00 1.562283920163142881e+00
-2.824107815657729503e+00 -3.503514529865848104e+00 8.213106733530727288e-01 -3.024806961499823643e+00 -4.673072705711591723e+00 1.560898834771351718e+00
-2.820936918776935087e+00 -3.500901942526821298e+00 8.219696789043735574e-01 -3.025152458967040658e+00 -4.658497507674549176e+00 1.559494322451391524e+00
-2.817746498637561992e+00 -3.498269765664947961e+00 8.225074712325474158e-01 -3.025478789100835009e+00 -4.643779345972765427e+00 1.558070286901215962e+00
-2.814536342017562642e+00 -3.495618423969120592e+00 8.229290792696511980e-01 -3.025785251696637701e+00 -4.628918399537553796e+00 1.556626633037489604e+00
-2.811306241810141771e+00 -3.492948333163100383e+00 8.232394284279862529e-01 -3.026071137832194502e+00 -4.613914873484500134e+00 1.555163267006030692e+00
-2.808055997289086836e+00 -3.490259899987260717e+00 8.234433402259924151e-01 -3.026335730000903723e+00 -4.598768999432914839e+00 1.553680096192168847e+00
-2.804785414346739003e+00 -3.487553522184957178e+00 8.235455320358515685e-01 -3.026578302253383423e+00 -4.583481035831269423e+00 1.552177029231013972e+00
-2.801494305705655830e+00 -3.484829588493417063e+00 8.235506169476046745e-01 -3.026798120347449661e+00 -4.568051268288676248e+00 1.550653976017630997e+00
-2.798182491105013714e+00 -3.482088478639048912e+00 8.234631037447012192e-01 -3.026994441906698530e+00 -4.552480009912337700e+00 1.549110847717115602e+00
-2.794849797462792385e+00 -3.479330563337120097e+00 8.232873969860087238e-01 -3.027166516587872280e+00 -4.536767601650949722e+00 1.547547556774566013e+00
-2.791496059014784148e+00 -3.476556204295756292e+00 8.230277971894242039e-01 -3.027313586257200484e+00 -4.520914412643939784e+00 1.545964016924943785e+00
-2.788121117431448859e+00 -3.473765754224246827e+00 8.226885011123370450e-01 -3.027434885175905421e+00 -4.504920840576514429e+00 1.544360143202820224e+00
-2.784724821913639126e+00 -3.470959556845643501e+00 8.222736021243068905e-01 -3.027529640195066207e+00 -4.488787312040482647e+00 1.542735851952000914e+00
-2.781307029268202502e+00 -3.468137946913663505e+00 8.217870906674298315e-01 -3.027597070960029946e+00 -4.472514282900625027e+00 1.541091060835022786e+00
-2.777867603964440768e+00 -3.465301250233900010e+00 8.212328547999769857e-01 -3.027636390124566645e+00 -4.456102238666624693e+00 1.539425688842517514e+00
-2.774406418172413957e+00 -3.462449783689363514e+00 8.206146808190002417e-01 -3.027646803574961520e+00 -4.439551694870320198e+00 1.537739656302434588e+00
-2.770923351784037703e+00 -3.459583855270370378e+00 8.199362539577075282e-01 -3.027627510664235633e+00 -4.422863197448152484e+00 1.536032884889117822e+00
-2.767418292417911374e+00 -3.456703764108800314e+00 8.192011591535222070e-01 -3.027577704456692054e+00 -4.406037323128600747e+00 1.534305297632226894e+00
-2.763891135408801158e+00 -3.453809800516738360e+00 8.184128818828521057e-01 -3.027496571982978057e+00 -4.389074679824484626e+00 1.532556818925498554e+00
-2.760341783782666258e+00 -3.450902246029518228e+00 8.175748090586941741e-01 -3.027383294505855638e+00 -4.371975907029694852e+00 1.530787374535337531e+00
-2.756770148218107508e+00 -3.447981373453176346e+00 8.166902299873137760e-01 -3.027237047796869529e+00 -4.354741676220259095e+00 1.528996891609230913e+00
-2.753176146995090168e+00 -3.445047446916322365e+00 8.157623373803414291e-01 -3.027057002424100141e+00 -4.337372691259330892e+00 1.527185298683976011e+00
-2.749559705931761577e+00 -3.442100721926420359e+00 8.147942284187380535e-01 -3.026842324051180366e+00 -4.319869688805761498e+00 1.525352525693713490e+00
-2.745920758310176790e+00 -3.439141445430471844e+00 8.137889058651821550e-01 -3.026592173747763681e+00 -4.302233438725892256e+00 1.523498503977758434e+00
-2.742259244791703132e+00 -3.436169855880082835e+00 8.127492792215333939e-01 -3.026305708311607834e+00 -4.284464744508070133e+00 1.521623166288216478e+00
-2.738575113322858190e+00 -3.433186183300884320e+00 8.116781659281373518e-01 -3.025982080602445112e+00 -4.266564443679405016e+00 1.519726446797378561e+00
-2.734868319032313977e+00 -3.430190649366265720e+00 8.105782926018295642e-01 -3.025620439887800384e+00 -4.248533408224252739e+00 1.517808281104880752e+00
-2.731138824119760944e+00 -3.427183467475381384e+00 8.094522963096030255e-01 -3.025219932200904793e+00 -4.230372545003836748e+00 1.515868606244620720e+00
-2.727386597737315288e+00 -3.424164842835365707e+00 8.083027258749990729e-01 -3.024779700710845010e+00 -4.212082796176215282e+00 1.513907360691417736e+00
-2.723611615864118374e+00 -3.421134972547693387e+00 8.071320432143813672e-01 -3.024298886105071027e+00 -4.193665139615866622e+00 1.511924484367404675e+00
-2.719813861174747327e+00 -3.418094045698607530e+00 8.059426247003498300e-01 -3.023776626984382432e+00 -4.175120589332151688e+00 1.509919918648140236e+00
-2.715993322902045648e+00 -3.415042243453530801e+00 8.047367625496454346e-01 -3.023212060270484614e+00 -4.156450195885649457e+00 1.507893606368426953e+00
-2.712149996694936505e+00 -3.411979739155361013e+00 8.035166662329930043e-01 -3.022604321626186419e+00 -4.137655046801282488e+00 1.505845491827823013e+00
-2.708283884471772041e+00 -3.408906698426555693e+00 8.022844639044220960e-01 -3.021952545888302755e+00 -4.118736266977203186e+00 1.503775520795832321e+00
-2.704394994269743169e+00 -3.405823279274882154e+00 8.010422038476969764e-01 -3.021255867513285676e+00 -4.099695019088134273e+00 1.501683640516756624e+00
-2.700483340090841455e+00 -3.402729632202728283e+00 7.997918559375785108e-01 -3.020513421035576851e+00 -4.080532503981663339e+00 1.499569799714195684e+00
-2.696548941744854488e+00 -3.399625900319835470e+00 7.985353131137301608e-01 -3.019724341538665868e+00 -4.061249961066154768e+00 1.497433948595179087e+00
-2.692591824689839708e+00 -3.396512219459328463e+00 7.972743928651685463e-01 -3.018887765138763335e+00 -4.041848668688396984e+00 1.495276038853910805e+00
-2.688612019870503467e+00 -3.393388718296902251e+00 7.960108387232467386e-01 -3.018002829480992855e+00 -4.022329944499183796e+00 1.493096023675110073e+00
-2.684609563554894329e+00 -3.390255518473022978e+00 7.947463217612393827e-01 -3.017068674247931792e+00 -4.002695145804794130e+00 1.490893857736927508e+00
-2.680584497169789415e+00 -3.387112734717993678e+00 7.934824420986908988e-01 -3.016084441680296546e+00 -3.982945669902031582e+00 1.488669497213419568e+00
-2.676536867135132614e+00 -3.383960474979738287e+00 7.922207304087671709e-01 -3.015049277109489001e+00 -3.963082954394389734e+00 1.486422899776558504e+00
-2.672466724697872831e+00 -3.380798840554144924e+00 7.909626494269326180e-01 -3.013962329501669757e+00 -3.943108477486489072e+00 1.484154024597756694e+00
-2.668374125765515803e+00 -3.377627926217818821e+00 7.897095954593568168e-01 -3.012822752012939365e+00 -3.923023758253891380e+00 1.481862832348883829e+00
-2.664259130739695891e+00 -3.374447820363085437e+00 7.884628998895342189e-01 -3.011629702555124410e+00 -3.902830356884822827e+00 1.479549285202751419e+00
-2.660121804350051633e+00 -3.371258605135083464e+00 7.872238306816784492e-01 -3.010382344371575147e+00 -3.882529874890332078e+00 1.477213346833041951e+00
-2.655962215488671951e+00 -3.368060356570800717e+00 7.859935938795300503e-01 -3.009079846622280119e+00 -3.862123955278850662e+00 1.474854982413658533e+00
-2.651780437045367922e+00 -3.364853144739887725e+00 7.847733350992933676e-01 -3.007721384977473544e+00 -3.841614282690785309e+00 1.472474158617466777e+00
-2.647576545743997922e+00 -3.361637033887105108e+00 7.835641410154917663e-01 -3.006306142218794886e+00 -3.821002583488487758e+00 1.470070843614404765e+00
-2.643350621980086856e+00 -3.358412082576249791e+00 7.823670408386054209e-01 -3.004833308846929008e+00 -3.800290625796521660e+00 1.467645007068933305e+00
-2.639102749659928637e+00 -3.355178343835413024e+00 7.811830077834274189e-01 -3.003302083694479929e+00 -3.779480219486623493e+00 1.465196620136796302e+00
-2.634833016041392195e+00 -3.351935865303438344e+00 7.800129605271450828e-01 -3.001711674542677066e+00 -3.758573216101416037e+00 1.462725655461064145e+00
-2.630541511576603764e+00 -3.348684689377425805e+00 7.788577646562231394e-01 -3.000061298740358762e+00 -3.737571508710687773e+00 1.460232087167434578e+00
-2.626228329756697732e+00 -3.345424853361172346e+00 7.777182341012321976e-01 -2.998350183823447868e+00 -3.716477031693304234e+00 1.457715890858758856e+00
-2.621893566958802602e+00 -3.342156389614405754e+00 7.765951325588374976e-01 -2.996577568132967162e+00 -3.695291760437672934e+00 1.455177043608767429e+00
-2.617537322295431679e+00 -3.338879325702708289e+00 7.754891749002211787e-01 -2.994742701429417231e+00 -3.674017710953292770e+00 1.452615523954967625e+00
-2.613159697466467701e+00 -3.335593684547976778e+00 7.744010285624851608e-01 -2.992844845502545592e+00 -3.652656939397807001e+00 1.450031311890693120e+00
-2.608760796613830202e+00 -3.332299484579385407e+00 7.733313149273068898e-01 -2.990883274771759748e+00 -3.631211541491708328e+00 1.447424388856276778e+00
-2.604340726179017018e+00 -3.328996739884732214e+00 7.722806106846500374e-01 -2.988857276874931745e+00 -3.609683651818306860e+00 1.444794737729320655e+00
-2.599899594763662058e+00 -3.325685460362069801e+00 7.712494491807494468e-01 -2.986766153242713884e+00 -3.588075443002200160e+00 1.442142342814046518e+00
-2.595437512993268747e+00 -3.322365651871535430e+00 7.702383217497901224e-01 -2.984609219655293799e+00 -3.566389124759623552e+00 1.439467189829708671e+00
-2.590954593384262594e+00 -3.319037316387300596e+00 7.692476790289015653e-01 -2.982385806778305781e+00 -3.544626942813701831e+00 1.436769265898055981e+00
-2.586450950214501443e+00 -3.315700452149562771e+00 7.682779322561272828e-01 -2.980095260674468616e+00 -3.522791177668265661e+00 1.434048559529838451e+00
-2.581926699397384617e+00 -3.312355053816503858e+00 7.673294545510416231e-01 -2.977736943287520699e+00 -3.500884143235193591e+00 1.431305060610353008e+00
-2.577381958359696856e+00 -3.309001112616137164e+00 7.664025821777834535e-01 -2.975310232895013396e+00 -3.478908185311524015e+00 1.428538760384035600e+00
-2.572816845923305173e+00 -3.305638616497962534e+00 7.654976157902545486e-01 -2.972814524526678159e+00 -3.456865679904737476e+00 1.425749651438111165e+00
-2.568231482190830306e+00 -3.302267550284342601e+00 7.646148216592565383e-01 -2.970249230345229474e+00 -3.434759031406398933e+00 1.422937727685319897e+00
-2.563625988435390468e+00 -3.298887895821494443e+00 7.637544328813833383e-01 -2.967613779986946199e+00 -3.412590670618158128e+00 1.420102984345740227e+00
-2.559000486994496892e+00 -3.295499632129988310e+00 7.629166505694996436e-01 -2.964907620859680293e+00 -3.390363052636130359e+00 1.417245417927739393e+00
-2.554355101168178876e+00 -3.292102735554637061e+00 7.621016450246109741e-01 -2.962130218395993442e+00 -3.368078654599716337e+00 1.414365026208132203e+00
-2.549689955121364981e+00 -3.288697179913631086e+00 7.613095568889806097e-01 -2.959281056260235854e+00 -3.345739973317757077e+00 1.411461808211582181e+00
-2.545005173790546138e+00 -3.285282936646751750e+00 7.605404982803088965e-01 -2.956359636508973487e+00 -3.323349522787338195e+00 1.408535764189302819e+00
-2.540300882794691795e+00 -3.281859974962482163e+00 7.597945539068104992e-01 -2.953365479704821439e+00 -3.300909831622998336e+00 1.405586895597132235e+00
-2.535577208350381362e+00 -3.278428261983823422e+00 7.590717821630174056e-01 -2.950298124984422898e+00 -3.278423440416282197e+00 1.402615205073051596e+00
-2.530834277191068793e+00 -3.274987762892593857e+00 7.583722162061049543e-01 -2.947157130082030285e+00 -3.255892899047549971e+00 1.399620696414227483e+00
-2.526072216490391931e+00 -3.271538441082023407e+00 7.576958650126250916e-01 -2.943942071310712727e+00 -3.233320763950184862e+00 1.396603374553592403e+00
-2.521291153789595452e+00 -3.268080258287669793e+00 7.570427144214280091e-01 -2.940652543495034354e+00 -3.210709595368922198e+00 1.393563245536182826e+00
-2.516491216928558927e+00 -3.264613174725881084e+00 7.564127281521531021e-01 -2.937288159872614379e+00 -3.188061954651844054e+00 1.390500316495258293e+00
-2.511672533980370492e+00 -3.261137149229777599e+00 7.558058488025314325e-01 -2.933848551964084894e+00 -3.165380401596412874e+00 1.387414595628279734e+00
-2.506835233189274259e+00 -3.257652139382563039e+00 7.552219988249462279e-01 -2.930333369414341416e+00 -3.142667491865113405e+00 1.384306092172828517e+00
-2.501979442911818730e+00 -3.254158101647981916e+00 7.546610814823899727e-01 -2.926742279808084213e+00 -3.119925774484815673e+00 1.381174816382543913e+00
-2.497105291561007689e+00 -3.250654991497729185e+00 7.541229817836361260e-01 -2.923074968463415857e+00 -3.097157789446068232e+00 1.378020779503145610e+00
-2.492212907553269741e+00 -3.247142763535654897e+00 7.536075673974756972e-01 -2.919331138207058807e+00 -3.074366065415398808e+00 1.374843993748612769e+00
-2.487302419258060837e+00 -3.243621371618607530e+00 7.531146895458918911e-01 -2.915510509134503270e+00 -3.051553117570632079e+00 1.371644472277571358e+00
-2.482373954949932404e+00 -3.240090768973804103e+00 7.526441838760417058e-01 -2.911612818358173982e+00 -3.028721445566652903e+00 1.368422229169943050e+00
-2.477427642762903837e+00 -3.236550908312627151e+00 7.521958713109752059e-01 -2.907637819746401675e+00 -3.005873531636472862e+00 1.365177279403902322e+00
-2.472463610646992827e+00 -3.233001741940773499e+00 7.517695588790305194e-01 -2.903585283655598204e+00 -2.983011838829632278e+00 1.361909638833175951e+00
-2.467481986326777843e+00 -3.229443221864703784e+00 7.513650405218723627e-01 -2.899454996657794936e+00 -2.960138809388364045e+00 1.358619324164720865e+00
-2.462482897261867976e+00 -3.225875299894358950e+00 7.509820978811722059e-01 -2.895246761265297675e+00 -2.937256863259648743e+00 1.355306352936801018e+00
-2.457466470609181108e+00 -3.222297927742130863e+00 7.506205010639560582e-01 -2.890960395654015525e+00 -2.914368396740213196e+00 1.351970743497490135e+00
-2.452432833186939831e+00 -3.218711057118083474e+00 7.502800093866800468e-01 -2.886595733386657425e+00 -2.891475781250030685e+00 1.348612514983612343e+00
-2.447382111440298491e+00 -3.215114639821445408e+00 7.499603720980938526e-01 -2.882152623136804426e+00 -2.868581362229056797e+00 1.345231687300129098e+00
-2.442314431408540543e+00 -3.211508627828392193e+00 7.496613290810228980e-01 -2.877630928414657063e+00 -2.845687458151445526e+00 1.341828281099985753e+00
-2.437229918693776032e+00 -3.207892973376163415e+00 7.493826115331971849e-01 -2.873030527295052483e+00 -2.822796359650876497e+00 1.338402317764414873e+00
-2.432128698431091252e+00 -3.204267629043551668e+00 7.491239426272744417e-01 -2.868351312148210930e+00 -2.799910328750458977e+00 1.334953819383703832e+00
-2.427010895260102163e+00 -3.200632547827816143e+00 7.488850381502402120e-01 -2.863593189373559778e+00 -2.777031598190691231e+00 1.331482808738420509e+00
-2.421876633297868509e+00 -3.196987683218081244e+00 7.486656071223818376e-01 -2.858756079136822059e+00 -2.754162370848716179e+00 1.327989309281096597e+00
-2.416726036113131304e+00 -3.193332989265277533e+00 7.484653523960537180e-01 -2.853839915110510272e+00 -2.731304819242443394e+00 1.324473345118358125e+00
-2.411559226701842196e+00 -3.189668420648688052e+00 7.482839712344677707e-01 -2.848844644217932043e+00 -2.708461085113391675e+00 1.320934940993502060e+00
-2.406376327463951359e+00 -3.185993932739174639e+00 7.481211558707602238e-01 -2.843770226380709421e+00 -2.685633279082207725e+00 1.317374122269507897e+00
-2.401177460181425527e+00 -3.182309481659141959e+00 7.479765940476008623e-01 -2.838616634269759409e+00 -2.662823480370985152e+00 1.313790914912474683e+00
-2.395962745997474386e+00 -3.178615024339324968e+00 7.478499695376206180e-01 -2.833383853059680657e+00 -2.640033736586987256e+00 1.310185345475475049e+00
-2.390732305396953361e+00 -3.174910518572457541e+00 7.477409626449493807e-01 -2.828071880186517895e+00 -2.617266063562869061e+00 1.306557441082819127e+00
-2.385486258187921926e+00 -3.171195923063904853e+00 7.476492506881643463e-01 -2.822680725108742905e+00 -2.594522445248348408e+00 1.302907229414710599e+00
-2.380224723484336113e+00 -3.167471197479327927e+00 7.475745084649595418e-01 -2.817210409071390309e+00 -2.571804833649037558e+00 1.299234738692291558e+00
-2.374947819689848583e+00 -3.163736302489456254e+00 7.475164086988561607e-01 -2.811660964873194057e+00 -2.549115148808129838e+00 1.295539997663059717e+00
-2.369655664482699819e+00 -3.159991199812043128e+00 7.474746224682776718e-01 -2.806032436636636707e+00 -2.526455278827187900e+00 1.291823035586651125e+00
-2.364348374801669372e+00 -3.156235852251071172e+00 7.474488196183250999e-01 -2.800324879580801340e+00 -2.503827079922500420e+00 1.288083882220975029e+00
-2.359026066833076030e+00 -3.152470223733289334e+00 7.474386691555933160e-01 -2.794538359796876925e+00 -2.481232376513578863e+00 1.284322567808692916e+00
-2.353688855998797624e+00 -3.148694279342151958e+00 7.474438396263614059e-01 -2.788672954026203854e+00 -2.458672961340754970e+00 1.280539123064024842e+00
-2.348336856945292705e+00 -3.144907985349226109e+00 7.474639994785180486e-01 -2.782728749440761540e+00 -2.436150595609147818e+00 1.276733579159879062e+00
-2.342970183533600537e+00 -3.141111309243151961e+00 7.474988174075648528e-01 -2.776705843425996800e+00 -2.413667009156395427e+00 1.272905967715292519e+00
-2.337588948830298552e+00 -3.137304219756212653e+00 7.475479626870533689e-01 -2.770604343365858924e+00 -2.391223900641708866e+00 1.269056320783169767e+00
-2.332193265099396839e+00 -3.133486686888600214e+00 7.476111054838107117e-01 -2.764424366430011659e+00 -2.368822937754269997e+00 1.265184670838315206e+00
-2.326783243795146117e+00 -3.129658681930432618e+00 7.476879171583110661e-01 -2.758166039363076028e+00 -2.346465757438797262e+00 1.261291050765745103e+00
-2.321358995555736549e+00 -3.125820177481605011e+00 7.477780705505507886e-01 -2.751829498275820018e+00 -2.324153966136452532e+00 1.257375493849270054e+00
-2.315920630197870977e+00 -3.121971147469535968e+00 7.478812402517841518e-01 -2.745414888438225454e+00 -2.301889140039454773e+00 1.253438033760340575e+00
-2.310468256712186363e+00 -3.118111567164877140e+00 7.479971028624807783e-01 -2.738922364074360960e+00 -2.279672825357863530e+00 1.249478704547145380e+00
-2.305001983259499454e+00 -3.114241413195259156e+00 7.481253372368583676e-01 -2.732352088159033521e+00 -2.257506538597262580e+00 1.245497540623957677e+00
-2.299521917167861140e+00 -3.110360663557134586e+00 7.482656247143492090e-01 -2.725704232216096479e+00 -2.235391766845870709e+00 1.241494576760717061e+00
-2.294028164930395075e+00 -3.106469297625784165e+00 7.484176493383601914e-01 -2.718978976118394009e+00 -2.213329968070032461e+00 1.237469848072841661e+00
-2.288520832203896127e+00 -3.102567296163556865e+00 7.485810980626614874e-01 -2.712176507889260346e+00 -2.191322571416926213e+00 1.233423390011261001e+00
-2.283000023808170020e+00 -3.098654641326397119e+00 7.487556609457924894e-01 -2.705297023505579990e+00 -2.169370977523679134e+00 1.229355238352664692e+00
-2.277465843726095063e+00 -3.094731316668736021e+00 7.489410313338019654e-01 -2.698340726702326720e+00 -2.147476558831879601e+00 1.225265429189956956e+00
-2.271918395104377986e+00 -3.090797307146791795e+00 7.491369060316748207e-01 -2.691307828778538802e+00 -2.125640659906677943e+00 1.221153998922910322e+00
-2.266357780254987908e+00 -3.086852599120359031e+00 7.493429854638067322e-01 -2.684198548404739704e+00 -2.103864597759853350e+00 1.217020984249015836e+00
-2.260784100657244444e+00 -3.082897180353128874e+00 7.495589738238376265e-01 -2.677013111431707948e+00 -2.082149662176005833e+00 1.212866422154517565e+00
-2.255197456960543967e+00 -3.078931040011611664e+00 7.497845792142070476e-01 -2.669751750700663173e+00 -2.060497116041516197e+00 1.208690349905630956e+00
-2.249597948987692941e+00 -3.074954168662714427e+00 7.500195137757463826e-01 -2.662414705854749819e+00 -2.038908195675469770e+00 1.204492805039932835e+00
-2.243985675738838115e+00 -3.070966558270028735e+00 7.502634938076607751e-01 -2.655002223151871732e+00 -2.017384111162237925e+00 1.200273825357924595e+00
-2.238360735395968693e+00 -3.066968202188890213e+00 7.505162398782102562e-01 -2.647514555278847048e+00 -1.995926046685230659e+00 1.196033448914758601e+00
-2.232723225327966965e+00 -3.062959095160258549e+00 7.507774769264053960e-01 -2.639951961166868699e+00 -1.974535160861411232e+00 1.191771714012123784e+00
-2.227073242096191841e+00 -3.058939233303470839e+00 7.510469343550504329e-01 -2.632314705808265209e+00 -1.953212587076200712e+00 1.187488659190286677e+00
-2.221410881460578413e+00 -3.054908614107929132e+00 7.513243461154376357e-01 -2.624603060074521377e+00 -1.931959433818386529e+00 1.183184323220277445e+00
-2.215736238386222023e+00 -3.050867236423761675e+00 7.516094507840024308e-01 -2.616817300535591251e+00 -1.910776785014811630e+00 1.178858745096222682e+00
-2.210049407050440617e+00 -3.046815100451519154e+00 7.519019916312522644e-01 -2.608957709280500303e+00 -1.889665700364589807e+00 1.174511964027816768e+00
-2.204350480850289618e+00 -3.042752207730941461e+00 7.522017166832559720e-01 -2.601024573739232792e+00 -1.868627215672582498e+00 1.170144019432928895e+00
-2.198639552410510234e+00 -3.038678561128858036e+00 7.525083787759899723e-01 -2.593018186505894995e+00 -1.847662343181929234e+00 1.165754950930341538e+00
-2.192916713591896993e+00 -3.034594164826254659e+00 7.528217356028300555e-01 -2.584938845163185395e+00 -1.826772071905474082e+00 1.161344798332615502e+00
-2.187182055500057842e+00 -3.030499024304559974e+00 7.531415497554762029e-01 -2.576786852108165604e+00 -1.805957367955910442e+00 1.156913601639079969e+00
-2.181435668494561053e+00 -3.026393146331191275e+00 7.534675887585889908e-01 -2.568562514379326700e+00 -1.785219174874467019e+00 1.152461401028939125e+00
-2.175677642198439621e+00 -3.022276538944405289e+00 7.537996250984142499e-01 -2.560266143485034007e+00 -1.764558413958165151e+00 1.147988236854497801e+00
-2.169908065508042050e+00 -3.018149211437491708e+00 7.541374362456596536e-01 -2.551898055233266405e+00 -1.743975984585322436e+00 1.143494149634497026e+00
-2.164127026603213100e+00 -3.014011174342356547e+00 7.544808046728893602e-01 -2.543458569562718541e+00 -1.723472764539332847e+00 1.138979180047559714e+00
-2.158334612957782284e+00 -3.009862439412524626e+00 7.548295178666941663e-01 -2.534948010375280170e+00 -1.703049610330625185e+00 1.134443368925742712e+00
-2.152530911350353904e+00 -3.005703019605608706e+00 7.551833683348841975e-01 -2.526366705369901045e+00 -1.682707357516736391e+00 1.129886757248192319e+00
-2.146716007875371091e+00 -3.001532929065274580e+00 7.555421536089546031e-01 -2.517714985877860023e+00 -1.662446821020413079e+00 1.125309386134897949e+00
-2.140889987954446738e+00 -2.997352183102743428e+00 7.559056762420713893e-01 -2.508993186699449929e+00 -1.642268795445699592e+00 1.120711296840542825e+00
-2.135052936347943575e+00 -2.993160798177858961e+00 7.562737438028122039e-01 -2.500201645942138118e+00 -1.622174055392052505e+00 1.116092530748449052e+00
-2.129204937166787381e+00 -2.988958791879761101e+00 7.566461688648864481e-01 -2.491340704860194322e+00 -1.602163355766366148e+00 1.111453129364614600e+00
-2.123346073884503138e+00 -2.984746182907187517e+00 7.570227689930637549e-01 -2.482410707695812846e+00 -1.582237432092931328e+00 1.106793134311837123e+00
-2.117476429349451905e+00 -2.980522991048445203e+00 7.574033667255326563e-01 -2.473412001521751780e+00 -1.562397000821277082e+00 1.102112587323926585e+00
-2.111596085797266653e+00 -2.976289237161068968e+00 7.577877895529044894e-01 -2.464344936085529625e+00 -1.542642759631929650e+00 1.097411530240000044e+00
-2.105705124863461286e+00 -2.972044943151208152e+00 7.581758698940705976e-01 -2.455209863655189562e+00 -1.522975387740058029e+00 1.092690004998858155e+00
-2.099803627596212863e+00 -2.967790131952755317e+00 7.585674450691183290e-01 -2.446007138866683750e+00 -1.503395546197043409e+00 1.087948053633442491e+00
-2.093891674469291253e+00 -2.963524827506256898e+00 7.589623572695033404e-01 -2.436737118572872784e+00 -1.483903878189931191e+00 1.083185718265367470e+00
-2.087969345395138454e+00 -2.959249054737620899e+00 7.593604535256737176e-01 -2.427400161694205138e+00 -1.464501009338826876e+00 1.078403041099530002e+00
-2.082036719738074471e+00 -2.954962839536643848e+00 7.597615856723325400e-01 -2.417996629071093029e+00 -1.445187547992235366e+00 1.073600064418790634e+00
-2.076093876327623100e+00 -2.950666208735391205e+00 7.601656103115228547e-01 -2.408526883318009126e+00 -1.425964085520344149e+00 1.068776830578726855e+00
-2.070140893471950960e+00 -2.946359190086441426e+00 7.605723887737130262e-01 -2.398991288679340084e+00 -1.406831196606278311e+00 1.063933382002454353e+00
-2.064177848971402440e+00 -2.942041812241017240e+00 7.609817870770549941e-01 -2.389390210887048838e+00 -1.387789439535389135e+00 1.059069761175516433e+00
-2.058204820132125246e+00 -2.937714104727028541e+00 7.613936758849830788e-01 -2.379724017020137694e+00 -1.368839356482517644e+00 1.054186010640838722e+00
-2.052221883779777656e+00 -2.933376097927036241e+00 7.618079304623166514e-01 -2.369993075365997459e+00 -1.349981473797356557e+00 1.049282172993748041e+00
-2.046229116273323267e+00 -2.929027823056073565e+00 7.622244306300232086e-01 -2.360197755283607091e+00 -1.331216302287942632e+00 1.044358290877054563e+00
-2.040226593478591255e+00 -2.924669312062080362e+00 7.626430606920781008e-01 -2.350338432488102924e+00 -1.312544346882877910e+00 1.039414406980457839e+00
-2.034214390774448766e+00 -2.920300597589747582e+00 7.630637093559512474e-01 -2.340415490515115327e+00 -1.293966109215358706e+00 1.034450564040773735e+00
-2.028192583065115961e+00 -2.915921712956512035e+00 7.634862696514294056e-01 -2.330429321053352432e+00 -1.275482088149646032e+00 1.029466804842312788e+00
-2.022161244793944768e+00 -2.911532692131663325e+00 7.639106388490608524e-01 -2.320380323923411758e+00 -1.257092779684741757e+00 1.024463172217259466e+00
-2.016120449957100824e+00 -2.907133569715658616e+00 7.643367183783380536e-01 -2.310268907072149602e+00 -1.238798676885514816e+00 1.019439709046048970e+00
-2.010070272117127743e+00 -2.902724380919656788e+00 7.647644137457525471e-01 -2.300095486549103896e+00 -1.220600269784970493e+00 1.014396458257744049e+00
-2.004010784416393243e+00 -2.898305161545281727e+00 7.651936344528409428e-01 -2.289860486481577695e+00 -1.202498045286269246e+00 1.009333462830410033e+00
-1.997942059590405162e+00 -2.893875947964624107e+00 7.656242939143357296e-01 -2.279564339051166399e+00 -1.184492487068965261e+00 1.004250765791487865e+00
-1.991864169981004018e+00 -2.889436777100487408e+00 7.660563093765299092e-01 -2.269207484466188696e+00 -1.166584075490486150e+00 9.991484102181670268e-01
-1.985777187549408573e+00 -2.884987686406892848e+00 7.664896018359613761e-01 -2.258790370932731051e+00 -1.148773287487406591e+00 9.940264392377556879e-01
-1.979681183889124174e+00 -2.880528713849842770e+00 7.669240959585187367e-01 -2.248313454624320862e+00 -1.131060596476577196e+00 9.888848960280507416e-01
-1.973576230238703655e+00 -2.876059897888349148e+00 7.673597199990652706e-01 -2.237777199650528015e+00 -1.113446472256583775e+00 9.837238238177049565e-01
-1.967462397494356585e+00 -2.871581277455739212e+00 7.677964057216748461e-01 -2.227182078023855816e+00 -1.095931380908607977e+00 9.785432658865941269e-01
-1.961339756222405750e+00 -2.867092891941232846e+00 7.682340883205701632e-01 -2.216528569625238809e+00 -1.078515784697195556e+00 9.733432655661817812e-01
-1.955208376671584647e+00 -2.862594781171805103e+00 7.686727063418480332e-01 -2.205817162168131507e+00 -1.061200141970972233e+00 9.681238662398823358e-01
-1.949068328785177107e+00 -2.858086985394328927e+00 7.691122016060759625e-01 -2.195048351161148936e+00 -1.043984907063259193e+00 9.628851113434219178e-01
-1.942919682212993937e+00 -2.853569545258004769e+00 7.695525191318373093e-01 -2.184222639869398463e+00 -1.026870530192844022e+00 9.576270443651982989e-01
-1.936762506323185695e+00 -2.849042501797078852e+00 7.699936070603017324e-01 -2.173340539274278616e+00 -1.009857457364597977e+00 9.523497088466393867e-01
-1.930596870213891147e+00 -2.844505896413846990e+00 7.704354165808922073e-01 -2.162402568031871919e+00 -9.929461302701652059e-01 9.470531483825596064e-01
-1.924422842724720084e+00 -2.839959770861949284e+00 7.708779018581183307e-01 -2.151409252429869579e+00 -9.761369861886679544e-01 9.417374066215145056e-01
-1.918240492448069601e+00 -2.835404167229954808e+00 7.713210199596410854e-01 -2.140361126343050202e+00 -9.594304578874917055e-01 9.364025272661539168e-01
-1.912049887740273846e+00 -2.830839127925227849e+00 7.717647307856314587e-01 -2.129258731187323228e+00 -9.428269735231946669e-01 9.310485540735730092e-01
-1.905851096732587235e+00 -2.826264695658087245e+00 7.722089969994833103e-01 -2.118102615872298422e+00 -9.263269565425131802e-01 9.256755308556608997e-01
-1.899644187342003798e+00 -2.821680913426245052e+00 7.726537839599358914e-01 -2.106893336752397872e+00 -9.099308255835385495e-01 9.202835014794480406e-01
-1.893429227281911098e+00 -2.817087824499526327e+00 7.730990596546608584e-01 -2.095631457576517587e+00 -8.936389943770741695e-01 9.148725098674522771e-01
-1.887206284072581175e+00 -2.812485472404871345e+00 7.735447946353644078e-01 -2.084317549436199180e+00 -8.774518716481747305e-01 9.094425999980219055e-01
-1.880975425051502281e+00 -2.807873900911606935e+00 7.739909619544521613e-01 -2.072952190712339160e+00 -8.613698610179190140e-01 9.039938159056761791e-01
-1.874736717383549411e+00 -2.803253154016993154e+00 7.744375371033030975e-01 -2.061535967020430959e+00 -8.453933609054491427e-01 8.985262016814452579e-01
-1.868490228071000514e+00 -2.798623275932031973e+00 7.748844979521949394e-01 -2.050069471154331691e+00 -8.295227644302851644e-01 8.930398014732077172e-01
-1.862236023963398601e+00 -2.793984311067538417e+00 7.753318246919219670e-01 -2.038553303028551866e+00 -8.137584593149407297e-01 8.875346594860255012e-01
-1.855974171767263314e+00 -2.789336304020468837e+00 7.757794997771424450e-01 -2.026988069619050314e+00 -7.981008277878611779e-01 8.820108199824768791e-01
-1.849704738055655717e+00 -2.784679299560492538e+00 7.762275078714917509e-01 -2.015374384902568927e+00 -7.825502464867302166e-01 8.764683272829874028e-01
-1.843427789277601203e+00 -2.780013342616814764e+00 7.766758357944945068e-01 -2.003712869794461060e+00 -7.671070863621318736e-01 8.709072257661583105e-01
-1.837143391767372069e+00 -2.775338478265229281e+00 7.771244724703069151e-01 -1.992004152085069757e+00 -7.517717125816618662e-01 8.653275598690930437e-01
-1.830851611753637531e+00 -2.770654751715403208e+00 7.775734088783170517e-01 -1.980248866374618721e+00 -7.365444844344590791e-01 8.597293740877209878e-01
-1.824552515368481842e+00 -2.765962208298382574e+00 7.780226380056312063e-01 -1.968447654006626468e+00 -7.214257552362060011e-01 8.541127129771199922e-01
-1.818246168656299400e+00 -2.761260893454315024e+00 7.784721548014692516e-01 -1.956601162999846100e+00 -7.064158722346176589e-01 8.484776211518352262e-01
-1.811932637582569505e+00 -2.756550852720372369e+00 7.789219561334930209e-01 -1.944710047978741807e+00 -6.915151765154590180e-01 8.428241432861973692e-01
-1.805611988042516991e+00 -2.751832131718877417e+00 7.793720407460867916e-01 -1.932774970102502987e+00 -6.767240029091201592e-01 8.371523241146372474e-01
-1.799284285869664934e+00 -2.747104776145614657e+00 7.798224092206098579e-01 -1.920796596992580652e+00 -6.620426798977447902e-01 8.314622084319985840e-01
-1.792949596844285010e+00 -2.742368831758323466e+00 7.802730639376362909e-01 -1.908775602658770332e+00 -6.474715295229716006e-01 8.257538410938481954e-01
-1.786607986701751027e+00 -2.737624344365362727e+00 7.807240090411984301e-01 -1.896712667423833931e+00 -6.330108672942991177e-01 8.200272670167834121e-01
-1.780259521140804102e+00 -2.732871359814534440e+00 7.811752504050452073e-01 -1.884608477846687835e+00 -6.186610020981211377e-01 8.142825311787382780e-01
-1.773904265810439362e+00 -2.728109923947225290e+00 7.816267955903527520e-01 -1.872463729649601394e+00 -6.044222393090166179e-01 8.085196786208922459e-01
-1.767542286270639806e+00 -2.723340082511231941e+00 7.820786537834349961e-01 -1.860279133628141901e+00 -5.902948868638171476e-01 8.027387544530383279e-01
-1.761173647996972180e+00 -2.718561881145081571e+00 7.825308357338822685e-01 -1.848055416359849268e+00 -5.762792555601139455e-01 7.969398038591777311e-01
-1.754798416387261195e+00 -2.713775365366383863e+00 7.829833536944343919e-01 -1.835793320351339464e+00 -5.623756587427672926e-01 7.911228721031711153e-01
-1.748416656768039701e+00 -2.708980580560514717e+00 7.834362213625766236e-01 -1.823493604207000018e+00 -5.485844120107854494e-01 7.852880045344475812e-01
-1.742028434400779036e+00 -2.704177571969622385e+00 7.838894538238821985e-01 -1.811157042765725755e+00 -5.349058328894145120e-01 7.794352465937688379e-01
-1.735633814487906657e+00 -2.699366384681952891e+00 7.843430674971054728e-01 -1.798784427231804317e+00 -5.213402404954337044e-01 7.735646438190493246e-01
-1.729232862178613273e+00 -2.694547063621480998e+00 7.847970800810285530e-01 -1.786376565299699015e+00 -5.078879551956916316e-01 7.676762418512311781e-01
-1.722825642574455252e+00 -2.689719653537845367e+00 7.852515105030621889e-01 -1.773934281277686154e+00 -4.945492982639878576e-01 7.617700864402120464e-01
-1.716412220734758964e+00 -2.684884198996578597e+00 7.857063788696030393e-01 -1.761458416199825905e+00 -4.813245915262172048e-01 7.558462234508263045e-01
-1.709992661681830395e+00 -2.680040744369618366e+00 7.861617064181460890e-01 -1.748949827931114420e+00 -4.682141569990108110e-01 7.499046988688780058e-01
-1.703567030405978233e+00 -2.675189333826101912e+00 7.866175154711512185e-01 -1.736409391265702151e+00 -4.552183165220924366e-01 7.439455588072249048e-01
-1.697135391870354226e+00 -2.670330011323425179e+00 7.870738293916613726e-01 -1.723837998018074469e+00 -4.423373913845667360e-01 7.379688495119129943e-01
-1.690697811015617891e+00 -2.665462820598568427e+00 7.875306725406688857e-01 -1.711236557106327938e+00 -4.295717019446643192e-01 7.319746173683601143e-01
-1.684254352764431362e+00 -2.660587805159669195e+00 7.879880702362259681e-01 -1.698605994627659266e+00 -4.169215672434081199e-01 7.259629089075869679e-01
-1.677805082025790373e+00 -2.655705008277845280e+00 7.884460487142936902e-01 -1.685947253925867306e+00 -4.043873046123609427e-01 7.199337708124948776e-01
-1.671350063699197808e+00 -2.650814472979247771e+00 7.889046350913243577e-01 -1.673261295650585900e+00 -3.919692292755501128e-01 7.138872499241895042e-01
-1.664889362678687146e+00 -2.645916242037347654e+00 7.893638573285706173e-01 -1.660549097808035945e+00 -3.796676539457264354e-01 7.078233932483475321e-01
-1.658423043856701140e+00 -2.641010357965435595e+00 7.898237441981134088e-01 -1.647811655803222974e+00 -3.674828884152541164e-01 7.017422479616280961e-01
-1.651951172127833045e+00 -2.636096863009332658e+00 7.902843252506019933e-01 -1.635049982473033348e+00 -3.554152391415037471e-01 6.956438614181241764e-01
-1.645473812392437063e+00 -2.631175799140304861e+00 7.907456307846962851e-01 -1.622265108110139797e+00 -3.434650088270450041e-01 6.895282811558545166e-01
-1.638991029560115553e+00 -2.626247208048166470e+00 7.912076918182031626e-01 -1.609458080477500719e+00 -3.316324959948255824e-01 6.833955549032939558e-01
-1.632502888553088338e+00 -2.621311131134565375e+00 7.916705400608970988e-01 -1.596629964813236935e+00 -3.199179945585193252e-01 6.772457305859408416e-01
-1.626009454309452762e+00 -2.616367609506446978e+00 7.921342078890148963e-01 -1.583781843825649460e+00 -3.083217933882256290e-01 6.710788563329195267e-01
-1.619510791786340720e+00 -2.611416683969677521e+00 7.925987283214139811e-01 -1.570914817678155551e+00 -2.968441758717137446e-01 6.648949804836169486e-01
-1.613006965962980210e+00 -2.606458395022827723e+00 7.930641349973837073e-01 -1.558030003963943866e+00 -2.854854194714313564e-01 6.586941515943504077e-01
-1.606498041843668290e+00 -2.601492782851099861e+00 7.935304621560964611e-01 -1.545128537670116486e+00 -2.742457952774737251e-01 6.524764184450665416e-01
-1.599984084460662981e+00 -2.596519887320395181e+00 7.939977446176880171e-01 -1.532211571131143701e+00 -2.631255675567629737e-01 6.462418300460679443e-01
-1.593465158877002352e+00 -2.591539747971507879e+00 7.944660177659561562e-01 -1.519280273971351569e+00 -2.521249932986080466e-01 6.399904356447655429e-01
-1.586941330189255872e+00 -2.586552404014440754e+00 7.949353175326625554e-01 -1.506335833036301919e+00 -2.412443217569304466e-01 6.337222847324556207e-01
-1.580412663530217809e+00 -2.581557894322827895e+00 7.954056803834272937e-01 -1.493379452312855848e+00 -2.304837939893928933e-01 6.274374270511200447e-01
-1.573879224071549121e+00 -2.576556257428463503e+00 7.958771433052007627e-01 -1.480412352837723544e+00 -2.198436423936716011e-01 6.211359126002456987e-01
-1.567341077026375595e+00 -2.571547531515919083e+00 7.963497437953009905e-01 -1.467435772594315679e+00 -2.093240902411457327e-01 6.148177916436625701e-01
-1.560798287651848693e+00 -2.566531754417245459e+00 7.968235198520021711e-01 -1.454450966397699219e+00 -1.989253512082509445e-01 6.084831147163968224e-01
-1.554250921251679074e+00 -2.561508963606748068e+00 7.972985099666599629e-01 -1.441459205767508855e+00 -1.886476289057963385e-01 6.021319326315379694e-01
-1.547699043178648370e+00 -2.556479196195829751e+00 7.977747531173601248e-01 -1.428461778788624015e+00 -1.784911164065166034e-01 5.957642964871171509e-01
-1.541142718837107406e+00 -2.551442488927887720e+00 7.982522887640752796e-01 -1.415459989959469755e+00 -1.684559957711604383e-01 5.893802576729949561e-01
-1.534582013685468427e+00 -2.546398878173258495e+00 7.987311568453158150e-01 -1.402455160027757053e+00 -1.585424375733985869e-01 5.829798678777553533e-01
-1.528016993238698884e+00 -2.541348399924200585e+00 7.992113977762587140e-01 -1.389448625813518357e+00 -1.487506004238579038e-01 5.765631790956028402e-01
-1.521447723070826097e+00 -2.536291089789909581e+00 7.996930524483411018e-01 -1.376441740019303639e+00 -1.390806304936065274e-01 5.701302436332619239e-01
-1.514874268817456793e+00 -2.531226982991551466e+00 8.001761622303011912e-01 -1.363435871027403712e+00 -1.295326610374045728e-01 5.636811141168752703e-01
-1.508296696178323293e+00 -2.526156114357308802e+00 8.006607689706523034e-01 -1.350432402683953814e+00 -1.201068119170409787e-01 5.572158434988971898e-01
-1.501715070919861450e+00 -2.521078518317430905e+00 8.011469150015736451e-01 -1.337432734069825324e+00 -1.108031891251073375e-01 5.507344850649812384e-01
-1.495129458877828554e+00 -2.515994228899278262e+00 8.016346431442018527e-01 -1.324438279258169926e+00 -1.016218843095302304e-01 5.442370924408584942e-01
-1.488539925959968757e+00 -2.510903279722354942e+00 8.021239967153075412e-01 -1.311450467058526970e+00 -9.256297429922621944e-02 5.377237195992035090e-01
-1.481946538148734671e+00 -2.505805703993318367e+00 8.026150195353394246e-01 -1.298470740747374341e+00 -8.362652063120723511e-02 5.311944208664851619e-01
-1.475349361504071366e+00 -2.500701534500955781e+00 8.031077559378204667e-01 -1.285500557785065556e+00 -7.481256907952449353e-02 5.246492509297995266e-01
-1.468748462166270752e+00 -2.495590803611127839e+00 8.036022507800784087e-01 -1.272541389519072252e+00 -6.612114918640621397e-02 5.180882648436824223e-01
-1.462143906358904788e+00 -2.490473543261660261e+00 8.040985494552939095e-01 -1.259594720873455920e+00 -5.755227379595595494e-02 5.115115180368976500e-01
-1.455535760391843292e+00 -2.485349784957181729e+00 8.045966979058486457e-01 -1.246662050024529345e+00 -4.910593859080059076e-02 5.049190663191978068e-01
-1.448924090664366116e+00 -2.480219559763901849e+00 8.050967426379557201e-01 -1.233744888062628275e+00 -4.078212163205030549e-02 4.983109658880558457e-01
-1.442308963668375688e+00 -2.475082898304313606e+00 8.055987307375547246e-01 -1.220844758640006855e+00 -3.258078290298715984e-02 4.916872733353631619e-01
-1.435690445991716802e+00 -2.469939830751819887e+00 8.061027098874528063e-01 -1.207963197604776662e+00 -2.450186385683661427e-02 4.850480456540913199e-01
-1.429068604321613645e+00 -2.464790386825273405e+00 8.066087283856936407e-01 -1.195101752620928215e+00 -1.654528696905899210e-02 4.783933402449144778e-01
-1.422443505448227619e+00 -2.459634595783422029e+00 8.071168351651351047e-01 -1.182261982774402975e+00 -8.710955294537470195e-03 4.717232149227892912e-01
-1.415815216268347720e+00 -2.454472486419251531e+00 8.076270798142169971e-01 -1.169445458165208951e+00 -9.987520300631658188e-04 4.650377279234880201e-01
-1.409183803789216149e+00 -2.449304087054223977e+00 8.081395125988981576e-01 -1.156653759485648525e+00 6.591459917452802131e-03 4.583369379100829533e-01
-1.402549335132500019e+00 -2.444129425532391764e+00 8.086541844857435546e-01 -1.143888477584644514e+00 1.405983835664414983e-02 4.516209039793774305e-01
-1.395911877538414503e+00 -2.438948529214397976e+00 8.091711471661419131e-01 -1.131151213018244395e+00 2.140656223081016662e-02 4.448896856682819090e-01
-1.389271498370004965e+00 -2.433761424971340404e+00 8.096904530816321222e-01 -1.118443575586324235e+00 2.863183203008023980e-02 4.381433429601299112e-01
-1.382628265117594513e+00 -2.428568139178500562e+00 8.102121554503173284e-01 -1.105767183855593139e+00 3.573587019619317573e-02 4.313819362909315780e-01
-1.375982245403405413e+00 -2.423368697708927488e+00 8.107363082943449539e-01 -1.093123664668954165e+00 4.271892151948364358e-02 4.246055265555598868e-01
-1.369333506986359472e+00 -2.418163125926874990e+00 8.112629664684306574e-01 -1.080514652641337836e+00 4.958125352763520510e-02 4.178141751138687021e-01
-1.362682117767065160e+00 -2.412951448681080358e+00 8.117921856894034782e-01 -1.067941789642106176e+00 5.632315686578515113e-02 4.110079437967365523e-01
-1.356028145792998574e+00 -2.407733690297877871e+00 8.123240225667490710e-01 -1.055406724264157603e+00 6.294494566754860188e-02 4.041868949120345778e-01
-1.349371659263883583e+00 -2.402509874574149329e+00 8.128585346341260509e-01 -1.042911111279833936e+00 6.944695791655508543e-02 3.973510912505134329e-01
-1.342712726537278689e+00 -2.397280024770095608e+00 8.133957803818331334e-01 -1.030456611083834906e+00 7.582955579803485335e-02 3.905005960916072549e-01
-1.336051416134376835e+00 -2.392044163601828810e+00 8.139358192901990918e-01 -1.018044889123258301e+00 8.209312604006324676e-02 3.836354732091504238e-01
-1.329387796746025252e+00 -2.386802313233782336e+00 8.144787118638719958e-01 -1.005677615314932938e+00 8.823808024402701733e-02 3.767557868770034513e-01
-1.322721937238969137e+00 -2.381554495270925109e+00 8.150245196669799741e-01 -9.933564634502511925e-01 9.426485520388894201e-02 3.698616018745852219e-01
-1.316053906662329354e+00 -2.376300730750783963e+00 8.155733053591369686e-01 -9.810831105877118041e-01 1.001739132138190769e-01 3.629529834923070908e-01
-1.309383774254315291e+00 -2.371041040135262623e+00 8.161251327322648352e-01 -9.688592364333623586e-01 1.059657423637929696e-01 3.560299975369062286e-01
-1.302711609449183294e+00 -2.365775443302259085e+00 8.166800667482028153e-01 -9.566865227093899193e-01 1.116408568227154063e-01 3.490927103366740503e-01
-1.296037481884443121e+00 -2.360503959537068486e+00 8.172381735770756217e-01 -9.445666525110985035e-01 1.171997971086717882e-01 3.421411887465773960e-01
-1.289361461408320420e+00 -2.355226607523576376e+00 8.177995206363877223e-01 -9.325013096525256451e-01 1.226431303458879185e-01 3.351755001532676359e-01
-1.282683618087478994e+00 -2.349943405335233493e+00 8.183641766308139553e-01 -9.204921780009591714e-01 1.279714505079976306e-01 3.281957124799753100e-01
-1.276004022215009526e+00 -2.344654370425806711e+00 8.189322115926528367e-01 -9.085409408006404064e-01 1.331853786472123602e-01 3.212018941912858638e-01
-1.269322744318689189e+00 -2.339359519619908845e+00 8.195036969229095858e-01 -8.966492799859642204e-01 1.382855631089912052e-01 3.141941142977942580e-01
-1.262639855169517489e+00 -2.334058869103299738e+00 8.200787054329736758e-01 -8.848188754844650283e-01 1.432726797318188972e-01 3.071724423606345122e-01
-1.255955425790532987e+00 -2.328752434412956429e+00 8.206573113868560476e-01 -8.730514045099173615e-01 1.481474320317142102e-01 3.001369484958807399e-01
-1.249269527465916907e+00 -2.323440230426909725e+00 8.212395905439477950e-01 -8.613485408458823045e-01 1.529105513710726783e-01 2.930877033788172881e-01
-1.242582231750386290e+00 -2.318122271353847630e+00 8.218256202022643508e-01 -8.497119541200528481e-01 1.575627971114839099e-01 2.860247782480732082e-01
-1.235893610478881799e+00 -2.312798570722479852e+00 8.224154792421337623e-01 -8.381433090697538724e-01 1.621049567501424704e-01 2.789482449096193362e-01
-1.229203735776555950e+00 -2.307469141370664723e+00 8.230092481702900864e-01 -8.266442647989618031e-01 1.665378460395032789e-01 2.718581757406241528e-01
-1.222512680069062885e+00 -2.302133995434297198e+00 8.236070091643300506e-01 -8.152164740272325183e-01 1.708623090898244712e-01 2.647546436931653702e-01
-1.215820516093156334e+00 -2.296793144335952164e+00 8.242088461174883474e-01 -8.038615823309260833e-01 1.750792184542548924e-01 2.576377222977939696e-01
-1.209127316907597560e+00 -2.291446598773293708e+00 8.248148446836893743e-01 -7.925812273771333238e-01 1.791894751961358168e-01 2.505074856669483596e-01
-1.202433155904377493e+00 -2.286094368707234814e+00 8.254250923228280135e-01 -7.813770381507305629e-01 1.831940089381793868e-01 2.433640084982146845e-01
-1.195738106820256164e+00 -2.280736463349864351e+00 8.260396783462323755e-01 -7.702506341749897345e-01 1.870937778932173501e-01 2.362073660774319794e-01
-1.189042243748621663e+00 -2.275372891152124488e+00 8.266586939622603269e-01 -7.592036247261670923e-01 1.908897688762092315e-01 2.290376342816380362e-01
-1.182345641151672622e+00 -2.270003659791258954e+00 8.272822323219781726e-01 -7.482376080425248155e-01 1.945829972972203947e-01 2.218548895818534539e-01
-1.175648373872925534e+00 -2.264628776158013501e+00 8.279103885648707584e-01 -7.373541705282571357e-01 1.981745071350689003e-01 2.146592090457019597e-01
-1.168950517150049606e+00 -2.259248246343608102e+00 8.285432598645288138e-01 -7.265548859527428682e-01 2.016653708913906939e-01 2.074506703398633634e-01
-1.162252146628032001e+00 -2.253862075626470673e+00 8.291809454742579133e-01 -7.158413146456479303e-01 2.050566895248362442e-01 2.002293517323577299e-01
-1.155553338372672600e+00 -2.248470268458743426e+00 8.298235467725528780e-01 -7.052150026883174938e-01 2.083495923651650372e-01 1.929953320946569406e-01
-1.148854168884412719e+00 -2.243072828452556955e+00 8.304711673083781109e-01 -6.946774811019751361e-01 2.115452370069839105e-01 1.857486909036228095e-01
-1.142154715112496444e+00 -2.237669758366088502e+00 8.311239128461936909e-01 -6.842302650332241498e-01 2.146448091829116223e-01 1.784895082432685631e-01
-1.135455054469467040e+00 -2.232261060089389737e+00 8.317818914106650530e-01 -6.738748529373448370e-01 2.176495226159458340e-01 1.712178648063417963e-01
-1.128755264845997752e+00 -2.226846734630012925e+00 8.324452133309916402e-01 -6.636127257598891660e-01 2.205606188508415499e-01 1.639338418957267118e-01
-1.122055424626058118e+00 -2.221426782098414154e+00 8.331139912847889128e-01 -6.534453461171030320e-01 2.233793670642993945e-01 1.566375214256635340e-01
-1.115355612702414678e+00 -2.216001201693165168e+00 8.337883403414551031e-01 -6.433741574757037007e-01 2.261070638537896471e-01 1.493289859227838190e-01
-1.108655908492466313e+00 -2.210569991685960023e+00 8.344683780049529931e-01 -6.334005833325235812e-01 2.287450330048530489e-01 1.420083185269589432e-01
-1.101956391954412195e+00 -2.205133149406435678e+00 8.351542242559341078e-01 -6.235260263945625603e-01 2.312946252367220623e-01 1.346756029919608799e-01
-1.095257143603753702e+00 -2.199690671226808281e+00 8.358460015931327147e-01 -6.137518677599707040e-01 2.337572179261329097e-01 1.273309236859333504e-01
-1.088558244530124730e+00 -2.194242552546338487e+00 8.365438350739510254e-01 -6.040794661005057797e-01 2.361342148091924997e-01 1.199743655916717805e-01
-1.081859776414451968e+00 -2.188788787775627576e+00 8.372478523541597717e-01 -5.945101568460087194e-01 2.384270456612069822e-01 1.126060143067107444e-01
-1.075161821546440688e+00 -2.183329370320758578e+00 8.379581837266317779e-01 -5.850452513714397007e-01 2.406371659543626862e-01 1.052259560432175223e-01
-1.068464462842383611e+00 -2.177864292567297078e+00 8.386749621590273707e-01 -5.756860361870157483e-01 2.427660564931821696e-01 9.783427762769060509e-02
-1.061767783863290404e+00 -2.172393545864148123e+00 8.393983233303451419e-01 -5.664337721320040764e-01 2.448152230276878782e-01 9.043106650046235651e-02
-1.055071868833332926e+00 -2.166917120507297234e+00 8.401284056662531308e-01 -5.572896935727449375e-01 2.467861958442147952e-01 8.301641071500488744e-02
-1.048376802658602003e+00 -2.161435005723438607e+00 8.408653503731089440e-01 -5.482550076054168997e-01 2.486805293338356648e-01 7.559039893703783930e-02
-1.041682670946172617e+00 -2.155947189653502960e+00 8.416093014705791076e-01 -5.393308932641196485e-01 2.504998015383703702e-01 6.815312044343786735e-02
-1.034989560023470645e+00 -2.150453659336104106e+00 8.423604058227626146e-01 -5.305185007348289794e-01 2.522456136739688048e-01 6.070466512094893630e-02
-1.028297556957936898e+00 -2.144954400690911811e+00 8.431188131677225250e-01 -5.218189505757662161e-01 2.539195896322627988e-01 5.324512346469302548e-02
-1.021606749576980278e+00 -2.139449398501974464e+00 8.438846761453280276e-01 -5.132333329447682502e-01 2.555233754591066386e-01 4.577458657648089679e-02
-1.014917226488216251e+00 -2.133938636401000011e+00 8.446581503233050459e-01 -5.047627068341911105e-01 2.570586388109372677e-01 3.829314616292322365e-02
-1.008229077099980664e+00 -2.128422096850612455e+00 8.454393942213923596e-01 -4.964080993138910713e-01 2.585270683887932464e-01 3.080089453334089455e-02
-1.001542391642112673e+00 -2.122899761127612361e+00 8.462285693334981040e-01 -4.881705047828606148e-01 2.599303733500484270e-01 2.329792459747550420e-02
-9.948572611869983540e-01 -2.117371609306239577e+00 8.470258401477485100e-01 -4.800508842300650336e-01 2.612702826979376169e-01 1.578432986299934185e-02
-9.881737776708656718e-01 -2.111837620241479918e+00 8.478313741643184187e-01 -4.720501645050450001e-01 2.625485446489523866e-01 8.260204432825966198e-03
-9.814920339153205830e-01 -2.106297771552418041e+00 8.486453419109314389e-01 -4.641692375988242247e-01 2.637669259782082776e-01 7.256430022209610364e-04
-9.748121236491149588e-01 -2.100752039605667143e+00 8.494679169559132825e-01 -4.564089599356968563e-01 2.649272113428970954e-01 -6.819259144285754609e-03
-9.681341415301361053e-01 -2.095200399498896360e+00 8.502992759186828176e-01 -4.487701516764182053e-01 2.660312025839477457e-01 -1.437440613618620744e-02
-9.614581831676036749e-01 -2.089642825044474073e+00 8.511395984775591561e-01 -4.412535960333818785e-01 2.670807180060412733e-01 -2.193970152047780217e-02
-9.547843451444659735e-01 -2.084079288753255099e+00 8.519890673747639864e-01 -4.338600385983166774e-01 2.680775916361284317e-01 -2.951504826534365883e-02
-9.481127250399770112e-01 -2.078509761818533974e+00 8.528478684184934711e-01 -4.265901866830557054e-01 2.690236724606229757e-01 -3.710034876402808213e-02
-9.414434214524476374e-01 -2.072934214100193628e+00 8.537161904819345892e-01 -4.194447086739296893e-01 2.699208236414527562e-01 -4.469550483890658704e-02
-9.347765340221485530e-01 -2.067352614109069897e+00 8.545942254990960274e-01 -4.124242334003307420e-01 2.707709217111622380e-01 -5.230041774574892277e-02
-9.281121634543585408e-01 -2.061764928991563828e+00 8.554821684573210572e-01 -4.055293495179830288e-01 2.715758557472813806e-01 -5.991498817817381833e-02
-9.214504115425325992e-01 -2.056171124514528881e+00 8.563802173863506173e-01 -3.987606049074834402e-01 2.723375265261820388e-01 -6.753911627229342018e-02
-9.147913811915824311e-01 -2.050571165050459665e+00 8.572885733438000422e-01 -3.921185060886389628e-01 2.730578456566670198e-01 -7.517270161154623875e-02
-9.081351764412448624e-01 -2.044965013563019518e+00 8.582074403969117693e-01 -3.856035176511634077e-01 2.737387346935369337e-01 -8.281564323171637654e-02
-9.014819024895217581e-01 -2.039352631592929121e+00 8.591370256004436934e-01 -3.792160617022322100e-01 2.743821242314137265e-01 -9.046783962613752506e-02
-8.948316657161745624e-01 -2.033733979244255252e+00 8.600775389705510587e-01 -3.729565173314632887e-01 2.749899529790917896e-01 -9.812918875107928818e-02
-8.881845737062485924e-01 -2.028109015171129847e+00 8.610291934545185599e-01 -3.668252200938444396e-01 2.755641668147248424e-01 -1.057995880313137294e-01
-8.815407352736110980e-01 -2.022477696564932259e+00 8.619922048961956573e-01 -3.608224615111623734e-01 2.761067178221541241e-01 -1.134789343658594435e-01
-8.749002604844742237e-01 -2.016839979141973771e+00 8.629667919969881140e-01 -3.549484885924383271e-01 2.766195633087074057e-01 -1.211671241339008775e-01
-8.682632606808886599e-01 -2.011195817131719910e+00 8.639531762722556518e-01 -3.492035033738951633e-01 2.771046648048125505e-01 -1.288640532008804573e-01
-8.616298485041733457e-01 -2.005545163265579411e+00 8.649515820029645141e-01 -3.435876624789782063e-01 2.775639870457720093e-01 -1.365696169247605507e-01
-8.550001379182665673e-01 -1.999887968766311808e+00 8.659622361824411696e-01 -3.381010766989605010e-01 2.779994969360863877e-01 -1.442837101624520613e-01
-8.483742442329633704e-01 -1.994224183338081380e+00 8.669853684580739461e-01 -3.327438105946196600e-01 2.784131624966965646e-01 -1.520062272764072242e-01
-8.417522841270170808e-01 -1.988553755157202341e+00 8.680212110678048321e-01 -3.275158821195121028e-01 2.788069517955555909e-01 -1.597370621413728708e-01
-8.351343756710747357e-01 -1.982876630863614542e+00 8.690699987712556807e-01 -3.224172622653465048e-01 2.791828318619451466e-01 -1.674761081513010397e-01
-8.285206383504171157e-01 -1.977192755553133452e+00 8.701319687753291676e-01 -3.174478747299533943e-01 2.795427675849682103e-01 -1.752232582264134642e-01
-8.219111930874722916e-01 -1.971502072770514369e+00 8.712073606541252957e-01 -3.126075956083336216e-01 2.798887205966620328e-01 -1.829784048204164681e-01
-8.153061622640702666e-01 -1.965804524503377504e+00 8.722964162630121310e-01 -3.078962531072741982e-01 2.802226481401977054e-01 -1.907414399278625772e-01
-8.087056697434062968e-01 -1.960100051177035452e+00 8.733993796466895665e-01 -3.033136272840084580e-01 2.805465019236361712e-01 -1.985122550916548212e-01
-8.021098408916782496e-01 -1.954388591650271234e+00 8.745164969410840206e-01 -2.988594498093939400e-01 2.808622269597380594e-01 -2.062907414106895654e-01
-7.955188025993606971e-01 -1.948670083212110882e+00 8.756480162689100899e-01 -2.945334037560591867e-01 2.811717603923327147e-01 -2.140767895476341498e-01
-7.889326833020806617e-01 -1.942944461579638959e+00 8.767941876287373981e-01 -2.903351234119857516e-01 2.814770303097624549e-01 -2.218702897368350080e-01
-7.823516130010532699e-01 -1.937211660896904775e+00 8.779552627773974383e-01 -2.862641941199437490e-01 2.817799545459438448e-01 -2.296711317923519902e-01
-7.757757232830417848e-01 -1.931471613734966564e+00 8.791314951055677618e-01 -2.823201521432392447e-01 2.820824394695913284e-01 -2.374792051161140061e-01
-7.692051473397962802e-01 -1.925724251093124284e+00 8.803231395063695341e-01 -2.785024845581860475e-01 2.823863787621680999e-01 -2.452943987061917963e-01
-7.626400199869292074e-01 -1.919969502401390526e+00 8.815304522368150320e-01 -2.748106291737211215e-01 2.826936521851486361e-01 -2.531166011651827530e-01
-7.560804776821852258e-01 -1.914207295524249952e+00 8.827536907719428783e-01 -2.712439744785464235e-01 2.830061243371719826e-01 -2.609457007087030989e-01
-7.495266585430568895e-01 -1.908437556765758103e+00 8.839931136514777021e-01 -2.678018596161986231e-01 2.833256434017048520e-01 -2.687815851739825401e-01
-7.429787023636995613e-01 -1.902660210876032432e+00 8.852489803188539064e-01 -2.644835743884161872e-01 2.836540398858220513e-01 -2.766241420285563413e-01
-7.364367506310971478e-01 -1.896875181059185733e+00 8.865215509524437820e-01 -2.612883592871644289e-01 2.839931253507428366e-01 -2.844732583790491320e-01
-7.299009465404249219e-01 -1.891082388982757267e+00 8.878110862888300980e-01 -2.582154055556711292e-01 2.843446911347626838e-01 -2.923288209800458670e-01
-7.233714350095605816e-01 -1.885281754788691533e+00 8.891178474379669572e-01 -2.552638552788066839e-01 2.847105070692421691e-01 -3.001907162430438314e-01
-7.168483626926862584e-01 -1.879473197105920868e+00 8.904420956900734874e-01 -2.524328015031240824e-01 2.850923201883199809e-01 -3.080588302454804195e-01
-7.103318779929272964e-01 -1.873656633064602728e+00 8.917840923141077125e-01 -2.497212883868491495e-01 2.854918534330215252e-01 -3.159330487398315235e-01
-7.038221310739669612e-01 -1.867831978312068042e+00 8.931440983476692796e-01 -2.471283113801390208e-01 2.859108043504665631e-01 -3.238132571627737599e-01
-6.973192738705837890e-01 -1.861999147030531487e+00 8.945223743781841597e-01 -2.446528174358486574e-01 2.863508437888713232e-01 -3.316993406444058157e-01
-6.908234600980405204e-01 -1.856158051956620980e+00 8.959191803152256606e-01 -2.422937052510762967e-01 2.868136145890574085e-01 -3.395911840175220298e-01
-6.843348452602708853e-01 -1.850308604402777002e+00 8.973347751538316430e-01 -2.400498255397258696e-01 2.873007302731904744e-01 -3.474886718269325492e-01
-6.778535866567914070e-01 -1.844450714280576387e+00 8.987694167286789382e-01 -2.379199813362902205e-01 2.878137737314769851e-01 -3.553916883388241743e-01
-6.713798433882747219e-01 -1.838584290126036080e+00 9.002233614589820743e-01 -2.359029283310780656e-01 2.883542959075668932e-01 -3.633001175501555102e-01
-6.649137763607146923e-01 -1.832709239126945944e+00 9.016968640839871929e-01 -2.339973752370467786e-01 2.889238144833994326e-01 -3.712138431980797626e-01
-6.584555482881100374e-01 -1.826825467152287441e+00 9.031901773889359220e-01 -2.322019841884084279e-01 2.895238125642549676e-01 -3.791327487693894605e-01
-6.520053236935972052e-01 -1.820932878783786402e+00 9.047035519213818544e-01 -2.305153711711622755e-01 2.901557373647740690e-01 -3.870567175099760004e-01
-6.455632689089512155e-01 -1.815031377349655362e+00 9.062372356977433929e-01 -2.289361064856745287e-01 2.908209988967165316e-01 -3.949856324342981284e-01
-6.391295520723829782e-01 -1.809120864960572117e+00 9.077914738999874888e-01 -2.274627152414017139e-01 2.915209686592312721e-01 -4.029193763348524193e-01
-6.327043431245495952e-01 -1.803201242547948002e+00 9.093665085623423572e-01 -2.260936778838522621e-01 2.922569783324213688e-01 -4.108578317916392053e-01
-6.262878138026968244e-01 -1.797272409904531854e+00 9.109625782479435774e-01 -2.248274307538453698e-01 2.930303184749938339e-01 -4.188008811816170684e-01
-6.198801376328515467e-01 -1.791334265727399844e+00 9.125799177153286479e-01 -2.236623666791146547e-01 2.938422372267810445e-01 -4.267484066881393479e-01
-6.134814899199771965e-01 -1.785386707663375816e+00 9.142187575746985040e-01 -2.225968355982703706e-01 2.946939390169260875e-01 -4.347002903103658333e-01
-6.070920477360015610e-01 -1.779429632356927637e+00 9.158793239338763881e-01 -2.216291452171352816e-01 2.955865832785384839e-01 -4.426564138726426512e-01
-6.007119899056339030e-01 -1.773462935500585091e+00 9.175618380339012337e-01 -2.207575616974239985e-01 2.965212831706143248e-01 -4.506166590338437916e-01
-5.943414969898701550e-01 -1.767486511887917944e+00 9.192665158742030496e-01 -2.199803103777342450e-01 2.974991043080272846e-01 -4.585809072966665623e-01
-5.879807512671000325e-01 -1.761500255469118148e+00 9.209935678273162285e-01 -2.192955765267856627e-01 2.985210635003934243e-01 -4.665490400168749163e-01
-5.816299367894166572e-01 -1.755504059538860684e+00 9.227431982655587284e-01 -2.187015099334037593e-01 2.995881294663895744e-01 -4.745209384126685692e-01
-5.752892393685584693e-01 -1.749497816815416051e+00 9.245156051807862374e-01 -2.181962268076302891e-01 3.007012223094482906e-01 -4.824964835739447011e-01
-5.689588465480395207e-01 -1.743481419503786434e+00 9.263109797934693246e-01 -2.177778108534789148e-01 3.018612126052850897e-01 -4.904755564714111671e-01
-5.626389475726147893e-01 -1.737454759361437562e+00 9.281295061510574929e-01 -2.174443143260034184e-01 3.030689204920689050e-01 -4.984580379655476623e-01
-5.563297333549734880e-01 -1.731417727766665582e+00 9.299713607156452344e-01 -2.171937591086501307e-01 3.043251147813172963e-01 -5.064438088154110673e-01
-5.500313964395608934e-01 -1.725370215789628014e+00 9.318367119409720623e-01 -2.170241378149397882e-01 3.056305120924571739e-01 -5.144327496872812544e-01
-5.437441309634150066e-01 -1.719312114266064784e+00 9.337257198387963752e-01 -2.169334149042994042e-01 3.069857760062939533e-01 -5.224247411631444127e-01
-5.374681326139145732e-01 -1.713243313873732410e+00 9.356385355347025534e-01 -2.169195278166013985e-01 3.083915162403858545e-01 -5.304196637490098398e-01
-5.312035985833198914e-01 -1.707163705211572680e+00 9.375753008134125599e-01 -2.169803881246457067e-01 3.098482878465596002e-01 -5.384173978830574248e-01
-5.249507275200024914e-01 -1.701073178881631343e+00 9.395361476536925327e-01 -2.171138827044201136e-01 3.113565904311483834e-01 -5.464178239436120466e-01
-5.187097194762406716e-01 -1.694971625573739926e+00 9.415211977529587273e-01 -2.173178749227724360e-01 3.129168673984139559e-01 -5.544208222569424471e-01
-5.124807758524738688e-01 -1.688858936152972001e+00 9.435305620417069328e-01 -2.175902058418603957e-01 3.145295052174468253e-01 -5.624262731048803587e-01
-5.062640993378910714e-01 -1.682735001749876336e+00 9.455643401879051391e-01 -2.179286954399981546e-01 3.161948327130090775e-01 -5.704340567322577771e-01
-5.000598938472435862e-01 -1.676599713853491380e+00 9.476226200915124354e-01 -2.183311438484158984e-01 3.179131203806822015e-01 -5.784440533541589380e-01
-4.938683644537560369e-01 -1.670452964407136198e+00 9.497054773693005547e-01 -2.187953326034466350e-01 3.196845797267142686e-01 -5.864561431629844446e-01
-4.876897173180223533e-01 -1.664294645906971182e+00 9.518129748301817905e-01 -2.193190259136472697e-01 3.215093626329226240e-01 -5.944702063353245469e-01
-4.815241596127632917e-01 -1.658124651503317448e+00 9.539451619412636640e-01 -2.198999719413308185e-01 3.233875607470020341e-01 -6.024861230386383548e-01
-4.753718994433255851e-01 -1.651942875104716490e+00 9.561020742848753695e-01 -2.205359040980594543e-01 3.253192048986228713e-01 -6.105037734377375402e-01
-4.692331457638041492e-01 -1.645749211484710095e+00 9.582837330068327830e-01 -2.212245423534442423e-01 3.273042645415671359e-01 -6.185230377010704217e-01
-4.631081082886625566e-01 -1.639543556391313439e+00 9.604901442562352454e-01 -2.219635945567768331e-01 3.293426472222567014e-01 -6.265437960068057643e-01
-4.569969973997380919e-01 -1.633325806659148283e+00 9.627212986171094222e-01 -2.227507577709526565e-01 3.314341980749819783e-01 -6.345659285487120771e-01
-4.509000240485039335e-01 -1.627095860324200061e+00 9.649771705322442994e-01 -2.235837196181140740e-01 3.335786993441072212e-01 -6.425893155418317404e-01
-4.448173996534761088e-01 -1.620853616741155800e+00 9.672577177195862408e-01 -2.244601596364694807e-01 3.357758699335500197e-01 -6.506138372279458570e-01
-4.387493359926453174e-01 -1.614598976703274680e+00 9.695628805815915685e-01 -2.253777506473344516e-01 3.380253649835047725e-01 -6.586393738808051790e-01
-4.326960450908150513e-01 -1.608331842564734826e+00 9.718925816079646562e-01 -2.263341601324015961e-01 3.403267754750798346e-01 -6.666658058111648577e-01
-4.266577391017323251e-01 -1.602052118365396405e+00 9.742467247722386148e-01 -2.273270516206391534e-01 3.426796278630961368e-01 -6.746930133716132483e-01
-4.206346301848968849e-01 -1.595759709957913941e+00 9.766251949226876228e-01 -2.283540860840385101e-01 3.450833837371325430e-01 -6.827208769611852190e-01
-4.146269303769405390e-01 -1.589454525137126151e+00 9.790278571680922637e-01 -2.294129233416097868e-01 3.475374395110231163e-01 -6.907492770297568585e-01
-4.086348514574678070e-01 -1.583136473771643127e+00 9.814545562589120919e-01 -2.305012234710264174e-01 3.500411261410070196e-01 -6.987780940822214681e-01
-4.026586048092553050e-01 -1.576805467937545391e+00 9.839051159644549571e-01 -2.316166482273067651e-01 3.525937088727095770e-01 -7.068072086824439548e-01
-3.966984012727059472e-01 -1.570461422054103551e+00 9.863793384466699177e-01 -2.327568624679203779e-01 3.551943870171268003e-01 -7.148365014569930675e-01
-3.907544509944660405e-01 -1.564104253021417978e+00 9.888770036312249934e-01 -2.339195355836993784e-01 3.578422937557581562e-01 -7.228658530986495911e-01
-3.848269632701071252e-01 -1.557733880359876810e+00 9.913978685765730825e-01 -2.351023429349283766e-01 3.605364959750270160e-01 -7.308951443696896089e-01
-3.789161463807930730e-01 -1.551350226351315698e+00 9.939416668417461187e-01 -2.363029672919951807e-01 3.632759941301211271e-01 -7.389242561049412794e-01
-3.730222074238436214e-01 -1.544953216181763622e+00 9.965081078536625059e-01 -2.375191002799597051e-01 3.660597221383445898e-01 -7.469530692146145734e-01
-3.671453521371246254e-01 -1.538542778085651097e+00 9.990968762747718390e-01 -2.387484438264158015e-01 3.688865473020905839e-01 -7.549814646869025259e-01
-3.612857847171957459e-01 -1.532118843491343529e+00 1.001707631371908880e+00 -2.399887116120060782e-01 3.717552702614979054e-01 -7.630093235903535609e-01
-3.554437076311516286e-01 -1.525681347167866964e+00 1.004340006387271389e+00 -2.412376305229466666e-01 3.746646249768668113e-01 -7.710365270760135559e-01
-3.496193214221077206e-01 -1.519230227372678765e+00 1.006993607912486821e+00 -2.424929421049175637e-01 3.776132787408634783e-01 -7.790629563793376455e-01
-3.438128245082836543e-01 -1.512765426000329150e+00 1.009668015266778740e+00 -2.437524040176870521e-01 3.805998322205592643e-01 -7.870884928218712107e-01
-3.380244129756513338e-01 -1.506286888731860785e+00 1.012362779880297214e+00 -2.450137914898102842e-01 3.836228195293163168e-01 -7.951130178126987191e-01
-3.322542803641206355e-01 -1.499794565184777717e+00 1.015077424683728413e+00 -2.462748987727634287e-01 3.866807083285124236e-01 -8.031364128496610855e-01
-3.265026174472498433e-01 -1.493288409063413980e+00 1.017811443505353353e+00 -2.475335405938636768e-01 3.897718999590962241e-01 -8.111585595203406607e-01
-3.207696120054808198e-01 -1.486768378309527350e+00 1.020564300476780373e+00 -2.487875536073276272e-01 3.928947296029372538e-01 -8.191793395028145186e-01
-3.150554485929033532e-01 -1.480234435252931746e+00 1.023335429448636980e+00 -2.500347978428183460e-01 3.960474664739193074e-01 -8.271986345661744844e-01
-3.093603082975779905e-01 -1.473686546761983962e+00 1.026124233417562870e+00 -2.512731581508407253e-01 3.992283140387247187e-01 -8.352163265708157924e-01
-3.036843684954506628e-01 -1.467124684393727563e+00 1.028930083965910791e+00 -2.525005456443292218e-01 4.024354102672180744e-01 -8.432322974684933747e-01
-2.980278025979123946e-01 -1.460548824543497215e+00 1.031752320715624505e+00 -2.537148991357924821e-01 4.056668279123378795e-01 -8.512464293021462236e-01
-2.923907797930724861e-01 -1.453958948593776057e+00 1.034590250797830180e+00 -2.549141865693611564e-01 4.089205748193833756e-01 -8.592586042054904949e-01
-2.867734647808313220e-01 -1.447355043062099167e+00 1.037443148339745269e+00 -2.560964064471074053e-01 4.121945942645721672e-01 -8.672687044023815739e-01
-2.811760175018527264e-01 -1.440737099747789962e+00 1.040310253970581300e+00 -2.572595892489908387e-01 4.154867653227229951e-01 -8.752766122059456588e-01
-2.755985928605602098e-01 -1.434105115877306158e+00 1.043190774348190075e+00 -2.584017988457958381e-01 4.187949032639020075e-01 -8.832822100174815283e-01
-2.700413404422983277e-01 -1.427459094247980342e+00 1.046083881708278707e+00 -2.595211339044274368e-01 4.221167599788602232e-01 -8.912853803251340468e-01
-2.645044042248190230e-01 -1.420799043369921577e+00 1.048988713438098408e+00 -2.606157292849324847e-01 4.254500244330650105e-01 -8.992860057023384091e-01
-2.589879222842812467e-01 -1.414124977605853761e+00 1.051904371676593675e+00 -2.616837574286279278e-01 4.287923231491284071e-01 -9.072839688060384544e-01
-2.534920264959694691e-01 -1.407436917308655389e+00 1.054829922943083753e+00 -2.627234297367078142e-01 4.321412207173986886e-01 -9.152791523746781621e-01
-2.480168422299637854e-01 -1.400734888956363999e+00 1.057764397796637112e+00 -2.637329979387121881e-01 4.354942203344807083e-01 -9.232714392259684377e-01
-2.425624880420178542e-01 -1.394018925284408628e+00 1.060706790528389343e+00 -2.647107554502490245e-01 4.388487643694300999e-01 -9.312607122544303007e-01
-2.371290753599342160e-01 -1.387289065414828215e+00 1.063656058889153266e+00 -2.656550387193616913e-01 4.422022349573486721e-01 -9.392468544287159160e-01
-2.317167081657429684e-01 -1.380545354982233519e+00 1.066611123854766197e+00 -2.665642285609375328e-01 4.455519546200967795e-01 -9.472297487887083589e-01
-2.263254826740332959e-01 -1.373787846256264711e+00 1.069570869431724969e+00 -2.674367514785669364e-01 4.488951869138180228e-01 -9.552092784424022209e-01
-2.209554870068068944e-01 -1.367016598260302640e+00 1.072534142505765287e+00 -2.682710809732640200e-01 4.522291371029627527e-01 -9.631853265625668348e-01
-2.156068008652622936e-01 -1.360231676886181074e+00 1.075499752736153836e+00 -2.690657388384654070e-01 4.555509528604719804e-01 -9.711577763831927834e-01
-2.102794951989488403e-01 -1.353433155004651223e+00 1.078466472498581297e+00 -2.698192964407346572e-01 4.588577249937753066e-01 -9.791265111957249134e-01
-2.049736318727677364e-01 -1.346621112571348533e+00 1.081433036879662746e+00 -2.705303759856043655e-01 4.621464881962431548e-01 -9.870914143450821854e-01
-1.996892633323334998e-01 -1.339795636728006389e+00 1.084398143726182706e+00 -2.711976517680008136e-01 4.654142218237105055e-01 -9.950523692254681363e-01
-1.944264322682491830e-01 -1.332956821898664934e+00 1.087360453752356682e+00 -2.718198514066987315e-01 4.686578506956777801e-01 -1.003009259275972065e+00
-1.891851712798904295e-01 -1.326104769880617873e+00 1.090318590708517998e+00 -2.723957570622630442e-01 4.718742459207811990e-01 -1.010961967975964493e+00
-1.839655025393356347e-01 -1.319239589929836587e+00 1.093271141614790443e+00 -2.729242066379482523e-01 4.750602257461080669e-01 -1.018910378840288899e+00
-1.787674374561269985e-01 -1.312361398840617532e+00 1.096216657063459055e+00 -2.734040949630318629e-01 4.782125564299191112e-01 -1.026854375414250731e+00
-1.735909763435943276e-01 -1.305470321019182034e+00 1.099153651593919534e+00 -2.738343749580685049e-01 4.813279531373231279e-01 -1.034793841268408121e+00
-1.684361080875258487e-01 -1.298566488550967790e+00 1.102080604144251685e+00 -2.742140587815620201e-01 4.844030808584403047e-01 -1.042728659993164886e+00
-1.633028098180209220e-01 -1.291650041261335868e+00 1.104995958583652849e+00 -2.745422189575643657e-01 4.874345553485666116e-01 -1.050658715193169446e+00
-1.581910465854230452e-01 -1.284721126769422739e+00 1.107898124330155110e+00 -2.748179894837208259e-01 4.904189440898516494e-01 -1.058583890481521683e+00
-1.531007710412848333e-01 -1.277779900534847801e+00 1.110785477058255255e+00 -2.750405669192876879e-01 4.933527672739668191e-01 -1.066504069473790617e+00
-1.480319231253890422e-01 -1.270826525896991743e+00 1.113656359501304260e+00 -2.752092114526702993e-01 4.962324988052566610e-01 -1.074419135781845336e+00
-1.429844297599123237e-01 -1.263861174106541529e+00 1.116509082353736915e+00 -2.753232479480312023e-01 4.990545673238253599e-01 -1.082328973007502526e+00
-1.379582045519014422e-01 -1.256884024348995155e+00 1.119341925278463101e+00 -2.753820669705375757e-01 5.018153572480112956e-01 -1.090233464735992364e+00
-1.329531475053062906e-01 -1.249895263759800201e+00 1.122153138025012931e+00 -2.753851257898269900e-01 5.045112098356883124e-01 -1.098132494529246772e+00
-1.279691447439059715e-01 -1.242895087430788248e+00 1.124940941664303473e+00 -2.753319493612824687e-01 5.071384242638208306e-01 -1.106025945919012488e+00
