-9.086052890968066009e-02 9.187788852082168223e-01 -1.509963848110592366e+00 4.405850463570051834e-02 -9.043062344119400242e-01 1.579685849832081157e+00
-9.086052890968066009e-02 9.187788852082168223e-01 -1.509963848110592366e+00 4.405850463570051834e-02 -9.043062344119400242e-01 1.579685849832081157e+00
-9.086916778847871357e-02 9.187439558860129862e-01 -1.510673444761029938e+00 4.405788327787727582e-02 -9.043367068844043732e-01 1.579640249771448124e+00
-9.088641712228648362e-02 9.186739668531704872e-01 -1.512060354926977324e+00 4.405664639469639848e-02 -9.043980102950391897e-01 1.579549185769895780e+00
-9.091232143072715266e-02 9.185688097964842536e-01 -1.514093040007611579e+00 4.405479553121512126e-02 -9.044905007327777025e-01 1.579412793779666035e+00
-9.094699418314584893e-02 9.184283976707818820e-01 -1.516740704770306092e+00 4.405232786468497169e-02 -9.046145318197245100e-01 1.579231209584249562e+00
-9.099061381558198880e-02 9.182526641184203253e-01 -1.519973295487468290e+00 4.404923612575936676e-02 -9.047704546209544008e-01 1.579004568797098162e+00
-9.104341976957805449e-02 9.180415630765796919e-01 -1.523761497409028332e+00 4.404550852135881434e-02 -9.049586175541385336e-01 1.578733006860332688e+00
-9.110570856257779737e-02 9.177950685366371708e-01 -1.528076731602680427e+00 4.404112865924569853e-02 -9.051793662989729983e-01 1.578416659043444081e+00
-9.117782989853816245e-02 9.175131744230041742e-01 -1.532891151193161994e+00 4.403607547435956643e-02 -9.054330437063854431e-01 1.578055660441987973e+00
-9.126018282648824809e-02 9.171958945618230441e-01 -1.538177637031056255e+00 4.403032315696310539e-02 -9.057199897074956763e-01 1.577650145976274842e+00
-9.135321195406947981e-02 9.168432627128322299e-01 -1.543909792820803872e+00 4.402384108264810469e-02 -9.060405412223093702e-01 1.577200250390053071e+00
-9.145740372254354544e-02 9.164553326405130429e-01 -1.550061939736815830e+00 4.401659374424982812e-02 -9.063950320681236628e-01 1.576706108249187999e+00
-9.157328274932161061e-02 9.160321782033139515e-01 -1.556609110555796427e+00 4.400854068571753708e-02 -9.067837928676244497e-01 1.576167853940334762e+00
-9.170140824372007005e-02 9.155738934423137687e-01 -1.563527043332605837e+00 4.399963643798799479e-02 -9.072071509566584924e-01 1.575585621669606473e+00
-9.184237050135909963e-02 9.150805926531193624e-01 -1.570792174646225670e+00 4.398983045690799121e-02 -9.076654302916615791e-01 1.574959545461237953e+00
-9.199678748236683745e-02 9.145524104270992272e-01 -1.578381632441627991e+00 4.397906706325140080e-02 -9.081589513567276395e-01 1.574289759156244362e+00
-9.216530147831938913e-02 9.139895016502286307e-01 -1.586273228492598664e+00 4.396728538487511273e-02 -9.086880310703063790e-01 1.573576396411076050e+00
-9.234857587261721679e-02 9.133920414498610807e-01 -1.594445450509826889e+00 4.395441930105788153e-02 -9.092529826915122237e-01 1.572819590696268088e+00
-9.254729199876396417e-02 9.127602250816457818e-01 -1.602877453917839867e+00 4.394039738906512643e-02 -9.098541157260363610e-01 1.572019475295087121e+00
-9.276214610076320699e-02 9.120942677505831098e-01 -1.611549053323641179e+00 4.392514287298208281e-02 -9.104917358316505505e-01 1.571176183302173790e+00
-9.299384639957904153e-02 9.113944043618460444e-01 -1.620440713699204505e+00 4.390857357485703633e-02 -9.111661447232921596e-01 1.570289847622181378e+00
-9.324311026931089708e-02 9.106608891985012999e-01 -1.629533541299272414e+00 4.389060186819558618e-02 -9.118776400777259816e-01 1.569360600968411568e+00
-9.351066152641318574e-02 9.098939955246364564e-01 -1.638809274335223165e+00 4.387113463384629403e-02 -9.126265154377717348e-01 1.568388575861447309e+00
-9.379722783494355565e-02 9.090940151136457370e-01 -1.648250273425092782e+00 4.385007321831730503e-02 -9.134130601160981300e-01 1.567373904627781922e+00
-9.410353823045143618e-02 9.082612577025440670e-01 -1.657839511839173552e+00 4.382731339456287512e-02 -9.142375590985767353e-01 1.566316719398445967e+00
-9.443032076472510083e-02 9.073960503741785866e-01 -1.667560565559953467e+00 4.380274532527807935e-02 -9.151002929471939717e-01 1.565217152107632348e+00
-9.477830027320027773e-02 9.064987368700797576e-01 -1.677397603174523022e+00 4.377625352873930342e-02 -9.160015377025217953e-01 1.564075334491318525e+00
-9.514819626640397265e-02 9.055696768374603689e-01 -1.687335375616939137e+00 4.374771684722738446e-02 -9.169415647857467322e-01 1.562891398085886063e+00
-9.554072094636492651e-02 9.046092450145214459e-01 -1.697359205777419833e+00 4.371700841806971938e-02 -9.179206409002614864e-01 1.561665474226740624e+00
-9.595657734847248821e-02 9.036178303587688587e-01 -1.707454977994630863e+00 4.368399564733684709e-02 -9.189390279328208955e-01 1.560397694046928185e+00
-9.639645760881375425e-02 9.025958351234948385e-01 -1.717609127446731998e+00 4.364854018622850440e-02 -9.199969828542690076e-01 1.559088188475751258e+00
-9.686104135656799230e-02 9.015436738879266665e-01 -1.727808629456260681e+00 4.361049791018330873e-02 -9.210947576198427189e-01 1.557737088237383993e+00
-9.735099423059316581e-02 9.004617725468102574e-01 -1.738040988723358327e+00 4.356971890074574222e-02 -9.222325990690628528e-01 1.556344523849486405e+00
-9.786696651890544607e-02 8.993505672653773209e-01 -1.748294228501280800e+00 4.352604743022315398e-02 -9.234107488252211171e-01 1.554910625621818587e+00
-9.840959191933318362e-02 8.982105034057467075e-01 -1.758556879727581457e+00 4.347932194916528242e-02 -9.246294431944732661e-01 1.553435523654853601e+00
-9.897948641922571511e-02 8.970420344308462912e-01 -1.768817970123814920e+00 4.342937507669746705e-02 -9.258889130645534538e-01 1.551919347838391916e+00
-9.957724729171736622e-02 8.958456207919107683e-01 -1.779067013276079745e+00 4.337603359373878170e-02 -9.271893838031212143e-01 1.550362227850174968e+00
-1.002034522056918647e-01 8.946217288055223760e-01 -1.789293997708199635e+00 4.331911843913489879e-02 -9.285310751557599440e-01 1.548764293154500038e+00
-1.008586584462633357e-01 8.933708295260214260e-01 -1.799489375958835069e+00 4.325844470873536907e-02 -9.299142011436416499e-01 1.547125673000835810e+00
-1.015434022422904842e-01 8.920933976189313608e-01 -1.809644053673319375e+00 4.319382165744389823e-02 -9.313389699608777272e-01 1.545446496422438809e+00
-1.022581981971704829e-01 8.907899102408142200e-01 -1.819749378720530997e+00 4.312505270426978538e-02 -9.328055838715767489e-01 1.543726892234971837e+00
-1.030035388189211865e-01 8.894608459307176140e-01 -1.829797130344635203e+00 4.305193544040756409e-02 -9.343142391066313612e-01 1.541966989035123747e+00
-1.037798941453540180e-01 8.881066835180863039e-01 -1.839779508361067073e+00 4.297426164037163043e-02 -9.358651257602564888e-01 1.540166915199230768e+00
-1.045877114599659541e-01 8.867279010517016280e-01 -1.849689122405674624e+00 4.289181727621155932e-02 -9.374584276863022758e-01 1.538326798881901603e+00
-1.054274150940377464e-01 8.853249747538861625e-01 -1.859518981245496638e+00 4.280438253483309641e-02 -9.390943223943705176e-01 1.536446768014643194e+00
-1.062994063103158277e-01 8.838983780038678351e-01 -1.869262482159221195e+00 4.271173183844914623e-02 -9.407729809457605619e-01 1.534526950304491155e+00
-1.072040632635765239e-01 8.824485803538505424e-01 -1.878913400394947475e+00 4.261363386818421695e-02 -9.424945678492731016e-01 1.532567473232641753e+00
-1.081417410333230800e-01 8.809760465809807206e-01 -1.888465878712464630e+00 4.250985159085483855e-02 -9.442592409569076084e-01 1.530568464053088551e+00
-1.091127717238461053e-01 8.794812357780462664e-01 -1.897914417016861588e+00 4.240014228894787435e-02 -9.460671513594808291e-01 1.528530049791262835e+00
-1.101174646268856250e-01 8.779646004853874919e-01 -1.907253862089891117e+00 4.228425759381797266e-02 -9.479184432821956552e-01 1.526452357242677138e+00
-1.111561064421662526e-01 8.764265858661525188e-01 -1.916479397425133513e+00 4.216194352212383062e-02 -9.498132539802067731e-01 1.524335512971574103e+00
-1.122289615511341820e-01 8.748676289266867911e-01 -1.925586533172637393e+00 4.203294051552292077e-02 -9.517517136342092954e-01 1.522179643309579777e+00
-1.133362723393037674e-01 8.732881577835170939e-01 -1.934571096198353990e+00 4.189698348364298552e-02 -9.537339452460928957e-01 1.519984874354361581e+00
-1.144782595627205357e-01 8.716885909780676123e-01 -1.943429220263335422e+00 4.175380185034759800e-02 -9.557600645347011925e-01 1.517751331968292705e+00
-1.156551227541645355e-01 8.700693368399423644e-01 -1.952157336327328574e+00 4.160311960331262299e-02 -9.578301798317351290e-01 1.515479141777120509e+00
-1.168670406648512350e-01 8.684307928993172387e-01 -1.960752162981066471e+00 4.144465534692900327e-02 -9.599443919778434253e-01 1.513168429168642692e+00
-1.181141717375339406e-01 8.667733453487076467e-01 -1.969210697011241740e+00 4.127812235854662337e-02 -9.621027942189422921e-01 1.510819319291388574e+00
-1.193966546070705237e-01 8.650973685541238911e-01 -1.977530204101838773e+00 4.110322864807297583e-02 -9.643054721028094800e-01 1.508431937053307470e+00
-1.207146086246865813e-01 8.634032246153804380e-01 -1.985708209675199232e+00 4.091967702093946696e-02 -9.665525033759955198e-01 1.506006407120463741e+00
-1.220681344023438475e-01 8.616912629751097841e-01 -1.993742489875909740e+00 4.072716514444653380e-02 -9.688439578811073316e-01 1.503542853915740274e+00
-1.234573143738059153e-01 8.599618200758204489e-01 -2.001631062700316210e+00 4.052538561749882695e-02 -9.711798974545033936e-01 1.501041401617548177e+00
-1.248822133691815384e-01 8.582152190641569867e-01 -2.009372179274203862e+00 4.031402604373952869e-02 -9.735603758244573136e-01 1.498502174158545142e+00
-1.263428791999167689e-01 8.564517695413504939e-01 -2.016964315280913578e+00 4.009276910809226463e-02 -9.759854385098406526e-01 1.495925295224362461e+00
-1.278393432513986183e-01 8.546717673586952113e-01 -2.024406162541919407e+00 3.986129265671866512e-02 -9.784551227193692968e-01 1.493310888252340263e+00
-1.293716210805270495e-01 8.528754944567578100e-01 -2.031696620751645366e+00 3.961926978039628788e-02 -9.809694572514842115e-01 1.490659076430272290e+00
-1.309397130158015676e-01 8.510632187469046039e-01 -2.038834789368060729e+00 3.936636890132349381e-02 -9.835284623949045457e-01 1.487969982695159121e+00
-1.325436047576587506e-01 8.492351940336342331e-01 -2.045819959660378107e+00 3.910225386335419023e-02 -9.861321498299179256e-01 1.485243729731972495e+00
-1.341832679769824899e-01 8.473916599761175394e-01 -2.052651606914948523e+00 3.882658402566552258e-02 -9.887805225304625578e-01 1.482480439972428732e+00
-1.358586609098891840e-01 8.455328420872748607e-01 -2.059329382800245245e+00 3.853901435986038793e-02 -9.914735746670531036e-01 1.479680235593773041e+00
-1.375697289470672602e-01 8.436589517686642337e-01 -2.065853107891630902e+00 3.823919555050410424e-02 -9.942112915106209314e-01 1.476843238517574708e+00
-1.393164052161197375e-01 8.417701863794114781e-01 -2.072222764356396851e+00 3.792677409909359781e-02 -9.969936493373339204e-01 1.473969570408532936e+00
-1.410986111555231903e-01 8.398667293373802689e-01 -2.078438488799395412e+00 3.760139243145844273e-02 -9.998206153344382230e-01 1.471059352673295351e+00
-1.429162570789730691e-01 8.379487502507593222e-01 -2.084500565269394201e+00 3.726268900858858979e-02 -1.002692147507200593e+00 1.468112706459287153e+00
-1.447692427290349637e-01 8.360164050782362688e-01 -2.090409418426122379e+00 3.691029844088462852e-02 -1.005608194587004345e+00 1.465129752653553163e+00
-1.466574578191640887e-01 8.340698363159236850e-01 -2.096165606867811171e+00 3.654385160582321324e-02 -1.008568695940674775e+00 1.462110611881612954e+00
-1.485807825632889378e-01 8.321091732092154025e-01 -2.101769816618879627e+00 3.616297576903025612e-02 -1.011573581481091111e+00 1.459055404506328424e+00
-1.505390881922817614e-01 8.301345319877637685e-01 -2.107222854777267340e+00 3.576729470875227024e-02 -1.014622771579158922e+00 1.455964250626784473e+00
-1.525322374567573136e-01 8.281460161217947258e-01 -2.112525643320775082e+00 3.535642884371582861e-02 -1.017716176977199627e+00 1.452837270077184773e+00
-1.545600851157508671e-01 8.261437165980045627e-01 -2.117679213071647748e+00 3.492999536436172670e-02 -1.020853698703838353e+00 1.449674582425759972e+00
-1.566224784109296331e-01 8.241277122133208177e-01 -2.122684697818492783e+00 3.448760836744015068e-02 -1.024035227990456987e+00 1.446476306973691672e+00
-1.587192575260859828e-01 8.220980698848475710e-01 -2.127543328594525107e+00 3.402887899395256460e-02 -1.027260646189275040e+00 1.443242562754051272e+00
-1.608502560317480734e-01 8.200548449743612078e-01 -2.132256428111001245e+00 3.355341557042222644e-02 -1.030529824693137142e+00 1.439973468530753031e+00
-1.630153013148221419e-01 8.179980816257705900e-01 -2.136825405344603190e+00 3.306082375347527136e-02 -1.033842624857077119e+00 1.436669142797524223e+00
-1.652142149932540049e-01 8.159278131140075274e-01 -2.141251750277436194e+00 3.255070667771320370e-02 -1.037198897921722818e+00 1.433329703776890174e+00
-1.674468133157611116e-01 8.138440622038668470e-01 -2.145537028788196743e+00 3.202266510685295581e-02 -1.040598484938631607e+00 1.429955269419176167e+00
-1.697129075467456727e-01 8.117468415173714202e-01 -2.149682877692990157e+00 3.147629758811394673e-02 -1.044041216697608521e+00 1.426545957401526676e+00
-1.720123043365514581e-01 8.096361539082949088e-01 -2.153690999934184447e+00 3.091120060982310500e-02 -1.047526913656109837e+00 1.423101885126941024e+00
-1.743448060772713193e-01 8.075119928425344984e-01 -2.157563159915609763e+00 3.032696876221355892e-02 -1.051055385870788950e+00 1.419623169723326361e+00
-1.767102112443544593e-01 8.053743427830843959e-01 -2.161301178982341753e+00 2.972319490139017917e-02 -1.054626432931247138e+00 1.416109928042570187e+00
-1.791083147242950313e-01 8.032231795784207096e-01 -2.164906931043236504e+00 2.909947031642803883e-02 -1.058239843896093380e+00 1.412562276659629079e+00
-1.815389081287141493e-01 8.010584708531701681e-01 -2.168382338334318593e+00 2.845538489957287476e-02 -1.061895397231374938e+00 1.408980331871637626e+00
-1.840017800951716798e-01 7.988801763999908712e-01 -2.171729367321072690e+00 2.779052731951011518e-02 -1.065592860751459980e+00 1.405364209697036237e+00
-1.864967165750643363e-01 7.966882485716586526e-01 -2.174950024737623444e+00 2.710448519766571820e-02 -1.069331991562448625e+00 1.401714025874717828e+00
-1.890235011089820005e-01 7.944826326724043764e-01 -2.178046353760749287e+00 2.639684528750252043e-02 -1.073112536008185458e+00 1.398029895863195149e+00
-1.915819150899075174e-01 7.922632673476114329e-01 -2.181020430316624736e+00 2.566719365677085779e-02 -1.076934229618960570e+00 1.394311934839787437e+00
-1.941717380146524008e-01 7.900300849710352180e-01 -2.183874359518143571e+00 2.491511587267435102e-02 -1.080796797062963499e+00 1.390560257699828828e+00
-1.967927477239280187e-01 7.877830120287643290e-01 -2.186610272230642416e+00 2.414019718990549623e-02 -1.084699952100580234e+00 1.386774979055896528e+00
-1.994447206314527432e-01 7.855219694991958379e-01 -2.189230321763806053e+00 2.334202274150391082e-02 -1.088643397541621871e+00 1.382956213237061638e+00
-2.021274319424971044e-01 7.832468732283519586e-01 -2.191736680687511818e+00 2.252017773249611124e-02 -1.092626825205527785e+00 1.379104074288160620e+00
-2.048406558622659079e-01 7.809576342999138276e-01 -2.194131537769335782e+00 2.167424763626061776e-02 -1.096649915884662763e+00 1.375218675969089421e+00
-2.075841657945117769e-01 7.786541593993997479e-01 -2.196417095031431010e+00 2.080381839356899507e-02 -1.100712339310771615e+00 1.371300131754120022e+00
-2.103577345307691693e-01 7.763363511719646448e-01 -2.198595564924461065e+00 1.990847661425241069e-02 -1.104813754124659653e+00 1.367348554831240071e+00
-2.131611344305898159e-01 7.740041085733393444e-01 -2.200669167616258637e+00 1.898780978143415135e-02 -1.108953807849192730e+00 1.363364058101515397e+00
-2.159941375931513641e-01 7.716573272134777950e-01 -2.202640128392870711e+00 1.804140645827137859e-02 -1.113132136865697008e+00 1.359346754178476280e+00
-2.188565160206008831e-01 7.692958996925202131e-01 -2.204510675169630396e+00 1.706885649715126144e-02 -1.117348366393809744e+00 1.355296755387527252e+00
-2.217480417734845055e-01 7.669197159287231003e-01 -2.206283036109901285e+00 1.606975125127433138e-02 -1.121602110474886116e+00 1.351214173765382665e+00
-2.246684871186011845e-01 7.645286634780448232e-01 -2.207959437349127363e+00 1.504368378856268257e-02 -1.125892971959036704e+00 1.347099121059525118e+00
-2.276176246696074434e-01 7.621226278451143088e-01 -2.209542100821823674e+00 1.399024910782748626e-02 -1.130220542495864455e+00 1.342951708727689875e+00
-2.305952275206863966e-01 7.597014927853460442e-01 -2.211033242189139880e+00 1.290904435712821041e-02 -1.134584402528982849e+00 1.338772047937374809e+00
-2.336010693735809385e-01 7.572651405979989869e-01 -2.212435068864637699e+00 1.179966905424946477e-02 -1.138984121294401852e+00 1.334560249565375889e+00
-2.366349246582781785e-01 7.548134524100085230e-01 -2.213749778135920110e+00 1.066172530922931266e-02 -1.143419256822836516e+00 1.330316424197348413e+00
-2.396965686476180968e-01 7.523463084504526943e-01 -2.214979555379769760e+00 9.494818048856684678e-03 -1.147889355946039247e+00 1.326040682127395565e+00
-2.427857775660863526e-01 7.498635883155436721e-01 -2.216126572368446901e+00 8.298555243068890530e-03 -1.152393954307206148e+00 1.321733133357682721e+00
-2.459023286930376861e-01 7.473651712240596545e-01 -2.217192985664828253e+00 7.072548133162659401e-03 -1.156932576375553801e+00 1.317393887598079738e+00
-2.490460004605832001e-01 7.448509362631635655e-01 -2.218180935104063334e+00 5.816411461742269917e-03 -1.161504735465126004e+00 1.313023054265829881e+00
-2.522165725463620944e-01 7.423207626245760249e-01 -2.219092542359450970e+00 4.529763704319664241e-03 -1.166109933757906614e+00 1.308620742485247179e+00
-2.554138259614058271e-01 7.397745298310931528e-01 -2.219929909590253381e+00 3.212227302481232560e-03 -1.170747662331308891e+00 1.304187061087442201e+00
-2.586375431332903485e-01 7.372121179534631974e-01 -2.220695118169181193e+00 1.863428898529917443e-03 -1.175417401190124167e+00 1.299722118610074917e+00
-2.618875079847613474e-01 7.346334078176564031e-01 -2.221390227487301861e+00 4.829995715193088901e-04 -1.180118619302975347e+00 1.295226023297137319e+00
-2.651635060080043127e-01 7.320382812025781893e-01 -2.222017273834152373e+00 -9.294249254222716750e-04 -1.184850774643376958e+00 1.290698883098765348e+00
-2.684653243347226437e-01 7.294266210282982499e-01 -2.222578269350846902e+00 -2.374203926564143197e-03 -1.189613314235438812e+00 1.286140805671079024e+00
-2.717927518021758804e-01 7.267983115348802814e-01 -2.223075201054007799e+00 -3.851691613943816761e-03 -1.194405674204297885e+00 1.281551898376053211e+00
-2.751455790153196079e-01 7.241532384519145937e-01 -2.223510029928362552e+00 -5.362236776737930311e-03 -1.199227279831352799e+00 1.276932268281417926e+00
-2.785235984051814828e-01 7.214912891588706190e-01 -2.223884690085881743e+00 -6.906182569725215215e-03 -1.204077545614330447e+00 1.272282022160589054e+00
-2.819266042835976149e-01 7.188123528363954406e-01 -2.224201087989353010e+00 -8.483866270955840727e-03 -1.208955875332280661e+00 1.267601266492629053e+00
-2.853543928944259900e-01 7.161163206087012290e-01 -2.224461101738325564e+00 -1.009561903873210792e-02 -1.213861662115562012e+00 1.262890107462238953e+00
-2.888067624613468998e-01 7.134030856771923501e-01 -2.224666580415374018e+00 -1.174176566800588795e-02 -1.218794288520860691e+00 1.258148650959781012e+00
-2.922835132323522433e-01 7.106725434454919110e-01 -2.224819343490670676e+00 -1.342262434630256407e-02 -1.223753126611300646e+00 1.253377002581333333e+00
-2.957844475210207325e-01 7.079245916360403790e-01 -2.224921180282882105e+00 -1.513850640928798147e-02 -1.228737538041716482e+00 1.248575267628775132e+00
-2.993093697446682633e-01 7.051591303984419135e-01 -2.224973849474436438e+00 -1.688971609608964919e-02 -1.233746874149124206e+00 1.243743551109903978e+00
-3.028580864594593858e-01 7.023760624097450389e-01 -2.224979078679237610e+00 -1.867655030449649756e-02 -1.238780476048472412e+00 1.238881957738585893e+00
-3.064304063925602506e-01 6.995752929668495046e-01 -2.224938564060939594e+00 -2.049929834614623581e-02 -1.243837674733684340e+00 1.233990591934936321e+00
-3.100261404714078073e-01 6.967567300712335099e-01 -2.224853969999922132e+00 -2.235824170183525750e-02 -1.248917791184087189e+00 1.229069557825534842e+00
-3.136451018501688059e-01 6.939202845062077962e-01 -2.224726928807141846e+00 -2.425365377707081049e-02 -1.254020136476257763e+00 1.224118959243671645e+00
-3.172871059334561039e-01 6.910658699068973343e-01 -2.224559040483073069e+00 -2.618579965797898645e-02 -1.259144011901292881e+00 1.219138899729627523e+00
-3.209519703973678917e-01 6.881934028231635470e-01 -2.224351872519973128e+00 -2.815493586771997125e-02 -1.264288709087618034e+00 1.214129482530986293e+00
-3.246395152079137869e-01 6.853028027756769003e-01 -2.224106959745758338e+00 -3.016131012352350760e-02 -1.269453510129320506e+00 1.209090810602980737e+00
-3.283495626368870268e-01 6.823939923053545797e-01 -2.223825804207792967e+00 -3.220516109448186282e-02 -1.274637687720062029e+00 1.204022986608872747e+00
-3.320819372752419341e-01 6.794668970163788568e-01 -2.223509875094942245e+00 -3.428671816024117525e-02 -1.279840505292621167e+00 1.198926112920365217e+00
-3.358364660440342764e-01 6.765214456130123066e-01 -2.223160608696267193e+00 -3.640620117072052020e-02 -1.285061217164081171e+00 1.193800291618049902e+00
-3.396129782029788657e-01 6.735575699304273689e-01 -2.222779408394774947e+00 -3.856382020699614110e-02 -1.290299068686690642e+00 1.188645624491887487e+00
-3.434113053566802964e-01 6.705752049597669684e-01 -2.222367644694676514e+00 -4.075977534350723464e-02 -1.295553296404464705e+00 1.183462213041722277e+00
-3.472312814585894469e-01 6.675742888676532427e-01 -2.221926655280633600e+00 -4.299425641131489340e-02 -1.300823128214543933e+00 1.178250158477831100e+00
-3.510727428127394245e-01 6.645547630103598724e-01 -2.221457745107516146e+00 -4.526744271510943496e-02 -1.306107783418815727e+00 1.173009561721506611e+00
-3.549355280733134110e-01 6.615165719428619528e-01 -2.220962186519221060e+00 -4.757950279813802363e-02 -1.311406472899740772e+00 1.167740523405674358e+00
-3.588194782420965345e-01 6.584596634229785694e-01 -2.220441219395143051e+00 -4.993059420904381873e-02 -1.316718399302045261e+00 1.162443143875544704e+00
-3.627244366638645023e-01 6.553839884108156877e-01 -2.219896051322916897e+00 -5.232086327077799248e-02 -1.322042757220316611e+00 1.157117523189300057e+00
-3.666502490197607322e-01 6.522895010637211888e-01 -2.219327857796090431e+00 -5.475044485174201947e-02 -1.327378733392518662e+00 1.151763761118814955e+00
-3.705967633187146060e-01 6.491761587269566647e-01 -2.218737782435419525e+00 -5.721946213931122793e-02 -1.332725506899418155e+00 1.146381957150412356e+00
-3.745638298869536364e-01 6.460439219202893657e-01 -2.218126937232506979e+00 -5.972802641590206629e-02 -1.338082249369941135e+00 1.140972210485654115e+00
-3.785513013556621731e-01 6.428927543207048068e-01 -2.217496402814551182e+00 -6.227623683773456098e-02 -1.343448125192436171e+00 1.135534620042166098e+00
-3.825590326468401581e-01 6.397226227414369859e-01 -2.216847228728988650e+00 -6.486418021646513099e-02 -1.348822291731877732e+00 1.130069284454498169e+00
-3.865868809574153353e-01 6.365334971075102821e-01 -2.216180433746864242e+00 -6.749193080385149091e-02 -1.354203899552995471e+00 1.124576302075019241e+00
-3.906347057416634794e-01 6.333253504279818813e-01 -2.215497006183783757e+00 -7.015955007960288092e-02 -1.359592092649297701e+00 1.119055770974846542e+00
-3.947023686919908236e-01 6.300981587650704707e-01 -2.214797904237341353e+00 -7.286708654259085871e-02 -1.364986008677995244e+00 1.113507788944810617e+00
-3.987897337181340318e-01 6.268519012003552771e-01 -2.214084056339946649e+00 -7.561457550559499974e-02 -1.370384779200823910e+00 1.107932453496453418e+00
-4.028966669248331134e-01 6.235865597982201969e-01 -2.213356361526007454e+00 -7.840203889374301738e-02 -1.375787529930721398e+00 1.102329861863063254e+00
-4.070230365880331269e-01 6.203021195667197674e-01 -2.212615689812455155e+00 -8.122948504681332116e-02 -1.381193380984335306e+00 1.096700111000742384e+00
-4.111687131296713482e-01 6.169985684160342876e-01 -2.211862882591634438e+00 -8.409690852557721863e-02 -1.386601447140342280e+00 1.091043297589510130e+00
-4.153335690911061917e-01 6.136758971146786257e-01 -2.211098753035604325e+00 -8.700428992237030368e-02 -1.392010838103578951e+00 1.085359518034440418e+00
-4.195174791052455054e-01 6.103340992436279144e-01 -2.210324086510931707e+00 -8.995159567603508433e-02 -1.397420658774888302e+00 1.079648868466833500e+00
-4.237203198674311388e-01 6.069731711485127912e-01 -2.209539641003092747e+00 -9.293877789143206725e-02 -1.402830009526682575e+00 1.073911444745422328e+00
-4.279419701051374592e-01 6.035931118900375036e-01 -2.208746147549613958e+00 -9.596577416368393121e-02 -1.408237986484158544e+00 1.068147342457611781e+00
-4.321823105465419923e-01 6.001939231927669871e-01 -2.207944310681132283e+00 -9.903250740733546276e-02 -1.413643681812126740e+00 1.062356656920753650e+00
-4.364412238880255868e-01 5.967756093924256877e-01 -2.207134808869563258e+00 -1.021388856906128295e-01 -1.419046184007413558e+00 1.056539483183453809e+00
-4.407185947606601650e-01 5.933381773818443561e-01 -2.206318294982612560e+00 -1.052848020749575786e-01 -1.424444578196773170e+00 1.050695916026914034e+00
-4.450143096957420163e-01 5.898816365556892594e-01 -2.205495396743878622e+00 -1.084701344600070283e-01 -1.429837946440232432e+00 1.044826049966306680e+00
-4.493282570894284178e-01 5.864059987541014873e-01 -2.204666717197832693e+00 -1.116947454341918333e-01 -1.435225368039791283e+00 1.038929979252182445e+00
-4.536603271665352599e-01 5.829112782053695874e-01 -2.203832835178982652e+00 -1.149584821311518679e-01 -1.440605919853441996e+00 1.033007797871911659e+00
-4.580104119435527421e-01 5.793974914677559873e-01 -2.202994305784558016e+00 -1.182611760921433997e-01 -1.445978676614421810e+00 1.027059599551157554e+00
-4.623784051909363702e-01 5.758646573705910043e-01 -2.202151660850074855e+00 -1.216026431346214076e-01 -1.451342711255622309e+00 1.021085477755382609e+00
-4.667642023947300989e-01 5.723127969547445737e-01 -2.201305409427167792e+00 -1.249826832271658250e-01 -1.456697095239049666e+00 1.015085525691386437e+00
-4.711677007175774645e-01 5.687419334125825010e-01 -2.200456038263104208e+00 -1.284010803709261794e-01 -1.462040898890238250e+00 1.009059836308876079e+00
-4.755887989591763843e-01 5.651520920275079352e-01 -2.199604012281409560e+00 -1.318576024877793906e-01 -1.467373191737547433e+00 1.003008502302067617e+00
-4.800273975162325235e-01 5.615433001131850954e-01 -2.198749775063071343e+00 -1.353520013153870771e-01 -1.472693042856247692e+00 9.969316161113181973e-01
-4.844833983419659096e-01 5.579155869525400657e-01 -2.197893749327797686e+00 -1.388840123093049994e-01 -1.477999521217251644e+00 9.908292699247904789e-01
-4.889567049052238601e-01 5.542689837366236993e-01 -2.197036337414843388e+00 -1.424533545523483657e-01 -1.483291696040415442e+00 9.847015556801460567e-01
-4.934472221492530730e-01 5.506035235034262287e-01 -2.196177921762925145e+00 -1.460597306713700971e-01 -1.488568637152261953e+00 9.785485650662697488e-01
-4.979548564501830588e-01 5.469192410767205192e-01 -2.195318865388783180e+00 -1.497028267616409558e-01 -1.493829415348027378e+00 9.723703895250230822e-01
-5.024795155752709297e-01 5.432161730050121262e-01 -2.194459512363954534e+00 -1.533823123190068138e-01 -1.499073102757893849e+00 9.661671202530273117e-01
-5.070211086409583956e-01 5.394943575006702075e-01 -2.193600188289355213e+00 -1.570978401799864588e-01 -1.504298773217265683e+00 9.599388482034751924e-01
-5.115795460707893705e-01 5.357538343793064595e-01 -2.192741200767282628e+00 -1.608490464699862676e-01 -1.509505502640954067e+00 9.536856640879709524e-01
-5.161547395532348759e-01 5.319946449994696902e-01 -2.191882839870469279e+00 -1.646355505598132429e-01 -1.514692369401137162e+00 9.474076583783977989e-01
-5.207466019994739792e-01 5.282168322027165352e-01 -2.191025378607842633e+00 -1.684569550306475594e-01 -1.519858454708936657e+00 9.411049213088132914e-01
-5.253550475011741216e-01 5.244204402541183807e-01 -2.190169073386660781e+00 -1.723128456476256398e-01 -1.525002842999427788e+00 9.347775428773713591e-01
-5.299799912883151887e-01 5.206055147832578944e-01 -2.189314164470712143e+00 -1.762027913422394565e-01 -1.530124622319980254e+00 9.284256128482699655e-01
-5.346213496871010662e-01 5.167721027257687894e-01 -2.188460876434288771e+00 -1.801263442036795948e-01 -1.535222884721710424e+00 9.220492207537255291e-01
-5.392790400779992055e-01 5.129202522654667806e-01 -2.187609418611654810e+00 -1.840830394792910274e-01 -1.540296726653881176e+00 9.156484558959713249e-01
-5.439529808539496081e-01 5.090500127771164784e-01 -2.186759985541754325e+00 -1.880723955843031647e-01 -1.545345249361077311e+00 9.092234073492811985e-01
-5.486430913787787578e-01 5.051614347698791807e-01 -2.185912757407914242e+00 -1.920939141209702106e-01 -1.550367559282944896e+00 9.027741639620165959e-01
-5.533492919458611325e-01 5.012545698314782028e-01 -2.185067900472315916e+00 -1.961470799073157245e-01 -1.555362768456356459e+00 8.963008143586973508e-01
-5.580715037370586051e-01 4.973294705731217125e-01 -2.184225567505028387e+00 -2.002313610155768975e-01 -1.560329994919736230e+00 8.898034469420945669e-01
-5.628096487819768123e-01 4.933861905752143229e-01 -2.183385898207399922e+00 -2.043462088205225402e-01 -1.565268363119379558e+00 8.832821498953458139e-01
-5.675636499175681360e-01 4.894247843338911941e-01 -2.182549019629634213e+00 -2.084910580577799821e-01 -1.570177004317549141e+00 8.767370111840908642e-01
-5.723334307481153793e-01 4.854453072084025655e-01 -2.181715046582380690e+00 -2.126653268922949203e-01 -1.575055057002117120e+00 8.701681185586288558e-01
-5.771189156056251157e-01 4.814478153693751428e-01 -2.180884082042182648e+00 -2.168684169970724052e-01 -1.579901667297546997e+00 8.635755595560942188e-01
-5.819200295106592424e-01 4.774323657479752070e-01 -2.180056217550648157e+00 -2.210997136404158903e-01 -1.584715989374755996e+00 8.569594215026523631e-01
-5.867366981336326059e-01 4.733990159859944313e-01 -2.179231533607212334e+00 -2.253585857855548713e-01 -1.589497185864145345e+00 8.503197915157130193e-01
-5.915688477566022341e-01 4.693478243868787758e-01 -2.178410100055375498e+00 -2.296443862008777093e-01 -1.594244428269219860e+00 8.436567565061613427e-01
-5.964164052355729329e-01 4.652788498677177809e-01 -2.177591976462317724e+00 -2.339564515809325063e-01 -1.598956897380605202e+00 8.369704031806051159e-01
-6.012792979633408974e-01 4.611921519122096358e-01 -2.176777212491791236e+00 -2.382941026782558758e-01 -1.603633783690162851e+00 8.302608180436384933e-01
-6.061574538328980966e-01 4.570877905246161221e-01 -2.175965848270215552e+00 -2.426566444461454586e-01 -1.608274287804957847e+00 8.235280874001197349e-01
-6.110508012014174151e-01 4.529658261847185896e-01 -2.175157914745903032e+00 -2.470433661924640034e-01 -1.612877620860811545e+00 8.167722973574635947e-01
-6.159592688548362061e-01 4.488263198037853452e-01 -2.174353434041353061e+00 -2.514535417445395993e-01 -1.617443004935147588e+00 8.099935338279466990e-01
-6.208827859730565724e-01 4.446693326815587266e-01 -2.173552419798553625e+00 -2.558864296457629139e-01 -1.621969673480410545e+00 8.031918825310249144e-01
-6.258212820957778089e-01 4.404949264642680773e-01 -2.172754877517293348e+00 -2.603412732845148403e-01 -1.626456871672985471e+00 7.963674289956622632e-01
-6.307746870889757718e-01 4.363031631036744518e-01 -2.171960804886468477e+00 -2.648173009908325604e-01 -1.630903856720166356e+00 7.895202585626701630e-01
-6.357429311120424975e-01 4.320941048171499932e-01 -2.171170192108532238e+00 -2.693137258374922460e-01 -1.635309897862820883e+00 7.826504563870559927e-01
-6.407259445856025026e-01 4.278678140487922055e-01 -2.170383022217029279e+00 -2.738297457539649038e-01 -1.639674276703650069e+00 7.757581074403804289e-01
-6.457236581731545799e-01 4.236243534012626433e-01 -2.169599271392468776e+00 -2.783645429171710539e-01 -1.643996286805718077e+00 7.688432965136257069e-01
-6.507360027537234526e-01 4.193637855921719115e-01 -2.168818909275431750e+00 -2.829172830008664929e-01 -1.648275233207624701e+00 7.619061082202379653e-01
-6.557629094302562800e-01 4.150861733182388269e-01 -2.168041899289776531e+00 -2.874871114155691521e-01 -1.652510429073101417e+00 7.549466270005746882e-01
-6.608043094976220333e-01 4.107915792289494883e-01 -2.167268198959401815e+00 -2.920731534462128742e-01 -1.656701196304884327e+00 7.479649371263542568e-01
-6.658601344152096368e-01 4.064800658902480990e-01 -2.166497760219090019e+00 -2.966745144136190282e-01 -1.660846866163255608e+00 7.409611227052204097e-01
-6.709303157779045179e-01 4.021516957547681681e-01 -2.165730529717555086e+00 -3.012902800381662693e-01 -1.664946780057128262e+00 7.339352676852086699e-01
-6.760147852890540099e-01 3.978065311307236174e-01 -2.164966449113142843e+00 -3.059195168284996047e-01 -1.669000290328987335e+00 7.268874558592086643e-01
-6.811134746987470567e-01 3.934446342434191335e-01 -2.164205455350406204e+00 -3.105612742295718043e-01 -1.673006762620986354e+00 7.198177708680537634e-01
-6.862263157786482326e-01 3.890660672065813230e-01 -2.163447480924898692e+00 -3.152145870197760047e-01 -1.676965578276696345e+00 7.127262962035950666e-01
-6.913532402811944921e-01 3.846708920319397151e-01 -2.162692454131203146e+00 -3.198784774165625011e-01 -1.680876136356914685e+00 7.056131152110945992e-01
-6.964941799161388225e-01 3.802591706025685303e-01 -2.161940299304177415e+00 -3.245519554469497026e-01 -1.684737854035425197e+00 6.984783110916127358e-01
-7.016490663278374118e-01 3.758309646472258736e-01 -2.161190937053292238e+00 -3.292340194268927878e-01 -1.688550167069324814e+00 6.913219669043878524e-01
-7.068178310732780023e-01 3.713863357156742540e-01 -2.160444284490143030e+00 -3.339236565904574183e-01 -1.692312530370470913e+00 6.841441655692415136e-01
-7.120004056008513160e-01 3.669253451549661094e-01 -2.159700255449258144e+00 -3.386198437344639656e-01 -1.696024418558430558e+00 6.769449898689409162e-01
-7.171967212298578920e-01 3.624480540866862333e-01 -2.158958760702386126e+00 -3.433215476346150874e-01 -1.699685326298685295e+00 6.697245224515506745e-01
-7.224067091307455613e-01 3.579545233851385566e-01 -2.158219708166319695e+00 -3.480277255037691475e-01 -1.703294768657522607e+00 6.624828458327729486e-01
-7.276303003060722308e-01 3.534448136564634080e-01 -2.157483003104351482e+00 -3.527373254323001861e-01 -1.706852281424333428e+00 6.552200423982740274e-01
-7.328674255721888686e-01 3.489189852186720397e-01 -2.156748548321443248e+00 -3.574492868355647612e-01 -1.710357421422354474e+00 6.479361944059969236e-01
-7.381180155416354749e-01 3.443770980825849870e-01 -2.156016244353197386e+00 -3.621625409114055394e-01 -1.713809766810100887e+00 6.406313839884579808e-01
-7.433820006062437091e-01 3.398192119336591599e-01 -2.155285989648712874e+00 -3.668760111074333974e-01 -1.717208917373105992e+00 6.333056931550276047e-01
-7.486593109209381813e-01 3.352453861146890146e-01 -2.154557680747421156e+00 -3.715886135978370142e-01 -1.720554494805613954e+00 6.259592037941917875e-01
-7.539498763882284127e-01 3.306556796093669259e-01 -2.153831212449989874e+00 -3.762992577694531660e-01 -1.723846142981865670e+00 6.185919976757955352e-01
-7.592536266433825842e-01 3.260501510266878844e-01 -2.153106477983390388e+00 -3.810068467167422313e-01 -1.727083528216577957e+00 6.112041564532652016e-01
-7.645704910402744137e-01 3.214288585861815317e-01 -2.152383369160226767e+00 -3.857102777453953468e-01 -1.730266339514290763e+00 6.037957616658093940e-01
-7.699003986378933906e-01 3.167918601039573234e-01 -2.151661776532419523e+00 -3.904084428842469201e-01 -1.733394288807237338e+00 5.963668947405971199e-01
-7.752432781875081558e-01 3.121392129795458326e-01 -2.150941589539347998e+00 -3.951002294051280117e-01 -1.736467111181378975e+00 5.889176369949121748e-01
-7.805990581204729217e-01 3.074709741835200960e-01 -2.150222696650547771e+00 -3.997845203502715661e-01 -1.739484565090256618e+00 5.814480696382823277e-01
-7.859676665366662762e-01 3.027872002458803502e-01 -2.149504985503068344e+00 -4.044601950669266532e-01 -1.742446432556358893e+00 5.739582737745821950e-01
-7.913490311935513777e-01 2.980879472451866130e-01 -2.148788343033588788e+00 -4.091261297487589488e-01 -1.745352519359667065e+00 5.664483304041092460e-01
-7.967430794958458851e-01 2.933732707984215704e-01 -2.148072655605398840e+00 -4.137811979836116816e-01 -1.748202655213064505e+00 5.589183204256304993e-01
-8.021497384857906310e-01 2.886432260515672255e-01 -2.147357809130348016e+00 -4.184242713072584552e-01 -1.750996693924351977e+00 5.513683246384009085e-01
-8.075689348340042706e-01 2.838978676708789894e-01 -2.146643689185866677e+00 -4.230542197626352419e-01 -1.753734513544535245e+00 5.437984237441506608e-01
-8.130005948309133590e-01 2.791372498348402287e-01 -2.145930181127162495e+00 -4.276699124640945815e-01 -1.756416016502116317e+00 5.362086983490406134e-01
-8.184446443787442016e-01 2.743614262267800585e-01 -2.145217170194701151e+00 -4.322702181662860799e-01 -1.759041129723170727e+00 5.285992289655863097e-01
-8.239010089840648199e-01 2.695704500281381755e-01 -2.144504541617073379e+00 -4.368540058370892210e-01 -1.761609804736914864e+00 5.209700960145475790e-01
-8.293696137508643762e-01 2.647643739123600737e-01 -2.143792180709354955e+00 -4.414201452341541820e-01 -1.764122017766559303e+00 5.133213798267844963e-01
-8.348503833741576230e-01 2.599432500394049939e-01 -2.143079972967063096e+00 -4.459675074845602660e-01 -1.766577769805243614e+00 5.056531606450779259e-01
-8.403432421341014980e-01 2.551071300508507278e-01 -2.142367804155816291e+00 -4.504949656670249603e-01 -1.768977086676827071e+00 4.979655186259138167e-01
-8.458481138906106533e-01 2.502560650655786256e-01 -2.141655560396801494e+00 -4.550013953961969948e-01 -1.771320019081385144e+00 4.902585338412311922e-01
-8.513649220784602623e-01 2.453901056760219301e-01 -2.140943128248152139e+00 -4.594856754084679640e-01 -1.773606642625231267e+00 4.825322862801322832e-01
-8.568935897028617799e-01 2.405093019449610070e-01 -2.140230394782340895e+00 -4.639466881487863681e-01 -1.775837057835333965e+00 4.747868558505545233e-01
-8.624340393354997802e-01 2.356137034028499277e-01 -2.139517247659691535e+00 -4.683833203579217397e-01 -1.778011390157996585e+00 4.670223223809035207e-01
-8.679861931110168793e-01 2.307033590456568639e-01 -2.138803575198109819e+00 -4.727944636596891348e-01 -1.780129789941731211e+00 4.592387656216467828e-01
-8.735499727239331991e-01 2.257783173332035265e-01 -2.138089266439137770e+00 -4.771790151475101549e-01 -1.782192432404195781e+00 4.514362652468672521e-01
-8.791252994259884934e-01 2.208386261879871082e-01 -2.137374211210429031e+00 -4.815358779698376557e-01 -1.784199517583178629e+00 4.436149008557762063e-01
-8.847120940238935027e-01 2.158843329944689637e-01 -2.136658300184748782e+00 -4.858639619138744870e-01 -1.786151270271570723e+00 4.357747519741851927e-01
-8.903102768774781017e-01 2.109154845988145954e-01 -2.135941424935594135e+00 -4.901621839870142772e-01 -1.788047939936300734e+00 4.279158980559366054e-01
-8.959197678982234736e-01 2.059321273090697346e-01 -2.135223477989534491e+00 -4.944294689955247568e-01 -1.789889800621256910e+00 4.200384184842925195e-01
-9.015404865481662089e-01 2.009343068957569756e-01 -2.134504352875366440e+00 -4.986647501198788746e-01 -1.791677150834200205e+00 4.121423925732813909e-01
-9.071723518391610064e-01 1.959220685928777517e-01 -2.133783944170180913e+00 -5.028669694862462070e-01 -1.793410313417730384e+00 4.042278995690026799e-01
-9.128152823324908738e-01 1.908954570993057764e-01 -2.133062147542436726e+00 -5.070350787336037612e-01 -1.795089635404365502e+00 3.962950186508887307e-01
-9.184691961388112835e-01 1.858545165805561838e-01 -2.132338859792131558e+00 -5.111680395759538031e-01 -1.796715487855825799e+00 3.883438289329242954e-01
-9.241340109184176255e-01 1.807992906709166014e-01 -2.131613978888162730e+00 -5.152648243591897437e-01 -1.798288265686651677e+00 3.803744094648233709e-01
-9.298096438818231890e-01 1.757298224759259453e-01 -2.130887404002970165e+00 -5.193244166120510874e-01 -1.799808387472256577e+00 3.723868392331633470e-01
-9.354960117906357953e-01 1.706461545751870590e-01 -2.130159035544546331e+00 -5.233458115907072550e-01 -1.801276295241579950e+00 3.643811971624765778e-01
-9.411930309587221988e-01 1.655483290254988749e-01 -2.129428775185903344e+00 -5.273280168165224158e-01 -1.802692454254517074e+00 3.563575621162996532e-01
-9.469006172536484911e-01 1.604363873642953298e-01 -2.128696525892083802e+00 -5.312700526065319284e-01 -1.804057352764310895e+00 3.483160128981800385e-01
-9.526186860983848481e-01 1.553103706133776019e-01 -2.127962191944793968e+00 -5.351709525961710900e-01 -1.805371501765110631e+00 3.402566282526408581e-01
-9.583471524732644076e-01 1.501703192829261235e-01 -2.127225678964750344e+00 -5.390297642538564027e-01 -1.806635434724931599e+00 3.321794868661037681e-01
-9.640859309181848413e-01 1.450162733757803801e-01 -2.126486893931813782e+00 -5.428455493869542847e-01 -1.807849707304241438e+00 3.240846673677703627e-01
-9.698349355350416312e-01 1.398482723919735049e-01 -2.125745745202992865e+00 -5.466173846388129309e-01 -1.809014897060461591e+00 3.159722483304623908e-01
-9.755940799903835003e-01 1.346663553335093466e-01 -2.125002142528395144e+00 -5.503443619764490924e-01 -1.810131603138644518e+00 3.078423082714212278e-01
-9.813632775182791201e-01 1.294705607093700195e-01 -2.124255997065200852e+00 -5.540255891685567091e-01 -1.811200445948629056e+00 2.996949256530673233e-01
-9.871424409233845454e-01 1.242609265407425001e-01 -2.123507221389735466e+00 -5.576601902534159549e-01 -1.812222066828950151e+00 2.915301788837199037e-01
-9.929314825842023851e-01 1.190374903664525030e-01 -2.122755729507709521e+00 -5.612473059964681044e-01 -1.813197127697851352e+00 2.833481463182773719e-01
-9.987303144565227164e-01 1.138002892485936446e-01 -2.122001436862700707e+00 -5.647860943372082776e-01 -1.814126310691715149e+00 2.751489062588593493e-01
-1.004538848077035862e+00 1.085493597783421249e-01 -2.121244260342947552e+00 -5.682757308251088491e-01 -1.815010317791248218e+00 2.669325369554106930e-01
-1.010356994567107591e+00 1.032847380819453820e-01 -2.120484118286516395e+00 -5.717154090443425929e-01 -1.815849870435785940e+00 2.586991166062684866e-01
-1.016184664636709645e+00 9.800645982687394842e-02 -2.119720930484914057e+00 -5.751043410270220146e-01 -1.816645709126061714e+00 2.504487233586926154e-01
-1.022021768588493362e+00 9.271456022812685216e-02 -2.118954618185206584e+00 -5.784417576547515871e-01 -1.817398593015815855e+00 2.421814353093603156e-01
-1.027868216321999872e+00 8.740907405467979174e-02 -2.118185104090704485e+00 -5.817269090482551919e-01 -1.818109299492609132e+00 2.338973305048262785e-01
-1.033723917337999954e+00 8.209003563606731557e-02 -2.117412312360279270e+00 -5.849590649449286639e-01 -1.818778623748233514e+00 2.255964869419483931e-01
-1.039588780742950469e+00 7.675747886908768081e-02 -2.116636168606363722e+00 -5.881375150640986149e-01 -1.819407378339087611e+00 2.172789825682803766e-01
-1.045462715253563823e+00 7.141143722462328647e-02 -2.115856599891697609e+00 -5.912615694599085980e-01 -1.819996392736929813e+00 2.089448952824319861e-01
-1.051345629201481557e+00 6.605194375456546751e-02 -2.115073534724870807e+00 -5.943305588615788171e-01 -1.820546512870365063e+00 2.005943029343979500e-01
-1.057237430538042755e+00 6.067903109883576729e-02 -2.114286903054716671e+00 -5.973438350010643605e-01 -1.821058600657498694e+00 1.922272833258561464e-01
-1.063138026839139938e+00 5.529273149249536168e-02 -2.113496636263608508e+00 -6.003007709278775916e-01 -1.821533533530115934e+00 1.838439142104363877e-01
-1.069047325310159113e+00 4.989307677293342014e-02 -2.112702667159704895e+00 -6.032007613110436095e-01 -1.821972203949797642e+00 1.754442732939605343e-01
-1.074965232790990211e+00 4.448009838712640995e-02 -2.111904929968196676e+00 -6.060432227280959649e-01 -1.822375518916363735e+00 1.670284382346548524e-01
-1.080891655761107462e+00 3.905382739896023914e-02 -2.111103360321595179e+00 -6.088275939410915383e-01 -1.822744399469041321e+00 1.585964866433357823e-01
-1.086826500344707958e+00 3.361429449660835456e-02 -2.110297895249111821e+00 -6.115533361595465456e-01 -1.823079780180739684e+00 1.501484960835700599e-01
-1.092769672315905272e+00 2.816152999995658046e-02 -2.109488473165164635e+00 -6.142199332902968933e-01 -1.823382608645829350e+00 1.416845440718101090e-01
-1.098721077103969046e+00 2.269556386806836912e-02 -2.108675033857056569e+00 -6.168268921741960620e-01 -1.823653844961796722e+00 1.332047080775057013e-01
-1.104680619798607655e+00 1.721642570668335814e-02 -2.107857518471861091e+00 -6.193737427912526794e-01 -1.823894461202699269e+00 1.247090655231929968e-01
-1.110648205155283064e+00 1.172414477574157399e-02 -2.107035869502551062e+00 -6.218600384683348192e-01 -1.824105440890028351e+00 1.161976937845620172e-01
-1.116623737600556554e+00 6.218749996926620227e-03 -2.106210030773411290e+00 -6.242853560741826735e-01 -1.824287778458761000e+00 1.076706701905032343e-01
-1.122607121237457539e+00 7.002699612215224079e-04 -2.105379947424762754e+00 -6.266492962013437973e-01 -1.824442478718900640e+00 9.912807202313472787e-02
-1.128598259850868590e+00 -4.831267063529764982e-03 -2.104545565897032677e+00 -6.289514833349867384e-01 -1.824570556312865133e+00 9.056997651781059644e-02
-1.134597056912923563e+00 -1.037583312506107358e-02 -2.103706833914201546e+00 -6.311915660086621083e-01 -1.824673035169085189e+00 8.199646086311178361e-02
-1.140603415588411051e+00 -1.593340057912917551e-02 -2.102863700466650165e+00 -6.333692169470600541e-01 -1.824750947952166191e+00 7.340760220082027943e-02
-1.146617238740180955e+00 -2.150394208197203838e-02 -2.102016115793440498e+00 -6.354841331957913342e-01 -1.824805335509965154e+00 6.480347762587768123e-02
-1.152638428934545045e+00 -2.708743058278517690e-02 -2.101164031364048501e+00 -6.375360362382458401e-01 -1.824837246317918105e+00 5.618416418632906500e-02
-1.158666888446669541e+00 -3.268383931622220739e-02 -2.100307399859573820e+00 -6.395246720995536593e-01 -1.824847735920960279e+00 4.754973888325321474e-02
-1.164702519265953917e+00 -3.829314179492537829e-02 -2.099446175153451222e+00 -6.414498114377503724e-01 -1.824837866373369311e+00 3.890027867068011902e-02
-1.170745223101389954e+00 -4.391531180209151675e-02 -2.098580312291678407e+00 -6.433112496221671250e-01 -1.824808705676858711e+00 3.023586045549669921e-02
-1.176794901386898351e+00 -4.955032338407838743e-02 -2.097709767472582421e+00 -6.451088067991163078e-01 -1.824761327217238271e+00 2.155656109734171988e-02
-1.182851455286635378e+00 -5.519815084305690345e-02 -2.096834498026139304e+00 -6.468423279449366792e-01 -1.824696809199963798e+00 1.286245740849080270e-02
-1.188914785700267984e+00 -6.085876872971474061e-02 -2.095954462392861206e+00 -6.485116829065034061e-01 -1.824616234084878386e+00 4.153626153732463064e-03
-1.194984793268210943e+00 -6.653215183601579596e-02 -2.095069620102267827e+00 -6.501167664292016868e-01 -1.824520688020459414e+00 -4.569855949763937039e-03
-1.201061378376821143e+00 -7.221827518802070855e-02 -2.094179931750950630e+00 -6.516574981725107296e-01 -1.824411260277861935e+00 -1.330791223258741621e-02
-1.207144441163545689e+00 -7.791711403877343844e-02 -2.093285358980240929e+00 -6.531338227132335028e-01 -1.824289042685061979e+00 -2.206046607323092212e-02
-1.213233881522020052e+00 -8.362864386125812288e-02 -2.092385864453493838e+00 -6.545457095364456412e-01 -1.824155129061383551e+00 -3.082744089824232189e-02
-1.219329599107108697e+00 -8.935284034143209375e-02 -2.091481411832990300e+00 -6.558931530142594335e-01 -1.824010614652701534e+00 -3.960876018238003449e-02
-1.225431493339887989e+00 -9.508967937133849802e-02 -2.090571965756467421e+00 -6.571761723724761639e-01 -1.823856595567598049e+00 -4.840434744877244316e-02
-1.231539463412563373e+00 -1.008391370423031841e-01 -2.089657491813280199e+00 -6.583948116452276178e-01 -1.823694168214750722e+00 -5.721412626908030374e-02
-1.237653408293319046e+00 -1.066011896382219604e-01 -2.088737956520197780e+00 -6.595491396176534904e-01 -1.823524428741826853e+00 -6.603802026366133171e-02
-1.243773226731094139e+00 -1.123758136289405574e-01 -2.087813327296835109e+00 -6.606392497567303845e-01 -1.823348472476153059e+00 -7.487595310173623953e-02
-1.249898817260282069e+00 -1.181629856637333997e-01 -2.086883572440723089e+00 -6.616652601303382175e-01 -1.823167393367423283e+00 -8.372784850155540193e-02
-1.256030078205347955e+00 -1.239626825648845188e-01 -2.085948661102011048e+00 -6.626273133146284300e-01 -1.822982283432713846e+00 -9.259363023056549347e-02
-1.262166907685360329e+00 -1.297748813213763786e-01 -2.085008563257806369e+00 -6.635255762898072396e-01 -1.822794232204056231e+00 -1.014732221055752726e-01
-1.268309203618432024e+00 -1.355995590826895025e-01 -2.084063249686140651e+00 -6.643602403244385224e-01 -1.822604326178828060e+00 -1.103665479929199500e-01
-1.274456863726066702e+00 -1.414366931527177851e-01 -2.083112691939562389e+00 -6.651315208483232766e-01 -1.822413648273211173e+00 -1.192735318086232676e-01
-1.280609785537405676e+00 -1.472862609838050396e-01 -2.082156862318346846e+00 -6.658396573140850094e-01 -1.822223277278968823e+00 -1.281940975185568155e-01
-1.286767866393370152e+00 -1.531482401709058916e-01 -2.081195733843317353e+00 -6.664849130475619665e-01 -1.822034287323782253e+00 -1.371281691385958512e-01
-1.292931003450696226e+00 -1.590226084458752354e-01 -2.080229280228270472e+00 -6.670675750870849186e-01 -1.821847747335392675e+00 -1.460756707347709293e-01
-1.299099093685854633e+00 -1.649093436718918060e-01 -2.079257475851990833e+00 -6.675879540117392041e-01 -1.821664720509792001e+00 -1.550365264234148110e-01
-1.305272033898854378e+00 -1.708084238380196407e-01 -2.078280295729850291e+00 -6.680463837587438114e-01 -1.821486263783693271e+00 -1.640106603713040456e-01
-1.311449720716921785e+00 -1.767198270539125371e-01 -2.077297715484974550e+00 -6.684432214300309871e-01 -1.821313427311517241e+00 -1.729979967957946396e-01
-1.317632050598052107e+00 -1.826435315446643948e-01 -2.076309711318967466e+00 -6.687788470881425029e-01 -1.821147253947131173e+00 -1.819984599649512036e-01
-1.323818919834427899e+00 -1.885795156458121014e-01 -2.075316259982175726e+00 -6.690536635415901268e-01 -1.820988778730557645e+00 -1.910119741976691321e-01
-1.330010224555699505e+00 -1.945277577984947381e-01 -2.074317338743480121e+00 -6.692680961197449152e-01 -1.820839028379888758e+00 -2.000384638637891788e-01
-1.336205860732121664e+00 -2.004882365447728798e-01 -2.073312925359597436e+00 -6.694225924539991546e-01 -1.820699020785261801e+00 -2.090778533842040654e-01
-1.342405724177540671e+00 -2.064609305231142056e-01 -2.072302998043872524e+00 -6.695176222301713054e-01 -1.820569764511635880e+00 -2.181300672309564315e-01
-1.348609710552227448e+00 -2.124458184640496405e-01 -2.071287535434546800e+00 -6.695536769307944835e-01 -1.820452258307523774e+00 -2.271950299273279017e-01
-1.354817715365550290e+00 -2.184428791860038022e-01 -2.070266516562478731e+00 -6.695312695673921732e-01 -1.820347490619905750e+00 -2.362726660479185781e-01
-1.361029633978480868e+00 -2.244520915913066350e-01 -2.069239920818301215e+00 -6.694509344028977127e-01 -1.820256439115535141e+00 -2.453629002187166508e-01
-1.367245361605928355e+00 -2.304734346623902308e-01 -2.068207727918989658e+00 -6.693132266643685435e-01 -1.820180070208845535e+00 -2.544656571171577952e-01
-1.373464793318894817e+00 -2.365068874581750524e-01 -2.067169917873821650e+00 -6.691187222461025819e-01 -1.820119338596675851e+00 -2.635808614721735776e-01
-1.379687824046446298e+00 -2.425524291106526675e-01 -2.066126470949705585e+00 -6.688680174032990422e-01 -1.820075186800024891e+00 -2.727084380642290640e-01
-1.385914348577491850e+00 -2.486100388216692103e-01 -2.065077367635852479e+00 -6.685617284364625545e-01 -1.820048544713023020e+00 -2.818483117253486880e-01
-1.392144261562364926e+00 -2.546796958599135685e-01 -2.064022588607766995e+00 -6.682004913666593771e-01 -1.820040329159336112e+00 -2.910004073391303514e-01
-1.398377457514199174e+00 -2.607613795581191773e-01 -2.062962114690535032e+00 -6.677849616017679235e-01 -1.820051443456202955e+00 -3.001646498407474772e-01
-1.404613830810092834e+00 -2.668550693104814187e-01 -2.061895926821376790e+00 -6.673158135939081248e-01 -1.820082776986294393e+00 -3.093409642169384077e-01
-1.410853275692052877e+00 -2.729607445702986190e-01 -2.060824006011443554e+00 -6.667937404882350316e-01 -1.820135204777581839e+00 -3.185292755059829783e-01
-1.417095686267712429e+00 -2.790783848478413098e-01 -2.059746333306829325e+00 -6.662194537632288860e-01 -1.820209587091411674e+00 -3.277295087976661581e-01
-1.423340956510813271e+00 -2.852079697084557441e-01 -2.058662889748767100e+00 -6.655936828626477508e-01 -1.820306769018974702e+00 -3.369415892332280893e-01
-1.429588980261445208e+00 -2.913494787709087763e-01 -2.057573656332984946e+00 -6.649171748193579701e-01 -1.820427580086339203e+00 -3.461654420053007497e-01
-1.435839651226034741e+00 -2.975028917059774347e-01 -2.056478613968189428e+00 -6.641906938711746866e-01 -1.820572833868242757e+00 -3.554009923578305696e-01
-1.442092862977073953e+00 -3.036681882352936235e-01 -2.055377743433651094e+00 -6.634150210689045979e-01 -1.820743327610812923e+00 -3.646481655859870052e-01
-1.448348508952581382e+00 -3.098453481304457302e-01 -2.054271025335856038e+00 -6.625909538768046669e-01 -1.820939841863382647e+00 -3.739068870360568453e-01
-1.454606482455285121e+00 -3.160343512123469090e-01 -2.053158440064199119e+00 -6.617193057656199917e-01 -1.821163140119574475e+00 -3.831770821053240850e-01
-1.460866676651519924e+00 -3.222351773508751460e-01 -2.052039967745684645e+00 -6.608009057983978973e-01 -1.821413968467819444e+00 -3.924586762419348118e-01
-1.467128984569828098e+00 -3.284478064647919915e-01 -2.050915588198602979e+00 -6.598365982092777582e-01 -1.821693055251467630e+00 -4.017515949447477142e-01
-1.473393299099255094e+00 -3.346722185219461743e-01 -2.049785280885155547e+00 -6.588272419754646059e-01 -1.822001110738648677e+00 -4.110557637631691574e-01
-1.479659512987328673e+00 -3.409083935397712040e-01 -2.048649024862989165e+00 -6.577737103825651577e-01 -1.822338826802039513e+00 -4.203711082969732726e-01
-1.485927518837713457e+00 -3.471563115860800686e-01 -2.047506798735616584e+00 -6.566768905835468351e-01 -1.822706876608672477e+00 -4.296975541961070011e-01
-1.492197209107527289e+00 -3.534159527801685741e-01 -2.046358580601683741e+00 -6.555376831514970748e-01 -1.823105914319935295e+00 -4.390350271604793186e-01
-1.498468476104311442e+00 -3.596872972942308788e-01 -2.045204348003056616e+00 -6.543570016263688949e-01 -1.823536574801920551e+00 -4.483834529397354163e-01
-1.504741211982642435e+00 -3.659703253550967705e-01 -2.044044077871690845e+00 -6.531357720559765045e-01 -1.823999473346240574e+00 -4.577427573330151156e-01
-1.511015308740372820e+00 -3.722650172462966811e-01 -2.042877746475254774e+00 -6.518749325314661114e-01 -1.824495205401431619e+00 -4.671128661886957412e-01
-1.517290658214491605e+00 -3.785713533104637651e-01 -2.041705329361474419e+00 -6.505754327174501084e-01 -1.825024346315098134e+00 -4.764937054041192832e-01
-1.523567152076590991e+00 -3.848893139520785933e-01 -2.040526801301163040e+00 -6.492382333770466696e-01 -1.825587451086907009e+00 -4.858852009253038506e-01
-1.529844681827926323e+00 -3.912188796405651203e-01 -2.039342136229909563e+00 -6.478643058920887654e-01 -1.826185054132534624e+00 -4.952872787466394144e-01
-1.536123138794059040e+00 -3.975600309137468091e-01 -2.038151307188387218e+00 -6.464546317787093210e-01 -1.826817669058691473e+00 -5.046998649105678414e-01
-1.542402414119067533e+00 -4.039127483816680186e-01 -2.036954286261256630e+00 -6.450102021985324452e-01 -1.827485788449336512e+00 -5.141228855072469406e-01
-1.548682398759313461e+00 -4.102770127307919790e-01 -2.035751044514627850e+00 -6.435320174657490622e-01 -1.828189883663160931e+00 -5.235562666741992999e-01
-1.554962983476751104e+00 -4.166528047285802394e-01 -2.034541551932050663e+00 -6.420210865502746778e-01 -1.828930404642463481e+00 -5.329999345959447465e-01
-1.561244058831763759e+00 -4.230401052284644692e-01 -2.033325777349003882e+00 -6.404784265772777152e-01 -1.829707779733483974e+00 -5.424538155036174869e-01
-1.567525515175515860e+00 -4.294388951752159400e-01 -2.032103688385850315e+00 -6.389050623232983561e-01 -1.830522415518298196e+00 -5.519178356745676473e-01
-1.573807242641804160e+00 -4.358491556107231268e-01 -2.030875251379231639e+00 -6.373020257092200103e-01 -1.831374696658348178e+00 -5.613919214319471607e-01
-1.580089131138393999e+00 -4.422708676801849759e-01 -2.029640431311868998e+00 -6.356703552903441024e-01 -1.832264985749681108e+00 -5.708759991442799997e-01
-1.586371070337826872e+00 -4.487040126387276118e-01 -2.028399191740744456e+00 -6.340110957438430672e-01 -1.833193623189960153e+00 -5.803699952250171989e-01
-1.592652949667682449e+00 -4.551485718584524776e-01 -2.027151494723632652e+00 -6.323252973538295851e-01 -1.834160927057316481e+00 -5.898738361320765566e-01
-1.598934658300279699e+00 -4.616045268359256770e-01 -2.025897300743957796e+00 -6.306140154943172815e-01 -1.835167193001093100e+00 -5.993874483673670150e-01
-1.605216085141802695e+00 -4.680718592001156253e-01 -2.024636568633945810e+00 -6.288783101103080364e-01 -1.836212694144551794e+00 -6.089107584762976089e-01
-1.611497118820833796e+00 -4.745505507207867790e-01 -2.023369255496050290e+00 -6.271192451972971149e-01 -1.837297680999565141e+00 -6.184436930472723137e-01
-1.617777647676277075e+00 -4.810405833173589940e-01 -2.022095316622626093e+00 -6.253378882794616844e-01 -1.838422381393340022e+00 -6.279861787111691296e-01
-1.624057559744657819e+00 -4.875419390682398380e-01 -2.020814705413823020e+00 -6.235353098867849608e-01 -1.839587000407211015e+00 -6.375381421408050642e-01
-1.630336742746778089e+00 -4.940546002206378517e-01 -2.019527373293685812e+00 -6.217125830313914303e-01 -1.840791720327529912e+00 -6.470995100503864617e-01
-1.636615084073713700e+00 -5.005785492008656412e-01 -2.018233269624428505e+00 -6.198707826833913526e-01 -1.842036700608647992e+00 -6.566702091949446762e-01
-1.642892470772133517e+00 -5.071137686251399046e-01 -2.016932341618872471e+00 -6.180109852464511500e-01 -1.843322077848049245e+00 -6.662501663697578680e-01
-1.649168789528924206e+00 -5.136602413108863896e-01 -2.015624534251024613e+00 -6.161342680334115363e-01 -1.844647965773603460e+00 -6.758393084097590320e-01
-1.655443926655101317e+00 -5.202179502885582174e-01 -2.014309790164778402e+00 -6.142417087421868649e-01 -1.846014455242973362e+00 -6.854375621889295944e-01
-1.661717768068990297e+00 -5.267868788139737912e-01 -2.012988049580722638e+00 -6.123343849322457899e-01 -1.847421614255147837e+00 -6.950448546196799082e-01
-1.667990199278657437e+00 -5.333670103811833929e-01 -2.011659250201045968e+00 -6.104133735019409146e-01 -1.848869487974101222e+00 -7.046611126522162039e-01
-1.674261105363571644e+00 -5.399583287358709072e-01 -2.010323327112521596e+00 -6.084797501669564346e-01 -1.850358098764560477e+00 -7.142862632738945505e-01
-1.680530370955480413e+00 -5.465608178892968905e-01 -2.008980212687562439e+00 -6.065345889401534407e-01 -1.851887446239854018e+00 -7.239202335085619389e-01
-1.686797880218478651e+00 -5.531744621327918665e-01 -2.007629836483337815e+00 -6.045789616130867739e-01 -1.853457507321814468e+00 -7.335629504158842629e-01
-1.693063516828251291e+00 -5.597992460528045111e-01 -2.006272125138945928e+00 -6.026139372394531124e-01 -1.855068236312711338e+00 -7.432143410906623116e-01
-1.699327163950471675e+00 -5.664351545465118321e-01 -2.004907002270635452e+00 -6.006405816207694981e-01 -1.856719564979147474e+00 -7.528743326621357701e-01
-1.705588704218334417e+00 -5.730821728379982272e-01 -2.003534388365074914e+00 -5.986599567945437572e-01 -1.858411402647881960e+00 -7.625428522932748976e-01
-1.711848019709202751e+00 -5.797402864950080836e-01 -2.002154200670668072e+00 -5.966731205252024939e-01 -1.860143636313528415e+00 -7.722198271800605474e-01
-1.718104991920352598e+00 -5.864094814462770255e-01 -2.000766353086917526e+00 -5.946811257980680887e-01 -1.861916130758052290e+00 -7.819051845507536402e-01
-1.724359501743789824e+00 -5.930897439994489151e-01 -1.999370756051841891e+00 -5.926850203166128539e-01 -1.863728728682035207e+00 -7.915988516651525364e-01
-1.730611429440123805e+00 -5.997810608595803838e-01 -1.997967316427451623e+00 -5.906858460033134195e-01 -1.865581250847582417e+00 -8.013007558138406372e-01
-1.736860654611473542e+00 -6.064834191482399994e-01 -1.996555937383294621e+00 -5.886846385043379426e-01 -1.867473496232827213e+00 -8.110108243174227738e-01
-1.743107056173389013e+00 -6.131968064232031779e-01 -1.995136518278081139e+00 -5.866824266983534653e-01 -1.869405242197925476e+00 -8.207289845257521588e-01
-1.749350512325765106e+00 -6.199212106987492810e-01 -1.993708954539405998e+00 -5.846802322096917859e-01 -1.871376244662469546e+00 -8.304551638171469019e-01
-1.755590900522727704e+00 -6.266566204665604545e-01 -1.992273137541584527e+00 -5.826790689261626133e-01 -1.873386238294202588e+00 -8.401892895975976439e-01
-1.761828097441472396e+00 -6.334030247172268702e-01 -1.990828954481622670e+00 -5.806799425217757937e-01 -1.875434936708918254e+00 -8.499312892999654201e-01
-1.768061978950033586e+00 -6.401604129623585937e-01 -1.989376288253347003e+00 -5.786838499846114203e-01 -1.877522032681462338e+00 -8.596810903831714201e-01
-1.774292420073964038e+00 -6.469287752573060768e-01 -1.987915017319720423e+00 -5.766917791501120494e-01 -1.879647198367694561e+00 -8.694386203313775319e-01
-1.780519294961905086e+00 -6.537081022244901618e-01 -1.986445015583375717e+00 -5.747047082400393858e-01 -1.881810085537300115e+00 -8.792038066531593365e-01
-1.786742476850024186e+00 -6.604983850773384901e-01 -1.984966152255401628e+00 -5.727236054073625571e-01 -1.884010325817304210e+00 -8.889765768806708879e-01
-1.792961838025302290e+00 -6.672996156448320892e-01 -1.983478291722416964e+00 -5.707494282873238900e-01 -1.886247530946155049e+00 -8.987568585688023859e-01
-1.799177249787647925e+00 -6.741117863966550328e-01 -1.981981293411978484e+00 -5.687831235549133391e-01 -1.888521293038249560e+00 -9.085445792943306342e-01
-1.805388582410819343e+00 -6.809348904689493942e-01 -1.980475011656364304e+00 -5.668256264890063623e-01 -1.890831184858740244e+00 -9.183396666550629472e-01
-1.811595705102133191e+00 -6.877689216906690550e-01 -1.978959295554785669e+00 -5.648778605433976141e-01 -1.893176760108478129e+00 -9.281420482689741736e-01
-1.817798485960940180e+00 -6.946138746105283701e-01 -1.977433988834078837e+00 -5.629407369249761484e-01 -1.895557553718923316e+00 -9.379516517733387237e-01
-1.823996791935846851e+00 -7.014697445245423602e-01 -1.975898929707937901e+00 -5.610151542466970120e-01 -1.897973082064929429e+00 -9.477684048238560477e-01
-1.830190488780665481e+00 -7.083365275041499931e-01 -1.974353950734749619e+00 -5.591019981180007647e-01 -1.900422843275215046e+00 -9.575922350937712269e-01
-1.836379441009070357e+00 -7.152142204249138935e-01 -1.972798878674095313e+00 -5.572021407428681128e-01 -1.902906317552409465e+00 -9.674230702729912368e-01
-1.842563511847941760e+00 -7.221028209957893740e-01 -1.971233534341994220e+00 -5.553164405257279279e-01 -1.905422967502520493e+00 -9.772608380671957695e-01
-1.848742563189380128e+00 -7.290023277889514652e-01 -1.969657732464961342e+00 -5.534457416854526857e-01 -1.907972238473621296e+00 -9.871054661969450583e-01
-1.854916455541368636e+00 -7.359127402701703957e-01 -1.968071281532963734e+00 -5.515908738776523768e-01 -1.910553558903586691e+00 -9.969568823967829285e-01
-1.861085047977068863e+00 -7.428340588297233094e-01 -1.966473983651360280e+00 -5.497526518254842731e-01 -1.913166340676682342e+00 -1.006815014414337739e+00
-1.867248198082728683e+00 -7.497662848138295644e-01 -1.964865634391915750e+00 -5.479318749591923776e-01 -1.915809979488808157e+00 -1.016679790009419104e+00
-1.873405761904187949e+00 -7.567094205565931819e-01 -1.963246022642986865e+00 -5.461293270645674047e-01 -1.918483855221218004e+00 -1.026551136953113730e+00
-1.879557593891960643e+00 -7.636634694124393441e-01 -1.961614930458981831e+00 -5.443457759405637697e-01 -1.921187332322459529e+00 -1.036428983026877360e+00
-1.885703546844881284e+00 -7.706284357890258452e-01 -1.959972132909200804e+00 -5.425819730662466700e-01 -1.923919760198352424e+00 -1.046313256021626836e+00
-1.891843471852295400e+00 -7.776043251806099565e-01 -1.958317397926171655e+00 -5.408386532772592181e-01 -1.926680473609806210e+00 -1.056203883736828830e+00
-1.897977218234780716e+00 -7.845911442018518311e-01 -1.956650486153597379e+00 -5.391165344520009173e-01 -1.929468793078239930e+00 -1.066100793979589678e+00
-1.904104633483383768e+00 -7.915889006220309110e-01 -1.954971150794043488e+00 -5.374163172077167649e-01 -1.932284025298363073e+00 -1.076003914563743225e+00
-1.910225563197355925e+00 -7.985976033996531331e-01 -1.953279137456494174e+00 -5.357386846066589658e-01 -1.935125463558106773e+00 -1.085913173308939550e+00
-1.916339851020377294e+00 -8.056172627174211787e-01 -1.951574184003914469e+00 -5.340843018724973357e-01 -1.937992388165465041e+00 -1.095828498039733034e+00
-1.922447338575253406e+00 -8.126478900175420073e-01 -1.949856020400962953e+00 -5.324538161171643580e-01 -1.940884066881980896e+00 -1.105749816584672196e+00
-1.928547865397073346e+00 -8.196894980373414796e-01 -1.948124368562004660e+00 -5.308478560782708966e-01 -1.943799755362675352e+00 -1.115677056775389309e+00
-1.934641268864817798e+00 -8.267421008451554254e-01 -1.946378942199579187e+00 -5.292670318672693108e-01 -1.946738697602134138e+00 -1.125610146445692905e+00
-1.940727384131405664e+00 -8.338057138764631837e-01 -1.944619446673489849e+00 -5.277119347284996431e-01 -1.949700126386535004e+00 -1.135549013430661169e+00
-1.946806044052170170e+00 -8.408803539702285335e-01 -1.942845578840681764e+00 -5.261831368092789729e-01 -1.952683263751328724e+00 -1.145493585565737549e+00
-1.952877079111754455e+00 -8.479660394054098216e-01 -1.941057026906086058e+00 -5.246811909411698283e-01 -1.955687321444321114e+00 -1.155443790685829919e+00
-1.958940317349420868e+00 -8.550627899376006535e-01 -1.939253470274615143e+00 -5.232066304325529993e-01 -1.958711501393909593e+00 -1.165399556624411970e+00
-1.964995584282763996e+00 -8.621706268357580694e-01 -1.937434579404499591e+00 -5.217599688726416440e-01 -1.961754996182191846e+00 -1.175360811212628143e+00
-1.971042702829825188e+00 -8.692895729189733522e-01 -1.935600015662164219e+00 -5.203416999470541482e-01 -1.964816989522684576e+00 -1.185327482278403011e+00
-1.977081493229600362e+00 -8.764196525932392845e-01 -1.933749431178851452e+00 -5.189522972650570942e-01 -1.967896656742386341e+00 -1.195299497645554210e+00
-1.983111772960941099e+00 -8.835608918881638907e-01 -1.931882468709202216e+00 -5.175922141986014635e-01 -1.970993165267879377e+00 -1.205276785132909811e+00
-1.989133356659844143e+00 -8.907133184935793757e-01 -1.929998761492017989e+00 -5.162618837332447752e-01 -1.974105675115215952e+00 -1.215259272553431469e+00
-1.995146056035130178e+00 -8.978769617959891924e-01 -1.928097933113431584e+00 -5.149617183310574164e-01 -1.977233339383294375e+00 -1.225246887713342447e+00
-2.001149679782511903e+00 -9.050518529147990598e-01 -1.926179597372722041e+00 -5.136921098055943213e-01 -1.980375304750471077e+00 -1.235239558411260763e+00
-2.007144033497053393e+00 -9.122380247382679830e-01 -1.924243358151020322e+00 -5.124534292090293652e-01 -1.983530711974084593e+00 -1.245237212437339869e+00
-2.013128919584024068e+00 -9.194355119591197667e-01 -1.922288809283155597e+00 -5.112460267315200868e-01 -1.986698696392624974e+00 -1.255239777572414450e+00
-2.019104137168153734e+00 -9.266443511097450791e-01 -1.920315534432904592e+00 -5.100702316128779001e-01 -1.989878388430237344e+00 -1.265247181587153769e+00
-2.025069482001295995e+00 -9.338645805969274516e-01 -1.918323106971911107e+00 -5.089263520665979756e-01 -1.993068914103304223e+00 -1.275259352241221444e+00
-2.031024746368501610e+00 -9.410962407360206061e-01 -1.916311089862553496e+00 -5.078146752163130717e-01 -1.996269395528779356e+00 -1.285276217282443900e+00
-2.036969718992526435e+00 -9.483393737845000615e-01 -1.914279035545044305e+00 -5.067354670447180576e-01 -1.999478951433985685e+00 -1.295297704445985465e+00
-2.042904184936771728e+00 -9.555940239748119680e-01 -1.912226485829056299e+00 -5.056889723550028748e-01 -2.002696697667600834e+00 -1.305323741453532582e+00
-2.048827925506679470e+00 -9.628602375464370144e-01 -1.910152971790175735e+00 -5.046754147448335726e-01 -2.005921747711516989e+00 -1.315354256012485790e+00
-2.054740718149600021e+00 -9.701380627770821441e-01 -1.908058013671494635e+00 -5.036949965929059525e-01 -2.009153213193286991e+00 -1.325389175815161247e+00
-2.060642336353142756e+00 -9.774275500129139260e-01 -1.905941120790659582e+00 -5.027478990580964702e-01 -2.012390204398856408e+00 -1.335428428538001366e+00
-2.066532549542040353e+00 -9.847287516977403232e-01 -1.903801791452703895e+00 -5.018342820912239377e-01 -2.015631830785279188e+00 -1.345471941840794106e+00
-2.072411122973544906e+00 -9.920417224010433799e-01 -1.901639512869001569e+00 -5.009542844594291333e-01 -2.018877201493120221e+00 -1.355519643365903582e+00
-2.078277817631382973e+00 -9.993665188447666825e-01 -1.899453761082684267e+00 -5.001080237831705411e-01 -2.022125425858263714e+00 -1.365571460737509124e+00
-2.084132390118296652e+00 -1.006703199928751680e+00 -1.897244000900876637e+00 -4.992955965858330014e-01 -2.025375613922808515e+00 -1.375627321560856098e+00
-2.089974592547203969e+00 -1.014051826754717611e+00 -1.895009685834110558e+00 -4.985170783559297325e-01 -2.028626876944787938e+00 -1.385687153421517159e+00
-2.095804172431015466e+00 -1.021412462648674468e+00 -1.892750258043288447e+00 -4.977725236218902838e-01 -2.031878327906361026e+00 -1.395750883884664173e+00
-2.101620872571133170e+00 -1.028785173181655077e+00 -1.890465148294574682e+00 -4.970619660393952310e-01 -2.035129082020229241e+00 -1.405818440494351229e+00
-2.107424430944688787e+00 -1.036170026188647508e+00 -1.888153775922602362e+00 -4.963854184912264156e-01 -2.038378257233988133e+00 -1.415889750772810318e+00
-2.113214580590547786e+00 -1.043567091785607248e+00 -1.885815548802389552e+00 -4.957428731995952020e-01 -2.041624974732100029e+00 -1.425964742219757442e+00
-2.118991049494139300e+00 -1.050976442384422338e+00 -1.883449863330371565e+00 -4.951343018508990168e-01 -2.044868359435219940e+00 -1.436043342311711823e+00
-2.124753560471154490e+00 -1.058398152705703588e+00 -1.881056104414959185e+00 -4.945596557328547638e-01 -2.048107540496581169e+00 -1.446125478501327333e+00
-2.130501831050170658e+00 -1.065832299789265969e+00 -1.878633645477044478e+00 -4.940188658839497204e-01 -2.051341651795149712e+00 -1.456211078216736121e+00
-2.136235573354257511e+00 -1.073278963002163300e+00 -1.876181848460882318e+00 -4.935118432551423018e-01 -2.054569832425289899e+00 -1.466300068860905359e+00
-2.141954493981629959e+00 -1.080738224044137663e+00 -1.873700063855785025e+00 -4.930384788837450794e-01 -2.057791227182618865e+00 -1.476392377811006851e+00
-2.147658293885410963e+00 -1.088210166950336566e+00 -1.871187630729072904e+00 -4.925986440794081211e-01 -2.061004987045820691e+00 -1.486487932417800417e+00
-2.153346668252575924e+00 -1.095694878091151514e+00 -1.868643876770735179e+00 -4.921921906221193854e-01 -2.064210269654140451e+00 -1.496586660005029934e+00
-2.159019306382153669e+00 -1.103192446169025009e+00 -1.866068118350258098e+00 -4.918189509721360153e-01 -2.067406239780275268e+00 -1.506688487868833581e+00
-2.164675891562764409e+00 -1.110702962212069211e+00 -1.863459660586090250e+00 -4.914787384917496116e-01 -2.070592069798423918e+00 -1.516793343277168526e+00
-2.170316100949577276e+00 -1.118226519564340160e+00 -1.860817797428217180e+00 -4.911713476787892274e-01 -2.073766940147204085e+00 -1.526901153469248484e+00
-2.175939605440781133e+00 -1.125763213872603030e+00 -1.858141811754326467e+00 -4.908965544117551705e-01 -2.076930039787200588e+00 -1.537011845654996378e+00
-2.181546069553659262e+00 -1.133313143069420770e+00 -1.855430975480053313e+00 -4.906541162064766981e-01 -2.080080566652878549e+00 -1.547125347014511210e+00
-2.187135151300372282e+00 -1.140876407352398703e+00 -1.852684549683796922e+00 -4.904437724841769208e-01 -2.083217728098636368e+00 -1.557241584697549364e+00
-2.192706502063553220e+00 -1.148453109159415009e+00 -1.849901784746611710e+00 -4.902652448508302285e-01 -2.086340741338725824e+00 -1.567360485823021010e+00
-2.198259766471830634e+00 -1.156043353139654117e+00 -1.847081920507677832e+00 -4.901182373876867837e-01 -2.089448833880842571e+00 -1.577481977478500941e+00
-2.203794582275394820e+00 -1.163647246120273815e+00 -1.844224186435861723e+00 -4.900024369528415136e-01 -2.092541243953121022e+00 -1.587605986719754503e+00
-2.209310580221734543e+00 -1.171264897068517330e+00 -1.841327801817884913e+00 -4.899175134937152620e-01 -2.095617220924312907e+00 -1.597732440570279300e+00
-2.214807383931677975e+00 -1.178896417049092760e+00 -1.838391975963622249e+00 -4.898631203703179837e-01 -2.098676025716932791e+00 -1.607861266020861102e+00
-2.220284609775873719e+00 -1.186541919176629323e+00 -1.835415908429054443e+00 -4.898388946891550910e-01 -2.101716931213140960e+00 -1.617992390029145966e+00
-2.225741866751860698e+00 -1.194201518563026587e+00 -1.832398789257405181e+00 -4.898444576476405077e-01 -2.104739222653158492e+00 -1.628125739519227011e+00
-2.231178756361881010e+00 -1.201875332259503937e+00 -1.829339799238996145e+00 -4.898794148888724331e-01 -2.107742198025988056e+00 -1.638261241381247846e+00
-2.236594872491596497e+00 -1.209563479193162427e+00 -1.826238110190354869e+00 -4.899433568666280436e-01 -2.110725168452244560e+00 -1.648398822471020209e+00
-2.241989801289880457e+00 -1.217266080097864078e+00 -1.823092885253115192e+00 -4.900358592204304697e-01 -2.113687458558882515e+00 -1.658538409609658704e+00
-2.247363121049862578e+00 -1.224983257439238082e+00 -1.819903279213248792e+00 -4.901564831605380590e-01 -2.116628406845638466e+00 -1.668679929583229749e+00
-2.252714402091416268e+00 -1.232715135333618539e+00 -1.816668438841171129e+00 -4.903047758627047115e-01 -2.119547366042973113e+00 -1.678823309142417619e+00
-2.258043206645279799e+00 -1.240461839460721416e+00 -1.813387503253262478e+00 -4.904802708725582994e-01 -2.122443703461332376e+00 -1.688968475002205594e+00
-2.263349088739023074e+00 -1.248223496969869339e+00 -1.810059604295345626e+00 -4.906824885194381869e-01 -2.125316801331515126e+00 -1.699115353841573306e+00
-2.268631594085073200e+00 -1.256000236379567037e+00 -1.806683866948663342e+00 -4.909109363395377512e-01 -2.128166057135985501e+00 -1.709263872303209419e+00
-2.273890259971021788e+00 -1.263792187470243134e+00 -1.803259409758893872e+00 -4.911651095081913665e-01 -2.130990883930945490e+00 -1.719413956993240289e+00
-2.279124615152454236e+00 -1.271599481169963797e+00 -1.799785345288741345e+00 -4.914444912811414268e-01 -2.133790710658955092e+00 -1.729565534480975275e+00
-2.284334179748543470e+00 -1.279422249432933034e+00 -1.796260780594638007e+00 -4.917485534446238704e-01 -2.136564982451942818e+00 -1.739718531298666493e+00
-2.289518465140668813e+00 -1.287260625110599355e+00 -1.792684817728085855e+00 -4.920767567741032300e-01 -2.139313160924412927e+00 -1.749872873941285656e+00
-2.294676973874325121e+00 -1.295114741815182269e+00 -1.789056554262164811e+00 -4.924285515014877879e-01 -2.142034724456653105e+00 -1.760028488866315355e+00
-2.299809199564604167e+00 -1.302984733775447657e+00 -1.785375083843727895e+00 -4.928033777906534185e-01 -2.144729168467785385e+00 -1.770185302493557433e+00
-2.304914626805540045e+00 -1.310870735684560140e+00 -1.781639496771794784e+00 -4.932006662211053660e-01 -2.147396005678483988e+00 -1.780343241204956239e+00
-2.309992731083622353e+00 -1.318772882539844593e+00 -1.777848880602650450e+00 -4.936198382795945472e-01 -2.150034766363154937e+00 -1.790502231344437423e+00
-2.315042978695792453e+00 -1.326691309474299585e+00 -1.774002320782145148e+00 -4.940603068595116332e-01 -2.152644998591411341e+00 -1.800662199217762494e+00
-2.320064826672253222e+00 -1.334626151579712205e+00 -1.770098901305681149e+00 -4.945214767678711709e-01 -2.155226268458658723e+00 -1.810823071092398706e+00
-2.325057722704432894e+00 -1.342577543721227729e+00 -1.766137705406362279e+00 -4.950027452396993377e-01 -2.157778160305604320e+00 -1.820984773197403817e+00
-2.330021105078459165e+00 -1.350545620343240882e+00 -1.762117816271770110e+00 -4.955035024596287085e-01 -2.160300276926500729e+00 -1.831147231723326829e+00
-2.334954402614510816e+00 -1.358530515266485272e+00 -1.758038317789813343e+00 -4.960231320905090779e-01 -2.162792239765959135e+00 -1.841310372822123620e+00
-2.339857034612428333e+00 -1.366532361476203272e+00 -1.753898295324086476e+00 -4.965610118088242819e-01 -2.165253689104117640e+00 -1.851474122607086992e+00
-2.344728410803980978e+00 -1.374551290901298239e+00 -1.749696836519154308e+00 -4.971165138467151801e-01 -2.167684284230005698e+00 -1.861638407152791830e+00
-2.349567931312199320e+00 -1.382587434184377129e+00 -1.745433032136162854e+00 -4.976890055403851987e-01 -2.170083703602880831e+00 -1.871803152495055134e+00
-2.354374986618192889e+00 -1.390640920442610229e+00 -1.741105976919155029e+00 -4.982778498846716086e-01 -2.172451645001356457e+00 -1.881968284630910260e+00
-2.359148957535897484e+00 -1.398711877019345851e+00 -1.736714770492451931e+00 -4.988824060935533877e-01 -2.174787825660125407e+00 -1.892133729518595153e+00
-2.363889215195196236e+00 -1.406800429226439109e+00 -1.732258518289434779e+00 -4.995020301663634088e-01 -2.177091982394085967e+00 -1.902299413077555679e+00
-2.368595121033885587e+00 -1.414906700077266821e+00 -1.727736332513040374e+00 -5.001360754594578184e-01 -2.179363871709664835e+00 -1.912465261188461829e+00
-2.373266026798963146e+00 -1.423030810010421421e+00 -1.723147333128255410e+00 -5.007838932630942486e-01 -2.181603269903141129e+00 -1.922631199693238369e+00
-2.377901274557731259e+00 -1.431172876604098088e+00 -1.718490648886866978e+00 -5.014448333832515203e-01 -2.183809973145753869e+00 -1.932797154395108352e+00
-2.382500196719226082e+00 -1.439333014281208412e+00 -1.713765418384696204e+00 -5.021182447281157257e-01 -2.185983797555373087e+00 -1.942963051058650636e+00
-2.387062116066489548e+00 -1.447511334005278316e+00 -1.708970791151513069e+00 -5.028034758989526898e-01 -2.188124579254539626e+00 -1.953128815409869601e+00
-2.391586345800220226e+00 -1.455707942967210178e+00 -1.704105928773790746e+00 -5.034998757850622786e-01 -2.190232174414632915e+00 -1.963294373136278637e+00
-2.396072189594353308e+00 -1.463922944263020165e+00 -1.699170006050426673e+00 -5.042067941624963634e-01 -2.192306459285927378e+00 -1.973459649886994738e+00
-2.400518941664125272e+00 -1.472156436562680470e+00 -1.694162212181515859e+00 -5.049235822962218068e-01 -2.194347330213338942e+00 -1.983624571272847303e+00
-2.404925886847196548e+00 -1.480408513770231638e+00 -1.689081751990223257e+00 -5.056495935453696466e-01 -2.196354703637579675e+00 -1.993789062866496931e+00
-2.409292300698418376e+00 -1.488679264675357716e+00 -1.683927847177757453e+00 -5.063841839712007742e-01 -2.198328516081477169e+00 -2.003953050202567088e+00
-2.413617449598835840e+00 -1.496968772596649400e+00 -1.678699737611401011e+00 -5.071267129473918667e-01 -2.200268724121182906e+00 -2.014116458777786889e+00
-2.417900590879531464e+00 -1.505277115016809608e+00 -1.673396682645508449e+00 -5.078765437722150278e-01 -2.202175304341972506e+00 -2.024279214051144749e+00
-2.422140972960926231e+00 -1.513604363210098613e+00 -1.668017962475327076e+00 -5.086330442821551667e-01 -2.204048253278340308e+00 -2.034441241444053361e+00
-2.426337835508155738e+00 -1.521950581862343332e+00 -1.662562879523444836e+00 -5.093955874664789496e-01 -2.205887587338063671e+00 -2.044602466340523783e+00
-2.430490409603156543e+00 -1.530315828683877610e+00 -1.657030759858613145e+00 -5.101635520822241920e-01 -2.207693342709896811e+00 -2.054762814087351508e+00
-2.434597917934093303e+00 -1.538700154015821164e+00 -1.651420954646629191e+00 -5.109363232690371515e-01 -2.209465575254526915e+00 -2.064922209994310531e+00
-2.438659575002769309e+00 -1.547103600430139503e+00 -1.645732841632904897e+00 -5.117132931632228932e-01 -2.211204360378378642e+00 -2.075080579334358521e+00
-2.442674587350667448e+00 -1.555526202323974649e+00 -1.639965826656278214e+00 -5.124938615103347139e-01 -2.212909792889860228e+00 -2.085237847343848205e+00
-2.446642153804260644e+00 -1.563967985508780023e+00 -1.634119345193558059e+00 -5.132774362755518904e-01 -2.214581986837586225e+00 -2.095393939222751634e+00
-2.450561465740244582e+00 -1.572428966794833682e+00 -1.628192863934216472e+00 -5.140634342510382870e-01 -2.216221075330106594e+00 -2.105548780134887998e+00
-2.454431707371332205e+00 -1.580909153571752546e+00 -1.622185882384569178e+00 -5.148512816594029706e-01 -2.217827210336643873e+00 -2.115702295208162553e+00
-2.458252056053253920e+00 -1.589408543385681272e+00 -1.616097934500704270e+00 -5.156404147522826165e-01 -2.219400562468278437e+00 -2.125854409534813083e+00
-2.462021682613598550e+00 -1.597927123513868564e+00 -1.609928590349334332e+00 -5.164302804029982097e-01 -2.220941320739026281e+00 -2.136005048171660370e+00
-2.465739751703119875e+00 -1.606464870537407164e+00 -1.603677457795659178e+00 -5.172203366921505063e-01 -2.222449692306243563e+00 -2.146154136140369317e+00
-2.469405422170130038e+00 -1.615021749912951554e+00 -1.597344184217236895e+00 -5.180100534849150229e-01 -2.223925902189749060e+00 -2.156301598427712740e+00
-2.473017847458578888e+00 -1.623597715544284670e+00 -1.590928458242760746e+00 -5.187989129987216064e-01 -2.225370192969092997e+00 -2.166447359985843590e+00
-2.476576176030415244e+00 -1.632192709354661320e+00 -1.584430011514541770e+00 -5.195864103598991646e-01 -2.226782824458375387e+00 -2.176591345732571625e+00
-2.480079551812793603e+00 -1.640806660860898214e+00 -1.577848620473391916e+00 -5.203720541477794281e-01 -2.228164073358053443e+00 -2.186733480551644071e+00
-2.483527114670679214e+00 -1.649439486750246209e+00 -1.571184108164489057e+00 -5.211553669246723475e-01 -2.229514232883208269e+00 -2.196873689293032506e+00
-2.486918000905377291e+00 -1.658091090461122574e+00 -1.564436346062693772e+00 -5.219358857500655535e-01 -2.230833612367815189e+00 -2.207011896773222848e+00
-2.490251343779479321e+00 -1.666761361768845928e+00 -1.557605255915666342e+00 -5.227131626773322548e-01 -2.232122536844630911e+00 -2.217148027775509789e+00
-2.493526274068697202e+00 -1.675450176377559108e+00 -1.550690811603007147e+00 -5.234867652312111819e-01 -2.233381346600422201e+00 -2.227282007050292112e+00
-2.496741920641011081e+00 -1.684157395519586542e+00 -1.543693041009510880e+00 -5.242562768642811122e-01 -2.234610396706368629e+00 -2.237413759315374673e+00
-2.499897411063527919e+00 -1.692882865563522410e+00 -1.536612027910491118e+00 -5.250212973907084635e-01 -2.235810056523665157e+00 -2.247543209256269048e+00
-2.502991872237396720e+00 -1.701626417632395638e+00 -1.529447913866986752e+00 -5.257814433955609879e-01 -2.236980709184504867e+00 -2.257670281526498179e+00
-2.506024431061085078e+00 -1.710387867233314596e+00 -1.522200900128512169e+00 -5.265363486180731911e-01 -2.238122751048829073e+00 -2.267794900747901909e+00
-2.508994215122270610e+00 -1.719167013900035679e+00 -1.514871249540858500e+00 -5.272856643073999816e-01 -2.239236591137506949e+00 -2.277916991510942957e+00
-2.511900353418543119e+00 -1.727963640849952798e+00 -1.507459288456290736e+00 -5.280290595495399364e-01 -2.240322650542825311e+00 -2.288036478375015115e+00
-2.514741977107056492e+00 -1.736777514657050991e+00 -1.499965408643313625e+00 -5.287662215643217367e-01 -2.241381361817448514e+00 -2.298153285868749229e+00
-2.517518220283204933e+00 -1.745608384942405999e+00 -1.492390069193001878e+00 -5.294968559716515255e-01 -2.242413168343341479e+00 -2.308267338490321841e+00
-2.520228220788328866e+00 -1.754455984083855613e+00 -1.484733798418708561e+00 -5.302206870265104843e-01 -2.243418523682424226e+00 -2.318378560707760716e+00
-2.522871121046384779e+00 -1.763320026946505914e+00 -1.476997195745764158e+00 -5.309374578225356522e-01 -2.244397890911020710e+00 -2.328486876959251717e+00
-2.525446068929431132e+00 -1.772200210635768380e+00 -1.469180933587584281e+00 -5.316469304644727556e-01 -2.245351741940509349e+00 -2.338592211653441222e+00
-2.527952218651706495e+00 -1.781096214274653144e+00 -1.461285759204385082e+00 -5.323488862101617425e-01 -2.246280556826799835e+00 -2.348694489169741217e+00
-2.530388731691983750e+00 -1.790007698807069003e+00 -1.453312496540487775e+00 -5.330431255832045467e-01 -2.247184823071540105e+00 -2.358793633858627725e+00
-2.532754777743790875e+00 -1.798934306828907426e+00 -1.445262048035959257e+00 -5.337294684579351189e-01 -2.248065034918167893e+00 -2.368889570041941450e+00
-2.535049535692998735e+00 -1.807875662448694909e+00 -1.437135396408093735e+00 -5.344077541187183256e-01 -2.248921692646004278e+00 -2.378982222013181769e+00
-2.537272194622163912e+00 -1.816831371179610910e+00 -1.428933606397983613e+00 -5.350778412960324193e-01 -2.249755301865678625e+00 -2.389071514037801158e+00
-2.539421954840920037e+00 -1.825801019864680574e+00 -1.420657826477162100e+00 -5.357396081820940958e-01 -2.250566372819081007e+00 -2.399157370353494301e+00
-2.541498028941587162e+00 -1.834784176636933273e+00 -1.412309290509017767e+00 -5.363929524290262929e-01 -2.251355419686901005e+00 -2.409239715170485852e+00
-2.543499642879061273e+00 -1.843780390916325951e+00 -1.403889319359386434e+00 -5.370377911326162934e-01 -2.252122959906472932e+00 -2.419318472671812881e+00
-2.545426037073920789e+00 -1.852789193445196991e+00 -1.395399322450416202e+00 -5.376740608046374215e-01 -2.252869513502224752e+00 -2.429393567013605537e+00
-2.547276467537559430e+00 -1.861810096364004297e+00 -1.386840799251472856e+00 -5.383017173364235131e-01 -2.253595602430476408e+00 -2.439464922325362384e+00
-2.549050207018030534e+00 -1.870842593329060444e+00 -1.378215340700511105e+00 -5.389207359558734201e-01 -2.254301749939624067e+00 -2.449532462710223513e+00
-2.550746546165143069e+00 -1.879886159673935575e+00 -1.369524630548970556e+00 -5.395311111793810177e-01 -2.254988479946007818e+00 -2.459596112245239219e+00
-2.552364794713219975e+00 -1.888940252616151616e+00 -1.360770446622875607e+00 -5.401328567592843521e-01 -2.255656316424929475e+00 -2.469655794981634234e+00
-2.553904282679774873e+00 -1.898004311510726572e+00 -1.351954661992406326e+00 -5.407260056264039383e-01 -2.256305782815492211e+00 -2.479711434945069737e+00
-2.555364361578220667e+00 -1.907077758152053937e+00 -1.343079246041784858e+00 -5.413106098260993537e-01 -2.256937401437177027e+00 -2.489762956135900929e+00
-2.556744405642570328e+00 -1.916159997125524539e+00 -1.334146265430856904e+00 -5.418867404451287451e-01 -2.257551692915434227e+00 -2.499810282529431493e+00
-2.558043813061921856e+00 -1.925250416210204873e+00 -1.325157884939269115e+00 -5.424544875254297960e-01 -2.258149175613072934e+00 -2.509853338076163176e+00
-2.559262007222369739e+00 -1.934348386833771416e+00 -1.316116368183624541e+00 -5.430139599599416167e-01 -2.258730365063942536e+00 -2.519892046702046695e+00
-2.560398437953802731e+00 -1.943453264580802253e+00 -1.307024078197445149e+00 -5.435652853646965044e-01 -2.259295773405313401e+00 -2.529926332308725101e+00
-2.561452582778884324e+00 -1.952564389755376828e+00 -1.297883477863185586e+00 -5.441086099207061988e-01 -2.259845908805469428e+00 -2.539956118773778471e+00
-2.562423948161321352e+00 -1.961681087998813355e+00 -1.288697130184909057e+00 -5.446440981786929703e-01 -2.260381274883343838e+00 -2.549981329950966380e+00
-2.563312070750347171e+00 -1.970802670963205161e+00 -1.279467698389562091e+00 -5.451719328193750380e-01 -2.260902370117448879e+00 -2.560001889670468156e+00
-2.564116518618147378e+00 -1.979928437041255984e+00 -1.270197945844057097e+00 -5.456923143618873651e-01 -2.261409687241935362e+00 -2.570017721739124905e+00
-2.564836892486748177e+00 -1.989057672152735323e+00 -1.260890735774590210e+00 -5.462054608128630306e-01 -2.261903712628214436e+00 -2.580028749940681099e+00
-2.565472826940682349e+00 -1.998189650587674615e+00 -1.251549030773773330e+00 -5.467116072486906120e-01 -2.262384925651184542e+00 -2.590034898036028377e+00
-2.566023991621512845e+00 -2.007323635906219650e+00 -1.242175892080247923e+00 -5.472110053234746641e-01 -2.262853798039708320e+00 -2.600036089763453351e+00
-2.566490092400059098e+00 -2.016458881894829247e+00 -1.232774478614453662e+00 -5.477039226951028184e-01 -2.263310793211474881e+00 -2.610032248838888513e+00
-2.566870872521914482e+00 -2.025594633578263526e+00 -1.223348045753144042e+00 -5.481906423615490187e-01 -2.263756365592789255e+00 -2.620023298956170699e+00
-2.567166113721564003e+00 -2.034730128286561524e+00 -1.213899943824064742e+00 -5.486714618990925496e-01 -2.264190959924133217e+00 -2.630009163787307092e+00
-2.567375637300110647e+00 -2.043864596775909703e+00 -1.204433616300922827e+00 -5.491466925932841914e-01 -2.264615010552462060e+00 -2.639989766982752784e+00
-2.567499305161293321e+00 -2.052997264402014466e+00 -1.194952597677361616e+00 -5.496166584523259901e-01 -2.265028940711231620e+00 -2.649965032171701207e+00
-2.567537020800106262e+00 -2.062127352344274911e+00 -1.185460510997106365e+00 -5.500816950908491432e-01 -2.265433161788980687e+00 -2.659934882962389668e+00
-2.567488730237931005e+00 -2.071254078878673965e+00 -1.175961065015729723e+00 -5.505421484697291534e-01 -2.265828072586961284e+00 -2.669899242942428863e+00
-2.567354422897628830e+00 -2.080376660696934721e+00 -1.166458050967598803e+00 -5.509983734744900996e-01 -2.266214058565803935e+00 -2.679858035679153705e+00
-2.567134132411526437e+00 -2.089494314269027875e+00 -1.156955338909461117e+00 -5.514507323106507819e-01 -2.266591491080434118e+00 -2.689811184720005688e+00
-2.566827937354636102e+00 -2.098606257245642759e+00 -1.147456873609791428e+00 -5.518995926888013992e-01 -2.266960726601408460e+00 -2.699758613592951217e+00
-2.566435961894771633e+00 -2.107711709896602059e+00 -1.137966669950416065e+00 -5.523453257645957182e-01 -2.267322105919359565e+00 -2.709700245806945240e+00
-2.565958376350453651e+00 -2.116809896580554629e+00 -1.128488807804005623e+00 -5.527883037884750994e-01 -2.267675953327163985e+00 -2.719636004852447275e+00
-2.565395397646584641e+00 -2.125900047240378399e+00 -1.119027426347749987e+00 -5.532288974054354602e-01 -2.268022575771488469e+00 -2.729565814202001839e+00
-2.564747289656857721e+00 -2.134981398917691564e+00 -1.109586717769821096e+00 -5.536674725243205808e-01 -2.268362261960984227e+00 -2.739489597310902358e+00
-2.564014363420665799e+00 -2.144053197278465106e+00 -1.100170920321045465e+00 -5.541043866453282396e-01 -2.268695281411701625e+00 -2.749407277617951451e+00
-2.563196977220926875e+00 -2.153114698139934724e+00 -1.090784310659439704e+00 -5.545399844873910578e-01 -2.269021883399751971e+00 -2.759318778546345552e+00
-2.562295536507723792e+00 -2.162165168986538433e+00 -1.081431195429831016e+00 -5.549745926737541524e-01 -2.269342295770505391e+00 -2.769224023504722521e+00
-2.561310493650981179e+00 -2.171203890459257657e+00 -1.072115902014551869e+00 -5.554085131321244706e-01 -2.269656723533468590e+00 -2.779122935888413082e+00
-2.560242347503633109e+00 -2.180230157797979018e+00 -1.062842768384012704e+00 -5.558420146163335351e-01 -2.269965347105765918e+00 -2.789015439080977377e+00
-2.559091642755025209e+00 -2.189243282209762498e+00 -1.053616131967625602e+00 -5.562753213315884127e-01 -2.270268319960672354e+00 -2.798901456456139414e+00
-2.557858969052865916e+00 -2.198242592126090855e+00 -1.044440317455818557e+00 -5.567085967427073401e-01 -2.270565765203618636e+00 -2.808780911380324596e+00
-2.556544959871476230e+00 -2.207227434297736934e+00 -1.035319623432389813e+00 -5.571419186339654495e-01 -2.270857770077105986e+00 -2.818653727216210214e+00
-2.555150291105272586e+00 -2.216197174654346291e+00 -1.026258307722732521e+00 -5.575752366196230492e-01 -2.271144376159659029e+00 -2.828519827328297875e+00
-2.553675679371167462e+00 -2.225151198823158261e+00 -1.017260571326783936e+00 -5.580082270236409459e-01 -2.271425539604049693e+00 -2.838379135094389660e+00
-2.552121880015030708e+00 -2.234088912151099393e+00 -1.008330540784798002e+00 -5.584338474858746570e-01 -2.271699191699260822e+00 -2.848231574178746950e+00
-2.550489684841351412e+00 -2.243009738996327940e+00 -9.994722487973453084e-01 -5.588487343047553457e-01 -2.271964559129040051e+00 -2.858077068215021388e+00
-2.548779919632320201e+00 -2.251913120931959611e+00 -9.906896128850714023e-01 -5.592514186748309690e-01 -2.272221504765755462e+00 -2.867915540725670898e+00
