-9.278670261269930664e-02 9.181756424072351486e-01 -1.466342208489334498e+00 3.811592994873803236e-02 -8.975874197510175234e-01 1.580785006706169060e+00
-9.278670261269930664e-02 9.181756424072351486e-01 -1.466342208489334498e+00 3.811592994873803236e-02 -8.975874197510175234e-01 1.580785006706169060e+00
-9.279337487984541666e-02 9.181341566518615993e-01 -1.467354989497547502e+00 3.810814194842637032e-02 -8.976506149352012631e-01 1.580797294079365090e+00
-9.280671475491909794e-02 9.180509559789554741e-01 -1.469334524467035497e+00 3.809257724280376567e-02 -8.977764973357372780e-01 1.580821912482186509e+00
-9.282684087048753696e-02 9.179258373881344912e-01 -1.472235848307843709e+00 3.806924939383209139e-02 -8.979645564594740392e-01 1.580858905368208056e+00
-9.285398878302510151e-02 9.177586235449486374e-01 -1.476015056143763271e+00 3.803817420370655955e-02 -8.982142793262306579e-01 1.580908315981302659e+00
-9.288850458313505087e-02 9.175491627988895393e-01 -1.480629300580016405e+00 3.799936968752354316e-02 -8.985251505072547884e-01 1.580970187348855083e+00
-9.293083850028675819e-02 9.172973296231616835e-01 -1.486036788029017730e+00 3.795285604534808649e-02 -8.988966521638521723e-01 1.581044562275035981e+00
-9.298153851546311910e-02 9.170030253911801710e-01 -1.492196774140146731e+00 3.789865563368528811e-02 -8.993282640861887112e-01 1.581131483334137444e+00
-9.304124399302944604e-02 9.166661794116829354e-01 -1.499069558378258060e+00 3.783679293636006691e-02 -8.998194637322608491e-01 1.581230992863970286e+00
-9.311067934181350980e-02 9.162867501511119395e-01 -1.506616477794454401e+00 3.776729453481005028e-02 -9.003697262670415924e-01 1.581343132959321274e+00
-9.319064771466624431e-02 9.158647265785045954e-01 -1.514799900031456925e+00 3.769018907779658062e-02 -9.009785246018048310e-01 1.581467945465474090e+00
-9.328202475551651551e-02 9.154001295745037847e-01 -1.523583215604733310e+00 3.760550725053896787e-02 -9.016453294336159718e-01 1.581605471971790022e+00
-9.338575240301605351e-02 9.148930133522577002e-01 -1.532930829499377978e+00 3.751328174327762943e-02 -9.023696092850095329e-01 1.581755753805352160e+00
-9.350283276018858669e-02 9.143434668438988888e-01 -1.542808152121593501e+00 3.741354721927178661e-02 -9.031508305438445960e-01 1.581918832024670429e+00
-9.363432203995782077e-02 9.137516150119806557e-01 -1.553181589642487648e+00 3.730634028223756699e-02 -9.039884575033420022e-01 1.582094747413450353e+00
-9.378132459695520673e-02 9.131176200506894158e-01 -1.564018533770785924e+00 3.719169944323288263e-02 -9.048819524022991834e-01 1.582283540474422656e+00
-9.394498705653876736e-02 9.124416824468375431e-01 -1.575287350989962309e+00 3.706966508699548885e-02 -9.058307754654968402e-01 1.582485251423236150e+00
-9.412649255243411839e-02 9.117240418755749864e-01 -1.586957371294208219e+00 3.694027943774093325e-02 -9.068343849442882521e-01 1.582699920182413011e+00
-9.432705508479960477e-02 9.109649779104238565e-01 -1.598998876456598772e+00 3.680358652442738965e-02 -9.078922371573825423e-01 1.582927586375367568e+00
-9.454791401078775637e-02 9.101648105316439974e-01 -1.611383087861773422e+00 3.665963214549436411e-02 -9.090037865318016941e-01 1.583168289320487032e+00
-9.479032867980186072e-02 9.093239004210632581e-01 -1.624082153934418127e+00 3.650846383308312126e-02 -9.101684856440501736e-01 1.583422068025275520e+00
-9.505557322561764000e-02 9.084426490353595396e-01 -1.637069137193836177e+00 3.635013081674615815e-02 -9.113857852614661859e-01 1.583688961180561572e+00
-9.534493152734550836e-02 9.075214984533539475e-01 -1.650318000963903353e+00 3.618468398665379560e-02 -9.126551343837692176e-01 1.583969007154768516e+00
-9.565969235085093614e-02 9.065609309961605300e-01 -1.663803595766736754e+00 3.601217585630633183e-02 -9.139759802848292924e-01 1.584262243988248553e+00
-9.600114468172968318e-02 9.055614686220447851e-01 -1.677501645427456500e+00 3.583266052475949509e-02 -9.153477685546003162e-01 1.584568709387679464e+00
-9.637057326026209070e-02 9.045236721005613933e-01 -1.691388732916489834e+00 3.564619363837268073e-02 -9.167699431412915656e-01 1.584888440720526370e+00
-9.676925432795609183e-02 9.034481399729742401e-01 -1.705442285954953840e+00 3.545283235208844530e-02 -9.182419463937346871e-01 1.585221475009565451e+00
-9.719845159434828408e-02 9.023355073081200661e-01 -1.719640562407760198e+00 3.525263529025211146e-02 -9.197632191039423200e-01 1.585567848927472934e+00
-9.765941243168130281e-02 9.011864442647479212e-01 -1.733962635488210946e+00 3.504566250698157998e-02 -9.213332005499004218e-01 1.585927598791476045e+00
-9.815336430393413469e-02 9.000016544729746437e-01 -1.748388378796994269e+00 3.483197544609704932e-02 -9.229513285386017341e-01 1.586300760558070122e+00
-9.868151143546634307e-02 8.987818732488374041e-01 -1.762898451217652429e+00 3.461163690061937193e-02 -9.246170394492521094e-01 1.586687369817797455e+00
-9.924503172327002465e-02 8.975278656570064850e-01 -1.777474281689770397e+00 3.438471097184802455e-02 -9.263297682767005492e-01 1.587087461790092080e+00
-9.984507389552060852e-02 8.962404244375656859e-01 -1.792098053880327946e+00 3.415126302802910102e-02 -9.280889486751151551e-01 1.587501071318186963e+00
-1.004827549178018697e-01 8.949203678133745843e-01 -1.806752690772872372e+00 3.391135966262379120e-02 -9.298940130018837902e-01 1.587928232864086686e+00
-1.011591576470662335e-01 8.935685371949166900e-01 -1.821421839193395620e+00 3.366506865218763661e-02 -9.317443923617226842e-01 1.588368980503603645e+00
-1.018753287320989520e-01 8.921857947997189342e-01 -1.836089854291045542e+00 3.341245891387210204e-02 -9.336395166510178534e-01 1.588823347921458407e+00
-1.026322767579967293e-01 8.907730212034252748e-01 -1.850741783991062039e+00 3.315360046256028703e-02 -9.355788146024442975e-01 1.589291368406444693e+00
-1.034309706309643473e-01 8.893311128394242315e-01 -1.865363353436606975e+00 3.288856436764667907e-02 -9.375617138297597242e-01 1.589773074846658973e+00
-1.042723381985879161e-01 8.878609794635925478e-01 -1.879940949435449538e+00 3.261742270947445149e-02 -9.395876408728914830e-01 1.590268499724793339e+00
-1.051572650996715208e-01 8.863635416002400014e-01 -1.894461604926777287e+00 3.234024853544213707e-02 -9.416560212432945054e-01 1.590777675113494105e+00
-1.060865938367346467e-01 8.848397279847336483e-01 -1.908912983482720538e+00 3.205711581579007846e-02 -9.437662794694986479e-01 1.591300632670783921e+00
-1.070611230633683603e-01 8.832904730175734631e-01 -1.923283363858534267e+00 3.176809939908092906e-02 -9.459178391429420296e-01 1.591837403635548709e+00
-1.080816070778425758e-01 8.817167142438843142e-01 -1.937561624604716926e+00 3.147327496738548669e-02 -9.481101229640271910e-01 1.592388018823089224e+00
-1.091487555136514964e-01 8.801193898714173569e-01 -1.951737228753722020e+00 3.117271899118813014e-02 -9.503425527884737933e-01 1.592952508620736340e+00
-1.102632332170788154e-01 8.784994363392126804e-01 -1.965800208593302845e+00 3.086650868402400494e-02 -9.526145496739208962e-01 1.593530902983532060e+00
-1.114256603013614455e-01 8.768577859480958248e-01 -1.979741150537926986e+00 3.055472195686182238e-02 -9.549255339268125642e-01 1.594123231429973586e+00
-1.126366123666284885e-01 8.751953645631675993e-01 -1.993551180109108145e+00 3.023743737224504624e-02 -9.572749251495328293e-01 1.594729523037823560e+00
-1.138966208744895681e-01 8.735130893974141220e-01 -2.007221947034931286e+00 2.991473409820503970e-02 -9.596621422877907870e-01 1.595349806439982698e+00
-1.152061736659401592e-01 8.718118668845282748e-01 -2.020745610478487109e+00 2.958669186196159068e-02 -9.620866036783244368e-01 1.595984109820429042e+00
-1.165657156111379739e-01 8.700925906480000416e-01 -2.034114824404384514e+00 2.925339090342374271e-02 -9.645477270968692007e-01 1.596632460910220042e+00
-1.179756493795777184e-01 8.683561395725157839e-01 -2.047322723091979935e+00 2.891491192850747377e-02 -9.670449298064828225e-01 1.597294886983560369e+00
-1.194363363192478128e-01 8.666033759827113103e-01 -2.060362906803444805e+00 2.857133606228126621e-02 -9.695776286060866500e-01 1.597971414853932792e+00
-1.209480974334845443e-01 8.648351439333601398e-01 -2.073229427614288412e+00 2.822274480195643281e-02 -9.721452398793126726e-01 1.598662070870294771e+00
-1.225112144444412410e-01 8.630522676141522131e-01 -2.085916775413458879e+00 2.786921996973703089e-02 -9.747471796436540936e-01 1.599366880913338562e+00
-1.241259309323549942e-01 8.612555498713347912e-01 -2.098419864079672514e+00 2.751084366554373828e-02 -9.773828635998900172e-01 1.600085870391815712e+00
-1.257924535401152566e-01 8.594457708476531677e-01 -2.110734017840153687e+00 2.714769821962912527e-02 -9.800517071818665160e-01 1.600819064238926392e+00
-1.275109532330093998e-01 8.576236867412445619e-01 -2.122854957817523758e+00 2.677986614509642038e-02 -9.827531256065109577e-01 1.601566486908772013e+00
-1.292815666039341393e-01 8.557900286834067005e-01 -2.134778788770129943e+00 2.640743009034152849e-02 -9.854865339242215860e-01 1.602328162372873122e+00
-1.311043972148112913e-01 8.539455017344916854e-01 -2.146501986030694642e+00 2.603047279143245324e-02 -9.882513470695739599e-01 1.603104114116750578e+00
-1.329795169654253983e-01 8.520907839965560227e-01 -2.158021382647739461e+00 2.564907702444078896e-02 -9.910469799122961776e-01 1.603894365136571132e+00
-1.349069674814023512e-01 8.502265258408380211e-01 -2.169334156733851326e+00 2.526332555774424976e-02 -9.938728473086068105e-01 1.604698937935856939e+00
-1.368867615135686278e-01 8.483533492476322824e-01 -2.180437819024467760e+00 2.487330110431477947e-02 -9.967283641528504878e-01 1.605517854522259036e+00
-1.389188843414602137e-01 8.464718472556812534e-01 -2.191330200650483118e+00 2.447908627401124138e-02 -9.996129454295087369e-01 1.606351136404394753e+00
-1.410032951742885010e-01 8.445825835178153440e-01 -2.202009441127624534e+00 2.408076352588967364e-02 -1.002526006265470615e+00 1.607198804588748198e+00
-1.431399285432089219e-01 8.426860919592300547e-01 -2.212473976565190181e+00 2.367841512055324921e-02 -1.005466961982715013e+00 1.608060879576635793e+00
-1.453286956792736173e-01 8.407828765345040090e-01 -2.222722528096412020e+00 2.327212307255804163e-02 -1.008435228151371321e+00 1.608937381361233987e+00
-1.475694858719789893e-01 8.388734110792208654e-01 -2.232754090532377944e+00 2.286196910288934223e-02 -1.011430220643080524e+00 1.609828329424671356e+00
-1.498621678038373206e-01 8.369581392518633534e-01 -2.242567921241141793e+00 2.244803459152627800e-02 -1.014451355684675482e+00 1.610733742735183549e+00
-1.522065908569069648e-01 8.350374745615015692e-01 -2.252163529253340624e+00 2.203040053011110638e-02 -1.017498049912148206e+00 1.611653639744332400e+00
-1.546025863877044937e-01 8.331118004766814300e-01 -2.261540664595360184e+00 2.160914747474895065e-02 -1.020569720425111626e+00 1.612588038384286993e+00
-1.570499689673926780e-01 8.311814706108535677e-01 -2.270699307850803539e+00 2.118435549894938028e-02 -1.023665784841578219e+00 1.613536956065168670e+00
-1.595485375845888676e-01 8.292468089796386499e-01 -2.279639659950760233e+00 2.075610414672549031e-02 -1.026785661353004198e+00 1.614500409672458670e+00
-1.620980768085655832e-01 8.273081103252217794e-01 -2.288362132193112242e+00 2.032447238587839836e-02 -1.029928768779834414e+00 1.615478415564468584e+00
-1.646983579110213869e-01 8.253656405031886134e-01 -2.296867336490870048e+00 1.988953856147642266e-02 -1.033094526627321486e+00 1.616470989569874117e+00
-1.673491399449802408e-01 8.234196369271611360e-01 -2.305156075849303043e+00 1.945138034955144063e-02 -1.036282355141723288e+00 1.617478146985310339e+00
-1.700501707797346662e-01 8.214703090666629626e-01 -2.313229335071399273e+00 1.901007471103406329e-02 -1.039491675366933432e+00 1.618499902573030003e+00
-1.728011880910794718e-01 8.195178389937304297e-01 -2.321088271690984861e+00 1.856569784594277323e-02 -1.042721909201466568e+00 1.619536270558624258e+00
-1.756019203063894640e-01 8.175623819738920828e-01 -2.328734207132622469e+00 1.811832514784705861e-02 -1.045972479455817394e+00 1.620587264628805313e+00
-1.784520875043761334e-01 8.156040670972621864e-01 -2.336168618097219873e+00 1.766803115862194962e-02 -1.049242809910161389e+00 1.621652897929250825e+00
-1.813514022696157135e-01 8.136429979456243355e-01 -2.343393128172098105e+00 1.721488952350851143e-02 -1.052532325372311117e+00 1.622733183062510465e+00
-1.842995705021741870e-01 8.116792532915265701e-01 -2.350409499664091850e+00 1.675897294652267319e-02 -1.055840451736382635e+00 1.623828132085974429e+00
-1.872962921828643656e-01 8.097128878255606121e-01 -2.357219625654091377e+00 1.630035314620355280e-02 -1.059166616041604003e+00 1.624937756509902576e+00
-1.903412620948578271e-01 8.077439329081558261e-01 -2.363825522271279400e+00 1.583910081174238343e-02 -1.062510246531684910e+00 1.626062067295515723e+00
-1.934341705025391378e-01 8.057723973423824848e-01 -2.370229321185168381e+00 1.537528555949660078e-02 -1.065870772714458070e+00 1.627201074853147356e+00
-1.965747037886350634e-01 8.037982681644225691e-01 -2.376433262313408790e+00 1.490897588991895242e-02 -1.069247625421980930e+00 1.628354789040457273e+00
-1.997625450507757028e-01 8.018215114485376382e-01 -2.382439686743205165e+00 1.444023914490828384e-02 -1.072640236870856301e+00 1.629523219160704972e+00
-2.029973746587508399e-01 7.998420731235283965e-01 -2.388251029864055131e+00 1.396914146562067138e-02 -1.076048040723114330e+00 1.630706373961084088e+00
-2.062788707738129612e-01 7.978598797978496693e-01 -2.393869814709414623e+00 1.349574775075012417e-02 -1.079470472147447513e+00 1.631904261631117459e+00
-2.096067098314504662e-01 7.958748395907122575e-01 -2.399298645504783778e+00 1.302012161531003812e-02 -1.082906967880986615e+00 1.633116889801111915e+00
-2.129805669891102482e-01 7.938868429666632309e-01 -2.404540201419606227e+00 1.254232534991215481e-02 -1.086356966291219139e+00 1.634344265540673469e+00
-2.164001165403925397e-01 7.918957635713016474e-01 -2.409597230520289290e+00 1.206241988058141118e-02 -1.089819907438362323e+00 1.635586395357282008e+00
-2.198650322972681981e-01 7.899014590659386714e-01 -2.414472543921560188e+00 1.158046472912689293e-02 -1.093295233138178668e+00 1.636843285194925057e+00
-2.233749879418865103e-01 7.879037719591684974e-01 -2.419169010133296549e+00 1.109651797408553464e-02 -1.096782387025168282e+00 1.638114940432791711e+00
-2.269296573495475644e-01 7.859025304334613660e-01 -2.423689549599901127e+00 1.061063621226646103e-02 -1.100280814616247937e+00 1.639401365884025852e+00
-2.305287148844087641e-01 7.838975491650338467e-01 -2.428037129429220897e+00 1.012287452090283174e-02 -1.103789963374702365e+00 1.640702565794536660e+00
-2.341718356694824366e-01 7.818886301353896728e-01 -2.432214758307947644e+00 9.633286420446994514e-03 -1.107309282774637360e+00 1.642018543841869294e+00
-2.378586958324604150e-01 7.798755634330569730e-01 -2.436225481600395426e+00 9.141923838020728915e-03 -1.110838224365791493e+00 1.643349303134133299e+00
-2.415889727288735855e-01 7.778581280441729806e-01 -2.440072376627478334e+00 8.648837071556603889e-03 -1.114376241838921366e+00 1.644694846208989203e+00
-2.453623451440599401e-01 7.758360926306904215e-01 -2.443758548122708874e+00 8.154074754616543602e-03 -1.117922791091264356e+00 1.646055175032693274e+00
-2.491784934753754621e-01 7.738092162950935826e-01 -2.447287123861953351e+00 7.657683821936420165e-03 -1.121477330292482311e+00 1.647430290999198688e+00
-2.530370998960377316e-01 7.717772493306218617e-01 -2.450661250463677110e+00 7.159709475731985268e-03 -1.125039319951262939e+00 1.648820194929315974e+00
-2.569378485019440106e-01 7.697399339561044052e-01 -2.453884089356374254e+00 6.660195152736643476e-03 -1.128608222981896558e+00 1.650224887069928981e+00
-2.608804254427550262e-01 7.676970050346052510e-01 -2.456958812909860512e+00 6.159182492036757717e-03 -1.132183504771436144e+00 1.651644367093267896e+00
-2.648645190384811277e-01 7.656481907751735427e-01 -2.459888600727078156e+00 5.656711303724686057e-03 -1.135764633247403177e+00 1.653078634096239341e+00
-2.688898198827517350e-01 7.635932134170821950e-01 -2.462676636093058757e+00 5.152819538357007734e-03 -1.139351078945610496e+00 1.654527686599811975e+00
-2.729560209338935950e-01 7.615317898960168863e-01 -2.465326102577670486e+00 4.647543257270660144e-03 -1.142942315078507631e+00 1.655991522548458716e+00
-2.770628175948823824e-01 7.594636324917610759e-01 -2.467840180788772209e+00 4.140916603757857639e-03 -1.146537817603790810e+00 1.657470139309653590e+00
-2.812099077831763383e-01 7.573884494569900205e-01 -2.470222045272400635e+00 3.632971775159601902e-03 -1.150137065293729277e+00 1.658963533673425195e+00
-2.853969919913809106e-01 7.553059456268598204e-01 -2.472474861556605230e+00 3.123738995837760379e-03 -1.153739539804483183e+00 1.660471701851964133e+00
-2.896237733396344050e-01 7.532158230091388074e-01 -2.474601783335558913e+00 2.613246491081543110e-03 -1.157344725745828473e+00 1.661994639479284830e+00
-2.938899576205483144e-01 7.511177813546894289e-01 -2.476605949790579242e+00 2.101520461975731058e-03 -1.160952110751350519e+00 1.663532341610943543e+00
-2.981952533374788161e-01 7.490115187081634041e-01 -2.478490483044692549e+00 1.588585061242861474e-03 -1.164561185548999900e+00 1.665084802723807877e+00
-3.025393717368491941e-01 7.468967319388291060e-01 -2.480258485747421915e+00 1.074462370074857898e-03 -1.168171444031942396e+00 1.666652016715881812e+00
-3.069220268351904313e-01 7.447731172514908682e-01 -2.481913038786450532e+00 5.591723759975908425e-04 -1.171782383329940336e+00 1.668233976906184024e+00
-3.113429354415135353e-01 7.426403706775132063e-01 -2.483457199122857340e+00 4.273295176413643981e-05 -1.175393503880984625e+00 1.669830676034677719e+00
-3.158018171755767600e-01 7.404981885459989144e-01 -2.484893997746642214e+00 -4.748401647351740973e-04 -1.179004309502852177e+00 1.671442106262254423e+00
-3.202983944825611440e-01 7.383462679352097435e-01 -2.486226437749272211e+00 -9.935333894453349246e-04 -1.182614307465409187e+00 1.673068259170770400e+00
-3.248323926446219923e-01 7.361843071043562281e-01 -2.487457492510019019e+00 -1.513335310002084100e-03 -1.186223008563414449e+00 1.674709125763133022e+00
-3.294035397897379092e-01 7.340120059059125346e-01 -2.488590103992873281e+00 -2.034236702498665172e-03 -1.189829927189326675e+00 1.676364696463441328e+00
-3.340115668982370778e-01 7.318290661786459594e-01 -2.489627181150860569e+00 -2.556230547120383334e-03 -1.193434581406353834e+00 1.678034961117175206e+00
-3.386562078073392934e-01 7.296351921215741276e-01 -2.490571598434612177e+00 -3.079312042576179409e-03 -1.197036493022214376e+00 1.679719908991437416e+00
-3.433371992140137330e-01 7.274300906490942520e-01 -2.491426194402077243e+00 -3.603478619416053408e-03 -1.200635187662564274e+00 1.681419528775244698e+00
-3.480542806764183039e-01 7.252134717275456888e-01 -2.492193770426300858e+00 -4.128729952083617927e-03 -1.204230194845312907e+00 1.683133808579869495e+00
-3.528071946141490001e-01 7.229850486934924492e-01 -2.492877089498227949e+00 -4.655067969796325422e-03 -1.207821048054771529e+00 1.684862735939230971e+00
-3.575956863075003822e-01 7.207445385540303118e-01 -2.493478875122823180e+00 -5.182497195790364275e-03 -1.211407281939033131e+00 1.686606297810335775e+00
-3.624195038959072690e-01 7.184916622694458299e-01 -2.494001810304273814e+00 -5.711024775572136336e-03 -1.214988432388630635e+00 1.688364480573766757e+00
-3.672783983757127446e-01 7.162261450185664069e-01 -2.494448536617352108e+00 -6.240660504308201406e-03 -1.218564036615401580e+00 1.690137270034222317e+00
-3.721721235973771691e-01 7.139477164471513815e-01 -2.494821653362057745e+00 -6.771416853247017031e-03 -1.222133633232276084e+00 1.691924651421103043e+00
-3.771004362622247807e-01 7.116561108996899421e-01 -2.495123716798705704e+00 -7.303308995225188394e-03 -1.225696762333328360e+00 1.693726609389148319e+00
-3.820630959187990561e-01 7.093510676349805699e-01 -2.495357239460668453e+00 -7.836354829192475335e-03 -1.229252965574450629e+00 1.695543128019120882e+00
-3.870598649588831153e-01 7.070323310258768146e-01 -2.495524689542023999e+00 -8.370575003716781981e-03 -1.232801786254762444e+00 1.697374190818540463e+00
-3.920905086132205897e-01 7.046996507435923096e-01 -2.495628490357410190e+00 -8.905992939496509830e-03 -1.236342769398327768e+00 1.699219780722465600e+00
-3.971547949469592664e-01 7.023527819269654859e-01 -2.495671019871429586e+00 -9.442634850839848326e-03 -1.239875461836329240e+00 1.701079880094323649e+00
-4.022524948548250601e-01 6.999914853370913237e-01 -2.495654610294997688e+00 -9.980529766098561462e-03 -1.243399412289612593e+00 1.702954470726788960e+00
-4.073833820560224250e-01 6.976155274977292597e-01 -2.495581547746075213e+00 -1.051970954696475335e-02 -1.246914171452119691e+00 1.704843533842709036e+00
-4.125472330888462213e-01 6.952246808219034735e-01 -2.495454071972273535e+00 -1.106020890670906393e-02 -1.250419292074417488e+00 1.706747050096079299e+00
-4.177438273049814965e-01 6.928187237251135500e-01 -2.495274376132865957e+00 -1.160206542727068579e-02 -1.253914329047833398e+00 1.708664999573063836e+00
-4.229729468634595424e-01 6.903974407255750734e-01 -2.495044606637796036e+00 -1.214531957516219729e-02 -1.257398839489281883e+00 1.710597361793065208e+00
-4.282343767242323684e-01 6.879606225319110369e-01 -2.494766863041312899e+00 -1.269001471620379712e-02 -1.260872382826483618e+00 1.712544115709841330e+00
-4.335279046413228476e-01 6.855080661187158420e-01 -2.494443197987918470e+00 -1.323619712907689316e-02 -1.264334520883491741e+00 1.714505239712668550e+00
-4.388533211555035729e-01 6.830395747904127735e-01 -2.494075617208360018e+00 -1.378391601762635199e-02 -1.267784817966851829e+00 1.716480711627552669e+00
-4.442104195864537974e-01 6.805549582338237258e-01 -2.493666079563452875e+00 -1.433322352198650868e-02 -1.271222840951710786e+00 1.718470508718486167e+00
-4.495989960243432781e-01 6.780540325598719553e-01 -2.493216497133560416e+00 -1.488417472835273231e-02 -1.274648159368944045e+00 1.720474607688752267e+00
-4.550188493207887319e-01 6.755366203348289744e-01 -2.492728735351620095e+00 -1.543682767745267054e-02 -1.278060345492741945e+00 1.722492984682275186e+00
-4.604697810791308354e-01 6.730025506015232528e-01 -2.492204613177639416e+00 -1.599124337177253857e-02 -1.281458974428125952e+00 1.724525615285016578e+00
-4.659515956439767015e-01 6.704516588909154029e-01 -2.491645903312650123e+00 -1.654748578142522381e-02 -1.284843624199014211e+00 1.726572474526417045e+00
-4.714641000899580936e-01 6.678837872244469676e-01 -2.491054332450144404e+00 -1.710562184870257491e-02 -1.288213875836397015e+00 1.728633536880884947e+00
-4.770071042096520886e-01 6.652987841075629349e-01 -2.490431581563075536e+00 -1.766572149122665886e-02 -1.291569313467036295e+00 1.730708776269328952e+00
-4.825804205006182235e-01 6.626965045148019984e-01 -2.489779286224549359e+00 -1.822785760362339441e-02 -1.294909524402995560e+00 1.732798166060736778e+00
-4.881838641515058308e-01 6.600768098668461370e-01 -2.489099036960384481e+00 -1.879210605783361576e-02 -1.298234099231124983e+00 1.734901679073797887e+00
-4.938172530271872640e-01 6.574395679999118780e-01 -2.488392379631763962e+00 -1.935854570200089275e-02 -1.301542631902746994e+00 1.737019287578571713e+00
-4.994804076528805981e-01 6.547846531278622706e-01 -2.487660815846252316e+00 -1.992725835783046989e-02 -1.304834719824045086e+00 1.739150963298199404e+00
-5.051731511972233912e-01 6.521119457974091649e-01 -2.486905803395501824e+00 -2.049832881656269562e-02 -1.308109963946145315e+00 1.741296677410660632e+00
-5.108953094542669771e-01 6.494213328367732796e-01 -2.486128756718014365e+00 -2.107184483338570002e-02 -1.311367968855819077e+00 1.743456400550572383e+00
-5.166467108243644191e-01 6.467127072981557756e-01 -2.485331047385347603e+00 -2.164789712029480118e-02 -1.314608342866604884e+00 1.745630102811033479e+00
-5.224271862939262601e-01 6.439859683943743862e-01 -2.484514004610259175e+00 -2.222657933744747599e-02 -1.317830698109932364e+00 1.747817753745509961e+00
-5.282365694140270795e-01 6.412410214300043876e-01 -2.483678915775282992e+00 -2.280798808296610747e-02 -1.321034650626404350e+00 1.750019322369765096e+00
-5.340746962778466500e-01 6.384777777273611399e-01 -2.482827026980286345e+00 -2.339222288113920051e-02 -1.324219820457392061e+00 1.752234777163830470e+00
-5.399414054969366994e-01 6.356961545476493836e-01 -2.481959543607604957e+00 -2.397938616901111597e-02 -1.327385831736864530e+00 1.754464086074020823e+00
-5.458365381763049529e-01 6.328960750075991459e-01 -2.481077630903394393e+00 -2.456958328130966901e-02 -1.330532312783603732e+00 1.756707216514988623e+00
-5.517599378883176753e-01 6.300774679918990095e-01 -2.480182414573881999e+00 -2.516292243388085909e-02 -1.333658896192770449e+00 1.758964135371821946e+00
-5.577114506454208254e-01 6.272402680617278348e-01 -2.479274981395242161e+00 -2.575951470530499915e-02 -1.336765218928476884e+00 1.761234809002182544e+00
-5.636909248716878151e-01 6.243844153596802560e-01 -2.478356379835868317e+00 -2.635947401692891739e-02 -1.339850922415968038e+00 1.763519203238484767e+00
-5.696982113732054209e-01 6.215098555113707235e-01 -2.477427620689845345e+00 -2.696291711108871753e-02 -1.342915652634500301e+00 1.765817283390114900e+00
-5.757331633073110577e-01 6.186165395239939802e-01 -2.476489677720479676e+00 -2.756996352787405985e-02 -1.345959060208981262e+00 1.768129014245690911e+00
-5.817956361507014007e-01 6.157044236821080929e-01 -2.475543488312772933e+00 -2.818073557999004747e-02 -1.348980800502584287e+00 1.770454360075360389e+00
-5.878854876664351137e-01 6.127734694409041616e-01 -2.474589954133771919e+00 -2.879535832583002969e-02 -1.351980533709607801e+00 1.772793284633139566e+00
-5.940025778698532211e-01 6.098236433172095072e-01 -2.473629941799764698e+00 -2.941395954086366976e-02 -1.354957924947953085e+00 1.775145751159289631e+00
-6.001467689934499861e-01 6.068549167784710319e-01 -2.472664283549332431e+00 -3.003666968726487890e-02 -1.357912644351512377e+00 1.777511722382731918e+00
-6.063179254507222726e-01 6.038672661299504529e-01 -2.471693777921299962e+00 -3.066362188165887986e-02 -1.360844367162953539e+00 1.779891160523501270e+00
-6.125159137990362490e-01 6.008606724003600075e-01 -2.470719190436670321e+00 -3.129495186115489186e-02 -1.363752773825991804e+00 1.782284027295236273e+00
-6.187406027015467380e-01 5.978351212261531211e-01 -2.469741254283661203e+00 -3.193079794750352390e-02 -1.366637550077836494e+00 1.784690283907707231e+00
-6.249918628882111804e-01 5.947906027346828717e-01 -2.468760671004997853e+00 -3.257130100939275436e-02 -1.369498387041642840e+00 1.787109891069379897e+00
-6.312695671159391786e-01 5.917271114264263110e-01 -2.467778111186650580e+00 -3.321660442296981569e-02 -1.372334981318477309e+00 1.789542808990016276e+00
-6.375735901279239171e-01 5.886446460564696004e-01 -2.466794215147241509e+00 -3.386685403050265081e-02 -1.375147035079120839e+00 1.791988997383309856e+00
-6.439038086122004234e-01 5.855432095154377015e-01 -2.465809593627382057e+00 -3.452219809710051907e-02 -1.377934256155990855e+00 1.794448415469557467e+00
-6.502601011594794089e-01 5.824228087100465912e-01 -2.464824828478213714e+00 -3.518278726560717523e-02 -1.380696358134577695e+00 1.796921021978364452e+00
-6.566423482203063156e-01 5.792834544434464217e-01 -2.463840473348488214e+00 -3.584877450950079564e-02 -1.383433060445058649e+00 1.799406775151384918e+00
-6.630504320615955294e-01 5.761251612955171630e-01 -2.462857054369537835e+00 -3.652031508395777587e-02 -1.386144088453314271e+00 1.801905632745095076e+00
-6.694842367225918300e-01 5.729479475032717151e-01 -2.461875070837513668e+00 -3.719756647505424035e-02 -1.388829173551401119e+00 1.804417552033600325e+00
-6.759436479703111456e-01 5.697518348415115952e-01 -2.460894995892306980e+00 -3.788068834691334791e-02 -1.391488053248238765e+00 1.806942489811474095e+00
-6.824285532545142363e-01 5.665368485038753121e-01 -2.459917277192594121e+00 -3.856984248700833645e-02 -1.394120471259530980e+00 1.809480402396629550e+00
-6.889388416622658218e-01 5.633030169844117641e-01 -2.458942337586472515e+00 -3.926519274947871257e-02 -1.396726177597471752e+00 1.812031245633222154e+00
-6.954744038721332178e-01 5.600503719598034502e-01 -2.457970575777189470e+00 -3.996690499646621958e-02 -1.399304928660131342e+00 1.814594974894584212e+00
-7.020351321080778861e-01 5.567789481723576239e-01 -2.457002366983480623e+00 -4.067514703744502108e-02 -1.401856487320560785e+00 1.817171545086188278e+00
-7.086209200930938534e-01 5.534887833138782964e-01 -2.456038063594075727e+00 -4.139008856659443653e-02 -1.404380623015350160e+00 1.819760910648642094e+00
-7.152316630026455124e-01 5.501799179105228976e-01 -2.455077995815939218e+00 -4.211190109814191146e-02 -1.406877111832876004e+00 1.822363025560711058e+00
-7.218672574179583190e-01 5.468523952087431805e-01 -2.454122472315851233e+00 -4.284075789993040811e-02 -1.409345736600180476e+00 1.824977843342370898e+00
-7.285276012792135658e-01 5.435062610624036283e-01 -2.453171780854951134e+00 -4.357683392481213197e-02 -1.411786286970014404e+00 1.827605317057887646e+00
-7.352125938387000792e-01 5.401415638211634063e-01 -2.452226188915891392e+00 -4.432030573997972761e-02 -1.414198559507527042e+00 1.830245399318924271e+00
-7.419221356139719115e-01 5.367583542202026825e-01 -2.451285944322269650e+00 -4.507135145439047225e-02 -1.416582357775953316e+00 1.832898042287675944e+00
-7.486561283410629875e-01 5.333566852713693685e-01 -2.450351275850032984e+00 -4.583015064416664369e-02 -1.418937492421709745e+00 1.835563197680029957e+00
-7.554144749278064452e-01 5.299366121558157783e-01 -2.449422393830550160e+00 -4.659688427603444344e-02 -1.421263781258624181e+00 1.838240816768751618e+00
-7.621970794073062994e-01 5.264981921181887126e-01 -2.448499490745135621e+00 -4.737173462868161239e-02 -1.423561049351703023e+00 1.840930850386695017e+00
-7.690038468916078340e-01 5.230414843624342502e-01 -2.447582741810727658e+00 -4.815488521197393984e-02 -1.425829129100602888e+00 1.843633248930038215e+00
-7.758346835256106910e-01 5.195665499492696515e-01 -2.446672305556516047e+00 -4.894652068435521169e-02 -1.428067860321572624e+00 1.846347962361541750e+00
-7.826894964412689504e-01 5.160734516953727757e-01 -2.445768324391303761e+00 -4.974682676812717391e-02 -1.430277090328958778e+00 1.849074940213829787e+00
-7.895681937121192817e-01 5.125622540743344224e-01 -2.444870925161416686e+00 -5.055599016250113958e-02 -1.432456674016590270e+00 1.851814131592693924e+00
-7.964706843081776899e-01 5.090330231194117871e-01 -2.443980219698989487e+00 -5.137419845490414499e-02 -1.434606473937298787e+00 1.854565485180418527e+00
-8.033968780512437124e-01 5.054858263281225561e-01 -2.443096305360469955e+00 -5.220164003007323611e-02 -1.436726360382202916e+00 1.857328949239125615e+00
-8.103466855706478178e-01 5.019207325687065069e-01 -2.442219265555202856e+00 -5.303850397711027537e-02 -1.438816211459101879e+00 1.860104471614141275e+00
-8.173200182594791974e-01 4.983378119884882551e-01 -2.441349170263972024e+00 -5.388497999461672877e-02 -1.440875913169552103e+00 1.862891999737380955e+00
-8.243167882313258144e-01 4.947371359241595767e-01 -2.440486076547389693e+00 -5.474125829378171521e-02 -1.442905359485043171e+00 1.865691480630752297e+00
-8.313369082775587948e-01 4.911187768140050092e-01 -2.439630029044040693e+00 -5.560752949947112694e-02 -1.444904452422088648e+00 1.868502860909577512e+00
-8.383802918251914704e-01 4.874828081120858303e-01 -2.438781060458302008e+00 -5.648398454921386286e-02 -1.446873102116554843e+00 1.871326086786031517e+00
-8.454468528953411610e-01 4.838293042043958492e-01 -2.437939192037771097e+00 -5.737081459026204672e-02 -1.448811226896619786e+00 1.874161104072596062e+00
-8.525365060623193436e-01 4.801583403269989447e-01 -2.437104434040248790e+00 -5.826821087463290166e-02 -1.450718753354659496e+00 1.877007858185531175e+00
-8.596491664133754096e-01 4.764699924861547364e-01 -2.436276786190237686e+00 -5.917636465200865753e-02 -1.452595616418432378e+00 1.879866294148359485e+00
-8.667847495091164367e-01 4.727643373804362725e-01 -2.435456238124926287e+00 -6.009546706078083139e-02 -1.454441759420630031e+00 1.882736356595364757e+00
-8.739431713446236261e-01 4.690414523248405687e-01 -2.434642769829641562e+00 -6.102570901710232393e-02 -1.456257134167226575e+00 1.885617989775104641e+00
-8.811243483112847219e-01 4.653014151768897766e-01 -2.433836352062763719e+00 -6.196728110201162737e-02 -1.458041701004428203e+00 1.888511137553934294e+00
-8.883281971593596227e-01 4.615443042647183192e-01 -2.433036946770125830e+00 -6.292037344642861796e-02 -1.459795428884823831e+00 1.891415743419542439e+00
-8.955546349612948376e-01 4.577701983171392763e-01 -2.432244507488858787e+00 -6.388517561408824097e-02 -1.461518295432512993e+00 1.894331750484497423e+00
-9.028035790758004442e-01 4.539791763956796400e-01 -2.431458979737394444e+00 -6.486187738118481816e-02 -1.463210284326823096e+00 1.897259101489803701e+00
-9.100749471126883261e-01 4.501713178285492445e-01 -2.430680301400617527e+00 -6.585066799171562790e-02 -1.464871387309969464e+00 1.900197738808467207e+00
-9.173686568985043310e-01 4.463467021465689077e-01 -2.429908403109280357e+00 -6.685173674294517254e-02 -1.466501602204962618e+00 1.903147604449070274e+00
-9.246846264429799955e-01 4.425054090210770452e-01 -2.429143208609099158e+00 -6.786527289491817161e-02 -1.468100932982903117e+00 1.906108640059352766e+00
-9.320227739063129402e-01 4.386475182037974374e-01 -2.428384635119590129e+00 -6.889146557814596061e-02 -1.469669389829719730e+00 1.909080786929802320e+00
-9.393830175672813754e-01 4.347731094686504427e-01 -2.427632593682705675e+00 -6.993050369973086156e-02 -1.471206989211550020e+00 1.912063985997250137e+00
-9.467652757921990458e-01 4.308822625554865615e-01 -2.426886989501349845e+00 -7.098257584787365237e-02 -1.472713753938930337e+00 1.915058177848473431e+00
-9.541694670047122795e-01 4.269750571157212571e-01 -2.426147722267844475e+00 -7.204787019476446841e-02 -1.474189713229784982e+00 1.918063302723803876e+00
-9.615955096564423599e-01 4.230515726598468307e-01 -2.425414686482434412e+00 -7.312657439818698313e-02 -1.475634902770301071e+00 1.921079300520740274e+00
-9.690433221984732226e-01 4.191118885067971478e-01 -2.424687771761921518e+00 -7.421887550119923849e-02 -1.477049364775480766e+00 1.924106110797565439e+00
-9.765128230536838094e-01 4.151560837351383482e-01 -2.423966863138523831e+00 -7.532495983006667895e-02 -1.478433148048839518e+00 1.927143672776968186e+00
-9.840039305899226374e-01 4.111842371360584503e-01 -2.423251841349063795e+00 -7.644501289092567320e-02 -1.479786308039944487e+00 1.930191925349667548e+00
-9.915165630940216968e-01 4.071964271681269842e-01 -2.422542583114586368e+00 -7.757921926496383347e-02 -1.481108906900410416e+00 1.933250807078038980e+00
-9.990506387466442373e-01 4.031927319137944554e-01 -2.421838961410523794e+00 -7.872776250211535598e-02 -1.482401013538370727e+00 1.936320256199743906e+00
-1.006606075597961558e+00 3.991732290376014403e-01 -2.421140845727522972e+00 -7.989082501303981787e-02 -1.483662703672046446e+00 1.939400210631359034e+00
-1.014182791544150364e+00 3.951379957460646741e-01 -2.420448102323048190e+00 -8.106858795955154684e-02 -1.484894059881956441e+00 1.942490607972007455e+00
-1.021780704304705356e+00 3.910871087492079345e-01 -2.419760594463889358e+00 -8.226123114359826238e-02 -1.486095171661524272e+00 1.945591385506988624e+00
-1.029399731400555185e+00 3.870206442237041911e-01 -2.419078182659698761e+00 -8.346893289499790480e-02 -1.487266135465563632e+00 1.948702480211408350e+00
-1.037039790132971984e+00 3.829386777775942718e-01 -2.418400724887686870e+00 -8.469186995754779401e-02 -1.488407054757664438e+00 1.951823828753807000e+00
-1.044700797563270056e+00 3.788412844165447435e-01 -2.417728076809469329e+00 -8.593021734980113568e-02 -1.489518040115642261e+00 1.954955367499784380e+00
-1.052382670493272609e+00 3.747285385116227996e-01 -2.417060091979423397e+00 -8.718414833233614769e-02 -1.490599209065738728e+00 1.958097032515624614e+00
-1.060085325447542859e+00 3.706005137604695410e-01 -2.416396622050021925e+00 -8.845383463397799018e-02 -1.491650685286827871e+00 1.961248759571929234e+00
-1.067808678655431276e+00 3.664572831111847506e-01 -2.415737516972204624e+00 -8.973944650914797427e-02 -1.492672598268779627e+00 1.964410484147608882e+00
-1.075552646040171867e+00 3.622989187287087853e-01 -2.415082625191384391e+00 -9.104115280859709225e-02 -1.493665082939225730e+00 1.967582141434055076e+00
-1.083317143200774657e+00 3.581254919697682837e-01 -2.414431793838974105e+00 -9.235912102551721570e-02 -1.494628279363076517e+00 1.970763666339368170e+00
-1.091102085397664512e+00 3.539370733566461480e-01 -2.413784868915474391e+00 -9.369351720006463546e-02 -1.495562332787963911e+00 1.973954993492577970e+00
-1.098907387537505498e+00 3.497337325537621666e-01 -2.413141695468202563e+00 -9.504450601158964673e-02 -1.496467393245439315e+00 1.977156057247887899e+00
-1.106732964158487986e+00 3.455155383459154184e-01 -2.412502117762758580e+00 -9.641225072165657273e-02 -1.497343615514294068e+00 1.980366791688909167e+00
-1.114578729416441760e+00 3.412825586178284132e-01 -2.411865979447233244e+00 -9.779691308287927209e-02 -1.498191159162239661e+00 1.983587130632889606e+00
-1.122444597071684314e+00 3.370348603350266092e-01 -2.411233123709878523e+00 -9.919865328301391560e-02 -1.499010188503283381e+00 1.986817007634938737e+00
-1.130330480476575916e+00 3.327725095260356536e-01 -2.410603393429838093e+00 -1.006176298556809567e-01 -1.499800872630482562e+00 1.990056355992247061e+00
-1.138236292563771901e+00 3.284955712658551574e-01 -2.409976631321481655e+00 -1.020539996189744891e-01 -1.500563385382705173e+00 1.993305108748298471e+00
-1.146161945835157514e+00 3.242041096606778083e-01 -2.409352680074326791e+00 -1.035079187726384575e-01 -1.501297902733838896e+00 1.996563198697074881e+00
-1.154107352351459337e+00 3.198981878338357232e-01 -2.408731382486425598e+00 -1.049795428364173056e-01 -1.502004602848135306e+00 1.999830558387253765e+00
-1.162072423722515957e+00 3.155778679129391806e-01 -2.408112581591362211e+00 -1.064690265871912067e-01 -1.502683666135097296e+00 2.003107120126397245e+00
-1.170057071098190571e+00 3.112432110181728717e-01 -2.407496120779014426e+00 -1.079765239957445055e-01 -1.503335275302040586e+00 2.006392815985135414e+00
-1.178061205159909308e+00 3.068942772517143647e-01 -2.406881843910228191e+00 -1.095021881624567706e-01 -1.503959615405921824e+00 2.009687577801339664e+00
-1.186084736112806626e+00 3.025311256882408095e-01 -2.406269595425551966e+00 -1.110461712519070221e-01 -1.504556873904439041e+00 2.012991337184288909e+00
-1.194127573678462229e+00 2.981538143664890228e-01 -2.405659220448181923e+00 -1.126086244265951664e-01 -1.505127240705957270e+00 2.016304025518829590e+00
-1.202189627088209090e+00 2.937624002818338687e-01 -2.405050564889328779e+00 -1.141896989391681660e-01 -1.505670905790365666e+00 2.019625573969524801e+00
-1.210270805077033218e+00 2.893569393799174660e-01 -2.404443475548137865e+00 -1.157895460972254431e-01 -1.506188059270853641e+00 2.022955913484798529e+00
-1.218371015878045860e+00 2.849374865512956934e-01 -2.403837800206293451e+00 -1.174083172271989661e-01 -1.506678891455216496e+00 2.026294974801070126e+00
-1.226490167217513694e+00 2.805040956270702379e-01 -2.403233387717457870e+00 -1.190461636375166610e-01 -1.507143592906248220e+00 2.029642688446882115e+00
-1.234628166310427710e+00 2.760568193754734390e-01 -2.402630088091685323e+00 -1.207032365811503416e-01 -1.507582354501014965e+00 2.032998984747020899e+00
-1.242784919856596337e+00 2.715957094993749488e-01 -2.402027752578301367e+00 -1.223796890528643100e-01 -1.507995363805088473e+00 2.036363793826628132e+00
-1.250960334037257926e+00 2.671208166347062152e-01 -2.401426233744056393e+00 -1.240756757997617254e-01 -1.508382805155023654e+00 2.039737045615308553e+00
-1.259154314512199502e+00 2.626321903497716992e-01 -2.400825385546689450e+00 -1.257913533316806776e-01 -1.508744859739573618e+00 2.043118669851228919e+00
-1.267366766417363788e+00 2.581298791454171848e-01 -2.400225063404043180e+00 -1.275268799309108303e-01 -1.509081705680713981e+00 2.046508596085212961e+00
-1.275597594362927412e+00 2.536139304560249830e-01 -2.399625124258862208e+00 -1.292824149474679218e-01 -1.509393519499927061e+00 2.049906753684836769e+00
-1.283846702431836739e+00 2.490843906513079409e-01 -2.399025426639411762e+00 -1.310581187878077092e-01 -1.509680476190625065e+00 2.053313071838514414e+00
-1.292113994178782699e+00 2.445413050388712817e-01 -2.398425830716045759e+00 -1.328541529019634237e-01 -1.509942749291676378e+00 2.056727479559578242e+00
-1.300399372629601480e+00 2.399847178675156290e-01 -2.397826198353854910e+00 -1.346706797706479497e-01 -1.510180510959030276e+00 2.060149905690355610e+00
-1.308702740281083132e+00 2.354146723312522393e-01 -2.397226393161525415e+00 -1.365078628916228942e-01 -1.510393932036798947e+00 2.063580278906242516e+00
-1.317023999101174292e+00 2.308312105740032427e-01 -2.396626280536529485e+00 -1.383658667653298313e-01 -1.510583182127796631e+00 2.067018527719772347e+00
-1.325363050529560160e+00 2.262343736949592454e-01 -2.396025727706779573e+00 -1.402448568800659656e-01 -1.510748429663001158e+00 2.070464580484684625e+00
-1.333719795478608861e+00 2.216242017545682064e-01 -2.395424603768863125e+00 -1.421449996962676487e-01 -1.510889841970754599e+00 2.073918365399988861e+00
-1.342094134334665734e+00 2.170007337811291626e-01 -2.394822779722977746e+00 -1.440664626304615781e-01 -1.511007585344655624e+00 2.077379810514027980e+00
-1.350485966959682260e+00 2.123640077779650470e-01 -2.394220128504694234e+00 -1.460094140378101202e-01 -1.511101825112110442e+00 2.080848843728539066e+00
-1.358895192693164278e+00 2.077140607311496190e-01 -2.393616525013646523e+00 -1.479740231947746787e-01 -1.511172725700741903e+00 2.084325392802712784e+00
-1.367321710354428177e+00 2.030509286177635264e-01 -2.393011846139275978e+00 -1.499604602812889820e-01 -1.511220450703806950e+00 2.087809385357252356e+00
-1.375765418245148863e+00 1.983746464146555200e-01 -2.392405970783737956e+00 -1.519688963616367128e-01 -1.511245162946046605e+00 2.091300748878430760e+00
-1.384226214152188161e+00 1.936852481076851706e-01 -2.391798779882078563e+00 -1.539995033651769818e-01 -1.511247024547916151e+00 2.094799410722148814e+00
-1.392703995350688562e+00 1.889827667014236656e-01 -2.391190156419790824e+00 -1.560524540660430115e-01 -1.511226196989751802e+00 2.098305298117990603e+00
-1.401198658607421876e+00 1.842672342292903664e-01 -2.390579985447851996e+00 -1.581279220628345750e-01 -1.511182841174086411e+00 2.101818338173282452e+00
-1.409710100184378145e+00 1.795386817641027033e-01 -2.389968154095346797e+00 -1.602260817575629215e-01 -1.511117117487431161e+00 2.105338457877149683e+00
-1.418238215842584138e+00 1.747971394290179781e-01 -2.389354551579774277e+00 -1.623471083338052512e-01 -1.511029185861582302e+00 2.108865584104574697e+00
-1.426782900846138569e+00 1.700426364088460929e-01 -2.388739069215136901e+00 -1.644911777344721937e-01 -1.510919205833766377e+00 2.112399643620456402e+00
-1.435344049966453372e+00 1.652752009617121098e-01 -2.388121600417907331e+00 -1.666584666389759883e-01 -1.510787336605996511e+00 2.115940563083670511e+00
-1.443921557486689045e+00 1.604948604310486582e-01 -2.387502040710963058e+00 -1.688491524400580202e-01 -1.510633737103212137e+00 2.119488269051131635e+00
-1.452515317206372503e+00 1.557016412578996478e-01 -2.386880287725583472e+00 -1.710634132198148860e-01 -1.510458566030984384e+00 2.123042687981857579e+00
-1.461125222446189031e+00 1.508955689935146394e-01 -2.386256241201591521e+00 -1.733014277251469781e-01 -1.510261981932403685e+00 2.126603746241034099e+00
-1.469751166052934988e+00 1.460766683122161069e-01 -2.385629802985733239e+00 -1.755633753433337996e-01 -1.510044143243023385e+00 2.130171370104082751e+00
-1.478393040404623715e+00 1.412449630245219412e-01 -2.385000877028368826e+00 -1.778494360762535309e-01 -1.509805208346284067e+00 2.133745485760732752e+00
-1.487050737415732904e+00 1.364004760905049851e-01 -2.384369369378560144e+00 -1.801597905147012957e-01 -1.509545335627056506e+00 2.137326019319092829e+00
-1.495724148542585841e+00 1.315432296333722828e-01 -2.383735188177630970e+00 -1.824946198122473773e-01 -1.509264683524236483e+00 2.140912896809728405e+00
-1.504413164788855228e+00 1.266732449532483873e-01 -2.383098243651282644e+00 -1.848541056587847953e-01 -1.508963410582170095e+00 2.144506044189739669e+00
-1.513117676711182025e+00 1.217905425411458520e-01 -2.382458448100329917e+00 -1.872384302533934008e-01 -1.508641675501508628e+00 2.148105387346845863e+00
-1.521837574424900863e+00 1.168951420931072516e-01 -2.381815715890129859e+00 -1.896477762767893316e-01 -1.508299637189071563e+00 2.151710852103470906e+00
-1.530572747609862949e+00 1.119870625245041884e-01 -2.381169963438772630e+00 -1.920823268637232295e-01 -1.507937454806182576e+00 2.155322364220833009e+00
-1.539323085516348444e+00 1.070663219844776304e-01 -2.380521109204101204e+00 -1.945422655748308138e-01 -1.507555287816262801e+00 2.158939849403040956e+00
-1.548088476971060556e+00 1.021329378705058133e-01 -2.379869073669619972e+00 -1.970277763679604555e-01 -1.507153296031651823e+00 2.162563233301189936e+00
-1.556868810383194468e+00 9.718692684308605223e-02 -2.379213779329358402e+00 -1.995390435694763542e-01 -1.506731639658914546e+00 2.166192441517467149e+00
-1.565663973750572868e+00 9.222830484051613986e-02 -2.378555150671741725e+00 -2.020762518449902012e-01 -1.506290479343483479e+00 2.169827399609257412e+00
-1.574473854665865424e+00 8.725708709374058181e-02 -2.377893114188087242e+00 -2.046395861774333580e-01 -1.505829976202048393e+00 2.173468033093256313e+00
-1.583298340322940589e+00 8.227328814154211134e-02 -2.377227598354206162e+00 -2.072292317845820797e-01 -1.505350291941893293e+00 2.177114267449586471e+00
-1.592137317523288242e+00 7.727692184577050760e-02 -2.376558533611174528e+00 -2.098453740882873786e-01 -1.504851588901238157e+00 2.180766028125920464e+00
-1.600990672682480298e+00 7.226800140661948646e-02 -2.375885852345326565e+00 -2.124881986830811642e-01 -1.504334030089046426e+00 2.184423240541608191e+00
-1.609858291836665956e+00 6.724653937794011771e-02 -2.375209488867515706e+00 -2.151578913051335196e-01 -1.503797779222908471e+00 2.188085830091809569e+00
-1.618740060649093815e+00 6.221254768257955536e-02 -2.374529379391688622e+00 -2.178546378005811746e-01 -1.503243000766442572e+00 2.191753722151633887e+00
-1.627635864416655753e+00 5.716603762773397879e-02 -2.373845462012816210e+00 -2.205786240935220799e-01 -1.502669859965793719e+00 2.195426842080284047e+00
-1.636545588076446567e+00 5.210701992030553065e-02 -2.373157676684213513e+00 -2.233300361542968071e-01 -1.502078522884380263e+00 2.199105115225206131e+00
-1.645469116212335159e+00 4.703550468225292658e-02 -2.372465965194296089e+00 -2.261090599673084012e-01 -1.501469156436975982e+00 2.202788466926247413e+00
-1.654406333061540391e+00 4.195150146592574458e-02 -2.371770271142804365e+00 -2.289158814984151302e-01 -1.500841928423074734e+00 2.206476822519817027e+00
-1.663357122521208264e+00 3.685501926937273520e-02 -2.371070539916529274e+00 -2.317506866629830409e-01 -1.500197007558078610e+00 2.210170107343056856e+00
-1.672321368154984444e+00 3.174606655161527069e-02 -2.370366718664572048e+00 -2.346136612933530929e-01 -1.499534563504051565e+00 2.213868246738015966e+00
-1.681298953199577451e+00 2.662465124787605220e-02 -2.369658756273163025e+00 -2.375049911057484087e-01 -1.498854766899998303e+00 2.217571166055832599e+00
-1.690289760571309641e+00 2.149078078475519238e-02 -2.368946603340072787e+00 -2.404248616682053696e-01 -1.498157789389567451e+00 2.221278790660923264e+00
-1.699293672872648431e+00 1.634446209534423655e-02 -2.368230212148633385e+00 -2.433734583680675079e-01 -1.497443803648190297e+00 2.224991045935178047e+00
-1.708310572398716642e+00 1.118570163427068387e-02 -2.367509536641398959e+00 -2.463509663794787308e-01 -1.496712983409084874e+00 2.228707857282163030e+00
-1.717340341143776428e+00 6.014505392663904715e-03 -2.366784532393460871e+00 -2.493575706302079142e-01 -1.495965503489020021e+00 2.232429150131330697e+00
-1.726382860807685660e+00 8.308789130316851512e-04 -2.366055156585953778e+00 -2.523934558043779974e-01 -1.495201539766855880e+00 2.236154849942236122e+00
-1.735438012802315244e+00 -4.365172695945052084e-03 -2.365321367978672651e+00 -2.554588062704104545e-01 -1.494421269258058960e+00 2.239884882208762473e+00
-1.744505678257932235e+00 -9.573644744723552868e-03 -2.364583126882397135e+00 -2.585538060487272416e-01 -1.493624870135955574e+00 2.243619172463350520e+00
-1.753585738029539653e+00 -1.479453294831922783e-02 -2.363840395130937022e+00 -2.616786387795669855e-01 -1.492812521751845090e+00 2.247357646281238353e+00
-1.762678072703229626e+00 -2.002783341190106370e-02 -2.363093136055822274e+00 -2.648334876504416791e-01 -1.491984404704409961e+00 2.251100229284713095e+00
-1.771782562604266031e+00 -2.527354261821557202e-02 -2.362341314471128051e+00 -2.680185360228876656e-01 -1.491140700042199674e+00 2.254846847147372380e+00
-1.780899087802209735e+00 -3.053165741205177142e-02 -2.361584896643967202e+00 -2.712339667265474263e-01 -1.490281590130436040e+00 2.258597425598372510e+00
-1.790027528125883727e+00 -3.580217499434346085e-02 -2.360823850266182689e+00 -2.744799620734243994e-01 -1.489407258608781426e+00 2.262351890426565149e+00
-1.799167763196379166e+00 -4.108509288325279396e-02 -2.360058144421434800e+00 -2.777567035823707564e-01 -1.488517890697300228e+00 2.266110167484428395e+00
-1.808319672380637622e+00 -4.638040884140848252e-02 -2.359287749544633606e+00 -2.810643717832603250e-01 -1.487613673390800528e+00 2.269872182692030727e+00
-1.817483134726874949e+00 -5.168812079409546012e-02 -2.358512637390548061e+00 -2.844031470556602770e-01 -1.486694794413821352e+00 2.273637862044021407e+00
-1.826658029093446212e+00 -5.700822693539109309e-02 -2.357732780996535826e+00 -2.877732083179240785e-01 -1.485761443768607082e+00 2.277407131612961155e+00
-1.835844234152611998e+00 -6.234072571302495813e-02 -2.356948154644028737e+00 -2.911747332452708226e-01 -1.484813813424747497e+00 2.281179917553096903e+00
-1.845041628391796085e+00 -6.768561581108134551e-02 -2.356158733807724559e+00 -2.946078982435758054e-01 -1.483852097303794970e+00 2.284956146103999330e+00
-1.854250090110013627e+00 -7.304289612840464407e-02 -2.355364495105551015e+00 -2.980728799092902115e-01 -1.482876489549222576e+00 2.288735743596593597e+00
-1.863469497438789091e+00 -7.841256578202593364e-02 -2.354565416252026644e+00 -3.015698531124186288e-01 -1.481887186727750993e+00 2.292518636457017589e+00
-1.872699728345972536e+00 -8.379462409408255930e-02 -2.353761476010920006e+00 -3.050989907373320431e-01 -1.480884388063600454e+00 2.296304751210286543e+00
-1.881940660642017926e+00 -8.918907058174552205e-02 -2.352952654148602551e+00 -3.086604636910352806e-01 -1.479868295361259189e+00 2.300094014484025173e+00
-1.891192171985169201e+00 -9.459590494660230497e-02 -2.352138931387167897e+00 -3.122544408576987673e-01 -1.478839112990158799e+00 2.303886353012198906e+00
-1.900454139886452509e+00 -1.000151270644018542e-01 -2.351320289357082149e+00 -3.158810890383111358e-01 -1.477797047885323956e+00 2.307681693638848675e+00
-1.909726441714359346e+00 -1.054467369750653472e-01 -2.350496710549351942e+00 -3.195405729006705053e-01 -1.476742309535453046e+00 2.311479963321824815e+00
-1.919008954699361391e+00 -1.108907348731140718e-01 -2.349668178267377172e+00 -3.232330549412772980e-01 -1.475675109957268916e+00 2.315281089136528969e+00
-1.928301555938268352e+00 -1.163471210985429494e-01 -2.348834676578440916e+00 -3.269586954409747226e-01 -1.474595663676441681e+00 2.319084998279655974e+00
-1.937604122398338680e+00 -1.218158961280626507e-01 -2.347996190264820093e+00 -3.307176524202004586e-01 -1.473504187708466251e+00 2.322891618072938869e+00
-1.946916530921170230e+00 -1.272970605667473887e-01 -2.347152704774426279e+00 -3.345100815943095607e-01 -1.472400901538982065e+00 2.326700875966894788e+00
-1.956238658226361338e+00 -1.327906151400990442e-01 -2.346304206170945150e+00 -3.383361363295411817e-01 -1.471286027102943539e+00 2.330512699544573074e+00
-1.965570380914938742e+00 -1.382965606865360630e-01 -2.345450681083451006e+00 -3.421959675999879935e-01 -1.470159788762295472e+00 2.334327016525305165e+00
-1.974911575472543257e+00 -1.438148981503155621e-01 -2.344592116655396907e+00 -3.460897239090057198e-01 -1.469022413320407061e+00 2.338143754768453153e+00
-1.984262118272353659e+00 -1.493456285748846479e-01 -2.343728500492971545e+00 -3.500175512457040505e-01 -1.467874129998331778e+00 2.341962842277162338e+00
-1.993621885577735453e+00 -1.548887530966662762e-01 -2.342859820612737121e+00 -3.539795930388667244e-01 -1.466715170413329883e+00 2.345784207202111560e+00
-2.002990753544779956e+00 -1.604442729394663925e-01 -2.341986065388674820e+00 -3.579759901015098777e-01 -1.465545768566467011e+00 2.349607777845259537e+00
-2.012368598224357097e+00 -1.660121894091350914e-01 -2.341107223510472846e+00 -3.620068823369758104e-01 -1.464366159044481641e+00 2.353433482663613407e+00
-2.021755295564064081e+00 -1.715925038887118337e-01 -2.340223283932546749e+00 -3.660724085321074850e-01 -1.463176577212360829e+00 2.357261250272981723e+00
-2.031150721409887616e+00 -1.771852178340094230e-01 -2.339334235818463004e+00 -3.701727046978269819e-01 -1.461977260847831639e+00 2.361091009451723011e+00
-2.040554751507218878e+00 -1.827903327693483071e-01 -2.338440068487131818e+00 -3.743079040051957018e-01 -1.460768450133187013e+00 2.364922689144374868e+00
-2.049967261502954496e+00 -1.884078502852080117e-01 -2.337540771351781732e+00 -3.784781364263247183e-01 -1.459550387936060289e+00 2.368756218465393193e+00
-2.059388126951975817e+00 -1.940377720413506424e-01 -2.336636333890694583e+00 -3.826835319324718987e-01 -1.458323316609124731e+00 2.372591526702550802e+00
-2.068817223310427167e+00 -1.996800997567074187e-01 -2.335726745575889218e+00 -3.869242146841895824e-01 -1.457087483627760971e+00 2.376428543319560660e+00
-2.078254425935257999e+00 -2.053348352067989602e-01 -2.334811995818745434e+00 -3.912003062760299188e-01 -1.455843138317094443e+00 2.380267197959903491e+00
-2.087699610405612027e+00 -2.110019805555367611e-01 -2.333892073918635734e+00 -3.955119260007660675e-01 -1.454590531562766742e+00 2.384107420446778480e+00
-2.097152652285024121e+00 -2.166815381139790553e-01 -2.332966969018306358e+00 -3.998591910645722391e-01 -1.453329915539787187e+00 2.387949140786152391e+00
-2.106613427006016170e+00 -2.223735102651731577e-01 -2.332036670053302174e+00 -4.042422166283901608e-01 -1.452061543639930896e+00 2.391792289170928232e+00
-2.116081809847547568e+00 -2.280778994535046511e-01 -2.331101165698906019e+00 -4.086611162580461865e-01 -1.450785670006963679e+00 2.395636795985395029e+00
-2.125557675938540836e+00 -2.337947081901314839e-01 -2.330160444319877566e+00 -4.131160015558543175e-01 -1.449502549849388533e+00 2.399482591809532384e+00
-2.135040900255479546e+00 -2.395239390531282986e-01 -2.329214493917244777e+00 -4.176069817608046852e-01 -1.448212439769343440e+00 2.403329607423336789e+00
-2.144531357620204304e+00 -2.452655946886037608e-01 -2.328263302073398489e+00 -4.221341636691535726e-01 -1.446915597786623486e+00 2.407177773811139510e+00
-2.154028922697393877e+00 -2.510196778123798822e-01 -2.327306855901905891e+00 -4.266976511770074199e-01 -1.445612283701996681e+00 2.411027022165944889e+00
-2.163533469991459235e+00 -2.567861912118774015e-01 -2.326345141990485921e+00 -4.312975457082968145e-01 -1.444302758652195040e+00 2.414877283893755777e+00
-2.173044873843227531e+00 -2.625651377487090432e-01 -2.325378146342515606e+00 -4.359339461919078396e-01 -1.442987285081556603e+00 2.418728490617898519e+00
-2.182563008426242845e+00 -2.683565203618369921e-01 -2.324405854317223241e+00 -4.406069490473004113e-01 -1.441666126706222517e+00 2.422580574183352375e+00
-2.192087747742683224e+00 -2.741603420713154549e-01 -2.323428250568589704e+00 -4.453166481709239788e-01 -1.440339548477956644e+00 2.426433466661079841e+00
-2.201618965618881152e+00 -2.799766059826316322e-01 -2.322445318982822915e+00 -4.500631349244095802e-01 -1.439007816546763019e+00 2.430287100352359619e+00
-2.211156535700428361e+00 -2.858053152916553152e-01 -2.321457042615128419e+00 -4.548464981821362940e-01 -1.437671198172723042e+00 2.434141407793125378e+00
-2.220700331446872067e+00 -2.916464732902224188e-01 -2.320463403624370091e+00 -4.596668242699691320e-01 -1.436329961733257887e+00 2.437996321758302276e+00
-2.230250226125970237e+00 -2.975000833723564497e-01 -2.319464383206221392e+00 -4.645241969567190932e-01 -1.434984376684355745e+00 2.441851775266147939e+00
-2.239806092807496096e+00 -3.033661490411483364e-01 -2.318459961524796498e+00 -4.694186974473346652e-01 -1.433634713520799853e+00 2.445707701582592986e+00
-2.249367804356578127e+00 -3.092446739163112746e-01 -2.317450117642713803e+00 -4.743504043766292311e-01 -1.432281243736452492e+00 2.449564034225585551e+00
-2.258935233426562217e+00 -3.151356617424250217e-01 -2.316434829449535826e+00 -4.793193938047172198e-01 -1.430924239783633478e+00 2.453420706969436704e+00
-2.268508252451376883e+00 -3.210391163978876250e-01 -2.315414073588541122e+00 -4.843257392144215689e-01 -1.429563975031426182e+00 2.457277653849168519e+00
-2.278086733637391337e+00 -3.269550419045890166e-01 -2.314387825381782005e+00 -4.893695115081492242e-01 -1.428200723725016719e+00 2.461134809164862158e+00
-2.287670548954746419e+00 -3.328834424383253499e-01 -2.313356058753361033e+00 -4.944507790076764220e-01 -1.426834760943248792e+00 2.464992107486009942e+00
-2.297259570128144190e+00 -3.388243223399700632e-01 -2.312318746150998638e+00 -4.995696074549008658e-01 -1.425466362556045308e+00 2.468849483655868760e+00
-2.306853668627077969e+00 -3.447776861274187699e-01 -2.311275858465750233e+00 -5.047260600132649211e-01 -1.424095805181959218e+00 2.472706872795813471e+00
-2.316452715655486827e+00 -3.507435385083250701e-01 -2.310227364949860807e+00 -5.099201972713766073e-01 -1.422723366144654111e+00 2.476564210309693870e+00
-2.326056582140818119e+00 -3.567218843936463823e-01 -2.309173233132705505e+00 -5.151520772474110776e-01 -1.421349323429491829e+00 2.480421431888192529e+00
-2.335665138722476719e+00 -3.627127289120157805e-01 -2.308113428734847261e+00 -5.204217553956544950e-01 -1.419973955639182606e+00 2.484278473513184426e+00
-2.345278255739645434e+00 -3.687160774249598205e-01 -2.307047915580098696e+00 -5.257292846132494146e-01 -1.418597541950056051e+00 2.488135271462097453e+00
-2.354895803218458372e+00 -3.747319355429779009e-01 -2.305976655505594497e+00 -5.310747152492056866e-01 -1.417220362067366457e+00 2.491991762312275593e+00
-2.364517650858505071e+00 -3.807603091425046937e-01 -2.304899608269824096e+00 -5.364580951140939247e-01 -1.415842696180896088e+00 2.495847882945342988e+00
-2.374143668018649844e+00 -3.868012043837705249e-01 -2.303816731458615319e+00 -5.418794694925150868e-01 -1.414464824919289709e+00 2.499703570551569776e+00
-2.383773723702141911e+00 -3.928546277295819067e-01 -2.302727980389015272e+00 -5.473388811559494194e-01 -1.413087029304994413e+00 2.503558762634238821e+00
-2.393407686541000334e+00 -3.989205859650375441e-01 -2.301633308011050705e+00 -5.528363703767164017e-01 -1.411709590709255391e+00 2.507413397014015111e+00
-2.403045424779651107e+00 -4.049990862182013540e-01 -2.300532664800847726e+00 -5.583719730612400900e-01 -1.410332792191324236e+00 2.511267411833315144e+00
-2.412686806257755112e+00 -4.110901359818113221e-01 -2.299425998651573710e+00 -5.639457207445782716e-01 -1.408956918424853599e+00 2.515120745560676330e+00
-2.422331698392205634e+00 -4.171937431360441817e-01 -2.298313254762175628e+00 -5.695576405864483105e-01 -1.407582255624138856e+00 2.518973336995130374e+00
-2.431979968158282990e+00 -4.233099159723672233e-01 -2.297194375517820131e+00 -5.752077546430452992e-01 -1.406209091991200477e+00 2.522825125270567792e+00
-2.441631482069887227e+00 -4.294386632185291930e-01 -2.296069300368092758e+00 -5.808960798579390072e-01 -1.404837717630702532e+00 2.526676049860101525e+00
-2.451286106158833356e+00 -4.355799940647226975e-01 -2.294937965702924298e+00 -5.866226280545374649e-01 -1.403468424464764386e+00 2.530526050580434116e+00
-2.460943705953186011e+00 -4.417339181909361034e-01 -2.293800304726238082e+00 -5.923874059308140705e-01 -1.402101506147210630e+00 2.534375067596220887e+00
-2.470604146454610017e+00 -4.479004457955133578e-01 -2.292656247327274244e+00 -5.981904150558701172e-01 -1.400737257977610062e+00 2.538223041424434001e+00
-2.480267292114710198e+00 -4.540795876249397178e-01 -2.291505719949713527e+00 -6.040316518688346736e-01 -1.399375976814795308e+00 2.542069912938726084e+00
-2.489933006810338245e+00 -4.602713550048720403e-01 -2.290348645458395449e+00 -6.099111076783271246e-01 -1.398017960991131403e+00 2.545915623373790293e+00
-2.499601153817839094e+00 -4.664757598724296184e-01 -2.289184943003745420e+00 -6.158287686648631354e-01 -1.396663510225912397e+00 2.549760114329720828e+00
-2.509271595786210618e+00 -4.726928148097659932e-01 -2.288014527883854399e+00 -6.217846158842866844e-01 -1.395312925539249793e+00 2.553603327776370779e+00
-2.518944194709153539e+00 -4.789225330789355084e-01 -2.286837311404295470e+00 -6.277786252731777372e-01 -1.393966509165829315e+00 2.557445206057706422e+00
-2.528618811895980922e+00 -4.851649286580732578e-01 -2.285653200735559665e+00 -6.338107676560389425e-01 -1.392624564468702753e+00 2.561285691896160177e+00
-2.538295307941365042e+00 -4.914200162789035264e-01 -2.284462098768243798e+00 -6.398810087542312619e-01 -1.391287395853170406e+00 2.565124728396980469e+00
-2.547973542693890980e+00 -4.976878114655920449e-01 -2.283263903965889519e+00 -6.459893091965249745e-01 -1.389955308680873580e+00 2.568962259052577579e+00
-2.557653375223391645e+00 -5.039683305749589337e-01 -2.282058510215580593e+00 -6.521356245319491762e-01 -1.388628609183677698e+00 2.572798227746866395e+00
-2.567334663787038007e+00 -5.102615908380627729e-01 -2.280845806676218945e+00 -6.583199068752155769e-01 -1.387307603335217632e+00 2.576632578759597614e+00
-2.577017265794151246e+00 -5.165676104031737825e-01 -2.279625677624530500e+00 -6.645421049419560910e-01 -1.385992596788374165e+00 2.580465256770693383e+00
-2.586701037769716383e+00 -5.228864083801467721e-01 -2.278398002298857694e+00 -6.708021640854446854e-01 -1.384683894813213856e+00 2.584296206864577616e+00
-2.596385835316561863e+00 -5.292180048862065167e-01 -2.277162654740754189e+00 -6.771000263349453707e-01 -1.383381802235325697e+00 2.588125374534502310e+00
-2.606071513076182899e+00 -5.355624210931579920e-01 -2.275919503634332930e+00 -6.834356304284544548e-01 -1.382086623379047197e+00 2.591952705686870750e+00
-2.615757924688173031e+00 -5.419196792760296866e-01 -2.274668412139722484e+00 -6.898089081276923551e-01 -1.380798664289478506e+00 2.595778146645554063e+00
-2.625444922748216392e+00 -5.482898028631986165e-01 -2.273409237724393517e+00 -6.962197842162802797e-01 -1.379518232621135709e+00 2.599601644156205094e+00
-2.635132358764608274e+00 -5.546728164880039280e-01 -2.272141831992410932e+00 -7.026681765038460536e-01 -1.378245637524344591e+00 2.603423145390565629e+00
-2.644820083113196940e+00 -5.610687460417660422e-01 -2.270866040513595419e+00 -7.091539958237569330e-01 -1.376981189536880201e+00 2.607242597950766072e+00
-2.654507944991335577e+00 -5.674776187289150009e-01 -2.269581702648300503e+00 -7.156771457426795990e-01 -1.375725200647378133e+00 2.611059949873548724e+00
-2.664195792369528082e+00 -5.738994631227556376e-01 -2.268288651359481545e+00 -7.222375202865827237e-01 -1.374477985516174616e+00 2.614875149634537710e+00
-2.673883471936735035e+00 -5.803343092172696949e-01 -2.266986713019289112e+00 -7.288350019931284507e-01 -1.373239862449489479e+00 2.618688146151010976e+00
-2.683570829054056972e+00 -5.867821884925739084e-01 -2.265675707216157964e+00 -7.354694636766672122e-01 -1.372011152185858451e+00 2.622498888786129800e+00
-2.693257707701788295e+00 -5.932431339762263001e-01 -2.264355446558956153e+00 -7.421407682953742313e-01 -1.370792177813959567e+00 2.626307327353142096e+00
-2.702943950424896880e+00 -5.997171803064242912e-01 -2.263025736478700090e+00 -7.488487688745639748e-01 -1.369583264657110888e+00 2.630113412119556404e+00
-2.712629398276998227e+00 -6.062043637972291954e-01 -2.261686375027423868e+00 -7.555933083514959625e-01 -1.368384740201745498e+00 2.633917093811270149e+00
-2.722313890774347378e+00 -6.127047225197783664e-01 -2.260337152669729566e+00 -7.623742192973559373e-01 -1.367196934092332228e+00 2.637718323615419358e+00
-2.731997265824243293e+00 -6.192182963567978149e-01 -2.258977852077676651e+00 -7.691913240674708163e-01 -1.366020177884718967e+00 2.641517053184426977e+00
-2.741679359666707061e+00 -6.257451270769545104e-01 -2.257608247922833211e+00 -7.760444346428494455e-01 -1.364854804973836488e+00 2.645313234639951716e+00
-2.751360006816955028e+00 -6.322852584137612642e-01 -2.256228106665429944e+00 -7.829333523673582818e-01 -1.363701150575741705e+00 2.649106820576721866e+00
-2.761039040051261662e+00 -6.388387361506071560e-01 -2.254837186340712840e+00 -7.898578677915636392e-01 -1.362559551646195466e+00 2.652897764066152853e+00
-2.770716290341317389e+00 -6.454056081893571051e-01 -2.253435236344349502e+00 -7.968177606537794055e-01 -1.361430346719654683e+00 2.656686018659931037e+00
-2.780391586783603319e+00 -6.519859246268908670e-01 -2.252021997217187543e+00 -8.038127998874308178e-01 -1.360313875742242606e+00 2.660471538393571755e+00
-2.790064756526633438e+00 -6.585797378332716168e-01 -2.250597200429460987e+00 -8.108427436324124882e-01 -1.359210479904554347e+00 2.664254277789951608e+00
-2.799735624696034542e+00 -6.651871025315212460e-01 -2.249160568164637830e+00 -8.179073392481797100e-01 -1.358120501475541975e+00 2.668034191862810989e+00
-2.809404014317429255e+00 -6.718080758789719553e-01 -2.247711813103050016e+00 -8.250063233302971089e-01 -1.357044283636606119e+00 2.671811236120230859e+00
-2.819069746237094609e+00 -6.784427175501686058e-01 -2.246250638205462113e+00 -8.321394217306145036e-01 -1.355982170315864099e+00 2.675585366568075774e+00
-2.828732639040359764e+00 -6.850910898212847489e-01 -2.244776736496780334e+00 -8.393063495780561656e-01 -1.354934506024175978e+00 2.679356539713408925e+00
-2.838392508967713113e+00 -6.917532576560176949e-01 -2.243289790850054199e+00 -8.465068113034094344e-01 -1.353901635691215688e+00 2.683124712567873438e+00
-2.848049169828587690e+00 -6.984292887929242077e-01 -2.241789473771009789e+00 -8.537405006661622497e-01 -1.352883904502622636e+00 2.686889842651042137e+00
-2.857702432912792467e+00 -7.051192538341497507e-01 -2.240275447183300628e+00 -8.610071007839537049e-01 -1.351881657737976417e+00 2.690651887993731339e+00
-2.867352106899560216e+00 -7.118232263355077638e-01 -2.238747362214630332e+00 -8.683062841652178232e-01 -1.350895240609343961e+00 2.694410807141281339e+00
-2.876997997764180415e+00 -7.185412828978556821e-01 -2.237204858984068956e+00 -8.756377127432733998e-01 -1.349924998101285523e+00 2.698166559156799593e+00
-2.886639908682185229e+00 -7.252735032597139586e-01 -2.235647566390742913e+00 -8.830010379138235610e-01 -1.348971274811388454e+00 2.701919103624367491e+00
-2.896277639931061909e+00 -7.320199703910685862e-01 -2.234075101904132055e+00 -8.903959005745961663e-01 -1.348034414791975388e+00 2.705668400652208927e+00
-2.905910988789459193e+00 -7.387807705882929454e-01 -2.232487071356226593e+00 -8.978219311665763813e-01 -1.347114761393263027e+00 2.709414410875820245e+00
-2.915539749433861072e+00 -7.455559935701219221e-01 -2.230883068735831642e+00 -9.052787497191249200e-01 -1.346212657106917288e+00 2.713157095461058876e+00
-2.925163712832696827e+00 -7.523457325746061297e-01 -2.229262675985264064e+00 -9.127659658970063150e-01 -1.345328443410969577e+00 2.716896416107192014e+00
-2.934782666637860693e+00 -7.591500844569669670e-01 -2.227625462799737388e+00 -9.202831790498672282e-01 -1.344462460615863941e+00 2.720632335049903539e+00
-2.944396395073613615e+00 -7.659691497882716860e-01 -2.225970986429752330e+00 -9.278299782645861304e-01 -1.343615047711471444e+00 2.724364815064256984e+00
-2.954004678822838681e+00 -7.728030329548403188e-01 -2.224298791486752247e+00 -9.354059424195032557e-01 -1.342786542215548051e+00 2.728093819467615422e+00
-2.963607294910628021e+00 -7.796518422582925378e-01 -2.222608409752317105e+00 -9.430106402402381738e-01 -1.341977280023773034e+00 2.731819312122516497e+00
-2.973204016585169640e+00 -7.865156900161343057e-01 -2.220899359991347577e+00 -9.506436303586477399e-01 -1.341187595260698417e+00 2.735541257439500828e+00
-2.982794613195915101e+00 -7.933946926627823970e-01 -2.219171147769478214e+00 -9.583044613738271877e-01 -1.340417820132123072e+00 2.739259620379894677e+00
-2.992378850068999618e+00 -8.002889708509151045e-01 -2.217423265275097588e+00 -9.659926719161900932e-01 -1.339668284778464891e+00 2.742974366458545532e+00
-3.001956488379895926e+00 -8.071986495530356631e-01 -2.215655191146332914e+00 -9.737077907123753429e-01 -1.338939317130120710e+00 2.746685461746506629e+00
-3.011527285023277045e+00 -8.141238581631233817e-01 -2.213866390303367737e+00 -9.814493366528885820e-01 -1.338231242764002626e+00 2.750392872873675287e+00
-3.021090992480067072e+00 -8.210647305982470279e-01 -2.212056313786462169e+00 -9.892168188628672754e-01 -1.337544384761121696e+00 2.754096567031377951e+00
-3.030647358681662684e+00 -8.280214054000025747e-01 -2.210224398600123763e+00 -9.970097367741933558e-01 -1.336879063565982850e+00 2.757796511974906828e+00
-3.040196126871304916e+00 -8.349940258356374212e-01 -2.208370067563705685e+00 -1.004827580198621950e+00 -1.336235596847925589e+00 2.761492676026001458e+00
-3.049737035462584345e+00 -8.419827399987085403e-01 -2.206492729169029055e+00 -1.012669829404142741e+00 -1.335614299363510504e+00 2.765185028075280105e+00
-3.059269817895065469e+00 -8.489877009091224558e-01 -2.204591777445319423e+00 -1.020535955193480948e+00 -1.335015482820426591e+00 2.768873537584615185e+00
-3.068794202487013845e+00 -8.560090666123916225e-01 -2.202666591831966780e+00 -1.028425418984138862e+00 -1.334439455743170244e+00 2.772558174589455415e+00
-3.078309912285217109e+00 -8.630470002779380145e-01 -2.200716537059528743e+00 -1.036337672890351280e+00 -1.333886523340356955e+00 2.776238909701091551e+00
-3.087816664911886999e+00 -8.701016702962665050e-01 -2.198740963039469420e+00 -1.044272159806351352e+00 -1.333356987373900404e+00 2.779915714108865732e+00
-3.097314172408634825e+00 -8.771732503748217447e-01 -2.196739204763122899e+00 -1.052228313493120293e+00 -1.332851146029238043e+00 2.783588559582323985e+00
-3.106802141077513291e+00 -8.842619196323344699e-01 -2.194710582210318339e+00 -1.060205558665935799e+00 -1.332369293787654119e+00 2.787257418473311432e+00
-3.116280271319123329e+00 -8.913678626914574021e-01 -2.192654400268207127e+00 -1.068203311082953633e+00 -1.331911721300599538e+00 2.790922263718006668e+00
-3.125748257467781954e+00 -8.984912697694789063e-01 -2.190569948660797905e+00 -1.076220977636704212e+00 -1.331478715265305590e+00 2.794583068838898399e+00
-3.135205787623753793e+00 -9.056323367668976942e-01 -2.188456501889726624e+00 -1.084257956446297078e+00 -1.331070558302529516e+00 2.798239807946700353e+00
-3.144652543482548968e+00 -9.127912653536314203e-01 -2.186313319186840687e+00 -1.092313636952549238e+00 -1.330687528835617917e+00 2.801892455742205357e+00
-3.154088200161298428e+00 -9.199682630526240246e-01 -2.184139644479104359e+00 -1.100387400013901340e+00 -1.330329900971679136e+00 2.805540987518077678e+00
-3.163512426022212942e+00 -9.271635433206057986e-01 -2.181934706366387644e+00 -1.108478618004109295e+00 -1.329997944384506692e+00 2.809185379160583196e+00
-3.172924882493143972e+00 -9.343773256257565940e-01 -2.179697718112727056e+00 -1.116586654912201659e+00 -1.329691924199088326e+00 2.812825607151253848e+00
-3.182325223885262844e+00 -9.416098355220072769e-01 -2.177427877651645360e+00 -1.124710866442809154e+00 -1.329412100878368364e+00 2.816461648568489906e+00
-3.191713097207879990e+00 -9.488613047197094197e-01 -2.175124367606124043e+00 -1.132850600118830764e+00 -1.329158730111575704e+00 2.820093481089096077e+00
-3.201088141980434898e+00 -9.561319711523936782e-01 -2.172786355323846674e+00 -1.141005195384733106e+00 -1.328932062704707207e+00 2.823721082989753217e+00
-3.210449990041683410e+00 -9.634220790393261957e-01 -2.170412992928360207e+00 -1.149173983712017622e+00 -1.328732344472641103e+00 2.827344433148421210e+00
-3.219798265356125455e+00 -9.707318789435646078e-01 -2.168003417386677345e+00 -1.157356288705283065e+00 -1.328559816133409566e+00 2.830963511045676562e+00
-3.229132583817708735e+00 -9.780616278252074469e-01 -2.165556750594124669e+00 -1.165551426210537977e+00 -1.328414713204082886e+00 2.834578296765982053e+00
-3.238452553050865212e+00 -9.854115890895167595e-01 -2.163072099476989418e+00 -1.173758704423732535e+00 -1.328297265898925605e+00 2.838188770998886223e+00
-3.247757772208927474e+00 -9.927820326295893061e-01 -2.160548556113645713e+00 -1.181977424000727472e+00 -1.328207699029417821e+00 2.841794915040155356e+00
-3.257047831769992907e+00 -1.000173234863240390e+00 -2.157985197874830341e+00 -1.190206878168946103e+00 -1.328146231906066843e+00 2.845396710792834849e+00
-3.266322313330300098e+00 -1.007585478763754372e+00 -2.155381087583817745e+00 -1.198446352840110807e+00 -1.328113078242198153e+00 2.848994140768239536e+00
-3.275580789395198256e+00 -1.015019053884147926e+00 -2.152735273697059082e+00 -1.206695126723142275e+00 -1.328108446059999448e+00 2.852587188086872949e+00
-3.284822823167792727e+00 -1.022474256374583446e+00 -2.150046790506119798e+00 -1.214952471438616399e+00 -1.328132537598372576e+00 2.856175836479275532e+00
-3.294047968335359400e+00 -1.029951388992559558e+00 -2.147314658361555662e+00 -1.223217651634799896e+00 -1.328185549222592687e+00 2.859760070286797795e+00
-3.303255768853635033e+00 -1.037450761105498831e+00 -2.144537883919447996e+00 -1.231489925104323646e+00 -1.328267671336055056e+00 2.863339874462304202e+00
-3.312445758729092304e+00 -1.044972688685341655e+00 -2.141715460411350858e+00 -1.239768542901338533e+00 -1.328379088294135979e+00 2.866915234570799775e+00
-3.321617461799328819e+00 -1.052517494294751055e+00 -2.138846367938348259e+00 -1.248052749459406696e+00 -1.328519978320078732e+00 2.870486136789983433e+00
-3.330770391511701067e+00 -1.060085507064520094e+00 -2.135929573789999036e+00 -1.256341782710267196e+00 -1.328690513422851271e+00 2.874052567910726719e+00
-3.339904050700352567e+00 -1.067677062661769760e+00 -2.132964032788891462e+00 -1.264634874203645731e+00 -1.328890859316923079e+00 2.877614515337477030e+00
-3.349017931361796929e+00 -1.075292503248516773e+00 -2.129948687661593176e+00 -1.272931249227744699e+00 -1.329121175344050831e+00 2.881171967088583141e+00
-3.358111514429228173e+00 -1.082932177430182108e+00 -2.126882469436663037e+00 -1.281230126930710922e+00 -1.329381614396982547e+00 2.884724911796546554e+00
-3.367184269545747011e+00 -1.090596440193607908e+00 -2.123764297870589512e+00 -1.289530720441411260e+00 -1.329672322845512733e+00 2.888273338708192473e+00
-3.376235654836706956e+00 -1.098285652834139814e+00 -2.120593081902316435e+00 -1.297832236992069621e+00 -1.329993440464182664e+00 2.891817237684765285e+00
-3.385265116681395181e+00 -1.106000182871330395e+00 -2.117367720137276255e+00 -1.306133878040741436e+00 -1.330345100362157584e+00 2.895356599201944547e+00
-3.394272089484291044e+00 -1.113740403952814706e+00 -2.114087101361499688e+00 -1.314434839395253629e+00 -1.330727428914841193e+00 2.898891414349782814e+00
-3.403255995446146986e+00 -1.121506695745896565e+00 -2.110750105086681927e+00 -1.322734311335919566e+00 -1.331140545697897304e+00 2.902421674832562193e+00
-3.412216244335171567e+00 -1.129299443816396575e+00 -2.107355602126967931e+00 -1.331031478739363783e+00 -1.331584563423059420e+00 2.905947372968572751e+00
-3.421152233258601960e+00 -1.137119039494291606e+00 -2.103902455208165545e+00 -1.339325521203243108e+00 -1.332059587875774387e+00 2.909468501689810527e+00
-3.430063346434977678e+00 -1.144965879725687419e+00 -2.100389519610176503e+00 -1.347615613169692361e+00 -1.332565717855190401e+00 2.912985054541591623e+00
-3.438948954967452121e+00 -1.152840366910661718e+00 -2.096815643843408239e+00 -1.355900924050904566e+00 -1.333103045115640706e+00 2.916497025682089905e+00
-3.447808416618495464e+00 -1.160742908726509537e+00 -2.093179670359886391e+00 -1.364180618353578733e+00 -1.333671654310395249e+00 2.920004409881786778e+00
-3.456641075586370349e+00 -1.168673917935931339e+00 -2.089480436299800736e+00 -1.372453855804071532e+00 -1.334271622937216017e+00 2.923507202522843684e+00
-3.465446262283782719e+00 -1.176633812179703309e+00 -2.085716774274296803e+00 -1.380719791473268732e+00 -1.334903021285924307e+00 2.927005399598388902e+00
-3.474223293119141243e+00 -1.184623013753372867e+00 -2.081887513185128658e+00 -1.388977575901872541e+00 -1.335565912387802978e+00 2.930498997711720843e+00
-3.482971470280877835e+00 -1.192641949367526877e+00 -2.077991479081958470e+00 -1.397226355225578143e+00 -1.336260351966925164e+00 2.933987994075429206e+00
-3.491690081525318679e+00 -1.200691049891188467e+00 -2.074027496057947673e+00 -1.405465271299694674e+00 -1.336986388393485603e+00 2.937472386510431299e+00
-3.500378399968614218e+00 -1.208770750077904577e+00 -2.069994387184350249e+00 -1.413693461823308795e+00 -1.337744062639074638e+00 2.940952173444922657e+00
-3.509035683883275691e+00 -1.216881488274097478e+00 -2.065890975484775627e+00 -1.421910060465033210e+00 -1.338533408233447908e+00 2.944427353913243284e+00
-3.517661176499891518e+00 -1.225023706109261479e+00 -2.061716084949806849e+00 -1.430114196987775976e+00 -1.339354451223319309e+00 2.947897927554659514e+00
-3.526254105814627504e+00 -1.233197848167604249e+00 -2.057468541592515798e+00 -1.438304997372086724e+00 -1.340207210133220084e+00 2.951363894612057948e+00
-3.534813684403154799e+00 -1.241404361640740639e+00 -2.053147174545562059e+00 -1.446481583940640636e+00 -1.341091695927878691e+00 2.954825255930555450e+00
-3.543339109241674389e+00 -1.249643695961072609e+00 -2.048750817200409635e+00 -1.454643075482136894e+00 -1.342007911976452306e+00 2.958282012956019447e+00
-3.551829561535753133e+00 -1.257916302415499121e+00 -2.044278308389237520e+00 -1.462788587374275640e+00 -1.342955854018640371e+00 2.961734167733504730e+00
-3.560284206557706277e+00 -1.266222633739126469e+00 -2.039728493610096560e+00 -1.470917231706461603e+00 -1.343935510132519662e+00 2.965181722905600115e+00
-3.568702193493317409e+00 -1.274563143688673517e+00 -2.035100226295724735e+00 -1.479028117401359976e+00 -1.344946860704236524e+00 2.968624681710689384e+00
-3.577082655298707170e+00 -1.282938286595290744e+00 -2.030392369126573726e+00 -1.487120350336602392e+00 -1.345989878399282080e+00 2.972063047981122086e+00
-3.585424708568211827e+00 -1.291348516896540399e+00 -2.025603795388434936e+00 -1.495193033466003296e+00 -1.347064528135446082e+00 2.975496826141298179e+00
-3.593727453414163442e+00 -1.299794288647321494e+00 -2.020733390375050398e+00 -1.503245266939902125e+00 -1.348170767057486952e+00 2.978926021205662522e+00
-3.601989973359509101e+00 -1.308276055009550465e+00 -2.015780052836054104e+00 -1.511276148225169536e+00 -1.349308544513391439e+00 2.982350638776610108e+00
-3.610211335244243536e+00 -1.316794267720452716e+00 -2.010742696470564805e+00 -1.519284772223878699e+00 -1.350477802032360453e+00 2.985770685042302919e+00
-3.618390589146668113e+00 -1.325349376539355806e+00 -2.005620251466650128e+00 -1.527270231391906652e+00 -1.351678473304279704e+00 2.989186166774396636e+00
-3.626526768320531335e+00 -1.333941828672923879e+00 -2.000411666086898688e+00 -1.535231615856484488e+00 -1.352910484160804394e+00 2.992597091325677638e+00
-3.634618889149146881e+00 -1.342572068178812028e+00 -1.995115908300209684e+00 -1.543168013533315230e+00 -1.354173752557929822e+00 2.996003466627609413e+00
-3.642665951117622480e+00 -1.351240535347777882e+00 -1.989731967459922535e+00 -1.551078510242512865e+00 -1.355468188560130072e+00 2.999405301187788364e+00
-3.650666936804376039e+00 -1.359947666064337923e+00 -1.984258856028304319e+00 -1.558962189824229183e+00 -1.356793694325904909e+00 3.002802604087309479e+00
-3.658620811893149583e+00 -1.368693891146111952e+00 -1.978695611347347283e+00 -1.566818134252853545e+00 -1.358150164094864998e+00 3.006195384978040064e+00
-3.666526525207132625e+00 -1.377479635663160007e+00 -1.973041297455958132e+00 -1.574645423756209750e+00 -1.359537484175095123e+00 3.009583654074379666e+00
-3.674383008765751413e+00 -1.386305318235393713e+00 -1.967295006953258651e+00 -1.582443136931217964e+00 -1.360955532932663248e+00 3.012967422150367280e+00
-3.682189177865828000e+00 -1.395171350309493352e+00 -1.961455862907631742e+00 -1.590210350855945975e+00 -1.362404180782894603e+00 3.016346700536702397e+00
-3.689943931188469861e+00 -1.404078135415733009e+00 -1.955523020811217316e+00 -1.597946141200805581e+00 -1.363883290182978492e+00 3.019721501117673679e+00
-3.697646150933084908e+00 -1.413026068405211610e+00 -1.949495670579470818e+00 -1.605649582344816917e+00 -1.365392715625148190e+00 3.023091836327993498e+00
-3.705294702979947896e+00 -1.422015534668044978e+00 -1.943373038595226365e+00 -1.613319747485076006e+00 -1.366932303631941847e+00 3.026457719149543202e+00
-3.712888437082775273e+00 -1.431046909333181016e+00 -1.937154389796653442e+00 -1.620955708745576374e+00 -1.368501892752677751e+00 3.029819163108022906e+00
-3.720426187092787274e+00 -1.440120556450566802e+00 -1.930839029808415042e+00 -1.628556537284413963e+00 -1.370101313561229439e+00 3.033176182269509358e+00
-3.727906771215765414e+00 -1.449236828156503787e+00 -1.924426307115190138e+00 -1.636121303400964289e+00 -1.371730388654882615e+00 3.036528791236921432e+00
-3.735328992303628137e+00 -1.458396063823112598e+00 -1.917915615276651886e+00 -1.643649076642147211e+00 -1.373388932654354910e+00 3.039877005146390587e+00
-3.742691638182071401e+00 -1.467598589192934622e+00 -1.911306395182835072e+00 -1.651138925907004618e+00 -1.375076752205029340e+00 3.043220839663538957e+00
-3.749993482015824942e+00 -1.476844715499791238e+00 -1.904598137348738840e+00 -1.658589919551832104e+00 -1.376793645979134117e+00 3.046560310979663733e+00
-3.757233282713089650e+00 -1.486134738577139291e+00 -1.897790384246865747e+00 -1.666001125493609125e+00 -1.378539404679085090e+00 3.049895435807827404e+00
-3.764409785370725903e+00 -1.495468937955259481e+00 -1.890882732676275602e+00 -1.673371611312901130e+00 -1.380313811041837813e+00 3.053226231378854294e+00
-3.771521721761753820e+00 -1.504847575948734750e+00 -1.883874836166533617e+00 -1.680700444355895051e+00 -1.382116639844261696e+00 3.056552715437232504e+00
-3.778567810866726440e+00 -1.514270896735783190e+00 -1.876766407414880433e+00 -1.687986691835835718e+00 -1.383947657909481599e+00 3.059874906236921710e+00
-3.785546759450522547e+00 -1.523739125431138319e+00 -1.869557220754717530e+00 -1.695229420934083686e+00 -1.385806624114152674e+00 3.063192822537067261e+00
-3.792457262686081965e+00 -1.533252467154275323e+00 -1.862247114653350355e+00 -1.702427698899967590e+00 -1.387693289396713769e+00 3.066506483597618793e+00
-3.799298004826584751e+00 -1.542811106094920337e+00 -1.854835994236775143e+00 -1.709580593150405114e+00 -1.389607396766514569e+00 3.069815909174855140e+00
-3.806067659927537150e+00 -1.552415204577887398e+00 -1.847323833839059626e+00 -1.716687171368749265e+00 -1.391548681313841795e+00 3.073121119516813327e+00
-3.812764892620189361e+00 -1.562064902129426613e+00 -1.839710679573811181e+00 -1.723746501603236503e+00 -1.393516870220796733e+00 3.076422135358624299e+00
-3.819388358937657824e+00 -1.571760314547381299e+00 -1.831996651924860497e+00 -1.730757652364522503e+00 -1.395511682773039830e+00 3.079718977917752287e+00
-3.825936707195067399e+00 -1.581501532977584112e+00 -1.824181948353189808e+00 -1.737719692723645348e+00 -1.397532830372295587e+00 3.083011668889139578e+00
-3.832408578924959563e+00 -1.591288622999045277e+00 -1.816266845916863826e+00 -1.744631692409422730e+00 -1.399580016549675676e+00 3.086300230440257142e+00
-3.838802609869137683e+00 -1.601121623720611176e+00 -1.808251703908390073e+00 -1.751492724509981391e+00 -1.401652936835635854e+00 3.089584685206059778e+00
-3.845117431028110211e+00 -1.611000546891844465e+00 -1.800136966498023128e+00 -1.758301865572986067e+00 -1.403751278808995639e+00 3.092865056283846226e+00
-3.851351669769120800e+00 -1.620925376031046472e+00 -1.791923165378983773e+00 -1.765058195705372812e+00 -1.405874722146646993e+00 3.096141367228025132e+00
-3.857503950993643294e+00 -1.630896065573468778e+00 -1.783610922410417299e+00 -1.771760798672609827e+00 -1.408022938673942903e+00 3.099413642044786421e+00
-3.863572898365108532e+00 -1.640912540042864798e+00 -1.775200952253622289e+00 -1.778408761998209187e+00 -1.410195592415722565e+00 3.102681905186679412e+00
-3.869557135597490927e+00 -1.650974693249649405e+00 -1.766694064996684022e+00 -1.785001177062461419e+00 -1.412392339648017803e+00 3.105946181547095009e+00
-3.875455287805245508e+00 -1.661082387519031478e+00 -1.758091168762426104e+00 -1.791537139200614304e+00 -1.414612828950416290e+00 3.109206496454657298e+00
-3.881265982914936075e+00 -1.671235452952583689e+00 -1.749393272294903046e+00 -1.798015747979335277e+00 -1.416856701253278894e+00 3.112462875667520557e+00
-3.886987853138727189e+00 -1.681433686726789389e+00 -1.740601487518625978e+00 -1.804436107381134136e+00 -1.419123589891168269e+00 3.115715345367575217e+00
-3.892619536509748013e+00 -1.691676852432220102e+00 -1.731717032060635431e+00 -1.810797322402568632e+00 -1.421413120751126691e+00 3.118963932154564578e+00
-3.898159678479090395e+00 -1.701964679456992702e+00 -1.722741231733623479e+00 -1.817098499357961527e+00 -1.423724912280819321e+00 3.122208663040115351e+00
-3.903606933574046423e+00 -1.712296862418165144e+00 -1.713675522973652221e+00 -1.823338746239808295e+00 -1.426058575499683734e+00 3.125449565441703381e+00
-3.908959967116586665e+00 -1.722673060642028631e+00 -1.704521455226105653e+00 -1.829517173179497691e+00 -1.428413714013474722e+00 3.128686667176612257e+00
-3.914217457000436440e+00 -1.733092897691132617e+00 -1.695280693273055750e+00 -1.835632889972495407e+00 -1.430789924073415431e+00 3.131919996456010491e+00
-3.919378095485279712e+00 -1.743555960932520410e+00 -1.685955019499712382e+00 -1.841685007512311012e+00 -1.433186794564477395e+00 3.135149581879211667e+00
-3.924440591093927289e+00 -1.754061801201024728e+00 -1.676546336079226984e+00 -1.847672637623326786e+00 -1.435603907018295100e+00 3.138375452427854206e+00
-3.929403670565465578e+00 -1.764609932529940917e+00 -1.667056667068902431e+00 -1.853594893213572847e+00 -1.438040835621537727e+00 3.141597637460000314e+00
-3.934266080862528270e+00 -1.775199831952931184e+00 -1.657488160413234546e+00 -1.859450890623324693e+00 -1.440497147225937580e+00 3.144816166704158533e+00
-3.939026591230567753e+00 -1.785830939379751126e+00 -1.647843089837752739e+00 -1.865239742401664236e+00 -1.442972401378672220e+00 3.148031067162206931e+00
-3.943683995306796586e+00 -1.796502657551927395e+00 -1.638123856622056840e+00 -1.870960557357710607e+00 -1.445466150250693804e+00 3.151242366487399416e+00
-3.948237113275971488e+00 -1.807214352080861897e+00 -1.628332991239983540e+00 -1.876612440605299303e+00 -1.447977938585316871e+00 3.154450092976680775e+00
-3.952684794069938334e+00 -1.817965351571925847e+00 -1.618473154854631613e+00 -1.882194491102227252e+00 -1.450507303614575250e+00 3.157654275562928436e+00
-3.957025917607534193e+00 -1.828754947837973432e+00 -1.608547140654111196e+00 -1.887705801689948615e+00 -1.453053774975566981e+00 3.160854943807113404e+00
-3.961259397071098753e+00 -1.839582396205562631e+00 -1.598557875013396412e+00 -1.893145459134916608e+00 -1.455616874626785462e+00 3.164052127890383925e+00
-3.965384181215478421e+00 -1.850446915916991841e+00 -1.588508418466666017e+00 -1.898512544171547800e+00 -1.458196116764452377e+00 3.167245858606071884e+00
-3.969399256705048451e+00 -1.861347690631076635e+00 -1.578401966473961915e+00 -1.903806131627025167e+00 -1.460791007740918968e+00 3.170436167351617929e+00
-3.973303650473894777e+00 -1.872283869025358261e+00 -1.568241849963623480e+00 -1.909025290468864711e+00 -1.463401045982098747e+00 3.173623086120419767e+00
-3.977096432103899293e+00 -1.883254565502209488e+00 -1.558031535631244413e+00 -1.914169083854453612e+00 -1.466025721904967050e+00 3.176806647493600977e+00
-3.980776716215047806e+00 -1.894258861001033800e+00 -1.547774625974360774e+00 -1.919236569182421803e+00 -1.468664517835141847e+00 3.179986884631696764e+00
-3.984343664861857093e+00 -1.905295803918471975e+00 -1.537474859040461217e+00 -1.924226798146254191e+00 -1.471316907924575368e+00 3.183163831266261568e+00
-3.987796489929347654e+00 -1.916364411138226753e+00 -1.527136107864087933e+00 -1.929138816789837563e+00 -1.473982358069373610e+00 3.186337521691392727e+00
-3.991134455521506474e+00 -1.927463669171795235e+00 -1.516762379566736429e+00 -1.933971665565173303e+00 -1.476660325827764186e+00 3.189507990755173772e+00
-3.994356880334660520e+00 -1.938592535411058915e+00 -1.506357814093069569e+00 -1.938724379925909069e+00 -1.479350260363830216e+00 3.192675273851034667e+00
-3.997463140007634141e+00 -1.949749939493330420e+00 -1.495926682550423159e+00 -1.943395990389009453e+00 -1.482051602372608023e+00 3.195839406909029901e+00
-4.000452669439915176e+00 -1.960934784779093221e+00 -1.485473385117954681e+00 -1.947985522653577606e+00 -1.484763784008373833e+00 3.199000426387030860e+00
-4.003324965068361330e+00 -1.972145949942315735e+00 -1.475002448488229589e+00 -1.952491997698682979e+00 -1.487486228812693545e+00 3.202158369261836945e+00
-4.006079587092186145e+00 -1.983382290672842441e+00 -1.464518522800436484e+00 -1.956914431851037639e+00 -1.490218351641264150e+00 3.205313273020200082e+00
-4.008716161635037523e+00 -1.994642641490000479e+00 -1.454026378020508714e+00 -1.961251836918235902e+00 -1.492959558595062575e+00 3.208465175649766188e+00
-4.011234382831930567e+00 -2.005925817666196487e+00 -1.443530899718518112e+00 -1.965503220312400989e+00 -1.495709246951994809e+00 3.211614115629930488e+00
-4.013634014827482943e+00 -2.017230617258908509e+00 -1.433037084188033328e+00 -1.969667585123871634e+00 -1.498466805096011933e+00 3.214760131922607567e+00
-4.015914893670355923e+00 -2.028555823249107437e+00 -1.422550032845924184e+00 -1.973743930196886209e+00 -1.501231612446537245e+00 3.217903263962916149e+00
-4.018076929086859650e+00 -2.039900205783743203e+00 -1.412074945843919460e+00 -1.977731250258791151e+00 -1.504003039392163510e+00 3.221043551649775960e+00
-4.020120106114242198e+00 -2.051262524519458452e+00 -1.401617114814204923e+00 -1.981628535999170770e+00 -1.506780447221367059e+00 3.224181035336419754e+00
-4.022044486571086708e+00 -2.062641531064051570e+00 -1.391181914665442498e+00 -1.985434778527513933e+00 -1.509563188415862234e+00 3.227315755820817866e+00
-4.023850210338247635e+00 -2.074035971511254850e+00 -1.380774794325421162e+00 -1.989148969451177029e+00 -1.512350606636885031e+00 3.230447754336016164e+00
-4.025537496418441386e+00 -2.085444589062791731e+00 -1.370401266316310096e+00 -1.992770100954262658e+00 -1.515142036711659479e+00 3.233577072540386066e+00
-4.027106643735622882e+00 -2.096866126728868629e+00 -1.360066895031416756e+00 -1.996297165878069491e+00 -1.517936804620114266e+00 3.236703752507791076e+00
-4.028558031625877334e+00 -2.108299330093123647e+00 -1.349777283561755414e+00 -1.999729157802241586e+00 -1.520734227481787881e+00 3.239827836717664944e+00
-4.029892119958913277e+00 -2.119742950118553626e+00 -1.339538058896116990e+00 -2.003065071127027696e+00 -1.523533613542973342e+00 3.242949368045004555e+00
-4.031109448812058460e+00 -2.131195745953093024e+00 -1.329354855288145343e+00 -2.006303901156919700e+00 -1.526334262164137368e+00 3.246068389750277117e+00
-4.032210637595461833e+00 -2.142656487659443609e+00 -1.319233295547396434e+00 -2.009444644185190310e+00 -1.529135463807587136e+00 3.249184945469242969e+00
-4.033196383496418846e+00 -2.154123958727608645e+00 -1.309178969966433126e+00 -2.012486297579352268e+00 -1.531936500025395942e+00 3.252299079202690901e+00
-4.034067459071914108e+00 -2.165596958097112168e+00 -1.299197412540209928e+00 -2.015427859867647165e+00 -1.534736643447612181e+00 3.255410835306091766e+00
-4.034824708776155511e+00 -2.177074301147388535e+00 -1.289294074062428797e+00 -2.018268330826592738e+00 -1.537535157770765881e+00 3.258520258479165488e+00
-4.035469044185846066e+00 -2.188554818548433367e+00 -1.279474291584345114e+00 -2.021006711569051095e+00 -1.540331297746625472e+00 3.261627393755363258e+00
