-1.033012457881778146e-01 9.233223249634621155e-01 -1.419385371226637993e+00 2.152744723464419113e-02 -8.667987079933858752e-01 1.668745010719641986e+00
-1.033012457881778146e-01 9.233223249634621155e-01 -1.419385371226637993e+00 2.152744723464419113e-02 -8.667987079933858752e-01 1.668745010719641986e+00
-1.032950058330407844e-01 9.232986496523565290e-01 -1.420127540715629522e+00 2.152319620052088600e-02 -8.667788905157682855e-01 1.668712583011691786e+00
-1.032824750255756374e-01 9.232511217044769847e-01 -1.421578239884211392e+00 2.151476575820122222e-02 -8.667399399856178244e-01 1.668647878495573167e+00
-1.032636555843535059e-01 9.231795554658844827e-01 -1.423704607232677777e+00 2.150222908662043422e-02 -8.666825380693676806e-01 1.668551047864724524e+00
-1.032386004424801079e-01 9.230837578976720526e-01 -1.426474558183600694e+00 2.148566077128373844e-02 -8.666073636546965941e-01 1.668422241606651202e+00
-1.032074108846580407e-01 9.229635296524799637e-01 -1.429856782972848572e+00 2.146513665973808632e-02 -8.665150928307207012e-01 1.668261610003321849e+00
-1.031702342181581855e-01 9.228186662567543497e-01 -1.433820743853441826e+00 2.144073371895709873e-02 -8.664063988684350681e-01 1.668069303131550107e+00
-1.031272614736154364e-01 9.226489593734337191e-01 -1.438336671645785270e+00 2.141252989464230080e-02 -8.662819522013728291e-01 1.667845470863361657e+00
-1.030787251319973952e-01 9.224541981218052911e-01 -1.443375561666954354e+00 2.138060397244321079e-02 -8.661424204064390731e-01 1.667590262866347706e+00
-1.030248968746326488e-01 9.222341704332459589e-01 -1.448909169070854652e+00 2.134503544109890572e-02 -8.659884681848861732e-01 1.667303828604003391e+00
-1.029660853537936183e-01 9.219886644234513984e-01 -1.454910003630230042e+00 2.130590435750339545e-02 -8.658207573433950310e-01 1.666986317336053514e+00
-1.029026339819819197e-01 9.217174697635697189e-01 -1.461351323990652817e+00 2.126329121369659875e-02 -8.656399467752246002e-01 1.666637878118763405e+00
-1.028349187387362501e-01 9.214203790343943323e-01 -1.468207131425795398e+00 2.121727680578319036e-02 -8.654466924414010442e-01 1.666258659805235576e+00
-1.027633459944549688e-01 9.210971890494360492e-01 -1.475452163122461302e+00 2.116794210478083887e-02 -8.652416473519097817e-01 1.665848811045693489e+00
-1.026883503513789653e-01 9.207477021342953538e-01 -1.483061885023041704e+00 2.111536812939997579e-02 -8.650254615468676578e-01 1.665408480287751347e+00
-1.026103925025016878e-01 9.203717273512828090e-01 -1.491012484252255188e+00 2.105963582075601540e-02 -8.647987820776376067e-01 1.664937815776669883e+00
-1.025299571097505330e-01 9.199690816597057008e-01 -1.499280861154237865e+00 2.100082591901527782e-02 -8.645622529878563833e-01 1.664436965555599057e+00
-1.024475507033073135e-01 9.195395910036316955e-01 -1.507844620965271387e+00 2.093901884197602384e-02 -8.643165152943512730e-01 1.663906077465806543e+00
-1.023636996043994635e-01 9.190830913202775454e-01 -1.516682065146657266e+00 2.087429456558551402e-02 -8.640622069679146922e-01 1.663345299146894218e+00
-1.022789478742915786e-01 9.185994294634357571e-01 -1.525772182401494259e+00 2.080673250639541311e-02 -8.637999629139272439e-01 1.662754778036999559e+00
-1.021938552925374805e-01 9.180884640375496231e-01 -1.535094639398361993e+00 2.073641140595392646e-02 -8.635304149527766038e-01 1.662134661372985489e+00
-1.021089953678135237e-01 9.175500661391795543e-01 -1.544629771224178993e+00 2.066340921713633386e-02 -8.632541918000590231e-01 1.661485096190615574e+00
-1.020249533848451295e-01 9.169841200036658035e-01 -1.554358571587779236e+00 2.058780299241649500e-02 -8.629719190465595657e-01 1.660806229324717220e+00
-1.019423244910614701e-01 9.163905235557803231e-01 -1.564262682795038328e+00 2.050966877407808114e-02 -8.626842191379708868e-01 1.660098207409331339e+00
-1.018617118266706700e-01 9.157691888640870914e-01 -1.574324385515680325e+00 2.042908148636486676e-02 -8.623917113543156931e-01 1.659361176877849120e+00
-1.017837247018431313e-01 9.151200424995746818e-01 -1.584526588361209409e+00 2.034611482957345702e-02 -8.620950117890844311e-01 1.658595283963136158e+00
-1.017089768246269427e-01 9.144430257999052181e-01 -1.594852817292732539e+00 2.026084117608703897e-02 -8.617947333280511213e-01 1.657800674697643251e+00
-1.016380845831029167e-01 9.137380950413283021e-01 -1.605287204876780338e+00 2.017333146835103078e-02 -8.614914856277533506e-01 1.656977494913504767e+00
-1.015716653851216761e-01 9.130052215209438771e-01 -1.615814479406578297e+00 2.008365511879055612e-02 -8.611858750936182139e-01 1.656125890242624576e+00
-1.015103360587570613e-01 9.122443915525617619e-01 -1.626419953905586802e+00 1.999187991167012193e-02 -8.608785048577175525e-01 1.655246006116749102e+00
-1.014547113163649927e-01 9.114556063798987529e-01 -1.637089515029497067e+00 1.989807190689548907e-02 -8.605699747561365021e-01 1.654337987767527496e+00
-1.014054022848604325e-01 9.106388820112810700e-01 -1.647809611882263159e+00 1.980229534575774636e-02 -8.602608813059398063e-01 1.653401980226560264e+00
-1.013630151045225025e-01 9.097942489803797494e-01 -1.658567244761143922e+00 1.970461255862034772e-02 -8.599518176817319004e-01 1.652438128325434574e+00
-1.013281495983155700e-01 9.089217520378015669e-01 -1.669349953845142620e+00 1.960508387454792945e-02 -8.596433736917811208e-01 1.651446576695747570e+00
-1.013013980133772585e-01 9.080214497785932259e-01 -1.680145807840655037e+00 1.950376753287818773e-02 -8.593361357537163681e-01 1.650427469769117694e+00
-1.012833438359777433e-01 9.070934142108906251e-01 -1.690943392597570760e+00 1.940071959673501586e-02 -8.590306868697609177e-01 1.649380951777183357e+00
-1.012745606809041798e-01 9.061377302710671433e-01 -1.701731799708525283e+00 1.929599386848530190e-02 -8.587276066015274711e-01 1.648307166751590058e+00
-1.012756112558731991e-01 9.051544952908008312e-01 -1.712500615103452306e+00 1.918964180713678830e-02 -8.584274710443335898e-01 1.647206258523964628e+00
-1.012870464012281951e-01 9.041438184215011553e-01 -1.723239907651065161e+00 1.908171244767818686e-02 -8.581308528010489489e-01 1.646078370725877926e+00
-1.013094042048396093e-01 9.031058200215088538e-01 -1.733940217778376480e+00 1.897225232236038686e-02 -8.578383209554542033e-01 1.644923646788795990e+00
-1.013432091917996075e-01 9.020406310114190696e-01 -1.744592546118858722e+00 1.886130538391780215e-02 -8.575504410450971449e-01 1.643742229944018529e+00
-1.013889715881900327e-01 9.009483922027687886e-01 -1.755188342199361706e+00 1.874891293073233101e-02 -8.572677750336780145e-01 1.642534263222606539e+00
-1.014471866579065018e-01 8.998292536051990531e-01 -1.765719493175414545e+00 1.863511353393521378e-02 -8.569908812829004630e-01 1.641299889455297034e+00
-1.015183341112451815e-01 8.986833737170295544e-01 -1.776178312624076217e+00 1.851994296644986215e-02 -8.567203145238329043e-01 1.640039251272407350e+00
-1.016028775837020115e-01 8.975109188039969155e-01 -1.786557529403037581e+00 1.840343413397502528e-02 -8.564566258277753752e-01 1.638752491103727005e+00
-1.017012641832002184e-01 8.963120621706881508e-01 -1.796850276584232242e+00 1.828561700790596461e-02 -8.562003625766054782e-01 1.637439751178398240e+00
-1.018139241037502862e-01 8.950869834289741922e-01 -1.807050080469776665e+00 1.816651856019221162e-02 -8.559520684325897522e-01 1.636101173524785679e+00
-1.019412703033581030e-01 8.938358677674961283e-01 -1.817150849697639181e+00 1.804616270013371590e-02 -8.557122833076941104e-01 1.634736899970333557e+00
-1.020836982438327600e-01 8.925589052260016754e-01 -1.827146864444020524e+00 1.792457021311549825e-02 -8.554815433324084450e-01 1.633347072141412726e+00
-1.022415856900037306e-01 8.912562899780599457e-01 -1.837032765729030181e+00 1.780175870127526094e-02 -8.552603808240155647e-01 1.631931831463155236e+00
-1.024152925657400154e-01 8.899282196254121313e-01 -1.846803544831848276e+00 1.767774252610670657e-02 -8.550493242543586447e-01 1.630491319159279140e+00
-1.026051608640676654e-01 8.885748945069370519e-01 -1.856454532821185666e+00 1.755253275299529722e-02 -8.548488982170728834e-01 1.629025676251901089e+00
-1.028115146086095444e-01 8.871965170249378474e-01 -1.865981390206482349e+00 1.742613709768823724e-02 -8.546596233943297705e-01 1.627535043561338490e+00
-1.030346598635183269e-01 8.857932909911798713e-01 -1.875380096714927225e+00 1.729855987469513037e-02 -8.544820165230562203e-01 1.626019561705900340e+00
-1.032748847890413435e-01 8.843654209948403899e-01 -1.884646941199033199e+00 1.716980194761932171e-02 -8.543165903606545486e-01 1.624479371101667624e+00
-1.035324597398424445e-01 8.829131117942674578e-01 -1.893778511679163890e+00 1.703986068141865456e-02 -8.541638536502271783e-01 1.622914611962262388e+00
-1.038076374032096127e-01 8.814365677341843286e-01 -1.902771685525078471e+00 1.690872989659317205e-02 -8.540243110852926423e-01 1.621325424298606599e+00
-1.041006529742969783e-01 8.799359921897328407e-01 -1.911623619780245864e+00 1.677639982529909729e-02 -8.538984632740127534e-01 1.619711947918670125e+00
-1.044117243655847405e-01 8.784115870385059699e-01 -1.920331741632369971e+00 1.664285706938780501e-02 -8.537868067029427133e-01 1.618074322427208278e+00
-1.047410524477885019e-01 8.768635521614933648e-01 -1.928893739033271659e+00 1.650808456036582245e-02 -8.536898337002668535e-01 1.616412687225488254e+00
-1.050888213195093485e-01 8.752920849736474107e-01 -1.937307551470980993e+00 1.637206152127983205e-02 -8.536080323986450225e-01 1.614727181511006471e+00
-1.054551986029869382e-01 8.736973799845727529e-01 -1.945571360896621638e+00 1.623476343051780124e-02 -8.535418866975379437e-01 1.613017944277193694e+00
-1.058403357633973529e-01 8.720796283896512513e-01 -1.953683582808392272e+00 1.609616198752684968e-02 -8.534918762250712776e-01 1.611285114313112166e+00
-1.062443684492250656e-01 8.704390176917334854e-01 -1.961642857494697800e+00 1.595622508044631724e-02 -8.534584762994601448e-01 1.609528830203140526e+00
-1.066674168513330329e-01 8.687757313533640557e-01 -1.969448041438226937e+00 1.581491675565258395e-02 -8.534421578899764604e-01 1.607749230326649847e+00
-1.071095860784538056e-01 8.670899484793550549e-01 -1.977098198882535129e+00 1.567219718921395583e-02 -8.534433875774839473e-01 1.605946452857669460e+00
-1.075709665469290477e-01 8.653818435293804123e-01 -1.984592593562457097e+00 1.552802266025548293e-02 -8.534626275146189878e-01 1.604120635764542557e+00
-1.080516343826313785e-01 8.636515860601379213e-01 -1.991930680599452108e+00 1.538234552622760008e-02 -8.535003353855473707e-01 1.602271916809572261e+00
-1.085516518331115232e-01 8.618993404965122895e-01 -1.999112098562767281e+00 1.523511420007407635e-02 -8.535569643652504146e-01 1.600400433548658130e+00
-1.090710676881242597e-01 8.601252659310675286e-01 -2.006136661697100365e+00 1.508627312930117641e-02 -8.536329630784897926e-01 1.598506323330922019e+00
-1.096099177067968028e-01 8.583295159511088457e-01 -2.013004352317243395e+00 1.493576277694280523e-02 -8.537287755584147542e-01 1.596589723298325936e+00
-1.101682250498139393e-01 8.565122384924722665e-01 -2.019715313369999432e+00 1.478351960441743468e-02 -8.538448412047978664e-01 1.594650770385279248e+00
-1.107460007151025022e-01 8.546735757191357141e-01 -2.026269841163485630e+00 1.462947605627317599e-02 -8.539815947418989417e-01 1.592689601318237003e+00
-1.113432439756058961e-01 8.528136639276815423e-01 -2.032668378263755571e+00 1.447356054681831275e-02 -8.541394661760051132e-01 1.590706352615289143e+00
-1.119599428178434247e-01 8.509326334755971111e-01 -2.038911506558511721e+00 1.431569744863251878e-02 -8.543188807526160833e-01 1.588701160585739514e+00
-1.125960743800521469e-01 8.490306087323583606e-01 -2.044999940487520984e+00 1.415580708295686302e-02 -8.545202589133857884e-01 1.586674161329677535e+00
-1.132516053888074220e-01 8.471077080522086966e-01 -2.050934520439189335e+00 1.399380571195712152e-02 -8.547440162527986107e-01 1.584625490737539000e+00
-1.139264925931141037e-01 8.451640437675284057e-01 -2.056716206312616979e+00 1.382960553285506738e-02 -8.549905634745508243e-01 1.582555284489659986e+00
-1.146206831950519756e-01 8.431997222016676119e-01 -2.062346071244307133e+00 1.366311467392391198e-02 -8.552603063476966749e-01 1.580463678055819887e+00
-1.153341152761467869e-01 8.412148437001125689e-01 -2.067825295498577187e+00 1.349423719234221254e-02 -8.555536456625132402e-01 1.578350806694777342e+00
-1.160667182187216512e-01 8.392095026788501944e-01 -2.073155160520600226e+00 1.332287307390170317e-02 -8.558709771860963933e-01 1.576216805453797054e+00
-1.168184131215631028e-01 8.371837876887999741e-01 -2.078337043150881414e+00 1.314891823456521350e-02 -8.562126916178555147e-01 1.574061809168168180e+00
-1.175891132093107860e-01 8.351377814951926881e-01 -2.083372409999865393e+00 1.297226452386725237e-02 -8.565791745447342009e-01 1.571885952460714275e+00
-1.183787242350504143e-01 8.330715611707845136e-01 -2.088262811981269174e+00 1.279279973015284323e-02 -8.569708063963226152e-01 1.569689369741294804e+00
-1.191871448756556401e-01 8.309851982018183758e-01 -2.093009879002632356e+00 1.261040758764793261e-02 -8.573879623998226229e-01 1.567472195206299324e+00
-1.200142671194867755e-01 8.288787586056606260e-01 -2.097615314811488663e+00 1.242496778535545285e-02 -8.578310125347947679e-01 1.565234562838132781e+00
-1.208599766461109642e-01 8.267523030590699928e-01 -2.102080891995469436e+00 1.223635597777088246e-02 -8.583003214878649478e-01 1.562976606404693047e+00
-1.217241531977628077e-01 8.246058870360790660e-01 -2.106408447134575201e+00 1.204444379741037054e-02 -8.587962486073204005e-01 1.560698459458841336e+00
-1.226066709423127843e-01 8.224395609545027686e-01 -2.110599876103772754e+00 1.184909886914425371e-02 -8.593191478576608366e-01 1.558400255337864415e+00
-1.235073988275570273e-01 8.202533703301156942e-01 -2.114657129524001533e+00 1.165018482633029852e-02 -8.598693677739723817e-01 1.556082127162928597e+00
-1.244262009266826896e-01 8.180473559375786019e-01 -2.118582208359615748e+00 1.144756132873778545e-02 -8.604472514163554742e-01 1.553744207838527958e+00
-1.253629367748018697e-01 8.158215539772262215e-01 -2.122377159660216783e+00 1.124108408225479340e-02 -8.610531363243554281e-01 1.551386630051923898e+00
-1.263174616964809482e-01 8.135759962468646078e-01 -2.126044072444785549e+00 1.103060486037147833e-02 -8.616873544713620214e-01 1.549009526272577597e+00
-1.272896271242234256e-01 8.113107103177672474e-01 -2.129585073725965838e+00 1.081597152743143248e-02 -8.623502322190095271e-01 1.546613028751576246e+00
-1.282792809078928120e-01 8.090257197140907630e-01 -2.133002324672303995e+00 1.059702806364247636e-02 -8.630420902716198217e-01 1.544197269521051519e+00
-1.292862676150864365e-01 8.067210440949756922e-01 -2.136298016906215125e+00 1.037361459183771921e-02 -8.637632436307248751e-01 1.541762380393591814e+00
-1.303104288224939122e-01 8.043966994386296809e-01 -2.139474368935395443e+00 1.014556740597788616e-02 -8.645140015496852737e-01 1.539308492961647401e+00
-1.313516033982938258e-01 8.020526982277339512e-01 -2.142533622715374619e+00 9.912719001387383655e-03 -8.652946674883628120e-01 1.536835738596928902e+00
-1.324096277756588724e-01 7.996890496355479883e-01 -2.145478040340870418e+00 9.674898106712145548e-03 -8.661055390679640587e-01 1.534344248449800441e+00
-1.334843362174557013e-01 7.973057597121274709e-01 -2.148309900863578648e+00 9.431929717590424936e-03 -8.669469080260308047e-01 1.531834153448664804e+00
-1.345755610722379481e-01 7.949028315701048841e-01 -2.151031497234010104e+00 9.183635132026876299e-03 -8.678190601715870534e-01 1.529305584299344156e+00
-1.356831330216427822e-01 7.924802655695227793e-01 -2.153645133364966213e+00 8.929831987460506645e-03 -8.687222753404461040e-01 1.526758671484453433e+00
-1.368068813193102917e-01 7.900380595012401752e-01 -2.156153121314229981e+00 8.670334299507965331e-03 -8.696568273508893387e-01 1.524193545262768623e+00
-1.379466340214531850e-01 7.875762087684723411e-01 -2.158557778584033748e+00 8.404952502383475355e-03 -8.706229839594200604e-01 1.521610335668589276e+00
-1.391022182092107318e-01 7.850947065660540680e-01 -2.160861425534855496e+00 8.133493490978775317e-03 -8.716210068167763447e-01 1.519009172511095462e+00
-1.402734602029258870e-01 7.825935440570538359e-01 -2.163066382911089658e+00 7.855760664592774736e-03 -8.726511514241965806e-01 1.516390185373698518e+00
-1.414601857684888164e-01 7.800727105463935995e-01 -2.165174969476133970e+00 7.571553972288057321e-03 -8.737136670901722857e-01 1.513753503613387563e+00
-1.426622203158930402e-01 7.775321936511638832e-01 -2.167189499754428539e+00 7.280669959878305342e-03 -8.748087968873712317e-01 1.511099256360070697e+00
-1.438793890901521044e-01 7.749719794673509687e-01 -2.169112281877992210e+00 6.982901818526818932e-03 -8.759367776099189484e-01 1.508427572515910642e+00
-1.451115173547269377e-01 7.723920527327237107e-01 -2.170945615534992879e+00 6.678039434934624971e-03 -8.770978397311955943e-01 1.505738580754655720e+00
-1.463584305676136621e-01 7.697923969856534931e-01 -2.172691790017909685e+00 6.365869443126287094e-03 -8.782922073618084635e-01 1.503032409520967061e+00
-1.476199545502422938e-01 7.671729947196681554e-01 -2.174353082368837509e+00 6.046175277752561389e-03 -8.795200982088081654e-01 1.500309187029739588e+00
-1.488959156493362412e-01 7.645338275335642475e-01 -2.175931755619503249e+00 5.718737228893207986e-03 -8.807817235360188013e-01 1.497569041265420564e+00
-1.501861408918812590e-01 7.618748762769304017e-01 -2.177430057123576290e+00 5.383332497484474843e-03 -8.820772881370921858e-01 1.494812099981322362e+00
-1.514904581333519906e-01 7.591961211909508123e-01 -2.178850216978859944e+00 5.039735253123973219e-03 -8.834069902954129194e-01 1.492038490698931685e+00
-1.528086961993416759e-01 7.564975420443857956e-01 -2.180194446536980024e+00 4.687716693318834393e-03 -8.847710217453697013e-01 1.489248340707215679e+00
-1.541406850207395207e-01 7.537791182646418342e-01 -2.181464936998195547e+00 4.327045104283298860e-03 -8.861695676333578575e-01 1.486441777061923153e+00
-1.554862557625984187e-01 7.510408290638685980e-01 -2.182663858088975228e+00 3.957485923232993696e-03 -8.876028064791310346e-01 1.483618926584882480e+00
-1.568452409468330533e-01 7.482826535600313189e-01 -2.183793356820011411e+00 3.578801802130909815e-03 -8.890709101379022927e-01 1.480779915863297269e+00
-1.582174745688863515e-01 7.455045708929313175e-01 -2.184855556322356840e+00 3.190752672892573083e-03 -8.905740437629215966e-01 1.477924871249036709e+00
-1.596027922085006545e-01 7.427065603351589163e-01 -2.185852554759401212e+00 2.793095814016578748e-03 -8.921123657687614061e-01 1.475053918857924806e+00
-1.610010311347267464e-01 7.398886013979795173e-01 -2.186786424312419985e+00 2.385585918653551629e-03 -8.936860277950092746e-01 1.472167184569025844e+00
-1.624120304053026931e-01 7.370506739321676104e-01 -2.187659210237463459e+00 1.967975164061802618e-03 -8.952951746707795699e-01 1.469264794023926957e+00
-1.638356309605311922e-01 7.341927582238169103e-01 -2.188472929991374549e+00 1.540013282443949971e-03 -8.969399443799279670e-01 1.466346872626018483e+00
-1.652716757117829172e-01 7.313148350851657042e-01 -2.189229572424754799e+00 1.101447633151255573e-03 -8.986204680269456180e-01 1.463413545539771876e+00
-1.667200096247505314e-01 7.284168859404878127e-01 -2.189931097039721664e+00 6.520232628084848825e-04 -9.003368699281375509e-01 1.460464937690015619e+00
-1.681804797975764432e-01 7.254988929071118919e-01 -2.190579433310340107e+00 1.914829787510001491e-04 -9.020892675786080783e-01 1.457501173761208024e+00
-1.696529355339754797e-01 7.225608388716376895e-01 -2.191176480063638632e+00 -2.804325762481123252e-04 -9.038777716200606660e-01 1.454522378196710264e+00
-1.711372284114713871e-01 7.196027075614287449e-01 -2.191724104919146932e+00 -7.639848479934312209e-04 -9.057024858095442665e-01 1.451528675198055174e+00
-1.726332123448648670e-01 7.166244836114681327e-01 -2.192224143784935020e+00 -1.259437293582073986e-03 -9.075635069886280881e-01 1.448520188724216728e+00
-1.741407436450488344e-01 7.136261526266706179e-01 -2.192678400408152317e+00 -1.767055302910793685e-03 -9.094609250536802580e-01 1.445497042490877071e+00
-1.756596810732854730e-01 7.106077012397509218e-01 -2.193088645978111373e+00 -2.287106118940077093e-03 -9.113948229267956336e-01 1.442459359969692212e+00
-1.771898858910578300e-01 7.075691171647526811e-01 -2.193456618779985323e+00 -2.819858756751600359e-03 -9.133652765275525054e-01 1.439407264387557728e+00
-1.787312219056073348e-01 7.045103892463481232e-01 -2.193784023897229485e+00 -3.365583921444367105e-03 -9.153723547458127996e-01 1.436340878725872461e+00
-1.802835555112681232e-01 7.014315075050236992e-01 -2.194072532960867239e+00 -3.924553924828065588e-03 -9.174161194151104759e-01 1.433260325719802664e+00
-1.818467557267066381e-01 6.983324631782670266e-01 -2.194323783943820771e+00 -4.497042600988876426e-03 -9.194966252870828693e-01 1.430165727857544811e+00
-1.834206942281755293e-01 6.952132487578770448e-01 -2.194539380998497435e+00 -5.083325220750563311e-03 -9.216139200069659587e-01 1.427057207379589299e+00
-1.850052453788880169e-01 6.920738580235212822e-01 -2.194720894335881578e+00 -5.683678404995843453e-03 -9.237680440897675371e-01 1.423934886277982592e+00
-1.866002862546199403e-01 6.889142860726625850e-01 -2.194869860144413654e+00 -6.298380036914682373e-03 -9.259590308974798845e-01 1.420798886295590924e+00
-1.882056966656441288e-01 6.857345293469843117e-01 -2.194987780546983291e+00 -6.927709173222051930e-03 -9.281869066174832650e-01 1.417649328925363328e+00
-1.898213591751021778e-01 6.825345856554394519e-01 -2.195076123594385198e+00 -7.571945954305513149e-03 -9.304516902417347968e-01 1.414486335409595563e+00
-1.914471591139173257e-01 6.793144541940530079e-01 -2.195136323293638281e+00 -8.231371513362353842e-03 -9.327533935470279092e-01 1.411310026739194701e+00
-1.930829845923515142e-01 6.760741355626046500e-01 -2.195169779669591037e+00 -8.906267884526582884e-03 -9.350920210761989315e-01 1.408120523652944600e+00
-1.947287265083093022e-01 6.728136317783202092e-01 -2.195177858858281983e+00 -9.596917910057321116e-03 -9.374675701206084399e-01 1.404917946636772275e+00
-1.963842785524902990e-01 6.695329462866999037e-01 -2.195161893230555883e+00 -1.030360514652645110e-02 -9.398800307033833290e-01 1.401702415923015588e+00
-1.980495372104914831e-01 6.662320839696076469e-01 -2.195123181544472057e+00 -1.102661377011013299e-02 -9.423293855639499617e-01 1.398474051489692505e+00
-1.997244017619599077e-01 6.629110511507509962e-01 -2.195062989124994424e+00 -1.176622865672543455e-02 -9.448156111534466994e-01 1.395232973059772119e+00
-2.014087742768954081e-01 6.595698555986706513e-01 -2.194982548069599915e+00 -1.252273541672552920e-02 -9.473386782849617660e-01 1.391979300100447015e+00
-2.031025596092025931e-01 6.562085065273659534e-01 -2.194883057478502764e+00 -1.329642031822198672e-02 -9.498985521109006847e-01 1.388713151822407621e+00
-2.048056653875907629e-01 6.528270145946751812e-01 -2.194765683708181037e+00 -1.408757020959610501e-02 -9.524951921010638145e-01 1.385434647179119683e+00
-2.065180020039198983e-01 6.494253918985288809e-01 -2.194631560646914892e+00 -1.489647244123150360e-02 -9.551285520215558877e-01 1.382143904866101947e+00
-2.082394825990895593e-01 6.460036519711933600e-01 -2.194481790011091338e+00 -1.572341478649295909e-02 -9.577985799145954937e-01 1.378841043320208959e+00
-2.099700230465684769e-01 6.425618097716176980e-01 -2.194317441661065793e+00 -1.656868536193584207e-02 -9.605052180790744076e-01 1.375526180718913638e+00
-2.117095419336595952e-01 6.390998816759962953e-01 -2.194139553935380516e+00 -1.743257254679118906e-02 -9.632484030520459539e-01 1.372199434979594956e+00
-2.134579605405966529e-01 6.356178854666545419e-01 -2.193949134002213253e+00 -1.831536490171165044e-02 -9.660280655909980752e-01 1.368860923758826953e+00
-2.152152028175660925e-01 6.321158403193650743e-01 -2.193747158226930782e+00 -1.921735108683080701e-02 -9.688441306571179412e-01 1.365510764451671077e+00
-2.169811953597484133e-01 6.285937667891963176e-01 -2.193534572554675321e+00 -2.013881977913604959e-02 -9.716965173994759342e-01 1.362149074190972531e+00
-2.187558673804712028e-01 6.250516867949946764e-01 -2.193312292906931305e+00 -2.108005958913290040e-02 -9.745851391399630304e-01 1.358775969846658827e+00
-2.205391506825659653e-01 6.214896236025964082e-01 -2.193081205591060456e+00 -2.204135897688321022e-02 -9.775099033593176445e-01 1.355391568025042792e+00
-2.223309796280190653e-01 6.179076018068648812e-01 -2.192842167721824165e+00 -2.302300616739798994e-02 -9.804707116840790659e-01 1.351995985068128459e+00
-2.241312911060074353e-01 6.143056473126429218e-01 -2.192596007653936585e+00 -2.402528906540021825e-02 -9.834674598744761465e-01 1.348589337052921833e+00
-2.259400244994064499e-01 6.106837873147090701e-01 -2.192343525424738093e+00 -2.504849516944904209e-02 -9.865000378131529857e-01 1.345171739790744114e+00
-2.277571216498588957e-01 6.070420502768216764e-01 -2.192085493206095137e+00 -2.609291148555174800e-02 -9.895683294952353215e-01 1.341743308826550685e+00
-2.295825268214903847e-01 6.033804659099353263e-01 -2.191822655764667616e+00 -2.715882444014087321e-02 -9.926722130191159010e-01 1.338304159438253205e+00
-2.314161866633571707e-01 5.996990651496640901e-01 -2.191555730929716894e+00 -2.824651979250995815e-02 -9.958115605783172120e-01 1.334854406636047042e+00
-2.332580501707096077e-01 5.959978801330709786e-01 -2.191285410067652428e+00 -2.935628254672473236e-02 -9.989862384544353491e-01 1.331394165161742249e+00
-2.351080686451544610e-01 5.922769441748545471e-01 -2.191012358562551388e+00 -3.048839686302022567e-02 -1.002196107011139592e+00 1.327923549488100541e+00
-2.369661956537967573e-01 5.885362917430021490e-01 -2.190737216301906543e+00 -3.164314596866249496e-02 -1.005441020689078924e+00 1.324442673818176930e+00
-2.388323869874414140e-01 5.847759584339763395e-01 -2.190460598166888317e+00 -3.282081206838473320e-02 -1.008720828002082737e+00 1.320951652084665362e+00
-2.407066006179326700e-01 5.809959809474984915e-01 -2.190183094526433560e+00 -3.402167625433415860e-02 -1.012035371534323103e+00 1.317450597949251456e+00
-2.425887966547083663e-01 5.771963970609905736e-01 -2.189905271734502890e+00 -3.524601841556086051e-02 -1.015384487938508995e+00 1.313939624801969241e+00
-2.444789373006444055e-01 5.733772456037311560e-01 -2.189627672629870236e+00 -3.649411714709201171e-02 -1.018768007935217268e+00 1.310418845760563666e+00
-2.463769868072628322e-01 5.695385664307833773e-01 -2.189350817037836627e+00 -3.776624965860964772e-02 -1.022185756313365612e+00 1.306888373669859771e+00
-2.482829114293759742e-01 5.656804003967439431e-01 -2.189075202273281118e+00 -3.906269168275906811e-02 -1.025637551931860791e+00 1.303348321101137186e+00
-2.501966793792368970e-01 5.618027893293664476e-01 -2.188801303644409391e+00 -4.038371762603484849e-02 -1.029123208608984763e+00 1.299798800351510186e+00
-2.521182607802645581e-01 5.579057760031018720e-01 -2.188529574956745272e+00 -4.172960048819327611e-02 -1.032642535120067206e+00 1.296239923443315067e+00
-2.540476276204107764e-01 5.539894041126041113e-01 -2.188260449016869114e+00 -4.310061178132452292e-02 -1.036195335196119061e+00 1.292671802123502856e+00
-2.559847537052344357e-01 5.500537182462408303e-01 -2.187994338135399452e+00 -4.449702144860074454e-02 -1.039781407523437062e+00 1.289094547863039342e+00
-2.579296146107458165e-01 5.460987638596492832e-01 -2.187731634628767630e+00 -4.591909778271236614e-02 -1.043400545744176844e+00 1.285508271856311335e+00
-2.598821876360838390e-01 5.421245872493745122e-01 -2.187472711319335961e+00 -4.736710734397110018e-02 -1.047052538457778015e+00 1.281913085020539578e+00
-2.618424517560855591e-01 5.381312355266261171e-01 -2.187217922033439343e+00 -4.884131487820538714e-02 -1.050737169223628698e+00 1.278309097995199206e+00
-2.638103875738053716e-01 5.341187565911839075e-01 -2.186967602096946184e+00 -5.034198323426956195e-02 -1.054454216564310709e+00 1.274696421141446434e+00
-2.657859772730419290e-01 5.300871991054862953e-01 -2.186722068827966936e+00 -5.186937328138576525e-02 -1.058203453970134156e+00 1.271075164541553004e+00
-2.677692045709255675e-01 5.260366124689280776e-01 -2.186481622026348770e+00 -5.342374382621185164e-02 -1.061984649904543998e+00 1.267445437998347968e+00
-2.697600546706198088e-01 5.219670467923944734e-01 -2.186246544459611751e+00 -5.500535152968507452e-02 -1.065797567810528257e+00 1.263807351034666793e+00
-2.717585142141868970e-01 5.178785528730581733e-01 -2.186017102345008123e+00 -5.661445082368166820e-02 -1.069641966118107579e+00 1.260161012892807575e+00
-2.737645712356677752e-01 5.137711821694607162e-01 -2.185793545827146023e+00 -5.825129448184635655e-02 -1.073517600291165053e+00 1.256506532533996578e+00
-2.757782151144205218e-01 5.096449867768997333e-01 -2.185576109451157656e+00 -5.991613356336824431e-02 -1.077424222820281274e+00 1.252844018637859991e+00
-2.777994365287638212e-01 5.055000194031422645e-01 -2.185365012631087289e+00 -6.160921741923048450e-02 -1.081361583406775573e+00 1.249173579601903894e+00
-2.798282274099685996e-01 5.013363333444820213e-01 -2.185160460113308112e+00 -6.333079363803750805e-02 -1.085329428955123854e+00 1.245495323541003341e+00
-2.818645808966384614e-01 4.971539824621574177e-01 -2.184962642434707725e+00 -6.508110799154737114e-02 -1.089327503565840738e+00 1.241809358286898091e+00
-2.839084912895194490e-01 4.929530211591452438e-01 -2.184771736375751949e+00 -6.686040420483085889e-02 -1.093355548015997103e+00 1.238115791387697895e+00
-2.859599540067782053e-01 4.887335043573453053e-01 -2.184587905407564090e+00 -6.866892408465283260e-02 -1.097413300308458073e+00 1.234414730107394886e+00
-2.880189655397826787e-01 4.844954874751675189e-01 -2.184411300133070721e+00 -7.050690753230071106e-02 -1.101500495859305984e+00 1.230706281425385074e+00
-2.900855234094198432e-01 4.802390264055328428e-01 -2.184242058722128732e+00 -7.237459249124686411e-02 -1.105616867491003630e+00 1.226990552035998050e+00
-2.921596261229825742e-01 4.759641774942979797e-01 -2.184080307340445337e+00 -7.427221492970978445e-02 -1.109762145524296750e+00 1.223267648348035141e+00
-2.942412731316567109e-01 4.716709975191131776e-01 -2.183926160572102315e+00 -7.620000885439737193e-02 -1.113936057951752767e+00 1.219537676484316435e+00
-2.963304647886362830e-01 4.673595436687209559e-01 -2.183779721835608534e+00 -7.815820626124223014e-02 -1.118138330430210825e+00 1.215800742281236468e+00
-2.984272023078949898e-01 4.630298735227025841e-01 -2.183641083793405713e+00 -8.014703708577713970e-02 -1.122368686273478300e+00 1.212056951288327911e+00
-3.005314877236395232e-01 4.586820450316787534e-01 -2.183510328754677765e+00 -8.216672915327175031e-02 -1.126626846445610397e+00 1.208306408767835238e+00
-3.026433238504681600e-01 4.543161164979693245e-01 -2.183387529071377564e+00 -8.421750812859044033e-02 -1.130912529554664925e+00 1.204549219694296847e+00
-3.047627142442583814e-01 4.499321465567167611e-01 -2.183272747527579494e+00 -8.629959739513240469e-02 -1.135225451662756013e+00 1.200785488754135599e+00
-3.068896631638038386e-01 4.455301941574770774e-01 -2.183166037721333996e+00 -8.841321828707068842e-02 -1.139565327018428942e+00 1.197015320345258926e+00
-3.090241755332186480e-01 4.411103185462800780e-01 -2.183067444439326543e+00 -9.055859017385886611e-02 -1.143931868372805472e+00 1.193238818576668470e+00
-3.111662569051254490e-01 4.366725792481603863e-01 -2.182977004024192258e+00 -9.273593062313295610e-02 -1.148324787476650899e+00 1.189456087268077722e+00
-3.133159134297105464e-01 4.322170360429123392e-01 -2.182894744730829562e+00 -9.494545510384105880e-02 -1.152743794404000433e+00 1.185667229949608270e+00
-3.154731517793033513e-01 4.277437490552507549e-01 -2.182820687084245037e+00 -9.718737958045883807e-02 -1.157188604114302244e+00 1.181872349861676552e+00
-3.176379790910911494e-01 4.232527787714691625e-01 -2.182754844214272349e+00 -9.946192049659452472e-02 -1.161658936223174621e+00 1.178071549953506603e+00
-3.198104029335428478e-01 4.187441860238839686e-01 -2.182697222171874341e+00 -1.017692933603606409e-01 -1.166154511407245575e+00 1.174264932881624146e+00
-3.219904312735700769e-01 4.142180319756948448e-01 -2.182647820248782011e+00 -1.041097144062167468e-01 -1.170675055345728577e+00 1.170452601008329818e+00
-3.241780724444823791e-01 4.096743781062821554e-01 -2.182606631289786048e+00 -1.064834006848565939e-01 -1.175220298737812419e+00 1.166634656400153292e+00
-3.263733351147410922e-01 4.051132861969392041e-01 -2.182573641997725300e+00 -1.088905701119678993e-01 -1.179789977220308872e+00 1.162811200826285640e+00
-3.285762282575186988e-01 4.005348183170363008e-01 -2.182548833231187757e+00 -1.113314415160811810e-01 -1.184383831284842703e+00 1.158982335756991722e+00
-3.307867611210665859e-01 3.959390368106131541e-01 -2.182532180294951107e+00 -1.138062346856444362e-01 -1.189001606194960203e+00 1.155148162362001463e+00
-3.330049431998953757e-01 3.913260042833968111e-01 -2.182523653222417703e+00 -1.163151707954002689e-01 -1.193643052764340684e+00 1.151308781508879830e+00
-3.352307842067658861e-01 3.866957835902385954e-01 -2.182523217051531628e+00 -1.188584721507191244e-01 -1.198307926562988346e+00 1.147464293761374377e+00
-3.374642940454942730e-01 3.820484378229680456e-01 -2.182530832093533046e+00 -1.214363622341567972e-01 -1.202995987831932734e+00 1.143614799377742131e+00
-3.397054827845727432e-01 3.773840302986596340e-01 -2.182546454194556507e+00 -1.240490657511066908e-01 -1.207707001397755775e+00 1.139760398309053402e+00
-3.419543606316033935e-01 3.727026245483063827e-01 -2.182570034990155339e+00 -1.266968086674574723e-01 -1.212440736571576583e+00 1.135901190197472932e+00
-3.442109379085437348e-01 3.680042843058969337e-01 -2.182601522152764595e+00 -1.293798182524541762e-01 -1.217196967061877189e+00 1.132037274374519287e+00
-3.464752250277611800e-01 3.632890734978895253e-01 -2.182640859632195340e+00 -1.320983231214402920e-01 -1.221975470889042459e+00 1.128168749859300046e+00
-3.487472324688923320e-01 3.585570562330786526e-01 -2.182687987889209147e+00 -1.348525532777245517e-01 -1.226776030299949749e+00 1.124295715356724790e+00
-3.510269707565032982e-01 3.538082967928477540e-01 -2.182742844122233183e+00 -1.376427401533698580e-01 -1.231598431682217498e+00 1.120418269255693211e+00
-3.533144504385444806e-01 3.490428596218032586e-01 -2.182805362487290513e+00 -1.404691166490059651e-01 -1.236442465478376329e+00 1.116536509627260809e+00
-3.556096820655946233e-01 3.442608093187834450e-01 -2.182875474311205100e+00 -1.433319171727314989e-01 -1.241307926100133630e+00 1.112650534222779042e+00
-3.579126761708874005e-01 3.394622106282360052e-01 -2.182953108298167688e+00 -1.462313776778902397e-01 -1.246194611842326605e+00 1.108760440472011721e+00
-3.602234432511119966e-01 3.346471284319585404e-01 -2.183038190729733596e+00 -1.491677357000275594e-01 -1.251102324797227272e+00 1.104866325481226763e+00
-3.625419937479804622e-01 3.298156277411958825e-01 -2.183130645658356794e+00 -1.521412303927115461e-01 -1.256030870768583663e+00 1.100968286031262400e+00
-3.648683380305525192e-01 3.249677736890870250e-01 -2.183230395094520215e+00 -1.551521025623900651e-01 -1.260980059185785151e+00 1.097066418575568525e+00
-3.672024863783089899e-01 3.201036315234560004e-01 -2.183337359187556892e+00 -1.582005947021351555e-01 -1.265949703017885675e+00 1.093160819238222725e+00
-3.695444489649625242e-01 3.152232665999400441e-01 -2.183451456400241852e+00 -1.612869510245204807e-01 -1.270939618687999761e+00 1.089251583811919000e+00
-3.718942358429976336e-01 3.103267443754480492e-01 -2.183572603677254698e+00 -1.644114174932736483e-01 -1.275949625987399472e+00 1.085338807755932500e+00
-3.742518569289258190e-01 3.054141304019429848e-01 -2.183700716607615444e+00 -1.675742418538733181e-01 -1.280979547989680167e+00 1.081422586194055624e+00
-3.766173219892470225e-01 3.004854903205413930e-01 -2.183835709581171791e+00 -1.707756736633137540e-01 -1.286029210965443870e+00 1.077503013912509022e+00
-3.789906406271046357e-01 2.955408898559230835e-01 -2.183977495939247504e+00 -1.740159643184839289e-01 -1.291098444296473691e+00 1.073580185357824845e+00
-3.813718222696211857e-01 2.905803948110444734e-01 -2.184125988119551387e+00 -1.772953670837062734e-01 -1.296187080390464041e+00 1.069654194634702238e+00
-3.837608761559029302e-01 2.856040710621485790e-01 -2.184281097795426341e+00 -1.806141371172210741e-01 -1.301294954595917375e+00 1.065725135503836185e+00
-3.861578113256998179e-01 2.806119845540646640e-01 -2.184442736009549080e+00 -1.839725314964675562e-01 -1.306421905116958548e+00 1.061793101379717719e+00
-3.885626366087080452e-01 2.756042012957906628e-01 -2.184610813302200416e+00 -1.873708092423988503e-01 -1.311567772928531994e+00 1.057858185328406586e+00
-3.909753606145008886e-01 2.705807873563520483e-01 -2.184785239834171833e+00 -1.908092313426348330e-01 -1.316732401691638854e+00 1.053920480065274168e+00
-3.933959917230748227e-01 2.655418088609290406e-01 -2.184965925504428697e+00 -1.942880607736053311e-01 -1.321915637668915178e+00 1.049980077952719304e+00
-3.958245380759952692e-01 2.604873319872463844e-01 -2.185152780062650013e+00 -1.978075625216053346e-01 -1.327117329640427279e+00 1.046037070997853480e+00
-3.982610075681300987e-01 2.554174229622180325e-01 -2.185345713216737096e+00 -2.013680036026995190e-01 -1.332337328819592326e+00 1.042091550850157589e+00
-4.007054078399537866e-01 2.503321480588402981e-01 -2.185544634735406166e+00 -2.049696530214352996e-01 -1.337575488666475021e+00 1.038143608799108941e+00
-4.031577462704092341e-01 2.452315735933261465e-01 -2.185749454545947490e+00 -2.086127817875624291e-01 -1.342831664806237502e+00 1.034193335771777411e+00
-4.056180299703125991e-01 2.401157659224745222e-01 -2.185960082827263840e+00 -2.122976629313856056e-01 -1.348105714947373412e+00 1.030240822330392492e+00
-4.080862657762844847e-01 2.349847914412666050e-01 -2.186176430098292656e+00 -2.160245715183158333e-01 -1.353397498800708476e+00 1.026286158669878823e+00
-4.105624602451940497e-01 2.298387165806832222e-01 -2.186398407301911817e+00 -2.197937846622478597e-01 -1.358706877998542062e+00 1.022329434615361521e+00
-4.130466196491009434e-01 2.246776078057363124e-01 -2.186625925884440491e+00 -2.236055815378430178e-01 -1.364033716014086295e+00 1.018370739619639975e+00
-4.155387499706779675e-01 2.195015316137074457e-01 -2.186858897870832763e+00 -2.274602433917890520e-01 -1.369377878081327493e+00 1.014410162760630119e+00
-4.180388568991016962e-01 2.143105545325866279e-01 -2.187097235935645312e+00 -2.313580535531724880e-01 -1.374739231115542859e+00 1.010447792738774941e+00
-4.205469458263940696e-01 2.091047431197050610e-01 -2.187340853469919466e+00 -2.352992974427190187e-01 -1.380117643634073854e+00 1.006483717874423478e+00
-4.230630218441999713e-01 2.038841639605546430e-01 -2.187589664644051357e+00 -2.392842625810055746e-01 -1.385512985677539888e+00 1.002518026105176707e+00
-4.255870897409863574e-01 1.986488836677878789e-01 -2.187843584466770075e+00 -2.433132385956690846e-01 -1.390925128731536509e+00 9.985508049832007016e-01
-4.281191539996457296e-01 1.933989688803914309e-01 -2.188102528840295768e+00 -2.473865172276291380e-01 -1.396353945648852957e+00 9.945821416725075803e-01
-4.306592187956209683e-01 1.881344862623390846e-01 -2.188366414611816690e+00 -2.515043923343865950e-01 -1.401799310571693935e+00 9.906121229461907207e-01
-4.332072880034685269e-01 1.828555024846383326e-01 -2.188635159621380666e+00 -2.556671598907956366e-01 -1.407261098853090475e+00 9.866408351835911361e-01
-4.357633652050884043e-01 1.775620842026630619e-01 -2.188908682746359968e+00 -2.598751179910415154e-01 -1.412739186979548700e+00 9.826683643674077873e-01
-4.383274536979478997e-01 1.722542980361263520e-01 -2.189186903942624163e+00 -2.641285668510741647e-01 -1.418233452496147073e+00 9.786947960807614866e-01
-4.408995565011886164e-01 1.669322105549667645e-01 -2.189469744282480868e+00 -2.684278088106872850e-01 -1.423743773932964807e+00 9.747202155042186122e-01
-4.434796763593775726e-01 1.615958882713710576e-01 -2.189757125989518105e+00 -2.727731482838850474e-01 -1.429270030657121104e+00 9.707447074127749653e-01
-4.460678157441088088e-01 1.562453976374648112e-01 -2.190048972470351796e+00 -2.771648917576941540e-01 -1.434812102800623990e+00 9.667683561728016572e-01
-4.486639768536287987e-01 1.508808050482325358e-01 -2.190345208343389860e+00 -2.816033477669812046e-01 -1.440369871155267489e+00 9.627912457389538048e-01
-4.512681616106772875e-01 1.455021768491812084e-01 -2.190645759464287856e+00 -2.860888270923708787e-01 -1.445943217391318258e+00 9.588134596510443641e-01
-4.538803716587580528e-01 1.401095793482158847e-01 -2.190950552948845331e+00 -2.906216425361852207e-01 -1.451532023664566351e+00 9.548350810308835479e-01
-4.565006083570740669e-01 1.347030788311504024e-01 -2.191259517193021367e+00 -2.952021089157296774e-01 -1.457136172545649755e+00 9.508561925790876002e-01
-4.591288727743834119e-01 1.292827415802320079e-01 -2.191572581890298466e+00 -2.998305429570086167e-01 -1.462755546811712826e+00 9.468768765718565961e-01
-4.617651656777852498e-01 1.238486338991138247e-01 -2.191889678046368140e+00 -3.045072632841961391e-01 -1.468390029378684680e+00 9.428972148577250412e-01
-4.644094875307180903e-01 1.184008221204604361e-01 -2.192210737991312719e+00 -3.092325904160027616e-01 -1.474039503240661464e+00 9.389172888543360074e-01
-4.670618384947842205e-01 1.129393726071598048e-01 -2.192535695389346451e+00 -3.140068467544750441e-01 -1.479703851405399284e+00 9.349371795451808520e-01
-4.697222184649343379e-01 1.074643517073166077e-01 -2.192864485237184802e+00 -3.188303559813336907e-01 -1.485382956029190016e+00 9.309569674742623757e-01
-4.723906270497555404e-01 1.019758257861713702e-01 -2.193197043854957062e+00 -3.237034443420598318e-01 -1.491076700122906162e+00 9.269767327393463319e-01
-4.750670635402935993e-01 9.647386127398882572e-02 -2.193533308880562416e+00 -3.286264451879956083e-01 -1.496784973527788054e+00 9.229965549871900210e-01
-4.777515268938637982e-01 9.095852469304366306e-02 -2.193873219273976272e+00 -3.335996945990312157e-01 -1.502507666856949031e+00 9.190165134108012612e-01
-4.804440157742644324e-01 8.542988260628081587e-02 -2.194216715325902012e+00 -3.386235283730318901e-01 -1.508244667473227052e+00 9.150366867477115473e-01
-4.831445285650988186e-01 7.988800160391207328e-02 -2.194563738657201668e+00 -3.436982831908684810e-01 -1.513995861058621273e+00 9.110571532769435876e-01
-4.858530633726310111e-01 7.433294830479819648e-02 -2.194914232216453431e+00 -3.488242965855837263e-01 -1.519761131578303504e+00 9.070779908159485316e-01
-4.885696180287425472e-01 6.876478935787821989e-02 -2.195268140276049440e+00 -3.540019066871790132e-01 -1.525540360959090291e+00 9.030992767175112235e-01
-4.912941900939803430e-01 6.318359144364260604e-02 -2.195625408426547409e+00 -3.592314521877744693e-01 -1.531333429060421913e+00 8.991210878666247019e-01
-4.940267768608660459e-01 5.758942127539523614e-02 -2.195985983569449740e+00 -3.645132722460050489e-01 -1.537140213570165947e+00 8.951435006773291736e-01
-4.967673753598381703e-01 5.198234559696535140e-02 -2.196349813908515358e+00 -3.698477064533853276e-01 -1.542960589982039998e+00 8.911665910895297804e-01
-4.995159823685559886e-01 4.636243117583649376e-02 -2.196716848939971101e+00 -3.752350945639820190e-01 -1.548794431281252937e+00 8.871904345657614099e-01
-5.022725944180284063e-01 4.072974480003199726e-02 -2.197087039430698940e+00 -3.806757748536415686e-01 -1.554641605961139650e+00 8.832151060872672765e-01
-5.050372078299196765e-01 3.508435322147196445e-02 -2.197460337445604761e+00 -3.861700883661454142e-01 -1.560501983290859318e+00 8.792406801518657389e-01
-5.078098187320779777e-01 2.942632311301474068e-02 -2.197836696344457774e+00 -3.917183752262092256e-01 -1.566375428769534395e+00 8.752672307719865374e-01
-5.105904230661222343e-01 2.375572105852086224e-02 -2.198216070777730291e+00 -3.973209725487896193e-01 -1.572261801649346591e+00 8.712948314733305333e-01
-5.133790165871104927e-01 1.807261356203149205e-02 -2.198598416681092349e+00 -4.029782143623866775e-01 -1.578160954993790943e+00 8.673235552933816761e-01
-5.161755948676218786e-01 1.237706704963281723e-02 -2.198983691268639351e+00 -4.086904315644805941e-01 -1.584072735773969676e+00 8.633534747799170850e-01
-5.189801533019050561e-01 6.669147871353309220e-03 -2.199371853025132051e+00 -4.144579518141504049e-01 -1.589996984889813447e+00 8.593846619895171290e-01
-5.217926871100888597e-01 9.489223030917370849e-04 -2.199762861697406979e+00 -4.202810992898631248e-01 -1.595933537036272387e+00 8.554171884860741759e-01
-5.246131913424463278e-01 -4.783543451427396676e-03 -2.200156678284956868e+00 -4.261601945297091576e-01 -1.601882220671991153e+00 8.514511253393017842e-01
-5.274416608837064757e-01 -1.052818325867332927e-02 -2.200553265029604244e+00 -4.320955543517185915e-01 -1.607842858083024851e+00 8.474865431232437851e-01
-5.302780904574067034e-01 -1.628493105330686141e-02 -2.200952585404362782e+00 -4.380874916689336263e-01 -1.613815265327237958e+00 8.435235119147838079e-01
-5.331224746302801742e-01 -2.205372083615886325e-02 -2.201354604101539270e+00 -4.441363153876131675e-01 -1.619799252276743262e+00 8.395621012921553605e-01
-5.359748078166697294e-01 -2.783448667219290407e-02 -2.201759287020067291e+00 -4.502423303281475886e-01 -1.625794622686463686e+00 8.356023803334532429e-01
-5.388350842829642273e-01 -3.362716268845356016e-02 -2.202166601252207645e+00 -4.564058370870071046e-01 -1.631801174197278659e+00 8.316444176151460699e-01
-5.417032981520500945e-01 -3.943168307200428657e-02 -2.202576515069591512e+00 -4.626271319585940067e-01 -1.637818698407280893e+00 8.276882812105906817e-01
-5.445794434077732005e-01 -4.524798206785629606e-02 -2.202988997908756463e+00 -4.689065067551074217e-01 -1.643846980831768390e+00 8.237340386885482202e-01
-5.474635138994057293e-01 -5.107599397689099874e-02 -2.203404020356099391e+00 -4.752442487291431705e-01 -1.649885800978308392e+00 8.197817571117028690e-01
-5.503555033461121626e-01 -5.691565315377866696e-02 -2.203821554132316507e+00 -4.816406404971054211e-01 -1.655934932422332917e+00 8.158315030351831476e-01
-5.532554053414099338e-01 -6.276689400489521287e-02 -2.204241572076368172e+00 -4.880959599634947521e-01 -1.661994142883312264e+00 8.118833425050858699e-01
-5.561632133576197567e-01 -6.862965098623885485e-02 -2.204664048128995635e+00 -4.946104802461792627e-01 -1.668063194301597552e+00 8.079373410570037661e-01
-5.590789207503005231e-01 -7.450385860135011473e-02 -2.205088957315836318e+00 -5.011844696027465407e-01 -1.674141842916004208e+00 8.039935637145567693e-01
-5.620025207626647701e-01 -8.038945139923558969e-02 -2.205516275730175835e+00 -5.078181913576417239e-01 -1.680229839341801146e+00 8.000520749879265203e-01
-5.649340065299703895e-01 -8.628636397229816346e-02 -2.205945980515390481e+00 -5.145119038303139769e-01 -1.686326928649314771e+00 7.961129388723960920e-01
-5.678733710838835824e-01 -9.219453095427598832e-02 -2.206378049847088629e+00 -5.212658602643597261e-01 -1.692432850443110759e+00 7.921762188468935983e-01
-5.708206073568112826e-01 -9.811388701819057090e-02 -2.206812462915003881e+00 -5.280803087576088073e-01 -1.698547338941673868e+00 7.882419778725407999e-01
-5.737757081861977193e-01 -1.040443668743067374e-01 -2.207249199904667947e+00 -5.349554921933173945e-01 -1.704670123057727249e+00 7.843102783912073717e-01
-5.767386663187815676e-01 -1.099859052681058103e-01 -2.207688241978901011e+00 -5.418916481723888845e-01 -1.710800926479082218e+00 7.803811823240701662e-01
-5.797094744148126866e-01 -1.159384369782734403e-01 -2.208129571259148882e+00 -5.488890089463568378e-01 -1.716939467749734716e+00 7.764547510701783617e-01
-5.826881250522221167e-01 -1.219018968147032034e-01 -2.208573170806784169e+00 -5.559478010012470772e-01 -1.723085460007509395e+00 7.725310455050252711e-01
-5.856746107307466698e-01 -1.278762196165172949e-01 -2.209019024604315540e+00 -5.630682449891541985e-01 -1.729238611073499854e+00 7.686101259791262574e-01
-5.886689238760020038e-01 -1.338613402501047656e-01 -2.209467117536535685e+00 -5.702505556608616910e-01 -1.735398623541876795e+00 7.646920523166033101e-01
-5.916710568435048501e-01 -1.398571936071806299e-01 -2.209917435371637762e+00 -5.774949417996906309e-01 -1.741565194870221989e+00 7.607768838137775047e-01
-5.946810019226400623e-01 -1.458637146028640696e-01 -2.210369964742326498e+00 -5.848016061564862422e-01 -1.747738017470276795e+00 7.568646792377682342e-01
-5.976987513405717101e-01 -1.518808381737779545e-01 -2.210824693126951068e+00 -5.921707453856654979e-01 -1.753916778799005094e+00 7.529554968251006564e-01
-6.007242972660953306e-01 -1.579084992761718986e-01 -2.211281608830685474e+00 -5.996025499824798599e-01 -1.760101161450099649e+00 7.490493942803213567e-01
-6.037576318134307840e-01 -1.639466328840666343e-01 -2.211740700966783546e+00 -6.070972042214916042e-01 -1.766290843245903464e+00 7.451464287746223381e-01
-6.067987470459540456e-01 -1.699951739874234757e-01 -2.212201959437928522e+00 -6.146548860961619232e-01 -1.772485497329627124e+00 7.412466569444738917e-01
-6.098476349798652718e-01 -1.760540575903370986e-01 -2.212665374917707428e+00 -6.222757672595943257e-01 -1.778684792257882341e+00 7.373501348902669061e-01
-6.129042875877941388e-01 -1.821232187092540755e-01 -2.213130938832227557e+00 -6.299600129664748582e-01 -1.784888392093550102e+00 7.334569181749641675e-01
-6.159686968023402320e-01 -1.882025923712165039e-01 -2.213598643341903482e+00 -6.377077820161968225e-01 -1.791095956498947483e+00 7.295670618227620974e-01
-6.190408545195478229e-01 -1.942921136121316117e-01 -2.214068481323730353e+00 -6.455192254427071230e-01 -1.797307139707609469e+00 7.256806203177621484e-01
-6.221207526023162515e-01 -2.003917174750660113e-01 -2.214540446353768122e+00 -6.533944864484967363e-01 -1.803521590642759076e+00 7.217976476026528587e-01
-6.252083828837462498e-01 -2.065013390085661538e-01 -2.215014532689858484e+00 -6.613337003400603376e-01 -1.809738953035983533e+00 7.179181970774028976e-01
-6.283037371704210949e-01 -2.126209132650038747e-01 -2.215490735254588284e+00 -6.693369944649814052e-01 -1.815958865546232204e+00 7.140423215979656568e-01
-6.314068072456227032e-01 -2.187503752989476968e-01 -2.215969049618523812e+00 -6.774044881506529059e-01 -1.822180961879118044e+00 7.101700734749948341e-01
-6.345175848724829981e-01 -2.248896601655601124e-01 -2.216449471983728881e+00 -6.855362926445546234e-01 -1.828404870906422008e+00 7.063015044725730052e-01
-6.376360617970706635e-01 -2.310387029190195118e-01 -2.216931999167589762e+00 -6.937325110560733643e-01 -1.834630216785770873e+00 7.024366658069518543e-01
-6.407622297514132814e-01 -2.371974386109694244e-01 -2.217416628586961647e+00 -7.019932382998667064e-01 -1.840856619080458501e+00 6.985756081453056154e-01
-6.438960804564558549e-01 -2.433658022889906292e-01 -2.217903358242648615e+00 -7.103185610407984907e-01 -1.847083692879419203e+00 6.947183816044976146e-01
-6.470376056249564911e-01 -2.495437289951005777e-01 -2.218392186704247759e+00 -7.187085576404395049e-01 -1.853311048917315018e+00 6.908650357498604677e-01
-6.501867969643191358e-01 -2.557311537642756871e-01 -2.218883113095356574e+00 -7.271632981051385780e-01 -1.859538293694729116e+00 6.870156195939901567e-01
-6.533436461793654670e-01 -2.619280116229982802e-01 -2.219376137079168920e+00 -7.356828440357136012e-01 -1.865765029598474012e+00 6.831701815955544266e-01
-6.565081449750462816e-01 -2.681342375878281725e-01 -2.219871258844467565e+00 -7.442672485786060443e-01 -1.871990855021868905e+00 6.793287696581155055e-01
-6.596802850590937073e-01 -2.743497666639955757e-01 -2.220368479092036385e+00 -7.529165563787086901e-01 -1.878215364485135819e+00 6.754914311289685891e-01
-6.628600581446159046e-01 -2.805745338440179815e-01 -2.220867799021499778e+00 -7.616308035336473159e-01 -1.884438148755715359e+00 6.716582127979948691e-01
-6.660474559526352589e-01 -2.868084741063383625e-01 -2.221369220318601290e+00 -7.704100175495648406e-01 -1.890658794968522072e+00 6.678291608965309933e-01
-6.692424702145725046e-01 -2.930515224139838004e-01 -2.221872745142941419e+00 -7.792542172985246207e-01 -1.896876886746214907e+00 6.640043210962541798e-01
-6.724450926746773360e-01 -2.993036137132452090e-01 -2.222378376116181276e+00 -7.881634129773865682e-01 -1.903092004319346664e+00 6.601837385080839837e-01
-6.756553150924082818e-01 -3.055646829323754865e-01 -2.222886116310726745e+00 -7.971376060681609754e-01 -1.909303724646378653e+00 6.563674576811004968e-01
-6.788731292447636179e-01 -3.118346649803060977e-01 -2.223395969238904701e+00 -8.061767893000337803e-01 -1.915511621533694475e+00 6.525555226014804200e-01
-6.820985269285653185e-01 -3.181134947453809758e-01 -2.223907938842644594e+00 -8.152809466127487470e-01 -1.921715265755350233e+00 6.487479766914495682e-01
-6.853314999626985982e-01 -3.244011070941068553e-01 -2.224422029483672958e+00 -8.244500531216014672e-01 -1.927914225172742135e+00 6.449448628082540269e-01
-6.885720401903084875e-01 -3.306974368699180378e-01 -2.224938245934237724e+00 -8.336840750839685787e-01 -1.934108064854115128e+00 6.411462232431492936e-01
-6.918201394809573301e-01 -3.370024188919542585e-01 -2.225456593368365432e+00 -8.429829698672210991e-01 -1.940296347193780413e+00 6.373520997204075167e-01
-6.950757897327443091e-01 -3.433159879538520975e-01 -2.225977077353666456e+00 -8.523466859180809374e-01 -1.946478632031077183e+00 6.335625333963437189e-01
-6.983389828743910011e-01 -3.496380788225472713e-01 -2.226499703843699773e+00 -8.617751627335893394e-01 -1.952654476769186687e+00 6.297775648583613384e-01
-7.016097108672944005e-01 -3.559686262370849175e-01 -2.227024479170904403e+00 -8.712683308333942778e-01 -1.958823436493566161e+00 6.259972341240171989e-01
-7.048879657075517446e-01 -3.623075649074400939e-01 -2.227551410040108593e+00 -8.808261117335526302e-01 -1.964985064090137623e+00 6.222215806401056870e-01
-7.081737394279589148e-01 -3.686548295133431630e-01 -2.228080503522623879e+00 -8.904484179216691775e-01 -1.971138910363085639e+00 6.184506432817640231e-01
-7.114670240999861894e-01 -3.750103547031107265e-01 -2.228611767050935999e+00 -9.001351528335449492e-01 -1.977284524152379763e+00 6.146844603515967398e-01
-7.147678118357346788e-01 -3.813740750924792255e-01 -2.229145208413999324e+00 -9.098862108312862906e-01 -1.983421452450971678e+00 6.109230695788218091e-01
-7.180760947898759960e-01 -3.877459252634405384e-01 -2.229680835753145018e+00 -9.197014771828257995e-01 -1.989549240521619300e+00 6.071665081184375312e-01
-7.213918651615791600e-01 -3.941258397630771348e-01 -2.230218657558611817e+00 -9.295808280428129455e-01 -1.995667432013298548e+00 6.034148125504104065e-01
-7.247151151964282834e-01 -4.005137531023941211e-01 -2.230758682666704296e+00 -9.395241304347665690e-01 -2.001775569077117289e+00 5.996680188788849897e-01
-7.280458371883344881e-01 -4.069095997551483990e-01 -2.231300920257591525e+00 -9.495312422347400583e-01 -2.007873192481898883e+00 5.959261625314153932e-01
-7.313840234814451557e-01 -4.133133141566698310e-01 -2.231845379853748756e+00 -9.596020121563616501e-01 -2.013959841729323408e+00 5.921892783582191067e-01
-7.347296664720555093e-01 -4.197248307026761882e-01 -2.232392071319055926e+00 -9.697362797372593990e-01 -2.020035055168630578e+00 5.884574006314535755e-01
-7.380827586105251914e-01 -4.261440837480758859e-01 -2.232941004858555178e+00 -9.799338753267127222e-01 -2.026098370110758662e+00 5.847305630445148728e-01
-7.414432924032043903e-01 -4.325710076057589504e-01 -2.233492191018875417e+00 -9.901946200745622706e-01 -2.032149322941948277e+00 5.810087987113602415e-01
-7.448112604143738436e-01 -4.390055365453737757e-01 -2.234045640689334533e+00 -1.000518325921560203e+00 -2.038187449236911863e+00 5.772921401658531737e-01
-7.481866552682013838e-01 -4.454476047920850057e-01 -2.234601365103722426e+00 -1.010904795590899186e+00 -2.044212283871396529e+00 5.735806193611328041e-01
-7.515694696507213557e-01 -4.518971465253136532e-01 -2.235159375842773688e+00 -1.021353822581180681e+00 -2.050223361134301925e+00 5.698742676690065068e-01
-7.549596963118394566e-01 -4.583540958774543483e-01 -2.235719684837335297e+00 -1.031865191160444395e+00 -2.056220214839094673e+00 5.661731158793674723e-01
-7.583573280673677752e-01 -4.648183869325683837e-01 -2.236282304372233742e+00 -1.042438676361674421e+00 -2.062202378434795147e+00 5.624771941996357105e-01
-7.617623578010950247e-01 -4.712899537250501147e-01 -2.236847247090853585e+00 -1.053074043979425944e+00 -2.068169385116288339e+00 5.587865322542244773e-01
-7.651747784668956331e-01 -4.777687302382631618e-01 -2.237414526000430115e+00 -1.063771050567642984e+00 -2.074120767934005016e+00 5.551011590840312371e-01
-7.685945830908829102e-01 -4.842546504031457477e-01 -2.237984154478058318e+00 -1.074529443438784648e+00 -2.080056059903047760e+00 5.514211031459541612e-01
-7.720217647736103972e-01 -4.907476480967789545e-01 -2.238556146277429715e+00 -1.085348960664111351e+00 -2.085974794111650876e+00 5.477463923124336054e-01
-7.754563166923261752e-01 -4.972476571409198964e-01 -2.239130515536297494e+00 -1.096229331075030400e+00 -2.091876503828926204e+00 5.440770538710194559e-01
-7.788982321032854594e-01 -5.037546113004922610e-01 -2.239707276784681067e+00 -1.107170274265792953e+00 -2.097760722612056483e+00 5.404131145239643441e-01
-7.823475043441254773e-01 -5.102684442820346611e-01 -2.240286444953809131e+00 -1.118171500597220147e+00 -2.103626984412741763e+00 5.367546003878432836e-01
-7.858041268363078480e-01 -5.167890897321023580e-01 -2.240868035385809698e+00 -1.129232711201547446e+00 -2.109474823682952582e+00 5.331015369931992876e-01
-7.892680930876332379e-01 -5.233164812356196904e-01 -2.241452063844149301e+00 -1.140353597988478240e+00 -2.115303775480040116e+00 5.294539492842157413e-01
-7.927393966948339532e-01 -5.298505523141805451e-01 -2.242038546524826703e+00 -1.151533843652251754e+00 -2.121113375571087367e+00 5.258118616184157545e-01
-7.962180313462482451e-01 -5.363912364242922060e-01 -2.242627500068325563e+00 -1.162773121679878674e+00 -2.126903160536582682e+00 5.221752977663882689e-01
-7.997039908245824336e-01 -5.429384669555623599e-01 -2.243218941572330483e+00 -1.174071096360385313e+00 -2.132672667873335648e+00 5.185442809115418106e-01
-8.031972690097654022e-01 -5.494921772288228201e-01 -2.243812888605209110e+00 -1.185427422795038321e+00 -2.138421436096602513e+00 5.149188336498854435e-01
-8.066978598819011248e-01 -5.560523004941890779e-01 -2.244409359220258970e+00 -1.196841746908703596e+00 -2.144149004841527706e+00 5.112989779898373666e-01
-8.102057575243236665e-01 -5.626187699290510214e-01 -2.245008371970734551e+00 -1.208313705527453541e+00 -2.149854915000417144e+00 5.076847353520619333e-01
-8.137209561267605418e-01 -5.691915186359923773e-01 -2.245609945925644002e+00 -1.219842926391553339e+00 -2.155538708821189253e+00 5.040761265693338711e-01
-8.172434499886095383e-01 -5.757704796406346581e-01 -2.246214100686326987e+00 -1.231429028169444440e+00 -2.161199930005082148e+00 5.004731718864319223e-01
-8.207732335223340003e-01 -5.823555858894027271e-01 -2.246820856403811462e+00 -1.243071620472729455e+00 -2.166838123803617400e+00 4.968758909600598517e-01
-8.243103012569820143e-01 -5.889467702472079846e-01 -2.247430233796952948e+00 -1.254770303872070336e+00 -2.172452837114775992e+00 4.932843028587969858e-01
-8.278546478418352672e-01 -5.955439654950469563e-01 -2.248042254171354504e+00 -1.266524669953325022e+00 -2.178043618599525555e+00 4.896984260630771746e-01
-8.314062680501920211e-01 -6.021471043275092860e-01 -2.248656939439070523e+00 -1.278334301334765888e+00 -2.183610018775426376e+00 4.861182784651968403e-01
-8.349651567832904187e-01 -6.087561193501938028e-01 -2.249274312139101450e+00 -1.290198771685092449e+00 -2.189151590109412737e+00 4.825438773693525030e-01
-8.385313090743772291e-01 -6.153709430770277766e-01 -2.249894395458630569e+00 -1.302117645241706922e+00 -2.194667886847549987e+00 4.789752394917072831e-01
-8.421047200929266952e-01 -6.219915079274860314e-01 -2.250517213255048610e+00 -1.314090476828917886e+00 -2.200158465114546047e+00 4.754123809604873241e-01
-8.456853851490155893e-01 -6.286177462237063640e-01 -2.251142790078763500e+00 -1.326116811877073198e+00 -2.205622883012425373e+00 4.718553173161076919e-01
-8.492732996978593629e-01 -6.352495901874972706e-01 -2.251771151196794385e+00 -1.338196186442737634e+00 -2.211060700718440408e+00 4.683040635113284722e-01
-8.528684593445148288e-01 -6.418869719372337634e-01 -2.252402322617145458e+00 -1.350328127229638575e+00 -2.216471480582071329e+00 4.647586339114407328e-01
-8.564708598487547064e-01 -6.485298234846388343e-01 -2.253036331113963620e+00 -1.362512151610658862e+00 -2.221854787221264615e+00 4.612190422944829060e-01
-8.600804971301196922e-01 -6.551780767314441256e-01 -2.253673204253469731e+00 -1.374747767650715824e+00 -2.227210187617828296e+00 4.576853018514875915e-01
-8.636973672731529383e-01 -6.618316634659291431e-01 -2.254312970420669693e+00 -1.387034474144140273e+00 -2.232537251218692731e+00 4.541574251867587786e-01
-8.673214665328221606e-01 -6.684905153593316829e-01 -2.254955658846833799e+00 -1.399371760639110951e+00 -2.237835550029289244e+00 4.506354243181801555e-01
-8.709527913401350352e-01 -6.751545639621283623e-01 -2.255601299637744361e+00 -1.411759107462954521e+00 -2.243104658706087662e+00 4.471193106775539494e-01
-8.745913383079528813e-01 -6.818237407001792594e-01 -2.256249923802705393e+00 -1.424195985875716941e+00 -2.248344154709402964e+00 4.436090951109710745e-01
-8.782371042370075154e-01 -6.884979768707337744e-01 -2.256901563284311241e+00 -1.436681859389997040e+00 -2.253553619021420040e+00 4.401047881685009600e-01
-8.818900861221268261e-01 -6.951772036382928288e-01 -2.257556250988964397e+00 -1.449216183799039381e+00 -2.258732636216337575e+00 4.366064001031870756e-01
-8.855502811586738465e-01 -7.018613520303238484e-01 -2.258214020818140266e+00 -1.461798407205481043e+00 -2.263880794529894214e+00 4.331139408700568905e-01
-8.892176867492043169e-01 -7.085503529328245342e-01 -2.258874907700386014e+00 -1.474427970050747660e+00 -2.268997685928261454e+00 4.296274201251464309e-01
-8.928923005103475141e-01 -7.152441370857309799e-01 -2.259538947624050831e+00 -1.487104305145064531e+00 -2.274082906176301044e+00 4.261468472245393824e-01
-8.965741202799154541e-01 -7.219426350781659174e-01 -2.260206177670734728e+00 -1.499826837698056803e+00 -2.279136054905165132e+00 4.226722312234209578e-01
-9.002631441242453514e-01 -7.286457773435233154e-01 -2.260876636049450550e+00 -1.512594985349986487e+00 -2.284156735679268024e+00 4.192035808751466974e-01
-9.039593703457787788e-01 -7.353534941543853343e-01 -2.261550362131480529e+00 -1.525408158203509723e+00 -2.289144556062580271e+00 4.157409046303259248e-01
-9.076627974908838548e-01 -7.420657156172665303e-01 -2.262227396485920750e+00 -1.538265759106244968e+00 -2.294099127794730464e+00 4.122842106359204672e-01
-9.113734243579236782e-01 -7.487823716671826446e-01 -2.262907780915904610e+00 -1.551167183684819761e+00 -2.299020066852364153e+00 4.088335067343582541e-01
-9.150912500055751186e-01 -7.555033920620384258e-01 -2.263591558495486211e+00 -1.564111820387786844e+00 -2.303906993513456847e+00 4.053888004626622910e-01
-9.188162737614034015e-01 -7.622287063768320436e-01 -2.264278773607171669e+00 -1.577099050520676338e+00 -2.308759532417219873e+00 4.019500990515947336e-01
-9.225484952306950426e-01 -7.689582439976694328e-01 -2.264969471980084581e+00 -1.590128248281530432e+00 -2.313577312623337878e+00 3.985174094248164489e-01
-9.262879143055536835e-01 -7.756919341155872338e-01 -2.265663700728747454e+00 -1.603198780796841305e+00 -2.318359967670519772e+00 3.950907381980617861e-01
-9.300345311742633791e-01 -7.824297057201794470e-01 -2.266361508392460866e+00 -1.616310008157997302e+00 -2.323107135634404408e+00 3.916700916783288910e-01
-9.337883463309208931e-01 -7.891714875930213591e-01 -2.267062944975263061e+00 -1.629461283458176535e+00 -2.327818459184796573e+00 3.882554758630857861e-01
-9.375493605853424395e-01 -7.959172083008911880e-01 -2.267768061986450423e+00 -1.642651952829725204e+00 -2.332493585642257727e+00 3.848468964394917702e-01
-9.413175750732466485e-01 -8.026667961887814506e-01 -2.268476912481634855e+00 -1.655881355481883199e+00 -2.337132167033992847e+00 3.814443587836346961e-01
-9.450929912667176414e-01 -8.094201793726982785e-01 -2.269189551104321634e+00 -1.669148823739000420e+00 -2.341733860149097346e+00 3.780478679597841229e-01
-9.488756109849504350e-01 -8.161772857322442398e-01 -2.269906034127981087e+00 -1.682453683079202955e+00 -2.346298326593147188e+00 3.746574287196600683e-01
-9.526654364052812296e-01 -8.229380429029802269e-01 -2.270626419498587900e+00 -1.695795252173383671e+00 -2.350825232842092660e+00 3.712730455017178022e-01
-9.564624700745056884e-01 -8.297023782685641891e-01 -2.271350766877605398e+00 -1.709172842924546298e+00 -2.355314250295462486e+00 3.678947224304486840e-01
-9.602667149204859864e-01 -8.364702189526613818e-01 -2.272079137685385053e+00 -1.722585760507644892e+00 -2.359765055328945316e+00 3.645224633156970429e-01
-9.640781742640499585e-01 -8.432414918106230228e-01 -2.272811595144953678e+00 -1.736033303409737494e+00 -2.364177329346278444e+00 3.611562716519929883e-01
-9.678968518311823477e-01 -8.500161234209298033e-01 -2.273548204326155897e+00 -1.749514763470562784e+00 -2.368550758830485936e+00 3.577961506179016538e-01
-9.717227517655110391e-01 -8.567940400763973674e-01 -2.274289032190123461e+00 -1.763029425923461124e+00 -2.372885035394447950e+00 3.544421030753884816e-01
-9.755558786410876149e-01 -8.635751677751384303e-01 -2.275034147634035886e+00 -1.776576569436586039e+00 -2.377179855830776845e+00 3.510941315692009956e-01
-9.793962374754646705e-01 -8.703594322112810922e-01 -2.275783621536135559e+00 -1.790155466154504715e+00 -2.381434922161048462e+00 3.477522383262667827e-01
-9.832438337430684516e-01 -8.771467587654366849e-01 -2.276537526800966216e+00 -1.803765382125223971e+00 -2.385649941823953846e+00 3.444164252551079608e-01
-9.870986733888680309e-01 -8.839370724949175973e-01 -2.277295938404792164e+00 -1.817405577342799505e+00 -2.389824627717524574e+00 3.410866939452721347e-01
-9.909607628423404702e-01 -8.907302981236984163e-01 -2.278058933441160949e+00 -1.831075305790228258e+00 -2.393958698240731486e+00 3.377630456667798931e-01
-9.948301090317311912e-01 -8.975263600321206070e-01 -2.278826591166566384e+00 -1.844773815482553037e+00 -2.398051877334447468e+00 3.344454813695887929e-01
-9.987067193986080005e-01 -9.043251822463358458e-01 -2.279598993046169308e+00 -1.858500348510272238e+00 -2.402103894521805394e+00 3.311340016830740529e-01
-1.002590601912708212e+00 -9.111266884274864530e-01 -2.280376222799530783e+00 -1.872254141082937418e+00 -2.406114484947921905e+00 3.278286069155256222e-01
-1.006481765087076319e+00 -9.179308018606198161e-01 -2.281158366446311092e+00 -1.886034423573018426e+00 -2.410083389419007460e+00 3.245292970536624577e-01
-1.010380217993489760e+00 -9.247374454433341384e-01 -2.281945512351884364e+00 -1.899840420559977261e+00 -2.414010354440861317e+00 3.212360717621629558e-01
-1.014285970278171467e+00 -9.315465416741546267e-01 -2.282737751272817306e+00 -1.913671350874503130e+00 -2.417895132256732804e+00 3.179489303832124247e-01
-1.018199032177783181e+00 -9.383580126406365629e-01 -2.283535176402162747e+00 -1.927526427642977991e+00 -2.421737480884576854e+00 3.146678719360674892e-01
-1.022119414535698878e+00 -9.451717800071937070e-01 -2.284337883414507164e+00 -1.941404858332195227e+00 -2.425537164153720227e+00 3.113928951166369807e-01
-1.026047128818552423e+00 -9.519877650026511429e-01 -2.285145970510720215e+00 -1.955305844794134051e+00 -2.429293951740878921e+00 3.081239982970800928e-01
-1.029982187133054339e+00 -9.588058884075201238e-01 -2.285959538462349450e+00 -1.969228583311027903e+00 -2.433007619205606709e+00 3.048611795254210777e-01
-1.033924602243075030e+00 -9.656260705409942524e-01 -2.286778690655589585e+00 -1.983172264640611360e+00 -2.436677948025145479e+00 3.016044365251811521e-01
-1.037874387586984914e+00 -9.724482312476643298e-01 -2.287603533134772604e+00 -1.997136074061477196e+00 -2.440304725628657856e+00 2.983537666950273892e-01
-1.041831557295248123e+00 -9.792722898839540946e-01 -2.288434174645308072e+00 -2.011119191418630603e+00 -2.443887745430882497e+00 2.951091671084383194e-01
-1.045796126208262233e+00 -9.860981653042721895e-01 -2.289270726676006174e+00 -2.025120791169193968e+00 -2.447426806865195203e+00 2.918706345133870173e-01
-1.049768109894435586e+00 -9.929257758468834627e-01 -2.290113303500711073e+00 -2.039140042428366328e+00 -2.450921715416114033e+00 2.886381653320408969e-01
-1.053747524668494195e+00 -9.997550393194971630e-01 -2.290962022219179772e+00 -2.053176109015410589e+00 -2.454372282651194226e+00 2.854117556604788275e-01
-1.057734387610011595e+00 -1.006585872984573138e+00 -2.291817002797124747e+00 -2.067228149499869883e+00 -2.457778326252364032e+00 2.821914012684252904e-01
-1.061728716582148735e+00 -1.013418193544345813e+00 -2.292678368105345754e+00 -2.081295317247871868e+00 -2.461139670046679662e+00 2.789770975990018553e-01
-1.065730530250596608e+00 -1.020251917125567731e+00 -2.293546243957870878e+00 -2.095376760468631083e+00 -2.464456144036527796e+00 2.757688397684955883e-01
-1.069739848102710722e+00 -1.027086959263970867e+00 -2.294420759149020661e+00 -2.109471622261112955e+00 -2.467727584429276977e+00 2.725666225661449449e-01
-1.073756690466822761e+00 -1.033923234888451281e+00 -2.295302045489318932e+00 -2.123579040660782180e+00 -2.470953833666354349e+00 2.693704404539428165e-01
-1.077781078531722114e+00 -1.040760658304973996e+00 -2.296190237840157078e+00 -2.137698148686545174e+00 -2.474134740451789938e+00 2.661802875664568413e-01
-1.081813034366290616e+00 -1.047599143180203640e+00 -2.297085474147122053e+00 -2.151828074387741374e+00 -2.477270159780194270e+00 2.629961577106670889e-01
-1.085852580939277834e+00 -1.054438602524860658e+00 -2.297987895471901520e+00 -2.165967940891333043e+00 -2.480359952964209747e+00 2.598180443658210104e-01
-1.089899742139202710e+00 -1.061278948676807499e+00 -2.298897646022665775e+00 -2.180116866449154145e+00 -2.483403987661413126e+00 2.566459406833058732e-01
-1.093954542794366436e+00 -1.068120093283866368e+00 -2.299814873182829622e+00 -2.194273964485325301e+00 -2.486402137900692644e+00 2.534798394865384608e-01
-1.098017008692959928e+00 -1.074961947286372732e+00 -2.300739727538094304e+00 -2.208438343643798429e+00 -2.489354284108109994e+00 2.503197332708723133e-01
-1.102087166603247681e+00 -1.081804420899468600e+00 -2.301672362901671764e+00 -2.222609107835985309e+00 -2.492260313132223182e+00 2.471656142035222881e-01
-1.106165044293814459e+00 -1.088647423595137553e+00 -2.302612936337580241e+00 -2.236785356288503390e+00 -2.495120118268898235e+00 2.440174741235066891e-01
-1.110250670553849739e+00 -1.095490864083990878e+00 -2.303561608181903253e+00 -2.250966183591061931e+00 -2.497933599285620865e+00 2.408753045416068828e-01
-1.114344075213456353e+00 -1.102334650296803886e+00 -2.304518542061902320e+00 -2.265150679744471152e+00 -2.500700662445297873e+00 2.377390966403443717e-01
-1.118445289163958689e+00 -1.109178689365812875e+00 -2.305483904912875470e+00 -2.279337930208714447e+00 -2.503421220529552293e+00 2.346088412739755213e-01
-1.122554344378191571e+00 -1.116022887605776948e+00 -2.306457866992637218e+00 -2.293527015951228876e+00 -2.506095192861542920e+00 2.314845289685037166e-01
-1.126671273930744954e+00 -1.122867150494810229e+00 -2.307440601893505860e+00 -2.307717013495267366e+00 -2.508722505328293551e+00 2.283661499217092827e-01
-1.130796112018144228e+00 -1.129711382654992935e+00 -2.308432286551676427e+00 -2.321906994968371496e+00 -2.511303090402531968e+00 2.252536940031969193e-01
-1.134928893978938147e+00 -1.136555487832769717e+00 -2.309433101253854481e+00 -2.336096028151022796e+00 -2.513836887164067502e+00 2.221471507544607871e-01
-1.139069656313672407e+00 -1.143399368879141509e+00 -2.310443229641022889e+00 -2.350283176525367335e+00 -2.516323841320688981e+00 2.190465093889672754e-01
-1.143218436704720009e+00 -1.150242927729659304e+00 -2.311462858709211865e+00 -2.364467499324072630e+00 -2.518763905228595945e+00 2.159517587922555326e-01
-1.147375274035942416e+00 -1.157086065384234086e+00 -2.312492178807144860e+00 -2.378648051579333345e+00 -2.521157037912376442e+00 2.128628875220556493e-01
-1.151540208412153099e+00 -1.163928681886764238e+00 -2.313531383630620830e+00 -2.392823884171997761e+00 -2.523503205084530521e+00 2.097798838084246054e-01
-1.155713281178352592e+00 -1.170770676304601743e+00 -2.314580670213497893e+00 -2.406994043880769762e+00 -2.525802379164531430e+00 2.067027355538999522e-01
-1.159894534938706645e+00 -1.177611946707858959e+00 -2.315640238915136262e+00 -2.421157573431593768e+00 -2.528054539297452497e+00 2.036314303336713705e-01
-1.164084013575233945e+00 -1.184452390148573730e+00 -2.316710293404158794e+00 -2.435313511547127607e+00 -2.530259671372153907e+00 2.005659553957700736e-01
-1.168281762266171864e+00 -1.191291902639743494e+00 -2.317791040638388367e+00 -2.449460892996426775e+00 -2.532417768039045392e+00 1.975062976612758925e-01
-1.172487827503986058e+00 -1.198130379134242585e+00 -2.318882690840805783e+00 -2.463598748644730829e+00 -2.534528828727416805e+00 1.944524437245424564e-01
-1.176702257112989258e+00 -1.204967713503637849e+00 -2.319985457471386958e+00 -2.477726105503405218e+00 -2.536592859662349930e+00 1.914043798534401652e-01
-1.180925100266532635e+00 -1.211803798516914110e+00 -2.321099557194661323e+00 -2.491841986780043872e+00 -2.538609873881214618e+00 1.883620919896170365e-01
-1.185156407503733300e+00 -1.218638525819130791e+00 -2.322225209842841309e+00 -2.505945411928741429e+00 -2.540579891249759470e+00 1.853255657487777319e-01
-1.189396230745700000e+00 -1.225471785910021705e+00 -2.323362638374357747e+00 -2.520035396700500030e+00 -2.542502938477791297e+00 1.822947864209803204e-01
-1.193644623311216124e+00 -1.232303468122557977e+00 -2.324512068827653710e+00 -2.534110953193792870e+00 -2.544379049134450455e+00 1.792697389709512756e-01
-1.197901639931841178e+00 -1.239133460601493208e+00 -2.325673730270070294e+00 -2.548171089905381770e+00 -2.546208263663110927e+00 1.762504080384184324e-01
-1.202167336766388095e+00 -1.245961650281908195e+00 -2.326847854741656452e+00 -2.562214811781239110e+00 -2.547990629395875395e+00 1.732367779384619833e-01
-1.206441771414734632e+00 -1.252787922867777848e+00 -2.328034677193743018e+00 -2.576241120267672269e+00 -2.549726200567688394e+00 1.702288326618837666e-01
-1.210725002930923999e+00 -1.259612162810582081e+00 -2.329234435422111726e+00 -2.590249013362696751e+00 -2.551415038330080431e+00 1.672265558755945125e-01
-1.215017091835510099e+00 -1.266434253287979317e+00 -2.330447369994592677e+00 -2.604237485667561192e+00 -2.553057210764527518e+00 1.642299309230194349e-01
-1.219318100127101401e+00 -1.273254076182571914e+00 -2.331673724172914852e+00 -2.618205528438517504e+00 -2.554652792895450553e+00 1.612389408245219757e-01
-1.223628091293057052e+00 -1.280071512060783956e+00 -2.332913743828640918e+00 -2.632152129638795302e+00 -2.556201866702843883e+00 1.582535682778458130e-01
-1.227947130319284597e+00 -1.286886440151879363e+00 -2.334167677353010451e+00 -2.646076273986325056e+00 -2.557704521133829623e+00 1.552737956585751866e-01
-1.232275283699093560e+00 -1.293698738327147435e+00 -2.335435775560519289e+00 -2.659976943010715633e+00 -2.559160852115337725e+00 1.522996050206136820e-01
-1.236612619441050942e+00 -1.300508283079281568e+00 -2.336718291586058260e+00 -2.673853115130816249e+00 -2.560570962569487463e+00 1.493309780966811384e-01
-1.240959207075789772e+00 -1.307314949501985790e+00 -2.338015480775429644e+00 -2.687703765707718961e+00 -2.561934962424506246e+00 1.463678962988293197e-01
-1.245315117661717208e+00 -1.314118611269835313e+00 -2.339327600569068633e+00 -2.701527867097991198e+00 -2.563252968625304717e+00 1.434103407189757651e-01
-1.249680423789568673e+00 -1.320919140618424859e+00 -2.340654910378785480e+00 -2.715324388707239578e+00 -2.564525105143723227e+00 1.404582921294564024e-01
-1.254055199585753844e+00 -1.327716408324838948e+00 -2.341997671457355601e+00 -2.729092297043987259e+00 -2.565751502988444344e+00 1.375117309835965362e-01
-1.258439520714440318e+00 -1.334510283688479682e+00 -2.343356146760771086e+00 -2.742830555773818624e+00 -2.566932300214570972e+00 1.345706374163006258e-01
-1.262833464378316117e+00 -1.341300634512286649e+00 -2.344730600802974241e+00 -2.756538125773847270e+00 -2.568067641932880285e+00 1.316349912446606318e-01
-1.267237109317976618e+00 -1.348087327084388498e+00 -2.346121299502894608e+00 -2.770213965187544591e+00 -2.569157680318755244e+00 1.287047719685831537e-01
-1.271650535809876637e+00 -1.354870226160226565e+00 -2.347528510023610959e+00 -2.783857029479937850e+00 -2.570202574620801705e+00 1.257799587714353295e-01
-1.276073825662789263e+00 -1.361649194945187880e+00 -2.348952500603451732e+00 -2.797466271493199041e+00 -2.571202491169149784e+00 1.228605305207096238e-01
-1.280507062212712377e+00 -1.368424095077796832e+00 -2.350393540378862944e+00 -2.811040641502557058e+00 -2.572157603383431912e+00 1.199464657687074609e-01
-1.284950330316161793e+00 -1.375194786613503251e+00 -2.351851899198857065e+00 -2.824579087272669931e+00 -2.573068091780461142e+00 1.170377427532418857e-01
-1.289403716341791295e+00 -1.381961128009117967e+00 -2.353327847430873199e+00 -2.838080554114393195e+00 -2.573934143981591482e+00 1.141343393983593052e-01
-1.293867308160277840e+00 -1.388722976107943818e+00 -2.354821655757866061e+00 -2.851543984941975918e+00 -2.574755954719773587e+00 1.112362333150802851e-01
-1.298341195132410419e+00 -1.395480186125647393e+00 -2.356333594966455003e+00 -2.864968320330739004e+00 -2.575533725846307576e+00 1.083434018021595807e-01
-1.302825468095319517e+00 -1.402232611636929693e+00 -2.357863935725950988e+00 -2.878352498575184715e+00 -2.576267666337282769e+00 1.054558218468654440e-01
-1.307320219346785439e+00 -1.408980104563045010e+00 -2.359412948358103002e+00 -2.891695455747626209e+00 -2.576957992299723443e+00 1.025734701257782766e-01
-1.311825542627561569e+00 -1.415722515160226624e+00 -2.360980902597387576e+00 -2.904996125757357994e+00 -2.577604926977428601e+00 9.969632300560872518e-02
-1.316341533101651029e+00 -1.422459692009073517e+00 -2.362568067341674016e+00 -2.918253440350307315e+00 -2.578208700750506566e+00 9.682435654403534486e-02
-1.320868287334471036e+00 -1.429191482004963376e+00 -2.364174710393109002e+00 -2.931466329168824547e+00 -2.578769551141264493e+00 9.395754649056183017e-02
-1.325405903268843666e+00 -1.435917730349547838e+00 -2.365801098189059815e+00 -2.944633719812054906e+00 -2.579287722819795015e+00 9.109586828739406339e-02
-1.329954480198748401e+00 -1.442638280543399709e+00 -2.367447495522961187e+00 -2.957754537896938096e+00 -2.579763467609272443e+00 8.823929707033689729e-02
-1.334514118740774080e+00 -1.449352974379875203e+00 -2.369114165254916138e+00 -2.970827707119868322e+00 -2.580197044490943448e+00 8.538780766971099112e-02
-1.339084920803206513e+00 -1.456061651940259605e+00 -2.370801368011901111e+00 -2.983852149318976021e+00 -2.580588719608817527e+00 8.254137461128964459e-02
-1.343666989552688928e+00 -1.462764151590269623e+00 -2.372509361877439549e+00 -2.996826784537208521e+00 -2.580938766274061269e+00 7.969997211725581010e-02
-1.348260429378394631e+00 -1.469460309977984380e+00 -2.374238402070600884e+00 -3.009750531086052394e+00 -2.581247464969081307e+00 7.686357410717944982e-02
-1.352865345853648593e+00 -1.476149962033280527e+00 -2.375988740614200623e+00 -3.022622305610015214e+00 -2.581515103351301299e+00 7.403215419901532091e-02
-1.357481845694937128e+00 -1.482832940968849655e+00 -2.377760625992075383e+00 -3.035441023151951523e+00 -2.581741976256631155e+00 7.120568571012132753e-02
-1.362110036718246597e+00 -1.489509078282880150e+00 -2.379554302795313436e+00 -3.048205597219175722e+00 -2.581928385702621398e+00 6.838414165829760638e-02
-1.366750027792670297e+00 -1.496178203763482983e+00 -2.381370011357328398e+00 -3.060914939851979710e+00 -2.582074640891408812e+00 6.556749476284648437e-02
-1.371401928791227798e+00 -1.502840145494950264e+00 -2.383207987377682358e+00 -3.073567961691467509e+00 -2.582181058212207780e+00 6.275571744565348886e-02
-1.376065850538836788e+00 -1.509494729865933138e+00 -2.385068461534553208e+00 -3.086163572048274517e+00 -2.582247961243480106e+00 5.994878183228947305e-02
-1.380741904757383898e+00 -1.516141781579629644e+00 -2.386951659085763566e+00 -3.098700678972245992e+00 -2.582275680754768210e+00 5.714665975313421714e-02
-1.385430204007840338e+00 -1.522781123666076208e+00 -2.388857799458298015e+00 -3.111178189323093868e+00 -2.582264554708192605e+00 5.434932274452149853e-02
-1.390130861629368830e+00 -1.529412577496637837e+00 -2.390787095826234943e+00 -3.123595008842221521e+00 -2.582214928259607412e+00 5.155674204990592924e-02
-1.394843991675372097e+00 -1.536035962800794241e+00 -2.392739754677035702e+00 -3.135950042225436274e+00 -2.582127153759397942e+00 4.876888862105169253e-02
-1.399569708846434279e+00 -1.542651097685326711e+00 -2.394715975366151550e+00 -3.148242193196812089e+00 -2.582001590752915021e+00 4.598573311924346319e-02
-1.404308128420108437e+00 -1.549257798656002549e+00 -2.396715949659903533e+00 -3.160470364583705560e+00 -2.581838605980544266e+00 4.320724591651962931e-02
-1.409059366177506156e+00 -1.555855880641870748e+00 -2.398739861266618867e+00 -3.172633458392877692e+00 -2.581638573377389001e+00 4.043339709692811423e-02
-1.413823538326647755e+00 -1.562445157022270159e+00 -2.400787885356005624e+00 -3.184730375887872000e+00 -2.581401874072572156e+00 3.766415645780500643e-02
-1.418600761422533107e+00 -1.569025439656665633e+00 -2.402860188066774594e+00 -3.196760017667636511e+00 -2.581128896388130478e+00 3.489949351107619890e-02
-1.423391152283899119e+00 -1.575596538917424905e+00 -2.404956926002423501e+00 -3.208721283218661124e+00 -2.580820035819076264e+00 3.213937748458239180e-02
-1.428194827906627440e+00 -1.582158263725650382e+00 -2.407078245715311038e+00 -3.220613070993178173e+00 -2.580475695037196537e+00 2.938377732342765600e-02
-1.433011905373774431e+00 -1.588710421590185717e+00 -2.409224283179063342e+00 -3.232434278488986124e+00 -2.580096283894437903e+00 2.663266169135187350e-02
-1.437842501762195635e+00 -1.595252818649918858e+00 -2.411395163249377305e+00 -3.244183802338131084e+00 -2.579682219426051581e+00 2.388599897212739798e-02
-1.442686734045743213e+00 -1.601785259719500587e+00 -2.413590999112894320e+00 -3.255860536206415468e+00 -2.579233925800854088e+00 2.114375727098022698e-02
-1.447544718995013024e+00 -1.608307548338608672e+00 -2.415811891724637839e+00 -3.267463370873473938e+00 -2.578751834347047023e+00 1.840590441603611252e-02
-1.452416573073627148e+00 -1.614819486824883299e+00 -2.418057929234128878e+00 -3.278991194314942348e+00 -2.578236383577525714e+00 1.567240795979205070e-02
-1.457302412331040964e+00 -1.621320876330662575e+00 -2.420329186400302479e+00 -3.290442891786831137e+00 -2.577688019214646964e+00 1.294323518061357356e-02
-1.462202352291867458e+00 -1.627811516903648226e+00 -2.422625723995382785e+00 -3.301817345912009038e+00 -2.577107194214434571e+00 1.021835308425834282e-02
-1.467116507841717210e+00 -1.634291207551633374e+00 -2.424947588197880144e+00 -3.313113436768865494e+00 -2.576494368790199108e+00 7.497728405426487899e-03
-1.472044993109556277e+00 -1.640759746311429623e+00 -2.427294809974902545e+00 -3.324330041982333839e+00 -2.575850010435552839e+00 4.781327609338227591e-03
-1.476987921346590404e+00 -1.647216930322122241e+00 -2.429667404453991431e+00 -3.335466036817259727e+00 -2.575174593946784718e+00 2.069116893339248680e-03
-1.481945404801687127e+00 -1.653662555902796427e+00 -2.432065370284717254e+00 -3.346520294274132556e+00 -2.574468601444579896e+00 -6.389378114655835418e-04
-1.486917554593353952e+00 -1.660096418634866122e+00 -2.434488688990286587e+00 -3.357491685187341091e+00 -2.573732522395046907e+00 -3.342870838549650680e-03
-1.491904480578297276e+00 -1.666518313449146138e+00 -2.436937324309440100e+00 -3.368379078325901776e+00 -2.572966853630031636e+00 -6.042716784272561883e-03
-1.496906291216588691e+00 -1.672928034717806156e+00 -2.439411221528818174e+00 -3.379181339713386745e+00 -2.572172099371417886e+00 -8.738510506158089081e-03
-1.501923093433474632e+00 -1.679325376351343380e+00 -2.441910306806247988e+00 -3.389897332733148527e+00 -2.571348771258370469e+00 -1.143028712114141365e-02
-1.506954992477869348e+00 -1.685710131900716391e+00 -2.444434486485310920e+00 -3.400525918236518397e+00 -2.570497388373750525e+00 -1.411808200378501105e-02
-1.512002091777578050e+00 -1.692082094664773440e+00 -2.446983646401533541e+00 -3.411065954460642757e+00 -2.569618477272392454e+00 -1.680193078446248420e-02
-1.517064492791302621e+00 -1.698441057803115939e+00 -2.449557651180656936e+00 -3.421516297141938612e+00 -2.568712572007833206e+00 -1.948186934750961719e-02
-1.522142294857489420e+00 -1.704786814454534394e+00 -2.452156343529412919e+00 -3.431875799632710056e+00 -2.567780214158109864e+00 -2.215793382934187761e-02
-1.527235595040086436e+00 -1.711119157861149098e+00 -2.454779543519113538e+00 -3.442143312068913108e+00 -2.566821952871673140e+00 -2.483016061653763387e-02
-1.532344487971278424e+00 -1.717437881498392382e+00 -2.457427047862720926e+00 -3.452317681492143020e+00 -2.565838344901401502e+00 -2.749858634388620271e-02
-1.537469065691281278e+00 -1.723742779210961640e+00 -2.460098629185939689e+00 -3.462397751975172078e+00 -2.564829954637524168e+00 -3.016324789239989076e-02
-1.542609417485280687e+00 -1.730033645354873251e+00 -2.462794035292783512e+00 -3.472382364325826032e+00 -2.563797354152256958e+00 -3.282418238728909698e-02
-1.547765629869624959e+00 -1.736310275054096408e+00 -2.465512988410250905e+00 -3.482270347675712419e+00 -2.562741123492912720e+00 -3.548142719391580990e-02
-1.552937786424662292e+00 -1.742572464353856709e+00 -2.468255184427661675e+00 -3.492060518969771987e+00 -2.561661850829634268e+00 -3.813501991373254713e-02
-1.558125967624921282e+00 -1.748820010380446099e+00 -2.471020292132513507e+00 -3.501751683100561507e+00 -2.560560132585741666e+00 -4.078499838020666762e-02
-1.563330250666747911e+00 -1.755052711507658181e+00 -2.473807952443585201e+00 -3.511342633047155104e+00 -2.559436573566536754e+00 -4.343140065472954336e-02
-1.568550709293518919e+00 -1.761270367529956804e+00 -2.476617777642050822e+00 -3.520832150018666784e+00 -2.558291787086524494e+00 -4.607426502251014966e-02
-1.573787413618561448e+00 -1.767472779842484520e+00 -2.479449350601408586e+00 -3.530219003602681038e+00 -2.557126395094985849e+00 -4.871362998845245318e-02
-1.579040429945909318e+00 -1.773659751628008152e+00 -2.482302224017075787e+00 -3.539501951918258893e+00 -2.555941028299868911e+00 -5.134953427301614665e-02
-1.584309820589041795e+00 -1.779831088050896071e+00 -2.485175919636547714e+00 -3.548679741773974605e+00 -2.554736326289927639e+00 -5.398201680806007097e-02
-1.589595643687748749e+00 -1.785986596458206233e+00 -2.488069927491061595e+00 -3.557751108830667697e+00 -2.553512937655072257e+00 -5.661111673266780442e-02
-1.594897953023279635e+00 -1.792126086587965794e+00 -2.490983705129767412e+00 -3.566714777734730557e+00 -2.552271520106819125e+00 -5.923687338895466947e-02
-1.600216797831937043e+00 -1.798249370784707590e+00 -2.493916676857441672e+00 -3.575569462290594025e+00 -2.551012740595257178e+00 -6.185932631785560215e-02
-1.605552222617282032e+00 -1.804356264222319428e+00 -2.496868232976851232e+00 -3.584313865638301344e+00 -2.549737275424054594e+00 -6.447851525489312063e-02
-1.610904266961125764e+00 -1.810446585134253716e+00 -2.499837729036915146e+00 -3.592946680435924023e+00 -2.548445810363458186e+00 -6.709448012592465760e-02
-1.616272965333487965e+00 -1.816520155051132956e+00 -2.502824485087878692e+00 -3.601466589047019884e+00 -2.547139040761228657e+00 -6.970726104286857627e-02
-1.621658346901708070e+00 -1.822576799045772411e+00 -2.505827784944758996e+00 -3.609872263733005848e+00 -2.545817671651464220e+00 -7.231689829940794734e-02
-1.627060435338900879e+00 -1.828616345985631053e+00 -2.508846875460394976e+00 -3.618162366850441014e+00 -2.544482417861252621e+00 -7.492343236667138584e-02
-1.632479248631953928e+00 -1.834638628792684578e+00 -2.511880965809481836e+00 -3.626335551053303519e+00 -2.543134004115104929e+00 -7.752690388889006690e-02
-1.637914798889269496e+00 -1.840643484710703159e+00 -2.514929226785045824e+00 -3.634390459500132842e+00 -2.541773165137118706e+00 -8.012735367902992789e-02
-1.643367092148457109e+00 -1.846630755579896199e+00 -2.517990790108862509e+00 -3.642325726066010905e+00 -2.540400645750820807e+00 -8.272482271439832169e-02
-1.648836128184189453e+00 -1.852600288118871230e+00 -2.521064747757398639e+00 -3.650139975559252736e+00 -2.539017200976649846e+00 -8.531935213222402448e-02
-1.654321900316436222e+00 -1.858551934213839463e+00 -2.524150151304926926e+00 -3.657831823942879090e+00 -2.537623596127021042e+00 -8.791098322520968233e-02
-1.659824395219296589e+00 -1.864485551214975612e+00 -2.527246011285516403e+00 -3.665399878560668956e+00 -2.536220606898938357e+00 -9.049975743705568343e-02
-1.665343592730651023e+00 -1.870401002239821864e+00 -2.530351296575687581e+00 -3.672842738367728010e+00 -2.534809019464113966e+00 -9.308571635795442889e-02
-1.670879465662859165e+00 -1.876298156483606761e+00 -2.533464933799580265e+00 -3.680158994165544595e+00 -2.533389630556542649e+00 -9.566890172005390602e-02
-1.676431979614731116e+00 -1.882176889536324449e+00 -2.536585806758562267e+00 -3.687347228841316049e+00 -2.531963247557509789e+00 -9.824935539288955078e-02
-1.682001092785001761e+00 -1.888037083706398001e+00 -2.539712755887279183e+00 -3.694406017611452153e+00 -2.530530688577994347e+00 -1.008271193787832060e-01
-1.687586755787538362e+00 -1.893878628350727400e+00 -2.542844577738227585e+00 -3.701333928268971896e+00 -2.529092782538449935e+00 -1.034022358082081344e-01
-1.693188911468514135e+00 -1.899701420210889502e+00 -2.545980024496999672e+00 -3.708129521434936571e+00 -2.527650369245910689e+00 -1.059747469351188104e-01
-1.698807494725779632e+00 -1.905505363755244375e+00 -2.549117803530445148e+00 -3.714791350813571480e+00 -2.526204299468416181e+00 -1.085446951322444759e-01
-1.704442432330663726e+00 -1.911290371526658038e+00 -2.552256576970063584e+00 -3.721317963450787136e+00 -2.524755435006746040e+00 -1.111121228863451993e-01
-1.710093642752435583e+00 -1.917056364495536958e+00 -2.555394961333039561e+00 -3.727707899996170582e+00 -2.523304648763428748e+00 -1.136770727934292291e-01
-1.715761035985657879e+00 -1.922803272417827891e+00 -2.558531527183410148e+00 -3.733959694967889043e+00 -2.521852824809041493e+00 -1.162395875539304485e-01
-1.721444513380659957e+00 -1.928531034197611405e+00 -2.561664798835946222e+00 -3.740071877020784363e+00 -2.520400858445755787e+00 -1.187997099678447938e-01
-1.727143967477357211e+00 -1.934239598253884029e+00 -2.564793254105423248e+00 -3.746042969216997420e+00 -2.518949656268161696e+00 -1.213574829298243452e-01
-1.732859281842640042e+00 -1.939928922891086316e+00 -2.567915324104054875e+00 -3.751871489299145601e+00 -2.517500136221357820e+00 -1.239129494242278695e-01
-1.738590330911554238e+00 -1.945598976672900271e+00 -2.571029393089953263e+00 -3.757555949965786457e+00 -2.516053227656304792e+00 -1.264661525201266901e-01
-1.744336979847798341e+00 -1.951249738808655376e+00 -2.574133798373428039e+00 -3.763094861066882846e+00 -2.514609871169744437e+00 -1.290171353670507837e-01
-1.750099084215852363e+00 -1.956881199433141205e+00 -2.577226830294581106e+00 -3.768486737483720983e+00 -2.513171017637940263e+00 -1.315659411910473364e-01
-1.755876489834114373e+00 -1.962493359988863428e+00 -2.580306732261052449e+00 -3.773730099538389116e+00 -2.511737628148265511e+00 -1.341126132906469703e-01
-1.761669032632822152e+00 -1.968086233609174673e+00 -2.583371700849157016e+00 -3.778823473234412589e+00 -2.510310673949456284e+00 -1.366571950327359064e-01
-1.767476538516965512e+00 -1.973659845501596788e+00 -2.586419885972008892e+00 -3.783765391462201588e+00 -2.508891136267259014e+00 -1.391997298483321210e-01
-1.773298823234385369e+00 -1.979214233330609751e+00 -2.589449391118007870e+00 -3.788554394441957740e+00 -2.507480006212480905e+00 -1.417402612282637198e-01
-1.779135692249258049e+00 -1.984749447599138517e+00 -2.592458273663293955e+00 -3.793189029957304559e+00 -2.506078284714356563e+00 -1.442788327187479736e-01
-1.784986940621152485e+00 -1.990265552027917106e+00 -2.595444545261937019e+00 -3.797667853587372022e+00 -2.504686982452293265e+00 -1.468154879168689919e-01
-1.790852352889851895e+00 -1.995762623931864876e+00 -2.598406172317761609e+00 -3.801989428937905480e+00 -2.503307119785938895e+00 -1.493502704659527003e-01
