-1.547590644752394162e+00 -1.277670747547741570e+00 -1.565232647975099978e+00 -1.554203949843264265e+00 -3.346684197771385261e+00 1.436440188047970024e+00
-1.547590644752394162e+00 -1.277670747547741570e+00 -1.565232647975099978e+00 -1.554203949843264265e+00 -3.346684197771385261e+00 1.436440188047970024e+00
-1.547873347071246242e+00 -1.277471438037150797e+00 -1.420907649692130015e+00 -1.556681745729145305e+00 -3.338826560147641676e+00 1.435224981341311157e+00
-1.548218403282180189e+00 -1.278925033368815356e+00 -1.196323932429411929e+00 -1.561608367571687861e+00 -3.323389055899049982e+00 1.432712106621732318e+00
-1.547476012648287602e+00 -1.283248117697068480e+00 -9.387425119546646268e-01 -1.568926226439864235e+00 -3.300639831838542815e+00 1.428819461321618078e+00
-1.543785091025315248e+00 -1.290532269970782409e+00 -6.809229092942236106e-01 -1.578548642097211907e+00 -3.270836792078801292e+00 1.423465455964050941e+00
-1.535456656106655160e+00 -1.299697807156924068e+00 -4.437330166122607222e-01 -1.590359528188148186e+00 -3.234227203333142953e+00 1.416569163701975942e+00
-1.521636653213777279e+00 -1.309073714624647611e+00 -2.387549091399652212e-01 -1.604213223772440911e+00 -3.191047550618180573e+00 1.408050474122081841e+00
-1.502359686874623401e+00 -1.317124195946369980e+00 -7.071224271385190274e-02 -1.619934349020693443e+00 -3.141523640465381462e+00 1.397830274171425469e+00
-1.478202313388937927e+00 -1.322876543218340695e+00 6.042951867380394471e-02 -1.637317869446730967e+00 -3.085871024432071952e+00 1.385830659993522618e+00
-1.449898068190074829e+00 -1.325983959730450579e+00 1.577329270107836745e-01 -1.656129281406322429e+00 -3.024295741465128362e+00 1.371975190626161245e+00
-1.418103979848139851e+00 -1.326580959877966537e+00 2.259385274345459549e-01 -1.676104921525957137e+00 -2.956995396870228721e+00 1.356189194178016866e+00
-1.383326281030514027e+00 -1.325089815307022301e+00 2.704705688597357494e-01 -1.696952408299585713e+00 -2.884160591943253138e+00 1.338400136589154910e+00
-1.345940060323961962e+00 -1.322058015286036392e+00 2.967530358402115653e-01 -1.718351230111199390e+00 -2.805976713997454297e+00 1.318538062494488905e+00
-1.306236737440718221e+00 -1.318042514605604953e+00 3.097719487042243092e-01 -1.739955737148994652e+00 -2.722635150814324945e+00 1.296535811007045735e+00
-1.264470846560953987e+00 -1.313541069286312313e+00 3.138353574447398930e-01 -1.761397035707668701e+00 -2.634336148891271989e+00 1.272329246752469167e+00
-1.220889980677962283e+00 -1.308956622543365311e+00 3.124788642987056386e-01 -1.782285334844379010e+00 -2.541291916593628741e+00 1.245857505701424950e+00
-1.175747910047688194e+00 -1.304584709644878604e+00 3.084713622444618109e-01 -1.802212789245003055e+00 -2.443729903000093628e+00 1.217063254123560201e+00
-1.129306024324841173e+00 -1.300616265839460883e+00 3.038837608290860248e-01 -1.820756878130938450e+00 -2.341896162601353470e+00 1.185892957973007533e+00
-1.081828767737148755e+00 -1.297149916721112017e+00 3.001916437698141094e-01 -1.837484350576368053e+00 -2.236058694425832716e+00 1.152297159455269782e+00
-1.033577273460811297e+00 -1.294209048657032790e+00 2.983903403660072007e-01 -1.851955751636874314e+00 -2.126510623640875508e+00 1.116230757745336089e+00
-9.848035651637440102e-01 -1.291760080808959321e+00 2.991073859657674139e-01 -1.863730520903249088e+00 -2.013573077172150505e+00 1.077653292179681088e+00
-9.357462427624227974e-01 -1.289729501052569782e+00 3.027026222233067387e-01 -1.872372626530693696e+00 -1.897597596010875520e+00 1.036529228984808704e+00
-8.866277064331296032e-01 -1.288018306857489748e+00 3.093502423165732651e-01 -1.877456666237902194e+00 -1.778967928974558355e+00 9.928282567074913079e-01
-8.376526036512024209e-01 -1.286513393462679788e+00 3.191000320324062223e-01 -1.878574336464613248e+00 -1.658101067285694175e+00 9.465256005057918198e-01
-7.890071174554994515e-01 -1.285096087016880606e+00 3.319170796450719996e-01 -1.875341146197420095e+00 -1.535447404723561782e+00 8.976023704040273499e-01
-7.408587769582664073e-01 -1.283648421668553308e+00 3.477005502198682318e-01 -1.867403235435119546e+00 -1.411489939239957803e+00 8.460459623231376680e-01
-6.933565524174167827e-01 -1.282057939411523240e+00 3.662829814767249448e-01 -1.854444149114322204e+00 -1.286742462481904603e+00 7.918505321681398312e-01
-6.466310484714274942e-01 -1.280221798684483048e+00 3.874121910779390610e-01 -1.836191412011943580e+00 -1.161746709301482827e+00 7.350175620654031405e-01
-6.007946250685538558e-01 -1.278050860816161372e+00 4.107185031814156728e-01 -1.812422744578157774e+00 -1.037068459891968608e+00 6.755565342741385315e-01
-5.559451747178657532e-01 -1.275478287870124072e+00 4.359879682167853709e-01 -1.782967497332041740e+00 -9.132867596525096054e-01 6.134856272980870884e-01
-5.121675906720897231e-01 -1.272451775366133964e+00 4.631419074512571066e-01 -1.747710221961476407e+00 -7.909889889542416341e-01 5.488325419438329078e-01
-4.695353541920130880e-01 -1.268927081997059503e+00 4.922161243453121449e-01 -1.706593419819847801e+00 -6.707653403762487976e-01 4.816354474821051834e-01
-4.281122701210495762e-01 -1.264862951622643727e+00 5.233410914367507827e-01 -1.659619363327183628e+00 -5.532028163700641876e-01 4.119440333053592251e-01
-3.879543364127651106e-01 -1.260217389179617564e+00 5.567233747519046982e-01 -1.606850901555458178e+00 -4.388788863723007694e-01 3.398206478466726521e-01
-3.491117162956776099e-01 -1.254945196142268848e+00 5.926277383603927307e-01 -1.548411185737921913e+00 -3.283549678951720452e-01 2.653415040356126298e-01
-3.116307724903801812e-01 -1.248996670768823591e+00 6.313587506863828080e-01 -1.484482284090540283e+00 -2.221699173485838230e-01 1.885979291154812332e-01
-2.755561069490362058e-01 -1.242317412848392921e+00 6.732402757727491416e-01 -1.415302697146205713e+00 -1.208337292987509137e-01 1.096976360888026192e-01
-2.409325167903479947e-01 -1.234849223521592876e+00 7.185909795583088622e-01 -1.341163832226876407e+00 -2.482164393995667240e-02 2.876599424328535326e-02
-2.078067205061862044e-01 -1.226532141800776632e+00 7.676939386565216905e-01 -1.262405544766229237e+00 6.543115091449136500e-02 -5.405272300191513168e-02
-1.762303852948958749e-01 -1.217306164572413474e+00 8.207513658295692016e-01 -1.179405206769591485e+00 1.495317188780700413e-01 -1.385931768410206821e-01
-1.462597016922224658e-01 -1.207115311888571796e+00 8.778309291007907467e-01 -1.092572248908069588e+00 2.271314395166061928e-01 -2.246669118450989600e-01
-1.179538503850459108e-01 -1.195913004655424272e+00 9.388035839520729731e-01 -1.002342742648853591e+00 2.979271370415799147e-01 -3.120604294822250102e-01
-9.137178098538134563e-02 -1.183668640500686653e+00 1.003274460980917437e+00 -9.091742502198130182e-01 3.616613821540854978e-01 -4.005333992260431963e-01
-6.656660551579185459e-02 -1.170375123677863671e+00 1.070510736409121533e+00 -8.135411218387427201e-01 4.181221526299827573e-01 -4.898170182304312781e-01
-4.357686755791867483e-02 -1.156056887155712198e+00 1.139373690375249382e+00 -7.159303418673060859e-01 4.671420981520340021e-01 -5.796125288213805904e-01
-2.241394028148735451e-02 -1.140777342391659177e+00 1.208251378336279380e+00 -6.168381239014169015e-01 5.085977261919696346e-01 -6.695899023170004405e-01
-3.045788273296379245e-03 -1.124645248744269965e+00 1.275040505225174980e+00 -5.167666778172084197e-01 5.424087377006703292e-01 -7.593866919635759993e-01
1.462140082026963661e-02 -1.107817274783122308e+00 1.337183777544194152e+00 -4.162211829181328149e-01 5.685377127849480239e-01 -8.486070606496245450e-01
3.075901365920419295e-02 -1.090494225139776452e+00 1.391793047619871437e+00 -3.157066457824644345e-01 5.869902720093080895e-01 -9.368209879425629660e-01
4.561894157323398424e-02 -1.072909184361093837e+00 1.435896020174639132e+00 -2.157242609401688327e-01 5.978157088275617426e-01 -1.023563659871842946e+00
5.950387088363373600e-02 -1.055312734698822030e+00 1.466851773586291818e+00 -1.167668820871436974e-01 6.011079378312849109e-01 -1.108335043619889770e+00
