-1.277563120734399593e-01 9.223089522829472919e-01 -1.303056776471142486e+00 2.120799018924013346e-02 -9.184389652531497195e-01 1.612661169293789776e+00
-1.277563120734399593e-01 9.223089522829472919e-01 -1.303056776471142486e+00 2.120799018924013346e-02 -9.184389652531497195e-01 1.612661169293789776e+00
-1.277897274056352117e-01 9.223295802242973407e-01 -1.421208195603737678e+00 2.123168395475635156e-02 -9.183944462855631041e-01 1.612562370125699029e+00
-1.278340871763897491e-01 9.223620167047305030e-01 -1.550906251417917714e+00 2.127894261661269007e-02 -9.183063575566080550e-01 1.612365655493831262e+00
-1.278799325517256946e-01 9.224036346326170976e-01 -1.648584936545041568e+00 2.134964962446563724e-02 -9.181756529784242948e-01 1.612071907021169537e+00
-1.279260086394200802e-01 9.224524899047863435e-01 -1.706746071163928402e+00 2.144370005413805819e-02 -9.180032912185095428e-01 1.611682004230169607e+00
-1.279745730450050356e-01 9.225069133786397702e-01 -1.733638847110072545e+00 2.156099992220867831e-02 -9.177902357540833611e-01 1.611196824523235982e+00
-1.280286097963211356e-01 9.225654664832946272e-01 -1.741154821969995048e+00 2.170146550767446461e-02 -9.175374549306806182e-01 1.610617243162891121e+00
-1.280904946556497004e-01 9.226269005568824566e-01 -1.739226889449655644e+00 2.186502268050635744e-02 -9.172459220243052158e-01 1.609944133251655307e+00
-1.281616330167696660e-01 9.226901641905906892e-01 -1.734260244146542673e+00 2.205160623692253852e-02 -9.169166153064863822e-01 1.609178365711656289e+00
-1.282426067242896928e-01 9.227544092910990869e-01 -1.729528815828385468e+00 2.226115924120830591e-02 -9.165505181116083699e-01 1.608320809263987350e+00
-1.283334778641036233e-01 9.228189546105902696e-01 -1.726203853065245930e+00 2.249363237391719533e-02 -9.161486189059103724e-01 1.607372330407833783e+00
-1.284340599897282609e-01 9.228832193296723219e-01 -1.724332911175177063e+00 2.274898328629313890e-02 -9.157119113575568070e-01 1.606333793399383092e+00
-1.285440948393387628e-01 9.229466585069409090e-01 -1.723525333710536511e+00 2.302717596076064854e-02 -9.152413944072158580e-01 1.605206060230541132e+00
-1.286633405356752136e-01 9.230087201682181108e-01 -1.723334382523705521e+00 2.332818007733634610e-02 -9.147380723385792889e-01 1.603989990607466831e+00
-1.287916002483427413e-01 9.230688265946493942e-01 -1.723417444945745558e+00 2.365197038582252803e-02 -9.142029548482957235e-01 1.602686441928946381e+00
-1.289287198960403225e-01 9.231263727811142017e-01 -1.723567392008143795e+00 2.399852608365212608e-02 -9.136370571148090258e-01 1.601296269264625316e+00
-1.290745748007561533e-01 9.231807332740226135e-01 -1.723686432012200509e+00 2.436783019926123950e-02 -9.130413998655838581e-01 1.599820325333111581e+00
-1.292290560783427300e-01 9.232312708412234725e-01 -1.723745561768808221e+00 2.475986898087505564e-02 -9.124170094422544564e-01 1.598259460479972249e+00
-1.293920609201059668e-01 9.232773435174566057e-01 -1.723749946268299027e+00 2.517463129060052915e-02 -9.117649178632033502e-01 1.596614522655636526e+00
-1.295634871805465549e-01 9.233183089735890192e-01 -1.723716247300243865e+00 2.561210800372952165e-02 -9.110861628831247172e-01 1.594886357393221710e+00
-1.297432311509539304e-01 9.233535265125327740e-01 -1.723660825450987089e+00 2.607229141316463883e-02 -9.103817880491422709e-01 1.593075807786303644e+00
-1.299311871562663923e-01 9.233823574921806721e-01 -1.723595360524430520e+00 2.655517463889051771e-02 -9.096528427530683469e-01 1.591183714466645416e+00
-1.301272479301870955e-01 9.234041649606566926e-01 -1.723526505181887547e+00 2.706075104242172680e-02 -9.089003822793685350e-01 1.589210915581894756e+00
-1.303313051547755064e-01 9.234183130598526690e-01 -1.723457161805009408e+00 2.758901364616879112e-02 -9.081254678484556031e-01 1.587158246773275883e+00
-1.305432498937982855e-01 9.234241664987192788e-01 -1.723388016369415743e+00 2.813995455767416554e-02 -9.073291666549156975e-01 1.585026541153284674e+00
-1.307629728557197502e-01 9.234210902051820380e-01 -1.723318740331353460e+00 2.871356439868000612e-02 -9.065125519003063292e-01 1.582816629283402943e+00
-1.309903645161142882e-01 9.234084491538039341e-01 -1.723248730369859150e+00 2.930983173900011257e-02 -9.056767028201370140e-01 1.580529339151847568e+00
-1.312253151536129092e-01 9.233856083200638887e-01 -1.723177465921385654e+00 2.992874253517873936e-02 -9.048227047047605609e-01 1.578165496151369585e+00
-1.314677148453131106e-01 9.233519327062906790e-01 -1.723104621640947132e+00 3.057027957392782422e-02 -9.039516489138008648e-01 1.575725923057127886e+00
-1.317174534503215977e-01 9.233067873970373096e-01 -1.723030055352515966e+00 3.123442192034635995e-02 -9.030646328837925729e-01 1.573211440004644635e+00
-1.319744205950264260e-01 9.232495376185543279e-01 -1.722953752074420697e+00 3.192114437093664103e-02 -9.021627601287645071e-01 1.570622864467850155e+00
-1.322385056641562362e-01 9.231795487909718601e-01 -1.722875767011427639e+00 3.263041691143944711e-02 -9.012471402334497617e-01 1.567961011237238855e+00
-1.325095977971277872e-01 9.230961865706558411e-01 -1.722796184129852026e+00 3.336220417952413114e-02 -9.003188888388251598e-01 1.565226692398147268e+00
-1.327875858878377058e-01 9.229988168846071650e-01 -1.722715092329504483e+00 3.411646493237707051e-02 -8.993791276197162787e-01 1.562420717309170426e+00
-1.330723585862467195e-01 9.228868059599781848e-01 -1.722632574965172747e+00 3.489315151924417269e-02 -8.984289842541939297e-01 1.559543892580728341e+00
-1.333638043007536467e-01 9.227595203515009947e-01 -1.722548707461805773e+00 3.569220935899304614e-02 -8.974695923845410483e-01 1.556597022053797907e+00
-1.336618112009434478e-01 9.226163269687007729e-01 -1.722463558645580095e+00 3.651357642276780585e-02 -8.965020915696084725e-01 1.553580906778833537e+00
-1.339662672206311245e-01 9.224565931038466449e-01 -1.722377193116607197e+00 3.735718272182560196e-02 -8.955276272281906813e-01 1.550496344994864550e+00
-1.342770600612674670e-01 9.222796864610026679e-01 -1.722289673374425734e+00 3.822294980064863679e-02 -8.945473505733413377e-01 1.547344132108789960e+00
-1.345940771957943871e-01 9.220849751862024712e-01 -1.722201061179996273e+00 3.911079023543498345e-02 -8.935624185373838291e-01 1.544125060674895522e+00
-1.349172058729892210e-01 9.218718278985329473e-01 -1.722111418300209751e+00 4.002060713808371084e-02 -8.925739936874251823e-01 1.540839920374598160e+00
-1.352463331223218157e-01 9.216396137219861062e-01 -1.722020806740655274e+00 4.095229366579342806e-02 -8.915832441313481516e-01 1.537489497996451515e+00
-1.355813457593024463e-01 9.213877023179728454e-01 -1.721929288751542275e+00 4.190573253642256718e-02 -8.905913434136208950e-01 1.534074577416354224e+00
-1.359221303913051293e-01 9.211154639183573023e-01 -1.721836926743820273e+00 4.288079554973763668e-02 -8.895994704013268084e-01 1.530595939578042630e+00
-1.362685734238510971e-01 9.208222693590231156e-01 -1.721743783213760537e+00 4.387734311470541798e-02 -8.886088091600562455e-01 1.527054362473856619e+00
-1.366205610673535131e-01 9.205074901139302934e-01 -1.721649920658394395e+00 4.489522378298789473e-02 -8.876205488195312299e-01 1.523450621125802762e+00
-1.369779793443088589e-01 9.201704983296600249e-01 -1.721555401520493467e+00 4.593427378881595469e-02 -8.866358834287211277e-01 1.519785487566879922e+00
-1.373407140969359619e-01 9.198106668604316694e-01 -1.721460288183564558e+00 4.699431659540996564e-02 -8.856560118005214477e-01 1.516059730822721052e+00
-1.377086509952688553e-01 9.194273693036271178e-01 -1.721364642960954372e+00 4.807516244813399287e-02 -8.846821373458274573e-01 1.512274116893539189e+00
-1.380816755457003608e-01 9.190199800358082038e-01 -1.721268528132760878e+00 4.917660793456531121e-02 -8.837154678970554622e-01 1.508429408736420729e+00
-1.384596730999886061e-01 9.185878742492036286e-01 -1.721172005918901959e+00 5.029843555170569053e-02 -8.827572155206260263e-01 1.504526366247908031e+00
-1.388425288647111566e-01 9.181304279886665087e-01 -1.721075138504470026e+00 5.144041328051057738e-02 -8.818085963188072585e-01 1.500565746246949050e+00
-1.392301279111769485e-01 9.176470181890821198e-01 -1.720977988024945615e+00 5.260229416795669799e-02 -8.808708302207315377e-01 1.496548302458188262e+00
-1.396223551857827816e-01 9.171370227132376041e-01 -1.720880616539913532e+00 5.378381591688721763e-02 -8.799451407622842503e-01 1.492474785495593981e+00
-1.400190955207992749e-01 9.165998203900976860e-01 -1.720783086091482117e+00 5.498470048384052067e-02 -8.790327548551430947e-01 1.488345942846458270e+00
-1.404202336456350231e-01 9.160347910535397986e-01 -1.720685458674431789e+00 5.620465368510216275e-02 -8.781349025448010881e-01 1.484162518855755453e+00
-1.408256541985273835e-01 9.154413155814558056e-01 -1.720587796210475862e+00 5.744336481118844651e-02 -8.772528167579219938e-01 1.479925254710914517e+00
-1.412352417386528725e-01 9.148187759353119120e-01 -1.720490160582390571e+00 5.870050625006247719e-02 -8.763877330383201825e-01 1.475634888426927471e+00
-1.416488807587017729e-01 9.141665552000738382e-01 -1.720392613563194173e+00 5.997573311926427536e-02 -8.755408892723626213e-01 1.471292154831878474e+00
-1.420664556978333548e-01 9.134840376245420002e-01 -1.720295216888979351e+00 6.126868290726055627e-02 -8.747135254031768170e-01 1.466897785552848665e+00
-1.424878509551097128e-01 9.127706086620456238e-01 -1.720198032260975785e+00 6.257897512424963338e-02 -8.739068831340188748e-01 1.462452509002193590e+00
-1.429129509033640888e-01 9.120256550115485306e-01 -1.720101121324526083e+00 6.390621096266557721e-02 -8.731222056209355653e-01 1.457957050364271590e+00
-1.433416399034829758e-01 9.112485646590802180e-01 -1.720004545714523658e+00 6.524997296764273313e-02 -8.723607371548058875e-01 1.453412131582558109e+00
-1.437738023191513226e-01 9.104387269195441945e-01 -1.719908367026164786e+00 6.660982471776544234e-02 -8.716237228323174824e-01 1.448818471347101733e+00
-1.442093225320038030e-01 9.095955324788773666e-01 -1.719812646802738376e+00 6.798531051624090438e-02 -8.709124082170606185e-01 1.444176785082512682e+00
-1.446480849571854521e-01 9.087183734364987497e-01 -1.719717446467214028e+00 6.937595509288588258e-02 -8.702280389897992796e-01 1.439487784936295256e+00
-1.450899740592662968e-01 9.078066433480743713e-01 -1.719622827431641632e+00 7.078126331715337005e-02 -8.695718605884288355e-01 1.434752179767639468e+00
-1.455348743686624424e-01 9.068597372686654223e-01 -1.719528851043275575e+00 7.220071992248483506e-02 -8.689451178376824680e-01 1.429970675136583269e+00
-1.459826704984213686e-01 9.058770517961195479e-01 -1.719435578612442006e+00 7.363378924228249078e-02 -8.683490545685529360e-01 1.425143973293596877e+00
-1.464332471614395725e-01 9.048579851148109698e-01 -1.719343071433440118e+00 7.507991495771598744e-02 -8.677849132280495148e-01 1.420272773169605207e+00
-1.468864891881113688e-01 9.038019370396348506e-01 -1.719251390713537164e+00 7.653851985760905252e-02 -8.672539344795533456e-01 1.415357770366483914e+00
-1.473422815443074241e-01 9.027083090602870952e-01 -1.719160597594751261e+00 7.800900561079307516e-02 -8.667573567931907697e-01 1.410399657147933361e+00
-1.478005093497645750e-01 9.015765043858279260e-01 -1.719070753201621171e+00 7.949075255109810945e-02 -8.662964160271381386e-01 1.405399122430799785e+00
-1.482610578969313087e-01 9.004059279895233470e-01 -1.718981918613544657e+00 8.098311947533128052e-02 -8.658723449994880639e-01 1.400356851776796807e+00
-1.487238126701712626e-01 8.991959866539647184e-01 -1.718894154932016693e+00 8.248544345440297909e-02 -8.654863730516044740e-01 1.395273527384679912e+00
-1.491886593654482562e-01 8.979460890164012721e-01 -1.718807523178004670e+00 8.399703965803588523e-02 -8.651397256021644555e-01 1.390149828082781980e+00
-1.496554839102727241e-01 8.966556456143113252e-01 -1.718722084316767207e+00 8.551720119309072499e-02 -8.648336236934344168e-01 1.384986429322079271e+00
-1.501241724840537695e-01 8.953240689311484646e-01 -1.718637899264229052e+00 8.704519895596429802e-02 -8.645692835289078282e-01 1.379784003169631124e+00
-1.505946115388332451e-01 8.939507734423463026e-01 -1.718555028938635765e+00 8.858028149922192451e-02 -8.643479160031241060e-01 1.374543218302437975e+00
-1.510666878204662833e-01 8.925351756615472754e-01 -1.718473534137219483e+00 9.012167491276412701e-02 -8.641707262237037224e-01 1.369264740001639336e+00
-1.515402883899961695e-01 8.910766941870199576e-01 -1.718393475699440787e+00 9.166858271972047612e-02 -8.640389130261351136e-01 1.363949230147185609e+00
-1.520153006456237132e-01 8.895747497483454946e-01 -1.718314914383652692e+00 9.322018578735263850e-02 -8.639536684814106415e-01 1.358597347212889606e+00
-1.524916123448722405e-01 8.880287652532175002e-01 -1.718237910965686233e+00 9.477564225318763080e-02 -8.639161773968591085e-01 1.353209746261918589e+00
-1.529691116272590412e-01 8.864381658344666626e-01 -1.718162526238912191e+00 9.633408746650026777e-02 -8.639276168110863185e-01 1.347787078942659811e+00
-1.534476870373313595e-01 8.848023788972630976e-01 -1.718088820926153781e+00 9.789463394567805843e-02 -8.639891554818387442e-01 1.342329993484974837e+00
-1.539272275479136587e-01 8.831208341663955297e-01 -1.718016855720617686e+00 9.945637135124821282e-02 -8.641019533691897125e-01 1.336839134696882425e+00
-1.544076225837678340e-01 8.813929637337365453e-01 -1.717946691307896234e+00 1.010183664752944549e-01 -8.642671611120562591e-01 1.331315143961506298e+00
-1.548887620456309011e-01 8.796182021058904787e-01 -1.717878388319175276e+00 1.025796632469266612e-01 -8.644859195007725816e-01 1.325758659234495207e+00
-1.553705363345058155e-01 8.777959862519549850e-01 -1.717812007442063971e+00 1.041392827543735633e-01 -8.647593589444374507e-01 1.320170315041835796e+00
-1.558528363764933866e-01 8.759257556514814524e-01 -1.717747609283734489e+00 1.056962232837059812e-01 -8.650885989342105287e-01 1.314550742477966327e+00
-1.563355536477025187e-01 8.740069523425173514e-01 -1.717685254465091349e+00 1.072494603745450248e-01 -8.654747475021934422e-01 1.308900569204222597e+00
-1.568185801996452022e-01 8.720390209698108963e-01 -1.717625003618530766e+00 1.087979468926611459e-01 -8.659189006773688746e-01 1.303220419447646439e+00
-1.573018086849742869e-01 8.700214088330716633e-01 -1.717566917340194399e+00 1.103406131197311318e-01 -8.664221419385012002e-01 1.297510914000207904e+00
-1.577851323834264796e-01 8.679535659353172505e-01 -1.717511056247192691e+00 1.118763668604845912e-01 -8.669855416641181201e-01 1.291772670218284791e+00
-1.582684452282007159e-01 8.658349450313428397e-01 -1.717457480910755674e+00 1.134040935673704675e-01 -8.676101565800443671e-01 1.286006302022518311e+00
-1.587516418324996514e-01 8.636650016763236515e-01 -1.717406251844352916e+00 1.149226564826175412e-01 -8.682970292057837769e-01 1.280212419897955645e+00
-1.592346175163313893e-01 8.614431942744571469e-01 -1.717357429685646864e+00 1.164308967981756426e-01 -8.690471872988723145e-01 1.274391630894529781e+00
-1.597172683340193355e-01 8.591689841277382333e-01 -1.717311075068138182e+00 1.179276338334255964e-01 -8.698616432984279667e-01 1.268544538627780272e+00
-1.601994911017271539e-01 8.568418354847753271e-01 -1.717267248649856137e+00 1.194116652309025611e-01 -8.707413937678181171e-01 1.262671743279836001e+00
-1.606811834253435434e-01 8.544612155896533778e-01 -1.717226011072227942e+00 1.208817671697615531e-01 -8.716874188380612232e-01 1.256773841600761221e+00
-1.611622437285597509e-01 8.520265947308559573e-01 -1.717187423036044880e+00 1.223366945973637793e-01 -8.727006816513694920e-01 1.250851426910140507e+00
-1.616425712814065219e-01 8.495374462902235413e-01 -1.717151545255245271e+00 1.237751814788336374e-01 -8.737821278059428876e-01 1.244905089099004547e+00
-1.621220662289548087e-01 8.469932467919443209e-01 -1.717118438491394450e+00 1.251959410648175453e-01 -8.749326848018785796e-01 1.238935414631895382e+00
-1.626006296203687251e-01 8.443934759516131816e-01 -1.717088163528818878e+00 1.265976661775095602e-01 -8.761532614886282655e-01 1.232942986549161013e+00
-1.630781634381596734e-01 8.417376167252496044e-01 -1.717060781157756288e+00 1.279790295147578139e-01 -8.774447475150197739e-01 1.226928384469458955e+00
-1.635545706276627098e-01 8.390251553584108235e-01 -1.717036352154498013e+00 1.293386839723681958e-01 -8.788080127819826171e-01 1.220892184592623275e+00
-1.640297551266880205e-01 8.362555814352103933e-01 -1.717014937347643766e+00 1.306752629845224223e-01 -8.802439068986963600e-01 1.214834959702581374e+00
-1.645036218955918672e-01 8.334283879274939633e-01 -1.716996597633987376e+00 1.319873808822437933e-01 -8.817532586427283547e-01 1.208757279170569854e+00
-1.649760769476475986e-01 8.305430712440424745e-01 -1.716981393994784444e+00 1.332736332700298898e-01 -8.833368754241912590e-01 1.202659708958408569e+00
-1.654470273797159496e-01 8.275991312797126298e-01 -1.716969387540112191e+00 1.345325974205603403e-01 -8.849955427545134201e-01 1.196542811622036240e+00
-1.659163814032950102e-01 8.245960714645020895e-01 -1.716960639282965051e+00 1.357628326872920566e-01 -8.867300237206487967e-01 1.190407146315219045e+00
-1.663840483751060917e-01 8.215333988126435338e-01 -1.716955210411726052e+00 1.369628809346616349e-01 -8.885410584656451283e-01 1.184253268793476588e+00
-1.668499388287235652e-01 8.184106239717297004e-01 -1.716953162183499693e+00 1.381312669862194142e-01 -8.904293636749927021e-01 1.178081731418159528e+00
-1.673139645061063607e-01 8.152272612716784383e-01 -1.716954555919149250e+00 1.392664990902783839e-01 -8.923956320700012768e-01 1.171893083160592930e+00
-1.677760383893287799e-01 8.119828287738004580e-01 -1.716959452920109319e+00 1.403670694032856381e-01 -8.944405319078512218e-01 1.165687869606307769e+00
-1.682360747322390326e-01 8.086768483196806745e-01 -1.716967914544168972e+00 1.414314544906492277e-01 -8.965647064891586471e-01 1.159466632959347931e+00
-1.686939890925414354e-01 8.053088455800880840e-01 -1.716980002338128974e+00 1.424581158443545825e-01 -8.987687736746886591e-01 1.153229912046757510e+00
-1.691496983645233987e-01 8.018783501039647987e-01 -1.716995778052057942e+00 1.434455004177099258e-01 -9.010533254104693413e-01 1.146978242323186681e+00
-1.696031208120576395e-01 7.983848953671626170e-01 -1.717015303548133920e+00 1.443920411770041323e-01 -9.034189272618240452e-01 1.140712155875522216e+00
-1.700541761015116338e-01 7.948280188212795139e-01 -1.717038640675716765e+00 1.452961576698650892e-01 -9.058661179568664457e-01 1.134432181427630359e+00
-1.705027853343664135e-01 7.912072619421318675e-01 -1.717065851248664288e+00 1.461562566094341820e-01 -9.083954089413441846e-01 1.128138844345227154e+00
-1.709488710799060562e-01 7.875221702783266053e-01 -1.717096997281211124e+00 1.469707324754436772e-01 -9.110072839424255831e-01 1.121832666640623311e+00
-1.713923574088846435e-01 7.837722934998139213e-01 -1.717132140934521267e+00 1.477379681307587345e-01 -9.137021985444375716e-01 1.115514166977678467e+00
-1.718331699272072355e-01 7.799571854462115095e-01 -1.717171344643505515e+00 1.484563354534295665e-01 -9.164805797763269091e-01 1.109183860676868472e+00
-1.722712358102647945e-01 7.760764041751317954e-01 -1.717214670888763228e+00 1.491241959844938902e-01 -9.193428257102160828e-01 1.102842259720245854e+00
-1.727064838365777732e-01 7.721295120103666143e-01 -1.717262182279361005e+00 1.497399015904919972e-01 -9.222893050730163189e-01 1.096489872756444717e+00
-1.731388444218725231e-01 7.681160755898785997e-01 -1.717313941689363244e+00 1.503017951409905684e-01 -9.253203568703251003e-01 1.090127205105589914e+00
-1.735682496538712427e-01 7.640356659138269890e-01 -1.717370011964158838e+00 1.508082112000371511e-01 -9.284362900244622629e-01 1.083754758764508441e+00
-1.739946333260241895e-01 7.598878583922468177e-01 -1.717430456086988411e+00 1.512574767321253066e-01 -9.316373830252904220e-01 1.077373032411699016e+00
-1.744179309720056970e-01 7.556722328926670507e-01 -1.717495337192626703e+00 1.516479118213153177e-01 -9.349238835961527494e-01 1.070982521412464639e+00
-1.748380799004050912e-01 7.513883737876759783e-01 -1.717564718666185763e+00 1.519778304045351636e-01 -9.382960083726770151e-01 1.064583717823851527e+00
-1.752550192299588694e-01 7.470358700022929899e-01 -1.717638664121132752e+00 1.522455410175438395e-01 -9.417539425970359313e-01 1.058177110399647791e+00
-1.756686899248217082e-01 7.426143150610641230e-01 -1.717717237371322758e+00 1.524493475531635001e-01 -9.452978398279655581e-01 1.051763184595589262e+00
-1.760790348298519881e-01 7.381233071351265274e-01 -1.717800502347173630e+00 1.525875500321367817e-01 -9.489278216655390175e-01 1.045342422574384367e+00
-1.764859987056131285e-01 7.335624490889206539e-01 -1.717888523297920411e+00 1.526584453853132295e-01 -9.526439774926386272e-01 1.038915303210701468e+00
-1.768895282643863642e-01 7.289313485269874882e-01 -1.717981364529607813e+00 1.526603282475295087e-01 -9.564463642320443215e-01 1.032482302096123794e+00
-1.772895722051047174e-01 7.242296178402229945e-01 -1.718079090467552028e+00 1.525914917621739864e-01 -9.603350061204649624e-01 1.026043891544014652e+00
-1.776860812485929197e-01 7.194568742521060267e-01 -1.718181765961853236e+00 1.524502283961835236e-01 -9.643098944994682453e-01 1.019600540594518989e+00
-1.780790081743711117e-01 7.146127398647386109e-01 -1.718289456193176523e+00 1.522348307653540456e-01 -9.683709876230683911e-01 1.013152715019587369e+00
-1.784683078571223103e-01 7.096968417045699251e-01 -1.718402226642586905e+00 1.519435924689884199e-01 -9.725182104830909502e-01 1.006700877327891597e+00
-1.788539373031494684e-01 7.047088117680078145e-01 -1.718520142714432541e+00 1.515748089333069093e-01 -9.767514546527035213e-01 1.000245486769779646e+00
-1.792358556849888707e-01 6.996482870665415854e-01 -1.718643270129857292e+00 1.511267782639754975e-01 -9.810705781470585585e-01 9.937869993421037940e-01
-1.796140243779888457e-01 6.945149096718157278e-01 -1.718771674933169624e+00 1.505978021061921135e-01 -9.854754053029441963e-01 9.873258677930499827e-01
-1.799884069970089651e-01 6.893083267604249720e-01 -1.718905423453863213e+00 1.499861865128130911e-01 -9.899657266761401342e-01 9.808625416270745356e-01
-1.803589694329993665e-01 6.840281906583230986e-01 -1.719044582259238618e+00 1.492902428199228970e-01 -9.945412989568551687e-01 9.743974671096458096e-01
-1.807256798893769334e-01 6.786741588848924644e-01 -1.719189218335088976e+00 1.485082885280232801e-01 -9.992018449054145268e-01 9.679310872721210712e-01
-1.810885089194177455e-01 6.732458941967709443e-01 -1.719339398824462961e+00 1.476386481889191693e-01 -1.003947053307358006e+00 9.614638419168839434e-01
-1.814474294623190098e-01 6.677430646313916585e-01 -1.719495191131728662e+00 1.466796542990010388e-01 -1.008776578946365632e+00 9.549961676221198070e-01
-1.818024168798026141e-01 6.621653435501161367e-01 -1.719656663195744617e+00 1.456296481974412860e-01 -1.013690042596576912e+00 9.485284977469041756e-01
-1.821534489942880364e-01 6.565124096810859289e-01 -1.719823883388481356e+00 1.444869809683518302e-01 -1.018687031034960944e+00 9.420612624362234566e-01
-1.825005061266270490e-01 6.507839471616545524e-01 -1.719996920215802305e+00 1.432500143471983067e-01 -1.023767097072675325e+00 9.355948886259624064e-01
-1.828435711321486357e-01 6.449796455803866735e-01 -1.720175842483811834e+00 1.419171216308758865e-01 -1.028929759605604177e+00 9.291298000480666675e-01
-1.831826294376112108e-01 6.390992000187516453e-01 -1.720360719507746605e+00 1.404866885898826412e-01 -1.034174503685540092e+00 9.226664172356213722e-01
-1.835176690794225185e-01 6.331423110925606945e-01 -1.720551621026250144e+00 1.389571143822334598e-01 -1.039500780611717135e+00 9.162051575285909966e-01
-1.838486807414041746e-01 6.271086849927991480e-01 -1.720748617066697239e+00 1.373268124697386017e-01 -1.044908008041186553e+00 9.097464350791089061e-01
-1.841756577917625648e-01 6.209980335259784878e-01 -1.720951777902544055e+00 1.355942115358052535e-01 -1.050395570118455746e+00 9.032906608569837292e-01
-1.844985963197625367e-01 6.148100741540436509e-01 -1.721161174093152502e+00 1.337577564039491018e-01 -1.055962817624775507e+00 8.968382426554595277e-01
-1.848174951725988779e-01 6.085445300337295471e-01 -1.721376876857408256e+00 1.318159089548438523e-01 -1.061609068149099500e+00 8.903895850973475579e-01
-1.851323559946152220e-01 6.022011300554723778e-01 -1.721598957886220527e+00 1.297671490448792930e-01 -1.067333606276178015e+00 8.839450896409051239e-01
-1.854431832654010459e-01 5.957796088820719316e-01 -1.721827489404820444e+00 1.276099754219395810e-01 -1.073135683796485162e+00 8.775051545861543012e-01
-1.857499843383239035e-01 5.892797069866386739e-01 -1.722062543919934408e+00 1.253429066405675751e-01 -1.079014519934485605e+00 8.710701750815531552e-01
-1.860527694774433694e-01 5.827011706899238863e-01 -1.722304194495526630e+00 1.229644819742358036e-01 -1.084969301597307867e+00 8.646405431308605838e-01
-1.863515518961587070e-01 5.760437521972865405e-01 -1.722552514831924508e+00 1.204732623253380458e-01 -1.090999183642274772e+00 8.582166476004191580e-01
-1.866463477964729334e-01 5.693072096350593192e-01 -1.722807578996936817e+00 1.178678311315493193e-01 -1.097103289164186313e+00 8.517988742264911428e-01
-1.869371764064362285e-01 5.624913070860821929e-01 -1.723069461553436765e+00 1.151467952686239665e-01 -1.103280709801482073e+00 8.453876056232811909e-01
-1.872240600184195969e-01 5.555958146245719709e-01 -1.723338237466796263e+00 1.123087859491831986e-01 -1.109530506061032984e+00 8.389832212910264264e-01
-1.875070240267171784e-01 5.486205083505112379e-01 -1.723613982324392557e+00 1.093524596171809998e-01 -1.115851707661204673e+00 8.325860976245782474e-01
-1.877860969666667879e-01 5.415651704234801800e-01 -1.723896772214974282e+00 1.062764988362475405e-01 -1.122243313894425221e+00 8.261966079223832526e-01
-1.880613105528913254e-01 5.344295890954620099e-01 -1.724186683785986496e+00 1.030796131718340475e-01 -1.128704294008567866e+00 8.198151223961152034e-01
-1.883326997179276541e-01 5.272135587434001458e-01 -1.724483794272052339e+00 9.976054006794037032e-02 -1.135233587605467331e+00 8.134420081807162139e-01
-1.886003026510689740e-01 5.199168799008726527e-01 -1.724788181595093617e+00 9.631804571669722037e-02 -1.141830105057752620e+00 8.070776293449910543e-01
-1.888641608379307835e-01 5.125393592889935235e-01 -1.725099924350615765e+00 9.275092592061656704e-02 -1.148492727943405400e+00 8.007223469026648610e-01
-1.891243190999497559e-01 5.050808098465229268e-01 -1.725419101621542550e+00 8.905800694738988388e-02 -1.155220309497382969e+00 7.943765188241773689e-01
-1.893808256324745476e-01 4.975410507591174758e-01 -1.725745793244212845e+00 8.523814637621064672e-02 -1.162011675080641293e+00 7.880405000492483047e-01
-1.896337320448375219e-01 4.899199074880027927e-01 -1.726080079667044576e+00 8.129023393667229869e-02 -1.168865622664725157e+00 7.817146424999208421e-01
-1.898830933993510828e-01 4.822172117976604722e-01 -1.726422041999581047e+00 7.721319233771839485e-02 -1.175780923333787698e+00 7.753992950943338069e-01
-1.901289682506753786e-01 4.744328017827885158e-01 -1.726771762261748444e+00 7.300597808691235147e-02 -1.182756321802936883e+00 7.690948037614969701e-01
-1.903714186871166558e-01 4.665665218943610415e-01 -1.727129323008066430e+00 6.866758230011361930e-02 -1.189790536952100908e+00 7.628015114567138211e-01
-1.906105103690352576e-01 4.586182229647465247e-01 -1.727494807672963484e+00 6.419703150079636433e-02 -1.196882262375432493e+00 7.565197581777863833e-01
-1.908463125699381424e-01 4.505877622320197395e-01 -1.727868300359688636e+00 5.959338840871176296e-02 -1.204030166945770919e+00 7.502498809823380244e-01
-1.910788982159214999e-01 4.424750033633552126e-01 -1.728249885826261600e+00 5.485575271802738823e-02 -1.211232895393337561e+00 7.439922140058267130e-01
-1.913083439249476658e-01 4.342798164776035530e-01 -1.728639649633229247e+00 4.998326186397986093e-02 -1.218489068898870098e+00 7.377470884807079132e-01
-1.915347300472906855e-01 4.260020781669363044e-01 -1.729037678136509992e+00 4.497509177848331430e-02 -1.225797285700060302e+00 7.315148327564544584e-01
-1.917581407058113752e-01 4.176416715174443572e-01 -1.729444058650307925e+00 3.983045762691701103e-02 -1.233156121717593257e+00 7.252957723222688280e-01
-1.919786638376842491e-01 4.091984861289406084e-01 -1.729858879435430152e+00 3.454861453889450373e-02 -1.240564131188388375e+00 7.190902298295976935e-01
-1.921963912361508431e-01 4.006724181337346646e-01 -1.730282229568968155e+00 2.912885832760393062e-02 -1.248019847310490427e+00 7.128985251156254588e-01
-1.924114185911650066e-01 3.920633702143414556e-01 -1.730714199119350205e+00 2.357052619381373032e-02 -1.255521782902362826e+00 7.067209752283852842e-01
-1.926238455315442688e-01 3.833712516204155207e-01 -1.731154878883339965e+00 1.787299741977190631e-02 -1.263068431071298958e+00 7.005578944528451091e-01
-1.928337756649090018e-01 3.745959781844956371e-01 -1.731604360583614222e+00 1.203569404868042383e-02 -1.270658265894157424e+00 6.944095943382551095e-01
-1.930413166192778418e-01 3.657374723366223490e-01 -1.732062737141529807e+00 6.058081552110588033e-03 -1.278289743107694054e+00 6.882763837267837914e-01
-1.932465800871515926e-01 3.567956631183035743e-01 -1.732530102484253876e+00 -6.033052027563240438e-05 -1.285961300812612507e+00 6.821585687834755829e-01
-1.934496818679812546e-01 3.477704861955981386e-01 -1.733006551555667629e+00 -6.319987901472888525e-03 -1.293671360184587726e+00 6.760564530280138706e-01
-1.936507419107003358e-01 3.386618838709664070e-01 -1.733492180238742408e+00 -1.272129098248643564e-02 -1.301418326195190378e+00 6.699703373678909113e-01
-1.938498843556665796e-01 3.294698050941617939e-01 -1.733987085532067152e+00 -1.926459420072875600e-02 -1.309200588340855509e+00 6.639005201328396222e-01
-1.940472375781353009e-01 3.201942054724818965e-01 -1.734491365561035003e+00 -2.595020544532119361e-02 -1.317016521382341043e+00 6.578472971113065171e-01
-1.942429342319877683e-01 3.108350472796276298e-01 -1.735005119698327603e+00 -3.277838547583250550e-02 -1.324864486091373639e+00 6.518109615883832531e-01
-1.944371112946328417e-01 3.013922994642893594e-01 -1.735528448566411530e+00 -3.974934735287265208e-02 -1.332742830002707324e+00 6.457918043850749967e-01
-1.946299101118963426e-01 2.918659376575919451e-01 -1.736061453898331886e+00 -4.686325588964275479e-02 -1.340649888178034654e+00 6.397901139000032877e-01
-1.948214764417819100e-01 2.822559441797668489e-01 -1.736604238599287919e+00 -5.412022711142723541e-02 -1.348583983971278322e+00 6.338061761524057536e-01
-1.950119604988423128e-01 2.725623080457593161e-01 -1.737156906538346535e+00 -6.152032773497223550e-02 -1.356543429803811929e+00 6.278402748274219958e-01
-1.952015169963672303e-01 2.627850249706069619e-01 -1.737719563137435141e+00 -6.906357466164868286e-02 -1.364526527944406764e+00 6.218926913232576403e-01
-1.953903051944598790e-01 2.529240973736379683e-01 -1.738292315204537308e+00 -7.674993448775452309e-02 -1.372531571295922959e+00 6.159637047997534864e-01
-1.955784889465521370e-01 2.429795343823751841e-01 -1.738875270988038624e+00 -8.457932302840517891e-02 -1.380556844185533372e+00 6.100535922296466129e-01
-1.957662367465262121e-01 2.329513518362431590e-01 -1.739468540223290560e+00 -9.255160485701037498e-02 -1.388600623159562453e+00 6.041626284515958512e-01
-1.959537217764542039e-01 2.228395722892609898e-01 -1.740072233924241818e+00 -1.006665928581780695e-01 -1.396661177780990970e+00 5.982910862246396677e-01
-1.961411219522509741e-01 2.126442250125365474e-01 -1.740686464570671221e+00 -1.089240477984941835e-01 -1.404736771432177678e+00 5.924392362853532212e-01
-1.963286199711565261e-01 2.023653459963667967e-01 -1.741311346143661787e+00 -1.173236779161220822e-01 -1.412825662122925152e+00 5.866073474076578531e-01
-1.965164033596406568e-01 1.920029779523735325e-01 -1.741946994212238087e+00 -1.258651385237141984e-01 -1.420926103299583243e+00 5.807956864641399264e-01
-1.967046645223399226e-01 1.815571703152918381e-01 -1.742593526034376561e+00 -1.345480316239423824e-01 -1.429036344654456059e+00 5.750045184892905725e-01
-1.968936007919132869e-01 1.710279792450034586e-01 -1.743251060221219895e+00 -1.433719055476739557e-01 -1.437154632941669119e+00 5.692341067455687353e-01
-1.970834144754946837e-01 1.604154676286774217e-01 -1.743919716937560649e+00 -1.523362546064532252e-01 -1.445279212793446177e+00 5.634847127915729725e-01
-1.972743129032112908e-01 1.497197050830280096e-01 -1.744599618174521805e+00 -1.614405187598399460e-01 -1.453408327536779510e+00 5.577565965519299951e-01
-1.974665084794920977e-01 1.389407679573513299e-01 -1.745290887534925783e+00 -1.706840833023571258e-01 -1.461540220013068048e+00 5.520500163906818525e-01
-1.976602187321540027e-01 1.280787393370208527e-01 -1.745993650342866355e+00 -1.800662785672676736e-01 -1.469673133398487597e+00 5.463652291860920940e-01
-1.978556663626611645e-01 1.171337090475620402e-01 -1.746708033896526180e+00 -1.895863796499953069e-01 -1.477805312026343243e+00 5.407024904078497896e-01
-1.980530782076872498e-01 1.061057842267876250e-01 -1.747434167756383161e+00 -1.992436173296775193e-01 -1.485935012775240427e+00 5.350620540910829837e-01
-1.982526852400454120e-01 9.499508937681366838e-02 -1.748172183316128780e+00 -2.090371780142856739e-01 -1.494060505631801927e+00 5.294441728097478705e-01
-1.984547225612529608e-01 8.380176643024772609e-02 -1.748922213960165672e+00 -2.189662037466761912e-01 -1.502180074281917577e+00 5.238490976493120899e-01
-1.986594293918251819e-01 7.252597483050904348e-02 -1.749684395120297165e+00 -2.290297922723984470e-01 -1.510292016728340680e+00 5.182770781788670345e-01
-1.988670488292677563e-01 6.116789305455616610e-02 -1.750458864363213296e+00 -2.392270033791643602e-01 -1.518394649634551952e+00 5.127283624071181656e-01
-1.990778278272027912e-01 4.972771871445857972e-02 -1.751245760755665515e+00 -2.495568591231689393e-01 -1.526486308822034843e+00 5.072031967379336814e-01
-1.992920171651273997e-01 3.820566865749541741e-02 -1.752045224828556513e+00 -2.600183440437762727e-01 -1.534565349747132768e+00 5.017018259237810973e-01
-1.995098714151034847e-01 2.660197906641592613e-02 -1.752857398736817673e+00 -2.706104053963650502e-01 -1.542630147974657362e+00 4.962244930175874202e-01
-1.997316489074223989e-01 1.491690555983016253e-02 -1.753682426669819883e+00 -2.813319533973081543e-01 -1.550679099644256542e+00 4.907714393236874972e-01
-1.999576116983192986e-01 3.150723292568602396e-03 -1.754520454712930055e+00 -2.921818614891997790e-01 -1.558710621933592666e+00 4.853429043473777016e-01
-2.001880255333148284e-01 -8.696272944439420449e-03 -1.755371631460610260e+00 -3.031589666232148983e-01 -1.566723153516001776e+00 4.799391257433208713e-01
-2.004231598152160232e-01 -2.062376862458870086e-02 -1.756236107901256505e+00 -3.142620695600163994e-01 -1.574715155012879952e+00 4.745603392624961891e-01
-2.006632875680371964e-01 -3.263142938675234195e-02 -1.757114037218864055e+00 -3.254899351828191567e-01 -1.582685109436853477e+00 4.692067786982443423e-01
-2.009086853956839891e-01 -4.471890093724062432e-02 -1.758005574696710482e+00 -3.368412928298459286e-01 -1.590631522629105010e+00 4.638786758311955194e-01
-2.011596334367194705e-01 -5.688580895283146255e-02 -1.758910877614723312e+00 -3.483148366416821684e-01 -1.598552923688074223e+00 4.585762603727190911e-01
-2.014164153147789404e-01 -6.913175898522694318e-02 -1.759830105653342747e+00 -3.599092259287087758e-01 -1.606447865391646301e+00 4.532997599077036033e-01
-2.016793180910016192e-01 -8.145633636663829336e-02 -1.760763421031861453e+00 -3.716230855498942054e-01 -1.614314924608014845e+00 4.480493998359630359e-01
-2.019486322149879332e-01 -9.385910611647041435e-02 -1.761710989112331482e+00 -3.834550063061482605e-01 -1.622152702696431081e+00 4.428254033126616807e-01
-2.022246514804262874e-01 -1.063396128495754933e-01 -1.762672978009631963e+00 -3.954035453554247126e-01 -1.629959825900975989e+00 4.376279911881688633e-01
-2.025076729730510838e-01 -1.188973806865443184e-01 -1.763649558702904629e+00 -4.074672266392260211e-01 -1.637734945731865732e+00 4.324573819461833279e-01
-2.027979970169870583e-01 -1.315319131655965368e-01 -1.764640904826781043e+00 -4.196445413237351318e-01 -1.645476739335538507e+00 4.273137916415886139e-01
-2.030959271151609180e-01 -1.442426931564211312e-01 -1.765647192942538135e+00 -4.319339482582798539e-01 -1.653183909854416989e+00 4.221974338378614022e-01
-2.034017698901159354e-01 -1.570291827761398640e-01 -1.766668602623358897e+00 -4.443338744462350109e-01 -1.660855186773728231e+00 4.171085195424978909e-01
-2.037158350227156189e-01 -1.698908233077160990e-01 -1.767705316415113304e+00 -4.568427155341730495e-01 -1.668489326257753147e+00 4.120472571430982556e-01
-2.040384351869697355e-01 -1.828270351206136013e-01 -1.768757520085451507e+00 -4.694588363173746726e-01 -1.676085111474201472e+00 4.070138523415905429e-01
-2.043698859849538696e-01 -1.958372175937928006e-01 -1.769825402844373619e+00 -4.821805712543468792e-01 -1.683641352903201494e+00 4.020085080880518857e-01
-2.047105058811515832e-01 -2.089207490409457080e-01 -1.770909157565060177e+00 -4.950062250001917574e-01 -1.691156888634948618e+00 3.970314245140988962e-01
-2.050606161363515145e-01 -2.220769866382734659e-01 -1.772008980637314268e+00 -5.079340729516629294e-01 -1.698630584652628617e+00 3.920827988652821339e-01
-2.054205407364986802e-01 -2.353052663554575652e-01 -1.773125072004874792e+00 -5.209623618070549078e-01 -1.706061335101749066e+00 3.871628254335976460e-01
-2.057906063182241008e-01 -2.486049028888537293e-01 -1.774257635132360456e+00 -5.340893101380497221e-01 -1.713448062544387751e+00 3.822716954893888297e-01
-2.061711420906309211e-01 -2.619751895982049827e-01 -1.775406877330360844e+00 -5.473131089793796811e-01 -1.720789718200585572e+00 3.774095972125884324e-01
-2.065624797577850225e-01 -2.754153984459482007e-01 -1.776573010082963533e+00 -5.606319224293664361e-01 -1.728085282173817738e+00 3.725767156243343092e-01
-2.069649534419916170e-01 -2.889247799397780536e-01 -1.777756248754186252e+00 -5.740438882633102091e-01 -1.735333763661140116e+00 3.677732325173655448e-01
-2.073788995995723416e-01 -3.025025630783035879e-01 -1.778956812932659171e+00 -5.875471185550744657e-01 -1.742534201146141104e+00 3.629993263855796903e-01
-2.078046569375192332e-01 -3.161479553001802500e-01 -1.780174926831276316e+00 -6.011397003185861010e-01 -1.749685662578989387e+00 3.582551723546772982e-01
-2.082425663319170950e-01 -3.298601424361653489e-01 -1.781410819130018197e+00 -6.148196961590720599e-01 -1.756787245539479958e+00 3.535409421126473051e-01
-2.086929707405475731e-01 -3.436382886653244206e-01 -1.782664722864216289e+00 -6.285851449362993559e-01 -1.763838077383893088e+00 3.488568038402244942e-01
-2.091562151100005984e-01 -3.574815364744201585e-01 -1.783936875679579703e+00 -6.424340624403767075e-01 -1.770837315375715093e+00 3.442029221415149332e-01
-2.096326462823444314e-01 -3.713890066211715801e-01 -1.785227520088106701e+00 -6.563644420764969123e-01 -1.777784146798869536e+00 3.395794579743934283e-01
-2.101226129013946120e-01 -3.853597981009755369e-01 -1.786536903989464742e+00 -6.703742555650669122e-01 -1.784677789055691521e+00 3.349865685815625049e-01
-2.106264653223008931e-01 -3.993929881174500540e-01 -1.787865280412832325e+00 -6.844614536486747225e-01 -1.791517489746527358e+00 3.304244074212299709e-01
-2.111445555136143293e-01 -4.134876320569191854e-01 -1.789212907738865210e+00 -6.986239668095837185e-01 -1.798302526732336037e+00 3.258931240984885847e-01
-2.116772369582689273e-01 -4.276427634670483258e-01 -1.790580049672984897e+00 -7.128597059981041095e-01 -1.805032208180303854e+00 3.213928642973131189e-01
-2.122248645500057762e-01 -4.418573940391636867e-01 -1.791966975655860272e+00 -7.271665633691127839e-01 -1.811705872591655275e+00 3.169237697126294218e-01
-2.127877944914452479e-01 -4.561305135948892087e-01 -1.793373961088915225e+00 -7.415424130263141844e-01 -1.818322888811553018e+00 3.124859779828753625e-01
-2.133663841910578285e-01 -4.704610900768768644e-01 -1.794801287447266303e+00 -7.559851117757718786e-01 -1.824882656021689087e+00 3.080796226233837309e-01
-2.139609921575738039e-01 -4.848480695440504640e-01 -1.796249242394500456e+00 -7.704924998871259811e-01 -1.831384603715084491e+00 3.037048329606027997e-01
-2.145719778915035625e-01 -4.992903761708304966e-01 -1.797718119820636451e+00 -7.850624018608358679e-01 -1.837828191652743026e+00 2.993617340664483373e-01
-2.151997017728577988e-01 -5.137869122511651288e-01 -1.799208220497113597e+00 -7.996926272015872916e-01 -1.844212909802343425e+00 2.950504466937102221e-01
-2.158445249538120669e-01 -5.283365582065033816e-01 -1.800719852277692379e+00 -8.143809711976032206e-01 -1.850538278259084679e+00 2.907710872120337631e-01
-2.165068092497400287e-01 -5.429381725984865348e-01 -1.802253330031776235e+00 -8.291252157077182439e-01 -1.856803847149379960e+00 2.865237675453314870e-01
-2.171869170246547576e-01 -5.575905921459576309e-01 -1.803808975648706570e+00 -8.439231299468346048e-01 -1.863009196514797683e+00 2.823085951096194757e-01
-2.178852110717972579e-01 -5.722926317467496027e-01 -1.805387118496456722e+00 -8.587724712846070974e-01 -1.869153936180964592e+00 2.781256727524738515e-01
-2.186020544962359868e-01 -5.870430845040102152e-01 -1.806988095787009030e+00 -8.736709860401983274e-01 -1.875237705606515259e+00 2.739750986930101218e-01
-2.193378105979990056e-01 -6.018407217571317691e-01 -1.808612252767033635e+00 -8.886164102839463341e-01 -1.881260173715667339e+00 2.698569664633566623e-01
-2.200928427529084686e-01 -6.166842931172886733e-01 -1.810259942971962577e+00 -9.036064706419267845e-01 -1.887221038713425170e+00 2.657713648513674309e-01
-2.208675142923159085e-01 -6.315725265078744322e-01 -1.811931528874672237e+00 -9.186388850996454192e-01 -1.893120027882781331e+00 2.617183778446379727e-01
-2.216621883871922050e-01 -6.465041282088941355e-01 -1.813627381614547174e+00 -9.337113638064438170e-01 -1.898956897364661556e+00 2.576980845762806838e-01
-2.224772279230491923e-01 -6.614777829068476667e-01 -1.815347881393857277e+00 -9.488216098837428669e-01 -1.904731431921910634e+00 2.537105592715055979e-01
-2.233129953753472674e-01 -6.764921537492183390e-01 -1.817093417775083486e+00 -9.639673202309503308e-01 -1.910443444685901770e+00 2.497558711959648459e-01
-2.241698526838175609e-01 -6.915458824033478002e-01 -1.818864390028974709e+00 -9.791461863337951321e-01 -1.916092776887524884e+00 2.458340846053976292e-01
-2.250481611264630588e-01 -7.066375891202916204e-01 -1.820661207654984626e+00 -9.943558950668958119e-01 -1.921679297570798806e+00 2.419452586971133357e-01
-2.259482811956158299e-01 -7.217658728030202919e-01 -1.822484290738505486e+00 -1.009594129497678017e+00 -1.927202903291409974e+00 2.380894475633133500e-01
-2.268705724734752516e-01 -7.369293110789008061e-01 -1.824334070066116142e+00 -1.024858569685768828e+00 -1.932663517799160902e+00 2.342667001459896037e-01
-2.278153935034834543e-01 -7.521264603772634949e-01 -1.826210987410790576e+00 -1.040146893483568480e+00 -1.938061091706179795e+00 2.304770601935354490e-01
-2.287831016597521305e-01 -7.673558560113247218e-01 -1.828115496001775364e+00 -1.055456777330554763e+00 -1.943395602139551093e+00 2.267205662191415227e-01
-2.297740530171512030e-01 -7.826160122646692585e-01 -1.830048060964700074e+00 -1.070785897043130985e+00 -1.948667052379337017e+00 2.229972514611796852e-01
-2.307886022216550925e-01 -7.979054224817763163e-01 -1.832009160125997793e+00 -1.086131928599276320e+00 -1.953875471482396264e+00 2.193071438453300381e-01
-2.318271023662065722e-01 -8.132225591625745764e-01 -1.833999284022320930e+00 -1.101492548919890124e+00 -1.959020913892862481e+00 2.156502659490817375e-01
-2.328899048596515531e-01 -8.285658740613688344e-01 -1.836018935980624711e+00 -1.116865436641568232e+00 -1.964103459038724742e+00 2.120266349678760764e-01
-2.339773592898706511e-01 -8.439337982906711666e-01 -1.838068633139828378e+00 -1.132248272885663765e+00 -1.969123210916151390e+00 2.084362626833476118e-01
-2.350898132949263974e-01 -8.593247424280028302e-01 -1.840148906804364826e+00 -1.147638742023945779e+00 -1.974080297662095695e+00 2.048791554336716614e-01
-2.362276124321645021e-01 -8.747370966269334414e-01 -1.842260303151093792e+00 -1.163034532432084767e+00 -1.978974871113923450e+00 2.013553140861649715e-01
-2.373911000501410795e-01 -8.901692307313546770e-01 -1.844403383390959439e+00 -1.178433337237036804e+00 -1.983807106357958094e+00 1.978647340119313869e-01
-2.385806171547991128e-01 -9.056194943938713493e-01 -1.846578724504384095e+00 -1.193832855060081410e+00 -1.988577201267848871e+00 1.944074050627631611e-01
-2.397965022784433187e-01 -9.210862171974152357e-01 -1.848786919619136881e+00 -1.209230790748725637e+00 -1.993285376031955103e+00 1.909833115502640177e-01
-2.410390913455595641e-01 -9.365677087802080081e-01 -1.851028578376983313e+00 -1.224624856102410453e+00 -1.997931872671388165e+00 1.875924322271444733e-01
-2.423087175349299960e-01 -9.520622589639420319e-01 -1.853304328006989854e+00 -1.240012770588241331e+00 -2.002516954548512196e+00 1.842347402709254012e-01
-2.436057111488406091e-01 -9.675681378845670810e-01 -1.855614813936921736e+00 -1.255392262049606078e+00 -2.007040905867111480e+00 1.809102032697927354e-01
-2.449303994816015573e-01 -9.830835961258255207e-01 -1.857960700371284357e+00 -1.270761067407022660e+00 -2.011504031164603301e+00 1.776187832108171161e-01
-2.462831066866247864e-01 -9.986068648553090288e-01 -1.860342670792692887e+00 -1.286116933348049551e+00 -2.015906654796386199e+00 1.743604364705464982e-01
-2.476641536402471588e-01 -1.014136155963028640e+00 -1.862761429099310195e+00 -1.301457617009666778e+00 -2.020249120413512678e+00 1.711351138079495460e-01
-2.490738578118752433e-01 -1.029669662201720737e+00 -1.865217700167382198e+00 -1.316780886653591054e+00 -2.024531790434346945e+00 1.679427603595437524e-01
-2.505125331307215264e-01 -1.045205557328759749e+00 -1.867712230433790310e+00 -1.332084522327588116e+00 -2.028755045509525790e+00 1.647833156368979368e-01
-2.519804898492123413e-01 -1.060741996250265995e+00 -1.870245788688980948e+00 -1.347366316516962703e+00 -2.032919283981670322e+00 1.616567135263267119e-01
-2.534780344055551637e-01 -1.076277115166659248e+00 -1.872819166788689316e+00 -1.362624074790735884e+00 -2.037024921341140882e+00 1.585628822910901958e-01
-2.550054692834956005e-01 -1.091809031719425782e+00 -1.875433181244912761e+00 -1.377855616438546482e+00 -2.041072389677685450e+00 1.555017445760417671e-01
-2.565630928824984558e-01 -1.107335845137787267e+00 -1.878088673683010690e+00 -1.393058775099794921e+00 -2.045062137128833335e+00 1.524732174144668162e-01
-2.581511993798961679e-01 -1.122855636386612677e+00 -1.880786511990141019e+00 -1.408231399379228366e+00 -2.048994627324609130e+00 1.494772122371489653e-01
-2.597700785951015945e-01 -1.138366468314383706e+00 -1.883527591018769876e+00 -1.423371353455342492e+00 -2.052870338830218966e+00 1.465136348836342528e-01
-2.614200158479406122e-01 -1.153866385801537220e+00 -1.886312833842628267e+00 -1.438476517681719136e+00 -2.056689764587167346e+00 1.435823856160712286e-01
-2.631012918190061001e-01 -1.169353415908358063e+00 -1.889143192926659776e+00 -1.453544789180631902e+00 -2.060453411353249109e+00 1.406833591352212032e-01
-2.648141824096998942e-01 -1.184825568022145781e+00 -1.892019651055465435e+00 -1.468574082427573924e+00 -2.064161799141685627e+00 1.378164445985871900e-01
-2.665589585974955655e-01 -1.200280834003999875e+00 -1.894943222731535926e+00 -1.483562329826479065e+00 -2.067815460659934601e+00 1.349815256408372077e-01
-2.683358862923507226e-01 -1.215717188333980570e+00 -1.897914955322776098e+00 -1.498507482281122627e+00 -2.071414940749389810e+00 1.321784803966196409e-01
-2.701452261895741502e-01 -1.231132588255155369e+00 -1.900935930593726564e+00 -1.513407509755609670e+00 -2.074960795825459670e+00 1.294071815250267543e-01
-2.719872336237803001e-01 -1.246524973915334566e+00 -1.904007265938720828e+00 -1.528260401832449267e+00 -2.078453593319638859e+00 1.266674962366625967e-01
-2.738621584182161506e-01 -1.261892268507070369e+00 -1.907130115755865329e+00 -1.543064168260116054e+00 -2.081893911122889129e+00 1.239592863225631447e-01
-2.757702447303356785e-01 -1.277232378405268598e+00 -1.910305672920076470e+00 -1.557816839497297989e+00 -2.085282337031742372e+00 1.212824081852285352e-01
-2.777117308939166529e-01 -1.292543193302337468e+00 -1.913535170523029905e+00 -1.572516467247535576e+00 -2.088619468196728501e+00 1.186367128716695613e-01
-2.796868492602490597e-01 -1.307822586339940862e+00 -1.916819883612630449e+00 -1.587161124990779770e+00 -2.091905910574334282e+00 1.160220461081066384e-01
-2.816958260368805922e-01 -1.323068414237039470e+00 -1.920161130850426057e+00 -1.601748908511344771e+00 -2.095142278382747136e+00 1.134382483373085337e-01
-2.837388811212920858e-01 -1.338278517414488888e+00 -1.923560276207786357e+00 -1.616277936419714845e+00 -2.098329193561499828e+00 1.108851547572981960e-01
-2.858162279282246976e-01 -1.353450720115690231e+00 -1.927018731113679495e+00 -1.630746350671567368e+00 -2.101467285235729676e+00 1.083625953619793691e-01
-2.879280732160139911e-01 -1.368582830522540039e+00 -1.930537956271967559e+00 -1.645152317080780024e+00 -2.104557189184997235e+00 1.058703949836607150e-01
-2.900746169049503997e-01 -1.383672640866874026e+00 -1.934119463919194315e+00 -1.659494025828674557e+00 -2.107599547317272393e+00 1.034083733372602315e-01
-2.922560518924579576e-01 -1.398717927536523575e+00 -1.937764820252140474e+00 -1.673769691969883011e+00 -2.110595007148400093e+00 1.009763450662104767e-01
-2.944725638655449895e-01 -1.413716451175277111e+00 -1.941475647557162176e+00 -1.687977555936644114e+00 -2.113544221287531055e+00 9.857411979019285730e-02
-2.967243311039315934e-01 -1.428665956777384061e+00 -1.945253626946614522e+00 -1.702115884038817972e+00 -2.116447846928478427e+00 9.620150215416584105e-02
-2.990115242809338603e-01 -1.443564173775265136e+00 -1.949100501114043427e+00 -1.716182968961155186e+00 -2.119306545347473758e+00 9.385829187937083651e-02
-3.013343062597755306e-01 -1.458408816120118079e+00 -1.953018077123596985e+00 -1.730177130257843476e+00 -2.122120981407508822e+00 9.154428381560121564e-02
-3.036928318832248785e-01 -1.473197582355168844e+00 -1.957008228944588479e+00 -1.744096714844111773e+00 -2.124891823069509300e+00 8.925926799493343056e-02
-3.060872477502050715e-01 -1.487928155682152642e+00 -1.961072900047651668e+00 -1.757940097483934982e+00 -2.127619740910451362e+00 8.700302968683133742e-02
-3.085176919775361459e-01 -1.502598204021062589e+00 -1.965214105944456779e+00 -1.771705681275612232e+00 -2.130305407648829696e+00 8.477534945468384597e-02
-3.109842939433388187e-01 -1.517205380063369358e+00 -1.969433936094586501e+00 -1.785391898133374289e+00 -2.132949497677480544e+00 8.257600321361130424e-02
-3.134871740002157514e-01 -1.531747321320485966e+00 -1.973734555794986134e+00 -1.798997209266740782e+00 -2.135552686604134998e+00 8.040476228948169324e-02
-3.160264431557751053e-01 -1.546221650167387995e+00 -1.978118208053548877e+00 -1.812520105653553593e+00 -2.138115650799498724e+00 7.826139347930538559e-02
-3.186022084295767609e-01 -1.560625979697356946e+00 -1.982587215643560885e+00 -1.825959080744933960e+00 -2.140639063623134941e+00 7.614565914230470023e-02
-3.212145725419929265e-01 -1.574957913622719197e+00 -1.987143985442753280e+00 -1.839312630923002789e+00 -2.143123595249298408e+00 7.405731729093679994e-02
-3.238636336110776726e-01 -1.589215046168864998e+00 -1.991791017587773993e+00 -1.852579255864326591e+00 -2.145569912486032571e+00 7.199612168138865009e-02
-3.265494849254690912e-01 -1.603394961946478237e+00 -1.996530922601386537e+00 -1.865757458809915503e+00 -2.147978678588954526e+00 6.996182190393333833e-02
-3.292722149034320589e-01 -1.617495235776884144e+00 -2.001366449572663075e+00 -1.878845746742602518e+00 -2.150350553071130655e+00 6.795416347285862524e-02
-3.320319078992844952e-01 -1.631513433230066035e+00 -2.006300466795133630e+00 -1.891842617078941302e+00 -2.152686190557386414e+00 6.597288791922932549e-02
-3.348286441553502413e-01 -1.645447110394193224e+00 -2.011335949540742352e+00 -1.904746557742880819e+00 -2.154986240703511413e+00 6.401773288308608423e-02
-3.376624995015287123e-01 -1.659293813669344253e+00 -2.016475977620958204e+00 -1.917556047309143308e+00 -2.157251348121649315e+00 6.208843220519001671e-02
-3.405335449373671497e-01 -1.673051079563896870e+00 -2.021723740136505132e+00 -1.930269555152024585e+00 -2.159482152307126590e+00 6.018471601826180795e-02
-3.434418461910743181e-01 -1.686716434475594717e+00 -2.027082546777908334e+00 -1.942885541598104560e+00 -2.161679287566730334e+00 5.830631083770350387e-02
-3.463874633381379686e-01 -1.700287394438633193e+00 -2.032555845946697026e+00 -1.955402458086122008e+00 -2.163843382948698491e+00 5.645293965187628271e-02
-3.493704505623433376e-01 -1.713761464815440672e+00 -2.038147225342627156e+00 -1.967818747334086682e+00 -2.165975062174504640e+00 5.462432201186558089e-02
-3.523908558102937238e-01 -1.727136139983960206e+00 -2.043860416114964274e+00 -1.980132843512762308e+00 -2.168074943572411595e+00 5.282017412051164679e-02
-3.554487203825028585e-01 -1.740408903011621877e+00 -2.049699300362505028e+00 -1.992343172426985332e+00 -2.170143640012951458e+00 5.104020892096180345e-02
-3.585440784993761953e-01 -1.753577225306577780e+00 -2.055667920023950490e+00 -2.004448151705290115e+00 -2.172181758846385424e+00 4.928413618457328643e-02
-3.616769568529734080e-01 -1.766638566242142883e+00 -2.061770487010501363e+00 -2.016446190998684607e+00 -2.174189901842215278e+00 4.755166259839105347e-02
-3.648473741527893388e-01 -1.779590372750113669e+00 -2.068011394866639208e+00 -2.028335692187509309e+00 -2.176168665130723490e+00 4.584249185196746790e-02
-3.680553406765997848e-01 -1.792430078877283783e+00 -2.074395232604887784e+00 -2.040115049597845065e+00 -2.178118639146648494e+00 4.415632472348069576e-02
-3.713008578442353880e-01 -1.805155105297509444e+00 -2.080926790235795298e+00 -2.051782650226535942e+00 -2.180040408574939192e+00 4.249285916533789009e-02
-3.745839176970358064e-01 -1.817762858805940240e+00 -2.087611067139734100e+00 -2.063336873975240238e+00 -2.181934552298648633e+00 4.085179038910016075e-02
-3.779045023112160284e-01 -1.830250731787510077e+00 -2.094453282863305343e+00 -2.074776093895045470e+00 -2.183801643349024157e+00 3.923281094970287181e-02
-3.812625831662067033e-01 -1.842616101652638783e+00 -2.101458889131230467e+00 -2.086098676439944732e+00 -2.185642248857720737e+00 3.763561082915913708e-02
-3.846581204721699621e-01 -1.854856330236631656e+00 -2.108633583359222463e+00 -2.097302981730304161e+00 -2.187456930011174805e+00 3.605987751955490317e-02
-3.880910624635384165e-01 -1.866968763158129541e+00 -2.115983324109760755e+00 -2.108387363826873973e+00 -2.189246242007143906e+00 3.450529610534524422e-02
-3.915613446691361688e-01 -1.878950729130060893e+00 -2.123514343134097260e+00 -2.119350171014635187e+00 -2.191010734013365546e+00 3.297154934501739937e-02
-3.950688891038515727e-01 -1.890799539235540561e+00 -2.131233159472748273e+00 -2.130189746096286640e+00 -2.192750949128285942e+00 3.145831775200242514e-02
-3.986136033938876277e-01 -1.902512486162639682e+00 -2.139146595045846588e+00 -2.140904426696510043e+00 -2.194467424343864437e+00 2.996527967496662170e-02
-4.021953798393860802e-01 -1.914086843393914439e+00 -2.147261791988051005e+00 -2.151492545576620508e+00 -2.196160690510379876e+00 2.849211137729757912e-02
-4.058140944197697331e-01 -1.925519864344957366e+00 -2.155586231335052450e+00 -2.161952430960663918e+00 -2.197831272303216288e+00 2.703848711608039176e-02
-4.094696057413193535e-01 -1.936808781447757699e+00 -2.164127751065205718e+00 -2.172282406872180438e+00 -2.199479688191503968e+00 2.560407922027861313e-02
-4.131617539027667152e-01 -1.947950805181655642e+00 -2.172894565713870740e+00 -2.182480793482438841e+00 -2.201106450408574222e+00 2.418855816815945053e-02
-4.168903592800729530e-01 -1.958943123047010015e+00 -2.181895287416579787e+00 -2.192545907470432986e+00 -2.202712064924100765e+00 2.279159266407397577e-02
-4.206552212284204728e-01 -1.969782898476350574e+00 -2.191138948049871082e+00 -2.202476062395676060e+00 -2.204297031417832287e+00 2.141284971447324909e-02
-4.244561166952141584e-01 -1.980467269679250464e+00 -2.200635023046544791e+00 -2.212269569083371579e+00 -2.205861843254766974e+00 2.005199470324364741e-02
-4.282927987431066619e-01 -1.990993348414154873e+00 -2.210393456340746354e+00 -2.221924736023423108e+00 -2.207406987461608683e+00 1.870869146638532224e-02
-4.321649949751216191e-01 -2.001358218682022017e+00 -2.220424686085975541e+00 -2.231439869783255148e+00 -2.208932944704321777e+00 1.738260236588112795e-02
-4.360724058496353583e-01 -2.011558935337405707e+00 -2.230739671817799419e+00 -2.240813275434994978e+00 -2.210440189266564381e+00 1.607338836279576313e-02
-4.400147028797802840e-01 -2.021592522609495735e+00 -2.241349923160391278e+00 -2.250043256999645358e+00 -2.211929189028804643e+00 1.478070908975415501e-02
-4.439915267120408959e-01 -2.031455972524146336e+00 -2.252267529943167812e+00 -2.259128117907362565e+00 -2.213400405447792707e+00 1.350422292267373925e-02
-4.480024850768435929e-01 -2.041146243217205836e+00 -2.263505193638568613e+00 -2.268066161477014120e+00 -2.214854293536120622e+00 1.224358705182443906e-02
-4.520471506025895980e-01 -2.050660257128380515e+00 -2.275076259989157190e+00 -2.276855691414590765e+00 -2.216291301841481598e+00 1.099845755212870355e-02
-4.561250584828889232e-01 -2.059994899063676943e+00 -2.286994752512657936e+00 -2.285495012333619513e+00 -2.217711872425251141e+00 9.768489452791139643e-03
-4.602357039838934627e-01 -2.069147014114124161e+00 -2.299275406703088276e+00 -2.293982430299552178e+00 -2.219116440839925097e+00 8.553336806285522648e-03
-4.643785397770367473e-01 -2.078113405417028048e+00 -2.311933704629248520e+00 -2.302316253399737001e+00 -2.220505436104891928e+00 7.352652756629890138e-03
-4.685529730803171256e-01 -2.086890831745017660e+00 -2.324985909283579399e+00 -2.310494792342031367e+00 -2.221879280679953439e+00 6.166089606962625591e-03
-4.727583625864513750e-01 -2.095476004908300105e+00 -2.338449097906841523e+00 -2.318516361084904887e+00 -2.223238390435909650e+00 4.993298886520762363e-03
-4.769940151510854709e-01 -2.103865586955687039e+00 -2.352341193148086873e+00 -2.326379277503107801e+00 -2.224583174621452386e+00 3.833931417003573656e-03
-4.812591822082173953e-01 -2.112056187161900578e+00 -2.366680991123856437e+00 -2.334081864093014325e+00 -2.225914035825483417e+00 2.687637378297156286e-03
-4.855530558770095872e-01 -2.120044358788160999e+00 -2.381488185146230396e+00 -2.341622448721930816e+00 -2.227231369933865057e+00 1.554066373600419262e-03
-4.898747647218479329e-01 -2.127826595602720694e+00 -2.396783384500630554e+00 -2.348999365427381747e+00 -2.228535566079442809e+00 4.328674940192165678e-04
-4.942233691330790157e-01 -2.135399328142694841e+00 -2.412588128274758770e+00 -2.356210955273406071e+00 -2.229827006584041094e+00 -6.763106173970575858e-04
-4.985978563087996585e-01 -2.142758919687429042e+00 -2.428924894396841783e+00 -2.363255567271409952e+00 -2.231106066890904405e+00 -1.773819702066354751e-03
-5.029971348332116232e-01 -2.149901661898474536e+00 -2.445817105337150021e+00 -2.370131559374756947e+00 -2.232373115485839499e+00 -2.860011822687840571e-03
-5.074200288701116168e-01 -2.156823770058664547e+00 -2.463289129989411741e+00 -2.376837299558086869e+00 -2.233628513805018478e+00 -3.935239300494234628e-03
-5.118652719924283723e-01 -2.163521377831790993e+00 -2.481366277182729174e+00 -2.383371166994435519e+00 -2.234872616127096201e+00 -4.999854652839665764e-03
-5.163315006327564571e-01 -2.169990531485141094e+00 -2.500074767870926085e+00 -2.389731553346066129e+00 -2.236105769446862013e+00 -6.054210531007035191e-03
-5.208172470380680874e-01 -2.176227183606442850e+00 -2.519441655762730381e+00 -2.395916864187661588e+00 -2.237328313327195062e+00 -7.098659658221670096e-03
-5.253209313988275175e-01 -2.182227186566145782e+00 -2.539494643417643527e+00 -2.401925520585257878e+00 -2.238540579725484925e+00 -8.133554767716282344e-03
-5.298408525056227392e-01 -2.187986286369447697e+00 -2.560261715034892305e+00 -2.407755960858738220e+00 -2.239742892789970519e+00 -9.159248540760866683e-03
-5.343751759209178775e-01 -2.193500118115852882e+00 -2.581770491383901245e+00 -2.413406642562936355e+00 -2.240935568620544327e+00 -1.017609354452224737e-02
-5.389219184142652885e-01 -2.198764204917619924e+00 -2.604047234869844907e+00 -2.418876044730717823e+00 -2.242118914987488498e+00 -1.118444216956697088e-02
-5.434789276514804257e-01 -2.203773962447539869e+00 -2.627115529276317307e+00 -2.424162670432450817e+00 -2.243293231000188737e+00 -1.218464656683036079e-02
-5.480438573375345790e-01 -2.208524710563157800e+00 -2.650994869190302694e+00 -2.429265049721617942e+00 -2.244458806716113308e+00 -1.317705858377981459e-02
-5.526141406744251583e-01 -2.213011690579901547e+00 -2.675699735002972535e+00 -2.434181743056193170e+00 -2.245615922678068088e+00 -1.416202969947213258e-02
-5.571869692272417574e-01 -2.217230080511869872e+00 -2.701240131303983993e+00 -2.438911345312904544e+00 -2.246764849364792482e+00 -1.513991095814457011e-02
-5.617592891755660567e-01 -2.221174990551536776e+00 -2.727624798836143505e+00 -2.443452490550593659e+00 -2.247905846536078833e+00 -1.611105290088494721e-02
-5.663278296966793857e-01 -2.224841409566451045e+00 -2.754867883784754667e+00 -2.447803857733552135e+00 -2.249039162448447371e+00 -1.707580549470988709e-02
-5.708891736445964593e-01 -2.228224068956734083e+00 -2.782997971692819039e+00 -2.451964177705984405e+00 -2.250165032910514284e+00 -1.803451805833237304e-02
-5.754398614809823620e-01 -2.231317212203685507e+00 -2.812064105030658734e+00 -2.455932241829586360e+00 -2.251283680137769139e+00 -1.898753918354734518e-02
-5.799764791437704847e-01 -2.234114341664068082e+00 -2.842126068974557995e+00 -2.459706912881244989e+00 -2.252395311353702745e+00 -1.993521665090909958e-02
-5.844956205072124877e-01 -2.236608209334562059e+00 -2.873206645453464159e+00 -2.463287139104114232e+00 -2.253500117066798758e+00 -2.087789733781989995e-02
-5.889935557996591742e-01 -2.238791678949624053e+00 -2.905175789118496610e+00 -2.466671972794306278e+00 -2.254598268929916216e+00 -2.181592711647932503e-02
-5.934654301821302713e-01 -2.240660621925187890e+00 -2.937540565904990686e+00 -2.469860595646088619e+00 -2.255689917061171723e+00 -2.274965073814266131e-02
-5.979039406627415509e-01 -2.242220551905039549e+00 -2.969147913074486667e+00 -2.472852354577727674e+00 -2.256775186684560897e+00 -2.367941169865454484e-02
-6.022977662817918798e-01 -2.243498538127943309e+00 -2.997896117593474408e+00 -2.475646814483469349e+00 -2.257854173985750723e+00 -2.460555207837733516e-02
-6.066306275469792730e-01 -2.244558597055050342e+00 -3.020729359453763863e+00 -2.478243839003803295e+00 -2.258926941391023568e+00 -2.552841234829014011e-02
-6.108832395513877911e-01 -2.245503086793775971e+00 -3.034494568320195818e+00 -2.480643714587488446e+00 -2.259993513951005895e+00 -2.644833113904207500e-02
