-3.056441719293430559e+00 -3.170438242697504627e+00 1.561236790806873165e+00 -3.104719112655640156e+00 -1.362797039261664622e+00 -1.553489084109514362e+00
-3.056441719293430559e+00 -3.170438242697504627e+00 1.561236790806873165e+00 -3.104719112655640156e+00 -1.362797039261664622e+00 -1.553489084109514362e+00
-3.056435462291170246e+00 -3.170416210293217851e+00 1.560284510212761155e+00 -3.104712170809740268e+00 -1.362823750408092893e+00 -1.553510544033066765e+00
-3.056422971822490009e+00 -3.170371820503508076e+00 1.558423204183345012e+00 -3.104698305720138496e+00 -1.362876680090771897e+00 -1.553553374159034606e+00
-3.056404208404979173e+00 -3.170304773636138940e+00 1.555695127785566845e+00 -3.104677537657051012e+00 -1.362955335171437188e+00 -1.553617484660422488e+00
-3.056379071786876178e+00 -3.170214794594895746e+00 1.552141537749552880e+00 -3.104649888484807718e+00 -1.363059222050309938e+00 -1.553702785602687486e+00
-3.056347403349666703e+00 -3.170101632445762263e+00 1.547802695151914154e+00 -3.104615381588244016e+00 -1.363187846732263342e+00 -1.553809186942082698e+00
-3.056308988644862001e+00 -3.169965060202810214e+00 1.542717868983029428e+00 -3.104574041799428308e+00 -1.363340714892592898e+00 -1.553936598524030543e+00
-3.056263560047337347e+00 -3.169804874796221306e+00 1.536925340555149955e+00 -3.104525895324734996e+00 -1.363517331942408095e+00 -1.554084930081530036e+00
-3.056210799509158971e+00 -3.169620897186792519e+00 1.530462408709281741e+00 -3.104470969672290970e+00 -1.363717203093654406e+00 -1.554254091233594037e+00
-3.056150341399001658e+00 -3.169412972593418587e+00 1.523365395779897158e+00 -3.104409293579823537e+00 -1.363939833423780446e+00 -1.554443991483719145e+00
-3.056081775413160173e+00 -3.169180970802271791e+00 1.515669654277628897e+00 -3.104340896942919148e+00 -1.364184727940062958e+00 -1.554654540218387337e+00
-3.056004649544834084e+00 -3.168924786528750648e+00 1.507409574251182827e+00 -3.104265810743729315e+00 -1.364451391643598743e+00 -1.554885646705599367e+00
-3.055918473098865107e+00 -3.168644339805669841e+00 1.498618591290783231e+00 -3.104184066980136603e+00 -1.364739329592981054e+00 -1.555137220093439465e+00
-3.055822719739465843e+00 -3.168339576373590205e+00 1.489329195136530171e+00 -3.104095698595401576e+00 -1.365048046967665574e+00 -1.555409169408672687e+00
-3.055716830558763419e+00 -3.168010468051656314e+00 1.479572938856100306e+00 -3.104000739408317777e+00 -1.365377049131043075e+00 -1.555701403555374007e+00
-3.055600217154184062e+00 -3.167657013069730354e+00 1.469380448557263463e+00 -3.103899224043891625e+00 -1.365725841693227194e+00 -1.556013831313588724e+00
-3.055472264702914220e+00 -3.167279236345042825e+00 1.458781433601713307e+00 -3.103791187864565870e+00 -1.366093930573568649e+00 -1.556346361338025286e+00
-3.055332335021850643e+00 -3.166877189688928063e+00 1.447804697287722542e+00 -3.103676666902011494e+00 -1.366480822062906331e+00 -1.556698902156780306e+00
-3.055179769601672923e+00 -3.166450951931533808e+00 1.436478147970128738e+00 -3.103555697789503132e+00 -1.366886022885568819e+00 -1.557071362170094453e+00
-3.055013892603921200e+00 -3.166000628954598550e+00 1.424828810587142058e+00 -3.103428317694904681e+00 -1.367309040261130759e+00 -1.557463649649140969e+00
-3.054834013810254323e+00 -3.165526353624552147e+00 1.412882838564427201e+00 -3.103294564254271748e+00 -1.367749381965939426e+00 -1.557875672734846395e+00
-3.054639431513438197e+00 -3.165028285620198556e+00 1.400665526067867095e+00 -3.103154475506106458e+00 -1.368206556394419016e+00 -1.558307339436741934e+00
-3.054429435340011434e+00 -3.164506611151185922e+00 1.388201320577344688e+00 -3.103008089826268634e+00 -1.368680072620162447e+00 -1.558758557631847896e+00
-3.054203308995088406e+00 -3.163961542565250529e+00 1.375513835754801573e+00 -3.102855445863569539e+00 -1.369169440456817766e+00 -1.559229235063589680e+00
-3.053960332920301113e+00 -3.163393317843897545e+00 1.362625864580728541e+00 -3.102696582476067277e+00 -1.369674170518782708e+00 -1.559719279340744613e+00
-3.053699786856489240e+00 -3.162802199987718055e+00 1.349559392734130725e+00 -3.102531538668074518e+00 -1.370193774281710741e+00 -1.560228597936422323e+00
-3.053420952303450786e+00 -3.162188476293936290e+00 1.336335612191875022e+00 -3.102360353527903403e+00 -1.370727764142840366e+00 -1.560757098187075309e+00
-3.053123114869756183e+00 -3.161552457530030669e+00 1.322974935024182619e+00 -3.102183066166364522e+00 -1.371275653481154100e+00 -1.561304687291541482e+00
-3.052805566506429091e+00 -3.160894477008397985e+00 1.309497007363858101e+00 -3.101999715656028389e+00 -1.371836956717375822e+00 -1.561871272310119574e+00
-3.052467607619087975e+00 -3.160214889567977359e+00 1.295920723527669072e+00 -3.101810340971278279e+00 -1.372411189373812901e+00 -1.562456760163674518e+00
-3.052108549053979658e+00 -3.159514070469606306e+00 1.282264240269092248e+00 -3.101614980929162879e+00 -1.372997868134051336e+00 -1.563061057632775919e+00
-3.051727713954188737e+00 -3.158792414212532762e+00 1.268544991142422029e+00 -3.101413674131066944e+00 -1.373596510902508339e+00 -1.563684071356866268e+00
-3.051324439483160234e+00 -3.158050333280102429e+00 1.254779700959012922e+00 -3.101206458905216401e+00 -1.374206636863853248e+00 -1.564325707833463142e+00
-3.050898078413534442e+00 -3.157288256823029826e+00 1.240984400317176162e+00 -3.100993373250034324e+00 -1.374827766542297214e+00 -1.564985873417390039e+00
-3.050448000580129548e+00 -3.156506629288982957e+00 1.227174440187987825e+00 -3.100774454778358447e+00 -1.375459421860762532e+00 -1.565664474320040966e+00
-3.049973594196748738e+00 -3.155705909007386900e+00 1.213364506539990506e+00 -3.100549740662545073e+00 -1.376101126199934521e+00 -1.566361416608675228e+00
-3.049474267037266095e+00 -3.154886566738434706e+00 1.199568634986472260e+00 -3.100319267580462501e+00 -1.376752404457203038e+00 -1.567076606205742628e+00
-3.048949447482227182e+00 -3.154049084195254427e+00 1.185800225439697542e+00 -3.100083071662395273e+00 -1.377412783105494976e+00 -1.567809948888242211e+00
-3.048398585432916530e+00 -3.153193952548083878e+00 1.172072056757142766e+00 -3.099841188438875239e+00 -1.378081790252007055e+00 -1.568561350287109635e+00
-3.047821153095513935e+00 -3.152321670919079555e+00 1.158396301365443248e+00 -3.099593652789447873e+00 -1.378758955696840038e+00 -1.569330715886636973e+00
-3.047216645638602728e+00 -3.151432744876134784e+00 1.144784539848407112e+00 -3.099340498892390272e+00 -1.379443810991539010e+00 -1.570117951023923153e+00
-3.046584581727843410e+00 -3.150527684933730477e+00 1.131247775486081020e+00 -3.099081760175394606e+00 -1.380135889497542845e+00 -1.570922960888355036e+00
-3.045924503942154526e+00 -3.149607005068438603e+00 1.117796448732464532e+00 -3.098817469267231228e+00 -1.380834726444549521e+00 -1.571745650521119586e+00
-3.045235979076192923e+00 -3.148671221256278852e+00 1.104440451620072983e+00 -3.098547657950400769e+00 -1.381539858988795499e+00 -1.572585924814746461e+00
-3.044518598334313264e+00 -3.147720850038626672e+00 1.091189142080134067e+00 -3.098272357114792097e+00 -1.382250826271256061e+00 -1.573443688512681460e+00
-3.043771977421522390e+00 -3.146756407122871302e+00 1.078051358167773532e+00 -3.097991596712353690e+00 -1.382967169475764591e+00 -1.574318846208889733e+00
-3.042995756537223873e+00 -3.145778406023488571e+00 1.065035432182104502e+00 -3.097705405712797511e+00 -1.383688431887057924e+00 -1.575211302347490738e+00
-3.042189600277747985e+00 -3.144787356748649287e+00 1.052149204671676053e+00 -3.097413812060338056e+00 -1.384414158948745310e+00 -1.576120961222421846e+00
-3.041353197453835033e+00 -3.143783764536919545e+00 1.039400038316266928e+00 -3.097116842631486566e+00 -1.385143898321205880e+00 -1.577047726977133468e+00
-3.040486260829328824e+00 -3.142768128648072423e+00 1.026794831676527853e+00 -3.096814523193907043e+00 -1.385877199939413051e+00 -1.577991503604313506e+00
-3.039588526787400991e+00 -3.141740941211460303e+00 1.014340032803471958e+00 -3.096506878366345639e+00 -1.386613616070687671e+00 -1.578952194945641763e+00
-3.038659754930614021e+00 -3.140702686134864141e+00 1.002041652700306651e+00 -3.096193931579645398e+00 -1.387352701372379427e+00 -1.579929704691574566e+00
-3.037699727621104628e+00 -3.139653838076220449e+00 9.899052786295727824e-01 -3.095875705038854342e+00 -1.388094012949478762e+00 -1.580923936381158690e+00
-3.036708249467066967e+00 -3.138594861480088927e+00 9.779360872590169285e-01 -3.095552219686440232e+00 -1.388837110412157294e+00 -1.581934793401874817e+00
-3.035685146761608166e+00 -3.137526209680271627e+00 9.661388576400725681e-01 -3.095223495166620875e+00 -1.389581555933239621e+00 -1.582962178989510749e+00
-3.034630266879885685e+00 -3.136448324069502025e+00 9.545179840132602678e-01 -3.094889549790815764e+00 -1.390326914305598516e+00 -1.584005996228063928e+00
-3.033543477640242791e+00 -3.135361633336702702e+00 9.430774884352394194e-01 -3.094550400504234133e+00 -1.391072752999481521e+00 -1.585066148049672607e+00
-3.032424666634863986e+00 -3.134266552771895142e+00 9.318210332226519732e-01 -3.094206062853606110e+00 -1.391818642219761593e+00 -1.586142537234576544e+00
-3.031273740535220806e+00 -3.133163483638471636e+00 9.207519332082978458e-01 -3.093856550956063600e+00 -1.392564154963112699e+00 -1.587235066411106121e+00
-3.030090624377334230e+00 -3.132052812612179160e+00 9.098731678055621552e-01 -3.093501877469182038e+00 -1.393308867075105040e+00 -1.588343638055701224e+00
-3.028875260831614291e+00 -3.130934911285865319e+00 8.991873928773893576e-01 -3.093142053562188742e+00 -1.394052357307222545e+00 -1.589468154492956753e+00
-3.027627609461749802e+00 -3.129810135738729571e+00 8.886969524064570747e-01 -3.092777088888350789e+00 -1.394794207373798001e+00 -1.590608517895698570e+00
-3.026347645976850131e+00 -3.128678826168583171e+00 8.784038899635490116e-01 -3.092406991558541929e+00 -1.395534002008860464e+00 -1.591764630285086524e+00
-3.025035361480725715e+00 -3.127541306585381431e+00 8.683099599714635408e-01 -3.092031768116002777e+00 -1.396271329022895857e+00 -1.592936393530745676e+00
-3.023690761721928855e+00 -3.126397884564103613e+00 8.584166387621162686e-01 -3.091651423512299157e+00 -1.397005779359514532e+00 -1.594123709350925733e+00
-3.022313866347852152e+00 -3.125248851054878596e+00 8.487251354248078750e-01 -3.091265961084481262e+00 -1.397736947152022013e+00 -1.595326479312688450e+00
-3.020904708165915498e+00 -3.124094480248117645e+00 8.392364024439282755e-01 -3.090875382533459170e+00 -1.398464429779893159e+00 -1.596544604832121461e+00
-3.019463332414569656e+00 -3.122935029492295289e+00 8.299511461246577015e-01 -3.090479687903588069e+00 -1.399187827925139294e+00 -1.597777987174580971e+00
-3.017989796046571804e+00 -3.121770739261922500e+00 8.208698368055028505e-01 -3.090078875563484484e+00 -1.399906745628568983e+00 -1.599026527454960878e+00
-3.016484167026712182e+00 -3.120601833173193729e+00 8.119927188567737097e-01 -3.089672942188061544e+00 -1.400620790345933342e+00 -1.600290126637988308e+00
-3.014946523645908982e+00 -3.119428518044733423e+00 8.033198204643631213e-01 -3.089261882741805021e+00 -1.401329573003956774e+00 -1.601568685538547587e+00
-3.013376953853337703e+00 -3.118250984000834336e+00 7.948509631984365109e-01 -3.088845690463282612e+00 -1.402032708056241361e+00 -1.602862104822029066e+00
-3.011775554608016048e+00 -3.117069404614575934e+00 7.865857713668744644e-01 -3.088424356850898445e+00 -1.402729813539040027e+00 -1.604170285004705931e+00
-3.010142431251040751e+00 -3.115883937088207656e+00 7.785236811535372059e-01 -3.087997871649892812e+00 -1.403420511126897807e+00 -1.605493126454135888e+00
-3.008477696899453324e+00 -3.114694722468198673e+00 7.706639495416337526e-01 -3.087566222840592900e+00 -1.404104426188149013e+00 -1.606830529389589923e+00
-3.006781471862509214e+00 -3.113501885892392185e+00 7.630056630226856873e-01 -3.087129396627920297e+00 -1.404781187840270729e+00 -1.608182393882506389e+00
-3.005053883080938792e+00 -3.112305536866736499e+00 7.555477460917702226e-01 -3.086687377432152601e+00 -1.405450429005077773e+00 -1.609548619856970397e+00
-3.003295063589605629e+00 -3.111105769569129098e+00 7.482889695299146382e-01 -3.086240147880948026e+00 -1.406111786463760005e+00 -1.610929107090219414e+00
-3.001505152003811627e+00 -3.109902663177952054e+00 7.412279584746909178e-01 -3.085787688802633433e+00 -1.406764900911749994e+00 -1.612323755213173504e+00
-2.999684292029345389e+00 -3.108696282222969121e+00 7.343632002802296110e-01 -3.085329979220758467e+00 -1.407409417013417263e+00 -1.613732463710989995e+00
-2.997832631996238284e+00 -3.107486676956305871e+00 7.276930521680295971e-01 -3.084866996349914903e+00 -1.408044983456577359e+00 -1.615155131923644127e+00
-2.995950324416060351e+00 -3.106273883741331066e+00 7.212157486700931930e-01 -3.084398715592828744e+00 -1.408671253006813284e+00 -1.616591659046533014e+00
-2.994037525562493141e+00 -3.105057925457336054e+00 7.149294088660600455e-01 -3.083925110538723313e+00 -1.409287882561596206e+00 -1.618041944131104026e+00
-2.992094395074801128e+00 -3.103838811917985385e+00 7.088320434161454742e-01 -3.083446152962951547e+00 -1.409894533204199440e+00 -1.619505886085508273e+00
-2.990121095583747834e+00 -3.102616540301622372e+00 7.029215613918190497e-01 -3.082961812827903714e+00 -1.410490870257399054e+00 -1.620983383675276279e+00
-2.988117792359424207e+00 -3.101391095591580438e+00 6.971957769062772092e-01 -3.082472058285189220e+00 -1.411076563336952416e+00 -1.622474335524017652e+00
-2.986084652980387055e+00 -3.100162451024759847e+00 6.916524155468759538e-01 -3.081976855679087635e+00 -1.411651286404841832e+00 -1.623978640114145167e+00
-2.984021847023456964e+00 -3.098930568546812037e+00 6.862891206117943677e-01 -3.081476169551278677e+00 -1.412214717822279031e+00 -1.625496195787619946e+00
-2.981929545773472690e+00 -3.097695399272366146e+00 6.811034591532991733e-01 -3.080969962646840976e+00 -1.412766540402458748e+00 -1.627026900746720406e+00
-2.979807921952263960e+00 -3.096456883948824235e+00 6.760929278300690237e-01 -3.080458195921524478e+00 -1.413306441463057395e+00 -1.628570653054834283e+00
-2.977657149466078401e+00 -3.095214953422336546e+00 6.712549585711240496e-01 -3.079940828550292053e+00 -1.413834112878455063e+00 -1.630127350637271544e+00
-2.975477403170665891e+00 -3.093969529104663163e+00 6.665869240539831209e-01 -3.079417817937132984e+00 -1.414349251131685747e+00 -1.631696891282099715e+00
-2.973268858653227653e+00 -3.092720523439699498e+00 6.620861429997434433e-01 -3.078889119725504830e+00 -1.414851557355668810e+00 -1.633279172641001420e+00
-2.971031692030405402e+00 -3.091467840368541165e+00 6.577498852878430613e-01 -3.078354687810613388e+00 -1.415340737384599201e+00 -1.634874092230152565e+00
-2.968766079761499199e+00 -3.090211375792033976e+00 6.535753768933272312e-01 -3.077814474352956076e+00 -1.415816501805034155e+00 -1.636481547431122063e+00
-2.966472198476103994e+00 -3.088951018029832074e+00 6.495598046494942546e-01 -3.077268429793120763e+00 -1.416278566006666795e+00 -1.638101435491792213e+00
-2.964150224815350398e+00 -3.087686648275068890e+00 6.457003208388450988e-01 -3.076716502867842706e+00 -1.416726650232773554e+00 -1.639733653527299273e+00
-2.961800335285961872e+00 -3.086418141043811403e+00 6.419940476153059850e-01 -3.076158640627314700e+00 -1.417160479630324321e+00 -1.641378098520995144e+00
-2.959422706126337399e+00 -3.085145364618538721e+00 6.384380812607310940e-01 -3.075594788453742900e+00 -1.417579784299747958e+00 -1.643034667325428133e+00
-2.957017513183910928e+00 -3.083868181484948678e+00 6.350294962787277342e-01 -3.075024890081150097e+00 -1.417984299344342114e+00 -1.644703256663343494e+00
-2.954584931803028169e+00 -3.082586448761470699e+00 6.317653493288757360e-01 -3.074448887616417547e+00 -1.418373764919318880e+00 -1.646383763128703492e+00
-2.952125136722635546e+00 -3.081300018620901859e+00 6.286426830044365976e-01 -3.073866721561562265e+00 -1.418747926280466976e+00 -1.648076083187726804e+00
-2.949638301983079636e+00 -3.080008738703665649e+00 6.256585294566714417e-01 -3.073278330837244443e+00 -1.419106533832426242e+00 -1.649780113179945884e+00
-2.947124600841352304e+00 -3.078712452522224030e+00 6.228099138689007219e-01 -3.072683652807499666e+00 -1.419449343176560241e+00 -1.651495749319283002e+00
-2.944584205694142032e+00 -3.077410999856237783e+00 6.200938577834524956e-01 -3.072082623305688820e+00 -1.419776115158423391e+00 -1.653222887695144694e+00
-2.942017288008080822e+00 -3.076104217138117214e+00 6.175073822846564031e-01 -3.071475176661664808e+00 -1.420086615914804451e+00 -1.654961424273533543e+00
-2.939424018256603155e+00 -3.074791937828643462e+00 6.150475110410429380e-01 -3.070861245730139188e+00 -1.420380616920333683e+00 -1.656711254898177721e+00
-2.936804565862875638e+00 -3.073473992782396635e+00 6.127112732099123660e-01 -3.070240761920253636e+00 -1.420657895033648810e+00 -1.658472275291676956e+00
-2.934159099148264893e+00 -3.072150210602752285e+00 6.104957062074343188e-01 -3.069613655226341997e+00 -1.420918232543103787e+00 -1.660244381056666496e+00
-2.931487785285864955e+00 -3.070820417986257045e+00 6.083978583474356494e-01 -3.068979854259875850e+00 -1.421161417212008393e+00 -1.662027467676995496e+00
-2.928790790258618770e+00 -3.069484440056228447e+00 6.064147913520258060e-01 -3.068339286282588674e+00 -1.421387242323393751e+00 -1.663821430518924060e+00
-2.926068278821607027e+00 -3.068142100685451457e+00 6.045435827371987703e-01 -3.067691877240770193e+00 -1.421595506724284474e+00 -1.665626164832333389e+00
-2.923320414468104200e+00 -3.066793222807882024e+00 6.027813280765380588e-01 -3.067037551800717132e+00 -1.421786014869469872e+00 -1.667441565751953458e+00
-2.920547359399029652e+00 -3.065437628719294594e+00 6.011251431461339667e-01 -3.066376233385339933e+00 -1.421958576864758905e+00 -1.669267528298604031e+00
-2.917749274495453182e+00 -3.064075140366839811e+00 5.995721659538060244e-01 -3.065707844211909006e+00 -1.422113008509717558e+00 -1.671103947380451649e+00
-2.914926319293835277e+00 -3.062705579627499120e+00 5.981195586557015442e-01 -3.065032305330936957e+00 -1.422249131339867967e+00 -1.672950717794279729e+00
-2.912078651963717402e+00 -3.061328768575453108e+00 5.967645093633187070e-01 -3.064349536666181262e+00 -1.422366772668343327e+00 -1.674807734226773981e+00
-2.909206429287595430e+00 -3.059944529738399144e+00 5.955042338439786587e-01 -3.063659457055762925e+00 -1.422465765626983680e+00 -1.676674891255820032e+00
-2.906309806642734195e+00 -3.058552686342874694e+00 5.943359771177427753e-01 -3.062961984294386042e+00 -1.422545949206862392e+00 -1.678552083351814828e+00
-2.903388937984711315e+00 -3.057153062548664035e+00 5.932570149537441662e-01 -3.062257035176652487e+00 -1.422607168298232860e+00 -1.680439204878990900e+00
-2.900443975832493138e+00 -3.055745483672374974e+00 5.922646552688708432e-01 -3.061544525541451733e+00 -1.422649273729879926e+00 -1.682336150096753302e+00
-2.897475071254864698e+00 -3.054329776400304564e+00 5.913562394317070092e-01 -3.060824370317427601e+00 -1.422672122307870657e+00 -1.684242813161027863e+00
-2.894482373858066282e+00 -3.052905768990709756e+00 5.905291434746047230e-01 -3.060096483569497483e+00 -1.422675576853691171e+00 -1.686159088125621652e+00
-2.891466031774498013e+00 -3.051473291465626847e+00 5.897807792167228946e-01 -3.059360778546420523e+00 -1.422659506241754190e+00 -1.688084868943594552e+00
-2.888426191652369468e+00 -3.050032175792386280e+00 5.891085953008358134e-01 -3.058617167729397845e+00 -1.422623785436275767e+00 -1.690020049468642149e+00
-2.885362998646197497e+00 -3.048582256054988449e+00 5.885100781466742204e-01 -3.057865562881694643e+00 -1.422568295527501636e+00 -1.691964523456487957e+00
-2.882276596408066993e+00 -3.047123368615507921e+00 5.879827528235243017e-01 -3.057105875099272119e+00 -1.422492923767276318e+00 -1.693918184566286955e+00
-2.879167127079567567e+00 -3.045655352265714377e+00 5.875241838447698983e-01 -3.056338014862408414e+00 -1.422397563603944315e+00 -1.695880926362038466e+00
-2.876034731284364376e+00 -3.044178048369096778e+00 5.871319758870227057e-01 -3.055561892088308973e+00 -1.422282114716570955e+00 -1.697852642314007676e+00
-2.872879548121336057e+00 -3.042691300993488834e+00 5.868037744364447139e-01 -3.054777416183711569e+00 -1.422146483040903187e+00 -1.699833225800156500e+00
-2.869701715158253563e+00 -3.041194957034501822e+00 5.865372663648223961e-01 -3.053984496099356072e+00 -1.421990580802233950e+00 -1.701822570107583310e+00
-2.866501368425964813e+00 -3.039688866329977479e+00 5.863301804379119631e-01 -3.053183040385395230e+00 -1.421814326547558238e+00 -1.703820568433970006e+00
-2.863278642413063846e+00 -3.038172881765673683e+00 5.861802877585294835e-01 -3.052372957247726504e+00 -1.421617645177013500e+00 -1.705827113889036628e+00
-2.860033670061037370e+00 -3.036646859372406304e+00 5.860854021468164810e-01 -3.051554154605235603e+00 -1.421400467974585968e+00 -1.707842099496003740e+00
-2.856766582759876716e+00 -3.035110658414872820e+00 5.860433804600659879e-01 -3.050726540147933985e+00 -1.421162732638084902e+00 -1.709865418193061037e+00
-2.853477510344156975e+00 -3.033564141472381959e+00 5.860521228544506300e-01 -3.049890021395971207e+00 -1.420904383308366548e+00 -1.711896962834843050e+00
-2.850166581089590867e+00 -3.032007174511728298e+00 5.861095729909460150e-01 -3.049044505759514134e+00 -1.420625370597796033e+00 -1.713936626193909296e+00
-2.846833921710063109e+00 -3.030439626952433851e+00 5.862137181877004055e-01 -3.048189900599469038e+00 -1.420325651617945217e+00 -1.715984300962231535e+00
-2.843479657355159951e+00 -3.028861371724602236e+00 5.863625895210524686e-01 -3.047326113289036797e+00 -1.420005190006513152e+00 -1.718039879752685239e+00
-2.840103911608211629e+00 -3.027272285319614120e+00 5.865542618773553762e-01 -3.046453051276078128e+00 -1.419663955953459178e+00 -1.720103255100544848e+00
-2.836706806484863286e+00 -3.025672247833904649e+00 5.867868539577162368e-01 -3.045570622146277717e+00 -1.419301926226347765e+00 -1.722174319464985004e+00
-2.833288462432194788e+00 -3.024061143006056440e+00 5.870585282377167591e-01 -3.044678733687089078e+00 -1.418919084194883773e+00 -1.724252965230584023e+00
-2.829848998328415188e+00 -3.022438858247446625e+00 5.873674908841325371e-01 -3.043777293952437901e+00 -1.418515419854641912e+00 -1.726339084708830462e+00
-2.826388531483146505e+00 -3.020805284666684187e+00 5.877119916306211556e-01 -3.042866211328171033e+00 -1.418090929849969317e+00 -1.728432570139634139e+00
-2.822907177638329657e+00 -3.019160317088071643e+00 5.880903236143063539e-01 -3.041945394598233765e+00 -1.417645617496062105e+00 -1.730533313692837138e+00
-2.819405050969762350e+00 -3.017503854064324642e+00 5.885008231751350793e-01 -3.041014753011551885e+00 -1.417179492800208385e+00 -1.732641207469728606e+00
-2.815882264089305309e+00 -3.015835797883781755e+00 5.889418696198418512e-01 -3.040074196349608293e+00 -1.416692572482187495e+00 -1.734756143504559756e+00
-2.812338928047762643e+00 -3.014156054572333154e+00 5.894118849523063419e-01 -3.039123634994686185e+00 -1.416184879993815038e+00 -1.736878013766060436e+00
-2.808775152338471415e+00 -3.012464533890300444e+00 5.899093335720457798e-01 -3.038162979998767277e+00 -1.415656445537632813e+00 -1.739006710158955915e+00
-2.805191044901607533e+00 -3.010761149324484798e+00 5.904327219425387074e-01 -3.037192143150979184e+00 -1.415107306072451498e+00 -1.741142124525483226e+00
-2.801586712129232382e+00 -3.009045818075612555e+00 5.909805982310304406e-01 -3.036211037047638506e+00 -1.414537505330346612e+00 -1.743284148646908172e+00
-2.797962258871091734e+00 -3.007318461041396773e+00 5.915515519214262774e-01 -3.035219575161201888e+00 -1.413947093823070933e+00 -1.745432674245039895e+00
-2.794317788441181616e+00 -3.005579002795425669e+00 5.921442134018350956e-01 -3.034217671911398462e+00 -1.413336128857331619e+00 -1.747587592983745441e+00
-2.790653402625093094e+00 -3.003827371562097337e+00 5.927572535282801258e-01 -3.033205242736924934e+00 -1.412704674549185135e+00 -1.749748796470460777e+00
-2.786969201688143993e+00 -3.002063499187803686e+00 5.933893831660517204e-01 -3.032182204167669148e+00 -1.412052801837541560e+00 -1.751916176257701352e+00
-2.783265284384306426e+00 -3.000287321108574989e+00 5.940393527101335280e-01 -3.031148473897454121e+00 -1.411380588496772948e+00 -1.754089623844568013e+00
-2.779541747965931453e+00 -2.998498776314380443e+00 5.947059515860904089e-01 -3.030103970857275009e+00 -1.410688119148421737e+00 -1.756269030678250465e+00
-2.775798688194275776e+00 -2.996697807310284123e+00 5.953880077327647902e-01 -3.029048615289011703e+00 -1.409975485272007445e+00 -1.758454288155526957e+00
-2.772036199350829566e+00 -2.994884360074651752e+00 5.960843870680866408e-01 -3.027982328816249069e+00 -1.409242785197308834e+00 -1.760645287624258870e+00
-2.768254374249442318e+00 -2.993058384014594342e+00 5.967939929392619414e-01 -3.026905034512771486e+00 -1.408490124082405037e+00 -1.762841920384881078e+00
-2.764453304249242294e+00 -2.991219831918829897e+00 5.975157655585618954e-01 -3.025816656977167174e+00 -1.407717613921922739e+00 -1.765044077691887203e+00
-2.760633079268339785e+00 -2.989368659908152370e+00 5.982486814258961560e-01 -3.024717122407822423e+00 -1.406925373554382963e+00 -1.767251650755307990e+00
-2.756793787798310635e+00 -2.987504827383673955e+00 5.989917527393143759e-01 -3.023606358678291528e+00 -1.406113528668632817e+00 -1.769464530742184571e+00
-2.752935516919440939e+00 -2.985628296973013907e+00 5.997440267945453041e-01 -3.022484295406439703e+00 -1.405282211776713641e+00 -1.771682608778034185e+00
-2.749058352316721798e+00 -2.983739034474602647e+00 6.005045853746371343e-01 -3.021350864030214911e+00 -1.404431562218605656e+00 -1.773905775948308561e+00
-2.745162378296578165e+00 -2.981837008800260591e+00 6.012725441307449348e-01 -3.020205997871975079e+00 -1.403561726108972785e+00 -1.776133923299845652e+00
-2.741247677804315774e+00 -2.979922191916207552e+00 6.020470519550423782e-01 -3.019049632214365175e+00 -1.402672856340289043e+00 -1.778366941842310922e+00
-2.737314332442260412e+00 -2.977994558782655066e+00 6.028272903467355448e-01 -3.017881704361451867e+00 -1.401765112513771339e+00 -1.780604722549632202e+00
-2.733362422488570864e+00 -2.976054087292130390e+00 6.036124727721076111e-01 -3.016702153695576705e+00 -1.400838660852082862e+00 -1.782847156361423879e+00
-2.729392026916706016e+00 -2.974100758206671191e+00 6.044018440196183839e-01 -3.015510921641751274e+00 -1.399893673685479012e+00 -1.785094134184401549e+00
-2.725403223415683751e+00 -2.972134555094152919e+00 6.051946795517615385e-01 -3.014307951508345074e+00 -1.398930328395547651e+00 -1.787345546893793102e+00
-2.721396088459768769e+00 -2.970155464343301688e+00 6.059902848721688828e-01 -3.013093186265922263e+00 -1.397948796990624354e+00 -1.789601285334902592e+00
-2.717370697323800766e+00 -2.968163475094877324e+00 6.067879948898639020e-01 -3.011866567861599453e+00 -1.396949243147200592e+00 -1.791861240325034910e+00
-2.713327124104996990e+00 -2.966158579175807386e+00 6.075871732830302463e-01 -3.010628036844633648e+00 -1.395931820835966120e+00 -1.794125302655430909e+00
-2.709265441745288605e+00 -2.964140771032731880e+00 6.083872118627785541e-01 -3.009377532098252761e+00 -1.394896673490476857e+00 -1.796393363093210960e+00
-2.705185722054016306e+00 -2.962110047664965773e+00 6.091875299366521501e-01 -3.008114990768335772e+00 -1.393843934079891156e+00 -1.798665312383324721e+00
-2.701088035731125103e+00 -2.960066408557098683e+00 6.099875736725309805e-01 -3.006840348192401979e+00 -1.392773725182605782e+00 -1.800941041250506469e+00
-2.696972452390820063e+00 -2.958009855611333450e+00 6.107868154635662794e-01 -3.005553537828951960e+00 -1.391686159060759209e+00 -1.803220440401236635e+00
-2.692839040585663035e+00 -2.955940393079660833e+00 6.115847532947477072e-01 -3.004254491184168430e+00 -1.390581337722868627e+00 -1.805503400525710900e+00
-2.688687867831064615e+00 -2.953858027495968486e+00 6.123809101116770570e-01 -3.002943137743649515e+00 -1.389459353007260090e+00 -1.807789812299818388e+00
-2.684519000630152252e+00 -2.951762767608163252e+00 6.131748331920949813e-01 -3.001619404902943433e+00 -1.388320286659174840e+00 -1.810079566387128081e+00
-2.680332504498974089e+00 -2.949654624310403594e+00 6.139660935206809889e-01 -3.000283217898563670e+00 -1.387164210408718734e+00 -1.812372553440885659e+00
-2.676128443992003891e+00 -2.947533610575513219e+00 6.147542851676213171e-01 -2.998934499737827331e+00 -1.385991186042759615e+00 -1.814668664106022122e+00
-2.671906882727924426e+00 -2.945399741387658032e+00 6.155390246714117497e-01 -2.997573171130867298e+00 -1.384801265484542965e+00 -1.816967789021172619e+00
-2.667667883415642205e+00 -2.943253033675361507e+00 6.163199504263412454e-01 -2.996199150423229707e+00 -1.383594490874103800e+00 -1.819269818820709039e+00
-2.663411507880511397e+00 -2.941093506244920608e+00 6.170967220750739335e-01 -2.994812353529073157e+00 -1.382370894649467497e+00 -1.821574644136786159e+00
-2.659137817090730938e+00 -2.938921179714292897e+00 6.178690199067270461e-01 -2.993412693865011853e+00 -1.381130499628624664e+00 -1.823882155601401545e+00
-2.654846871183877077e+00 -2.936736076447520105e+00 6.186365442608173781e-01 -2.992000082284629325e+00 -1.379873319092266293e+00 -1.826192243848471453e+00
-2.650538729493547851e+00 -2.934538220489737448e+00 6.193990149374285492e-01 -2.990574427013692027e+00 -1.378599356867261871e+00 -1.828504799515922041e+00
-2.646213450576079040e+00 -2.932327637502830431e+00 6.201561706139272490e-01 -2.989135633586093910e+00 -1.377308607410876462e+00 -1.830819713247799019e+00
-2.641871092237307650e+00 -2.930104354701791536e+00 6.209077682685388844e-01 -2.987683604780563495e+00 -1.376001055895693881e+00 -1.833136875696393497e+00
-2.637511711559344718e+00 -2.927868400791818093e+00 6.216535826110701768e-01 -2.986218240558182746e+00 -1.374676678295346566e+00 -1.835456177524387833e+00
-2.633135364927334354e+00 -2.925619805906205517e+00 6.223934055210473826e-01 -2.984739438000700407e+00 -1.373335441470826979e+00 -1.837777509407020782e+00
-2.628742108056159044e+00 -2.923358601545072322e+00 6.231270454935212699e-01 -2.983247091249688676e+00 -1.371977303257458258e+00 -1.840100762034273973e+00
-2.624331996017077895e+00 -2.921084820514953773e+00 6.238543270927677797e-01 -2.981741091446569403e+00 -1.370602212552516797e+00 -1.842425826113078369e+00
-2.619905083264251644e+00 -2.918798496869309478e+00 6.245750904141006421e-01 -2.980221326673546667e+00 -1.369210109403488529e+00 -1.844752592369544475e+00
-2.615461423661141538e+00 -2.916499665849969336e+00 6.252891905539889050e-01 -2.978687681895460848e+00 -1.367800925096946507e+00 -1.847080951551215655e+00
-2.611001070506745236e+00 -2.914188363829549822e+00 6.259964970886621183e-01 -2.977140038902597041e+00 -1.366374582248023328e+00 -1.849410794429344973e+00
-2.606524076561654635e+00 -2.911864628254875242e+00 6.266968935613645986e-01 -2.975578276254472243e+00 -1.364930994890457105e+00 -1.851742011801197796e+00
-2.602030494073896527e+00 -2.909528497591421736e+00 6.273902769784061029e-01 -2.974002269224620854e+00 -1.363470068567195215e+00 -1.854074494492380598e+00
-2.597520374804549448e+00 -2.907180011268807540e+00 6.280765573141441349e-01 -2.972411889746411351e+00 -1.361991700421543605e+00 -1.856408133359196411e+00
-2.592993770053097613e+00 -2.904819209627356180e+00 6.287556570250126819e-01 -2.970807006359913238e+00 -1.360495779288837470e+00 -1.858742819291027581e+00
-2.588450730682510414e+00 -2.902446133865745459e+00 6.294275105727034081e-01 -2.969187484159838242e+00 -1.358982185788607744e+00 -1.861078443212748734e+00
-2.583891307144027483e+00 -2.900060825989757785e+00 6.300920639565882331e-01 -2.967553184744578409e+00 -1.357450792417230545e+00 -1.863414896087168371e+00
-2.579315549501617788e+00 -2.897663328762150048e+00 6.307492742554635656e-01 -2.965903966166367756e+00 -1.355901463641043581e+00 -1.865752068917502005e+00
-2.574723507456111449e+00 -2.895253685653650599e+00 6.313991091786816945e-01 -2.964239682882579441e+00 -1.354334055989889540e+00 -1.868089852749875934e+00
-2.570115230368968717e+00 -2.892831940795095313e+00 6.320415466267196303e-01 -2.962560185708190019e+00 -1.352748418151078713e+00 -1.870428138675864549e+00
-2.565490767285686147e+00 -2.890398138930711625e+00 6.326765742612291410e-01 -2.960865321769423186e+00 -1.351144391063749728e+00 -1.872766817835060493e+00
-2.560850166958810181e+00 -2.887952325372552309e+00 6.333041890845997335e-01 -2.959154934458599673e+00 -1.349521808013602220e+00 -1.875105781417679696e+00
-2.556193477870554620e+00 -2.885494545956087897e+00 6.339243970290537877e-01 -2.957428863390207496e+00 -1.347880494727976775e+00 -1.877444920667201922e+00
-2.551520748255001081e+00 -2.883024846996961266e+00 6.345372125552848352e-01 -2.955686944358212109e+00 -1.346220269471264830e+00 -1.879784126883047524e+00
-2.546832026119873582e+00 -2.880543275248897306e+00 6.351426582606385374e-01 -2.953929009294628205e+00 -1.344540943140619005e+00 -1.882123291423291267e+00
-2.542127359267878361e+00 -2.878049877862779216e+00 6.357407644968289251e-01 -2.952154886229369612e+00 -1.342842319361956305e+00 -1.884462305707415242e+00
-2.537406795317590280e+00 -2.875544702346877646e+00 6.363315689971715816e-01 -2.950364399251387493e+00 -1.341124194586206020e+00 -1.886801061219100406e+00
-2.532670381723888031e+00 -2.873027796528238920e+00 6.369151165133087877e-01 -2.948557368471122597e+00 -1.339386358185792547e+00 -1.889139449509058988e+00
-2.527918165797917283e+00 -2.870499208515221223e+00 6.374914584613918800e-01 -2.946733609984277358e+00 -1.337628592551321161e+00 -1.891477362197907297e+00
-2.523150194726588857e+00 -2.867958986661177434e+00 6.380606525776817417e-01 -2.944892935836932235e+00 -1.335850673188450299e+00 -1.893814690979081616e+00
-2.518366515591588861e+00 -2.865407179529272153e+00 6.386227625835152466e-01 -2.943035153992012987e+00 -1.334052368814926393e+00 -1.896151327621796945e+00
-2.513567175387913188e+00 -2.862843835858430719e+00 6.391778578595854743e-01 -2.941160068297126617e+00 -1.332233441457736811e+00 -1.898487163974050151e+00
-2.508752221041906871e+00 -2.860269004530406445e+00 6.397260131294719709e-01 -2.939267478453772231e+00 -1.330393646550368292e+00 -1.900822091965668204e+00
-2.503921699428812264e+00 -2.857682734537956293e+00 6.402673081523526655e-01 -2.937357179987944988e+00 -1.328532733030143964e+00 -1.903156003611402580e+00
-2.499075657389825622e+00 -2.855085074954116564e+00 6.408018274248271640e-01 -2.935428964222148718e+00 -1.326650443435625881e+00 -1.905488791014071204e+00
-2.494214141748652303e+00 -2.852476074902561720e+00 6.413296598917682667e-01 -2.933482618248818508e+00 -1.324746514004035092e+00 -1.907820346367747888e+00
-2.489337199327565919e+00 -2.849855783529035680e+00 6.418508986661184412e-01 -2.931517924905165717e+00 -1.322820674768670157e+00 -1.910150561961001969e+00
-2.484444876962971449e+00 -2.847224249973843158e+00 6.423656407575442095e-01 -2.929534662749456952e+00 -1.320872649656293696e+00 -1.912479330180187898e+00
-2.479537221520466961e+00 -2.844581523345381502e+00 6.428739868098508614e-01 -2.927532606038731888e+00 -1.318902156584466967e+00 -1.914806543512785231e+00
-2.474614279909412851e+00 -2.841927652694702378e+00 6.433760408470609038e-01 -2.925511524707972821e+00 -1.316908907558798303e+00 -1.917132094550792365e+00
-2.469676099097006361e+00 -2.839262686991084195e+00 6.438719100280555496e-01 -2.923471184350726837e+00 -1.314892608770077187e+00 -1.919455875994172667e+00
-2.464722726121862717e+00 -2.836586675098597965e+00 6.443617044096736635e-01 -2.921411346201191250e+00 -1.312852960691270443e+00 -1.921777780654355006e+00
-2.459754208107111317e+00 -2.833899665753652819e+00 6.448455367181576969e-01 -2.919331767117764542e+00 -1.310789658174348560e+00 -1.924097701457789578e+00
-2.454770592273008756e+00 -2.831201707543497648e+00 6.453235221288348145e-01 -2.917232199570248596e+00 -1.308702390552823225e+00 -1.926415531449560792e+00
-2.449771925949069562e+00 -2.828492848885666433e+00 6.457957780539197445e-01 -2.915112391626396349e+00 -1.306590841738106468e+00 -1.928731163797057224e+00
-2.444758256585725764e+00 -2.825773138008341068e+00 6.462624239383185643e-01 -2.912972086939926708e+00 -1.304454690315598908e+00 -1.931044491793699525e+00
-2.439729631765520601e+00 -2.823042622931619672e+00 6.467235810633165105e-01 -2.910811024740026731e+00 -1.302293609640500893e+00 -1.933355408862728497e+00
-2.434686099213836830e+00 -2.820301351449664651e+00 6.471793723580255842e-01 -2.908628939822333948e+00 -1.300107267933311661e+00 -1.935663808561053800e+00
-2.429627706809172949e+00 -2.817549371113714063e+00 6.476299222184680460e-01 -2.906425562541399721e+00 -1.297895328374974566e+00 -1.937969584583163707e+00
-2.424554502592973115e+00 -2.814786729215933203e+00 6.480753563341697943e-01 -2.904200618806426881e+00 -1.295657449206314427e+00 -1.940272630765097928e+00
-2.419466534779013855e+00 -2.812013472774088196e+00 6.485158015221343941e-01 -2.901953830076731133e+00 -1.293393283822374507e+00 -1.942572841088484159e+00
-2.414363851762366675e+00 -2.809229648517014510e+00 6.489513855680707488e-01 -2.899684913358685279e+00 -1.291102480866316959e+00 -1.944870109684639026e+00
-2.409246502127931233e+00 -2.806435302870869286e+00 6.493822370747431849e-01 -2.897393581204136481e+00 -1.288784684322867191e+00 -1.947164330838735413e+00
-2.404114534658558178e+00 -2.803630481946134179e+00 6.498084853173119457e-01 -2.895079541710297466e+00 -1.286439533611253072e+00 -1.949455398994035971e+00
-2.398967998342768304e+00 -2.800815231525357607e+00 6.502302601055318654e-01 -2.892742498521109429e+00 -1.284066663677635001e+00 -1.951743208756195003e+00
-2.393806942382076919e+00 -2.797989597051604438e+00 6.506476916526772181e-01 -2.890382150830068664e+00 -1.281665705086972862e+00 -1.954027654897629862e+00
-2.388631416197931401e+00 -2.795153623617599337e+00 6.510609104510500789e-01 -2.887998193401903446e+00 -1.279236284157447390e+00 -1.956308632361960731e+00
-2.383441469438278393e+00 -2.792307355955538917e+00 6.514700471539436322e-01 -2.885590316581768011e+00 -1.276778023058527278e+00 -1.958586036268523456e+00
-2.378237151983763731e+00 -2.789450838427545598e+00 6.518752324639291995e-01 -2.883158206302772530e+00 -1.274290539900523767e+00 -1.960859761916953437e+00
-2.373018513953579767e+00 -2.786584115016750740e+00 6.522765970272994540e-01 -2.880701544125758851e+00 -1.271773448898432468e+00 -1.963129704791842789e+00
-2.367785605710972963e+00 -2.783707229318974186e+00 6.526742713345560221e-01 -2.878220007255203328e+00 -1.269226360471530590e+00 -1.965395760567471894e+00
-2.362538477868413533e+00 -2.780820224534986007e+00 6.530683856266691345e-01 -2.875713268625885277e+00 -1.266648881508411151e+00 -1.967657825112616221e+00
-2.357277181292451118e+00 -2.777923143463326028e+00 6.534590698070843473e-01 -2.873180996944292076e+00 -1.264040615514273824e+00 -1.969915794495429084e+00
-2.352001767108134800e+00 -2.775016028493561215e+00 6.538464533578751681e-01 -2.870622857121957860e+00 -1.261401163681509674e+00 -1.972169564988388135e+00
-2.346712286703253270e+00 -2.772098921600164800e+00 6.542306652613468776e-01 -2.868038510340458203e+00 -1.258730125057490490e+00 -1.974419033073319119e+00
-2.341408791759341579e+00 -2.769171864350512990e+00 6.546118339064254110e-01 -2.865427618057690307e+00 -1.256027105974417912e+00 -1.976664095445839653e+00
-2.336091334203991288e+00 -2.766234897817840377e+00 6.549900869939919712e-01 -2.862789842689560160e+00 -1.253291721460108699e+00 -1.978904649019219475e+00
-2.330759966214241530e+00 -2.763288062576801263e+00 6.553655514455923869e-01 -2.860124848197685754e+00 -1.250523596337686616e+00 -1.981140590928276435e+00
-2.325414740219744925e+00 -2.760331398699721106e+00 6.557383533169807155e-01 -2.857432300195104080e+00 -1.247722365182412307e+00 -1.983371818533320896e+00
-2.320055708905607084e+00 -2.757364945753427499e+00 6.561086177163675259e-01 -2.854711866051489633e+00 -1.244887672277404489e+00 -1.985598229424148542e+00
-2.314682925214892162e+00 -2.754388742796630485e+00 6.564764687272461874e-01 -2.851963214993788132e+00 -1.242019171559025859e+00 -1.987819721424080255e+00
-2.309296442350812217e+00 -2.751402828377848664e+00 6.568420293356691531e-01 -2.849186018206171234e+00 -1.239116526561164999e+00 -1.990036192594049291e+00
-2.303896313778614147e+00 -2.748407240533845997e+00 6.572054213618495622e-01 -2.846379948929286474e+00 -1.236179410358430708e+00 -1.992247541236732866e+00
-2.298482593227161974e+00 -2.745402016788576205e+00 6.575667653959630377e-01 -2.843544682558773573e+00 -1.233207505508275403e+00 -1.994453665900729256e+00
-2.293055334690237146e+00 -2.742387194152608565e+00 6.579261807380264448e-01 -2.840679896743023569e+00 -1.230200503992059158e+00 -1.996654465384779753e+00
-2.287614592427555937e+00 -2.739362809123022213e+00 6.582837853417318197e-01 -2.837785271480153693e+00 -1.227158107155081668e+00 -1.998849838742032148e+00
-2.282160420965519521e+00 -2.736328897683744987e+00 6.586396957621153403e-01 -2.834860489217283508e+00 -1.224080025652418025e+00 -2.001039685284348391e+00
-2.276692875097704238e+00 -2.733285495306331025e+00 6.589940271069413269e-01 -2.831905234945906624e+00 -1.220965979386865241e+00 -2.003223904586653337e+00
-2.271212009885103189e+00 -2.730232636951146485e+00 6.593468929916849186e-01 -2.828919196296400873e+00 -1.217815697445903123e+00 -2.005402396491323458e+00
-2.265717880656124450e+00 -2.727170357068958939e+00 6.596984054979972978e-01 -2.825902063631650751e+00 -1.214628918037693461e+00 -2.007575061112617298e+00
-2.260210543006359707e+00 -2.724098689602906465e+00 6.600486751355389980e-01 -2.822853530143330403e+00 -1.211405388433775876e+00 -2.009741798841144345e+00
-2.254690052798127731e+00 -2.721017667990832223e+00 6.603978108070684971e-01 -2.819773291943733273e+00 -1.208144864903134108e+00 -2.011902510348371198e+00
-2.249156466159808243e+00 -2.717927325167972086e+00 6.607459197766765158e-01 -2.816661048156644753e+00 -1.204847112645349272e+00 -2.014057096591167717e+00
-2.243609839484968838e+00 -2.714827693569973999e+00 6.610931076410561102e-01 -2.813516501007230719e+00 -1.201511905722867368e+00 -2.016205458816387797e+00
-2.238050229431294724e+00 -2.711718805136235755e+00 6.614394783037013115e-01 -2.810339355910922432e+00 -1.198139026992396383e+00 -2.018347498565488340e+00
-2.232477692919335066e+00 -2.708600691313551856e+00 6.617851339519297271e-01 -2.807129321561277369e+00 -1.194728268035462504e+00 -2.020483117679181095e+00
-2.226892287131065462e+00 -2.705473383060043258e+00 6.621301750366250793e-01 -2.803886110016788447e+00 -1.191279429088132558e+00 -2.022612218302120901e+00
-2.221294069508286562e+00 -2.702336910849367335e+00 6.624747002545984254e-01 -2.800609436786627437e+00 -1.187792318969933980e+00 -2.024734702887625915e+00
-2.215683097750854369e+00 -2.699191304675185865e+00 6.628188065334683632e-01 -2.797299020915297252e+00 -1.184266755011992078e+00 -2.026850474202432473e+00
-2.210059429814759557e+00 -2.696036594055879476e+00 6.631625890189620787e-01 -2.793954585066174889e+00 -1.180702562984403237e+00 -2.028959435331479710e+00
-2.204423123910061122e+00 -2.692872808039498356e+00 6.635061410645424207e-01 -2.790575855603924627e+00 -1.177099577022868715e+00 -2.031061489682727483e+00
-2.198774238498679701e+00 -2.689699975208927896e+00 6.638495542232663027e-01 -2.787162562675763677e+00 -1.173457639554608800e+00 -2.033156540992003602e+00
-2.193112832292061221e+00 -2.686518123687265280e+00 6.641929182417836142e-01 -2.783714440291556791e+00 -1.169776601223579737e+00 -2.035244493327881266e+00
-2.187438964248717088e+00 -2.683327281143388809e+00 6.645363210563860479e-01 -2.780231226402729128e+00 -1.166056320815016978e+00 -2.037325251096584022e+00
-2.181752693571647583e+00 -2.680127474797710185e+00 6.648798487910185795e-01 -2.776712662979971658e+00 -1.162296665179332056e+00 -2.039398719046920050e+00
-2.176054079705656452e+00 -2.676918731428092002e+00 6.652235857571676680e-01 -2.773158496089730640e+00 -1.158497509155373084e+00 -2.041464802275243517e+00
-2.170343182334564691e+00 -2.673701077375929547e+00 6.655676144555429108e-01 -2.769568475969450994e+00 -1.154658735493085508e+00 -2.043523406230442152e+00
-2.164620061378326188e+00 -2.670474538552373378e+00 6.659120155794696627e-01 -2.765942357101572657e+00 -1.150780234775585553e+00 -2.045574436718950118e+00
-2.158884776990056764e+00 -2.667239140444690904e+00 6.662568680199139060e-01 -2.762279898286251090e+00 -1.146861905340677446e+00 -2.047617799909785763e+00
-2.153137389552978842e+00 -2.663994908122749639e+00 6.666022488720605432e-01 -2.758580862712794346e+00 -1.142903653201832403e+00 -2.049653402339614239e+00
-2.147377959677293724e+00 -2.660741866245613707e+00 6.669482334433710635e-01 -2.754845018029795867e+00 -1.138905391968650704e+00 -2.051681150917832763e+00
-2.141606548196977045e+00 -2.657480039068246924e+00 6.672948952630450847e-01 -2.751072136416261138e+00 -1.134867042771264156e+00 -2.053700952931677648e+00
-2.135823216166516936e+00 -2.654209450448305585e+00 6.676423060928157183e-01 -2.747261994649123462e+00 -1.130788534179806071e+00 -2.055712716051354860e+00
-2.130028024857590019e+00 -2.650930123853017406e+00 6.679905359390079234e-01 -2.743414374169410586e+00 -1.126669802123435593e+00 -2.057716348335190570e+00
-2.124221035755683662e+00 -2.647642082366132410e+00 6.683396530657936818e-01 -2.739529061147054190e+00 -1.122510789808942144e+00 -2.059711758234801238e+00
-2.118402310556671608e+00 -2.644345348694939535e+00 6.686897240095763806e-01 -2.735605846544329811e+00 -1.118311447638956180e+00 -2.061698854600283681e+00
-2.112571911163348748e+00 -2.641039945177341419e+00 6.690408135944428958e-01 -2.731644526177914756e+00 -1.114071733129785358e+00 -2.063677546685423803e+00
-2.106729899681925922e+00 -2.637725893788973597e+00 6.693929849486195405e-01 -2.727644900779546244e+00 -1.109791610828896324e+00 -2.065647744152923515e+00
-2.100876338418492750e+00 -2.634403216150364102e+00 6.697462995218732562e-01 -2.723606776055277567e+00 -1.105471052232076312e+00 -2.067609357079644106e+00
-2.095011289875453819e+00 -2.631071933534127716e+00 6.701008171038003169e-01 -2.719529962743314488e+00 -1.101110035700288314e+00 -2.069562295961866472e+00
-2.089134816747940881e+00 -2.627732066872176642e+00 6.704565958429458128e-01 -2.715414276670425231e+00 -1.096708546376247817e+00 -2.071506471720566456e+00
-2.083246981920204632e+00 -2.624383636762954719e+00 6.708136922666998458e-01 -2.711259538806912950e+00 -1.092266576100745734e+00 -2.073441795706704838e+00
-2.077347848461993607e+00 -2.621026663478676078e+00 6.711721613019183685e-01 -2.707065575320140471e+00 -1.087784123328737529e+00 -2.075368179706532423e+00
-2.071437479624922418e+00 -2.617661166972567344e+00 6.715320562962179274e-01 -2.702832217626599753e+00 -1.083261193045225168e+00 -2.077285535946907569e+00
-2.065515938838833776e+00 -2.614287166886104075e+00 6.718934290398966835e-01 -2.698559302442517627e+00 -1.078697796680952559e+00 -2.079193777100626583e+00
-2.059583289708153853e+00 -2.610904682556238754e+00 6.722563297884328604e-01 -2.694246671832991602e+00 -1.074093952027945553e+00 -2.081092816291765679e+00
-2.053639596008253410e+00 -2.607513733022606139e+00 6.726208072855178743e-01 -2.689894173259641530e+00 -1.069449683154908959e+00 -2.082982567101034910e+00
-2.047684921681811154e+00 -2.604114337034713067e+00 6.729869087865792965e-01 -2.685501659626780224e+00 -1.064765020322510747e+00 -2.084862943571140992e+00
-2.041719330835182866e+00 -2.600706513059091396e+00 6.733546800827525658e-01 -2.681068989326085727e+00 -1.060039999898572560e+00 -2.086733860212161673e+00
-2.035742887734784290e+00 -2.597290279286420756e+00 6.737241655252619310e-01 -2.676596026279780549e+00 -1.055274664273196716e+00 -2.088595232006926317e+00
-2.029755656803487796e+00 -2.593865653638612656e+00 6.740954080501713186e-01 -2.672082639982297891e+00 -1.050469061773841251e+00 -2.090446974416408477e+00
-2.023757702617031473e+00 -2.590432653775846195e+00 6.744684492034699330e-01 -2.667528705540448186e+00 -1.045623246580378973e+00 -2.092289003385122470e+00
-2.017749089900454873e+00 -2.586991297103556242e+00 6.748433291664566180e-01 -2.662934103712062406e+00 -1.040737278640152530e+00 -2.094121235346527943e+00
-2.011729883524551621e+00 -2.583541600779367897e+00 6.752200867813906715e-01 -2.658298720943124138e+00 -1.035811223583054330e+00 -2.095943587228441540e+00
-2.005700148502350011e+00 -2.580083581719971875e+00 6.755987595773762511e-01 -2.653622449403372663e+00 -1.030845152636648887e+00 -2.097755976458452576e+00
-1.999659949985621354e+00 -2.576617256607935946e+00 6.759793837964513941e-01 -2.648905187020382357e+00 -1.025839142541363547e+00 -2.099558320969343139e+00
-1.993609353261414974e+00 -2.573142641898451100e+00 6.763619944198518974e-01 -2.644146837512117543e+00 -1.020793275465768035e+00 -2.101350539204514423e+00
-1.987548423748630499e+00 -2.569659753826007087e+00 6.767466251944240785e-01 -2.639347310417949011e+00 -1.015707638921967026e+00 -2.103132550123413491e+00
-1.981477226994620366e+00 -2.566168608410992036e+00 6.771333086591586614e-01 -2.634506521128143763e+00 -1.010582325681120164e+00 -2.104904273206964049e+00
-1.975395828671830945e+00 -2.562669221466216118e+00 6.775220761718250273e-01 -2.629624390911817766e+00 -1.005417433689123063e+00 -2.106665628462998985e+00
-1.969304294574482084e+00 -2.559161608603352622e+00 6.779129579356796276e-01 -2.624700846943351706e+00 -1.000213065982457072e+00 -2.108416536431695132e+00
-1.963202690615286183e+00 -2.555645785239295975e+00 6.783059830262294643e-01 -2.619735822327271091e+00 -9.949693306042373120e-01 -2.110156918191005815e+00
-1.957091082822210337e+00 -2.552121766602431396e+00 6.787011794180288771e-01 -2.614729256121592016e+00 -9.896863405204783248e-01 -2.111886695362096500e+00
-1.950969537335282444e+00 -2.548589567738815731e+00 6.790985740114922065e-01 -2.609681093359627280e+00 -9.843642135365970880e-01 -2.113605790114777339e+00
-1.944838120403442172e+00 -2.545049203518263692e+00 6.794981926597046806e-01 -2.604591285070258166e+00 -9.790030722141738195e-01 -2.115314125172936155e+00
-1.938696898381440104e+00 -2.541500688640339511e+00 6.799000601952146505e-01 -2.599459788296671015e+00 -9.736030437879881205e-01 -2.117011623819966992e+00
-1.932545937726784846e+00 -2.537944037640253114e+00 6.803042004567935175e-01 -2.594286566113560788e+00 -9.681642600833538781e-01 -2.118698209904198215e+00
-1.926385304996740766e+00 -2.534379264894649264e+00 6.807106363161483653e-01 -2.589071587642800765e+00 -9.626868574337699158e-01 -2.120373807844316616e+00
-1.920215066845377239e+00 -2.530806384627303451e+00 6.811193897045764167e-01 -2.583814828067585445e+00 -9.571709765989077079e-01 -2.122038342634786190e+00
-1.914035290020670299e+00 -2.527225410914705872e+00 6.815304816395486576e-01 -2.578516268645045351e+00 -9.516167626829532544e-01 -2.123691739851264249e+00
-1.907846041361659362e+00 -2.523636357691542820e+00 6.819439322512133028e-01 -2.573175896717335931e+00 -9.460243650533184390e-01 -2.125333925656010869e+00
-1.901647387795658117e+00 -2.520039238756066613e+00 6.823597608088103339e-01 -2.567793705720698760e+00 -9.403939372589259493e-01 -2.126964826803293462e+00
-1.895439396335522941e+00 -2.516434067775359829e+00 6.827779857469884472e-01 -2.562369695193509322e+00 -9.347256369497261019e-01 -2.128584370644782897e+00
-1.889222134076978588e+00 -2.512820858290482295e+00 6.831986246920180861e-01 -2.556903870782812671e+00 -9.290196257966432114e-01 -2.130192485134946079e+00
-1.882995668196002281e+00 -2.509199623721508843e+00 6.836216944878944490e-01 -2.551396244249348300e+00 -9.232760694119617195e-01 -2.131789098836426533e+00
-1.876760065946268652e+00 -2.505570377372450253e+00 6.840472112223262569e-01 -2.545846833471073101e+00 -9.174951372701725116e-01 -2.133374140925420104e+00
-1.870515394656653729e+00 -2.501933132436055196e+00 6.844751902526068355e-01 -2.540255662445184637e+00 -9.116770026293010698e-01 -2.134947541197040444e+00
-1.864261721728802668e+00 -2.498287901998498484e+00 6.849056462313627414e-01 -2.534622761288655379e+00 -9.058218424527244572e-01 -2.136509230070673837e+00
-1.857999114634758753e+00 -2.494634699043947190e+00 6.853385931321802627e-01 -2.528948166237274808e+00 -8.999298373315001154e-01 -2.138059138595326480e+00
-1.851727640914656803e+00 -2.490973536459006432e+00 6.857740442751082410e-01 -2.523231919643214471e+00 -8.940011714072177984e-01 -2.139597198454958438e+00
-1.845447368174480962e+00 -2.487304427037043020e+00 6.862120123520354387e-01 -2.517474069971120443e+00 -8.880360322953937402e-01 -2.141123341973809158e+00
-1.839158364083887998e+00 -2.483627383482386097e+00 6.866525094519457806e-01 -2.511674671792732738e+00 -8.820346110094170466e-01 -2.142637502121708337e+00
-1.832860696374097653e+00 -2.479942418414402994e+00 6.870955470860516945e-01 -2.505833785780050782e+00 -8.759971018850631896e-01 -2.144139612519375682e+00
-1.826554432835849173e+00 -2.476249544371449396e+00 6.875411362128076576e-01 -2.499951478697040042e+00 -8.699237025055930328e-01 -2.145629607443709563e+00
-1.820239641317426882e+00 -2.472548773814692957e+00 6.879892872628085021e-01 -2.494027823389898924e+00 -8.638146136274432729e-01 -2.147107421833058361e+00
-1.813916389722754374e+00 -2.468840119131809452e+00 6.884400101635750335e-01 -2.488062898775884157e+00 -8.576700391065287254e-01 -2.148572991292481582e+00
-1.807584746009558874e+00 -2.465123592640547034e+00 6.888933143642321788e-01 -2.482056789830713317e+00 -8.514901858251687772e-01 -2.150026252098993673e+00
-1.801244778187606643e+00 -2.461399206592164379e+00 6.893492088600855494e-01 -2.476009587574542259e+00 -8.452752636196417813e-01 -2.151467141206794498e+00
-1.794896554317009674e+00 -2.457666973174735148e+00 6.898077022171014150e-01 -2.469921389056533911e+00 -8.390254852083900428e-01 -2.152895596252483834e+00
-1.788540142506605646e+00 -2.453926904516318341e+00 6.902688025962975260e-01 -2.463792297338027293e+00 -8.327410661208780596e-01 -2.154311555560258551e+00
-1.782175610912410502e+00 -2.450179012688000757e+00 6.907325177780523351e-01 -2.457622421474308538e+00 -8.264222246271217820e-01 -2.155714958147095128e+00
-1.775803027736146733e+00 -2.446423309706797333e+00 6.911988551863399444e-01 -2.451411876495005693e+00 -8.200691816678931101e-01 -2.157105743727913083e+00
-1.769422461223846055e+00 -2.442659807538421823e+00 6.916678219129001048e-01 -2.445160783383108161e+00 -8.136821607856162819e-01 -2.158483852720722851e+00
-1.763033979664529349e+00 -2.438888518099916247e+00 6.921394247413514833e-01 -2.438869269052620581e+00 -8.072613880559588173e-01 -2.159849226251753240e+00
-1.756637651388963661e+00 -2.435109453262146673e+00 6.926136701712585220e-01 -2.432537466324871556e+00 -8.008070920201327825e-01 -2.161201806160562455e+00
-1.750233544768497795e+00 -2.431322624852153336e+00 6.930905644421621048e-01 -2.426165513903476345e+00 -7.943195036179105939e-01 -2.162541535005128246e+00
-1.743821728213977851e+00 -2.427528044655367090e+00 6.935701135575838006e-01 -2.419753556347969514e+00 -7.877988561213651320e-01 -2.163868356066919407e+00
-1.737402270174742247e+00 -2.423725724417677529e+00 6.940523233090165611e-01 -2.413301744046121744e+00 -7.812453850693450441e-01 -2.165182213355946850e+00
-1.730975239137700239e+00 -2.419915675847364334e+00 6.945371992999112010e-01 -2.406810233184948356e+00 -7.746593282026883465e-01 -2.166483051615794686e+00
-1.724540703626492588e+00 -2.416097910616877176e+00 6.950247469696726466e-01 -2.400279185720418429e+00 -7.680409254001824282e-01 -2.167770816328629113e+00
-1.718098732200735723e+00 -2.412272440364475301e+00 6.955149716176772801e-01 -2.393708769345884058e+00 -7.613904186152772313e-01 -2.169045453720187755e+00
-1.711649393455352941e+00 -2.408439276695717002e+00 6.960078784273242558e-01 -2.387099157459232401e+00 -7.547080518135548255e-01 -2.170306910764745467e+00
-1.705192756019991318e+00 -2.404598431184799878e+00 6.965034724901338903e-01 -2.380450529128780524e+00 -7.479940709109691444e-01 -2.171555135190057939e+00
-1.698728888558526773e+00 -2.400749915375752774e+00 6.970017588299072253e-01 -2.373763069057927222e+00 -7.412487237128549955e-01 -2.172790075482283534e+00
-1.692257859768659278e+00 -2.396893740783471394e+00 6.975027424269595322e-01 -2.367036967548560966e+00 -7.344722598537112290e-01 -2.174011680890881593e+00
-1.685779738381598891e+00 -2.393029918894606922e+00 6.980064282424427446e-01 -2.360272420463252807e+00 -7.276649307377618392e-01 -2.175219901433486314e+00
-1.679294593161843485e+00 -2.389158461168291225e+00 6.985128212427699212e-01 -2.353469629186236922e+00 -7.208269894803015498e-01 -2.176414687900756650e+00
-1.672802492907052185e+00 -2.385279379036711056e+00 6.990219264241575026e-01 -2.346628800583196561e+00 -7.139586908498275486e-01 -2.177595991861204006e+00
-1.666303506448012506e+00 -2.381392683905519281e+00 6.995337488372991297e-01 -2.339750146959861610e+00 -7.070602912109570370e-01 -2.178763765665991503e+00
-1.659797702648706963e+00 -2.377498387154086235e+00 7.000482936121867894e-01 -2.332833886019445302e+00 -7.001320484681406997e-01 -2.179917962453710611e+00
-1.653285150406477388e+00 -2.373596500135588983e+00 7.005655659830932747e-01 -2.325880240818915201e+00 -6.931742220101629881e-01 -2.181058536155131122e+00
-1.646765918652290051e+00 -2.369687034176934048e+00 7.010855713137325029e-01 -2.318889439724127755e+00 -6.861870726554414324e-01 -2.182185441497926259e+00
-1.640240076351105358e+00 -2.365770000578510945e+00 7.016083151226114589e-01 -2.311861716363833530e+00 -6.791708625981198733e-01 -2.183298634011368478e+00
-1.633707692502349929e+00 -2.361845410613781393e+00 7.021338031085904152e-01 -2.304797309582564679e+00 -6.721258553549608328e-01 -2.184398070031002170e+00
-1.627168836140497232e+00 -2.357913275528691788e+00 7.026620411766668628e-01 -2.297696463392429500e+00 -6.650523157130322494e-01 -2.185483706703286177e+00
-1.620623576335756377e+00 -2.353973606540912034e+00 7.031930354639975844e-01 -2.290559426923814534e+00 -6.579505096781927964e-01 -2.186555501990210981e+00
-1.614071982194871691e+00 -2.350026414838900735e+00 7.037267923661758573e-01 -2.283386454375017305e+00 -6.508207044243689010e-01 -2.187613414673885703e+00
-1.607514122862035766e+00 -2.346071711580788310e+00 7.042633185637782178e-01 -2.276177804960817674e+00 -6.436631682436253499e-01 -2.188657404361100234e+00
-1.600950067519917752e+00 -2.342109507893077147e+00 7.048026210491967758e-01 -2.268933742860011371e+00 -6.364781704970288168e-01 -2.189687431487854496e+00
-1.594379885390809992e+00 -2.338139814869161892e+00 7.053447071537725099e-01 -2.261654537161911005e+00 -6.292659815663018685e-01 -2.190703457323862402e+00
-1.587803645737893454e+00 -2.334162643567657458e+00 7.058895845752445330e-01 -2.254340461811837670e+00 -6.220268728062633423e-01 -2.191705443977024714e+00
-1.581221417866627954e+00 -2.330178005010539621e+00 7.064372614055314248e-01 -2.246991795555609350e+00 -6.147611164980533172e-01 -2.192693354397872607e+00
-1.574633271126265388e+00 -2.326185910181092886e+00 7.069877461588586209e-01 -2.239608821883047440e+00 -6.074689858031359080e-01 -2.193667152383981911e+00
-1.568039274911492864e+00 -2.322186370021658064e+00 7.075410478002475134e-01 -2.232191828970516490e+00 -6.001507547180821023e-01 -2.194626802584356717e+00
-1.561439498664205283e+00 -2.318179395431188006e+00 7.080971757743810269e-01 -2.224741109622504265e+00 -5.928066980301217592e-01 -2.195572270503781453e+00
-1.554834011875410926e+00 -2.314164997262594614e+00 7.086561400348602158e-01 -2.217256961212271449e+00 -5.854370912734645493e-01 -2.196503522507144535e+00
-1.548222884087275153e+00 -2.310143186319893793e+00 7.092179510738654269e-01 -2.209739685621569194e+00 -5.780422106863799536e-01 -2.197420525823727822e+00
-1.541606184895300879e+00 -2.306113973355138569e+00 7.097826199522373480e-01 -2.202189589179453844e+00 -5.706223331690346567e-01 -2.198323248551467657e+00
-1.534983983950653164e+00 -2.302077369065146595e+00 7.103501583299911548e-01 -2.194606982600205036e+00 -5.631777362420786748e-01 -2.199211659661181706e+00
-1.528356350962628118e+00 -2.298033384088003395e+00 7.109205784972763009e-01 -2.186992180920370288e+00 -5.557086980059751102e-01 -2.200085729000766488e+00
-1.521723355701270153e+00 -2.293982028999353329e+00 7.114938934057967179e-01 -2.179345503434944487e+00 -5.482154971010675393e-01 -2.200945427299358492e+00
-1.515085068000141311e+00 -2.289923314308465851e+00 7.120701167007023047e-01 -2.171667273632705175e+00 -5.406984126683747061e-01 -2.201790726171467760e+00
-1.508441557759244933e+00 -2.285857250454075285e+00 7.126492627529655843e-01 -2.163957819130714277e+00 -5.331577243111065290e-01 -2.202621598121074609e+00
-1.501792894948108081e+00 -2.281783847799991438e+00 7.132313466922540757e-01 -2.156217471608006253e+00 -5.255937120568917598e-01 -2.203438016545695710e+00
-1.495139149609025608e+00 -2.277703116630477975e+00 7.138163844403104807e-01 -2.148446566738475560e+00 -5.180066563207095243e-01 -2.204239955740415979e+00
-1.488480391860468766e+00 -2.273615067145390523e+00 7.144043927448512354e-01 -2.140645444122977636e+00 -5.103968378685156404e-01 -2.205027390901885820e+00
-1.481816691900663008e+00 -2.269519709455077638e+00 7.149953892139938594e-01 -2.132814447220666043e+00 -5.027645377815562755e-01 -2.205800298132287729e+00
-1.475148120011338326e+00 -2.265417053575034423e+00 7.155893923512228749e-01 -2.124953923279574663e+00 -4.951100374213559530e-01 -2.206558654443265155e+00
-1.468474746561655220e+00 -2.261307109420310546e+00 7.161864215909035103e-01 -2.117064223266460044e+00 -4.874336183953710266e-01 -2.207302437759819824e+00
-1.461796642012310521e+00 -2.257189886799660261e+00 7.167864973343509583e-01 -2.109145701795926975e+00 -4.797355625232959664e-01 -2.208031626924173096e+00
-1.455113876919826410e+00 -2.253065395409444172e+00 7.173896409864649604e-01 -2.101198717058845311e+00 -4.720161518040193460e-01 -2.208746201699593570e+00
-1.448426521941027723e+00 -2.248933644827264100e+00 7.179958749929340467e-01 -2.093223630750079334e+00 -4.642756683832061082e-01 -2.209446142774188271e+00
-1.441734647837709993e+00 -2.244794644505337278e+00 7.186052228780182016e-01 -2.085220807995540326e+00 -4.565143945215031085e-01 -2.210131431764661425e+00
-1.435038325481502008e+00 -2.240648403763600971e+00 7.192177092829145080e-01 -2.077190617278582785e+00 -4.487326125633531726e-01 -2.210802051220035480e+00
-1.428337625858929760e+00 -2.236494931782546658e+00 7.198333600047108760e-01 -2.069133430365756698e+00 -4.409306049064058985e-01 -2.211457984625337048e+00
-1.421632620076681119e+00 -2.232334237595778426e+00 7.204522020359321877e-01 -2.061049622231936773e+00 -4.331086539715135464e-01 -2.212099216405248647e+00
-1.414923379367080125e+00 -2.228166330082287594e+00 7.210742636046814091e-01 -2.052939570984839257e+00 -4.252670421732971384e-01 -2.212725731927722261e+00
-1.408209975093771549e+00 -2.223991217958452449e+00 7.216995742153780036e-01 -2.044803657792808593e+00 -4.174060518964407551e-01 -2.213337517507559582e+00
-1.401492478757621729e+00 -2.219808909769739991e+00 7.223281646900949760e-01 -2.036642266808178281e+00 -4.095259654673550909e-01 -2.213934560409953178e+00
-1.394770962002839454e+00 -2.215619413882126576e+00 7.229600672104949943e-01 -2.028455785090065078e+00 -4.016270651263688096e-01 -2.214516848853994357e+00
-1.388045496623320441e+00 -2.211422738473214356e+00 7.235953153603649213e-01 -2.020244602526615196e+00 -3.937096330004364875e-01 -2.215084372016141057e+00
-1.381316154569220966e+00 -2.207218891523057280e+00 7.242339441687466461e-01 -2.012009111756720259e+00 -3.857739510763453783e-01 -2.215637120033651986e+00
-1.374583007953763758e+00 -2.203007880804679797e+00 7.248759901536618866e-01 -2.003749708091207893e+00 -3.778203011744084572e-01 -2.216175084007983020e+00
-1.367846129060281468e+00 -2.198789713874291785e+00 7.255214913664261855e-01 -1.995466789433544497e+00 -3.698489649226299747e-01 -2.216698256008145851e+00
-1.361105590349500849e+00 -2.194564398061191746e+00 7.261704874365478846e-01 -1.987160756200040401e+00 -3.618602237313230940e-01 -2.217206629074029767e+00
-1.354361464467072729e+00 -2.190331940457364013e+00 7.268230196172044133e-01 -1.978832011239594069e+00 -3.538543587681710623e-01 -2.217700197219687475e+00
-1.347613824251352899e+00 -2.186092347906750000e+00 7.274791308312895666e-01 -1.970480959752979100e+00 -3.458316509337089339e-01 -2.218178955436581834e+00
-1.340862742741435909e+00 -2.181845626994210363e+00 7.281388657180212221e-01 -1.962108009211693149e+00 -3.377923808372125247e-01 -2.218642899696796622e+00
-1.334108293185449101e+00 -2.177591784034158984e+00 7.288022706801005057e-01 -1.953713569276384288e+00 -3.297368287729769420e-01 -2.219092026956208663e+00
-1.327350549049107764e+00 -2.173330825058873206e+00 7.294693939314101927e-01 -1.945298051714871912e+00 -3.216652746969714816e-01 -2.219526335157622210e+00
-1.320589584024539631e+00 -2.169062755806480336e+00 7.301402855452382434e-01 -1.936861870319778856e+00 -3.135779982038513491e-01 -2.219945823233866022e+00
-1.313825472039379161e+00 -2.164787581708607078e+00 7.308149975030139300e-01 -1.928405440825784467e+00 -3.054752785043071128e-01 -2.220350491110853142e+00
-1.307058287266138707e+00 -2.160505307877703007e+00 7.314935837435381227e-01 -1.919929180826522419e+00 -2.973573944027394500e-01 -2.220740339710601585e+00
-1.300288104131859468e+00 -2.156215939094025646e+00 7.321761002126915274e-01 -1.911433509691132349e+00 -2.892246242752358754e-01 -2.221115370954216850e+00
-1.293514997328045535e+00 -2.151919479792290701e+00 7.328626049136007792e-01 -1.902918848480484204e+00 -2.810772460478363488e-01 -2.221475587764837112e+00
-1.286739041820888163e+00 -2.147615934047981234e+00 7.335531579572415195e-01 -1.894385619863090620e+00 -2.729155371750657810e-01 -2.221820994070540234e+00
-1.279960312861780913e+00 -2.143305305563321994e+00 7.342478216134561420e-01 -1.885834248030720861e+00 -2.647397746187183376e-01 -2.222151594807211250e+00
-1.273178885998131005e+00 -2.138987597652905581e+00 7.349466603623611149e-01 -1.877265158613734330e+00 -2.565502348268724475e-01 -2.222467395921373878e+00
-1.266394837084472202e+00 -2.134662813228982436e+00 7.356497409461182357e-01 -1.868678778596147838e+00 -2.483471937131196405e-01 -2.222768404372980289e+00
-1.259608242293880576e+00 -2.130330954786403552e+00 7.363571324210412827e-01 -1.860075536230452187e+00 -2.401309266359885619e-01 -2.223054628138165789e+00
-1.252819178129699118e+00 -2.125992024387223900e+00 7.370689062100088673e-01 -1.851455860952195831e+00 -2.319017083785461786e-01 -2.223326076211962654e+00
-1.246027721437573010e+00 -2.121646023644958134e+00 7.377851361551508447e-01 -1.842820183294346714e+00 -2.236598131281535284e-01 -2.223582758610976651e+00
-1.239233949417800407e+00 -2.117292953708494352e+00 7.385058985707744217e-01 -1.834168934801452711e+00 -2.154055144563620239e-01 -2.223824686376024484e+00
-1.232437939638002300e+00 -2.112932815245666340e+00 7.392312722964948790e-01 -1.825502547943610443e+00 -2.071390852989245523e-01 -2.224051871574732608e+00
-1.225639770046113686e+00 -2.108565608426481219e+00 7.399613387505322715e-01 -1.816821456030262683e+00 -1.988607979359084954e-01 -2.224264327304097844e+00
-1.218839518983700243e+00 -2.104191332906008682e+00 7.406961819831339167e-01 -1.808126093123837430e+00 -1.905709239718871295e-01 -2.224462067693009359e+00
-1.212037265199603420e+00 -2.099809987806930067e+00 7.414358887300813716e-01 -1.799416893953244667e+00 -1.822697343161909789e-01 -2.224645107904731578e+00
-1.205233087863916142e+00 -2.095421571701750807e+00 7.421805484662367114e-01 -1.790694293827243211e+00 -1.739574991631966938e-01 -2.224813464139348440e+00
-1.198427066582293588e+00 -2.091026082594677149e+00 7.429302534590814799e-01 -1.781958728547697213e+00 -1.656344879726385777e-01 -2.224967153636169925e+00
-1.191619281410599251e+00 -2.086623517903161584e+00 7.436850988221999081e-01 -1.773210634322734736e+00 -1.573009694499192257e-01 -2.225106194676098603e+00
-1.184809812869891621e+00 -2.082213874439124091e+00 7.444451825686547730e-01 -1.764450447679825729e+00 -1.489572115264017338e-01 -2.225230606583959325e+00
-1.177998741961751250e+00 -2.077797148389840309e+00 7.452106056642022747e-01 -1.755678605378789836e+00 -1.406034813396586092e-01 -2.225340409730788060e+00
-1.171186150183951113e+00 -2.073373335298520637e+00 7.459814720802894206e-01 -1.746895544324754468e+00 -1.322400452136627269e-01 -2.225435625536084316e+00
-1.164372119546473350e+00 -2.068942430044565128e+00 7.467578888467760745e-01 -1.738101701481077122e+00 -1.238671686389003490e-01 -2.225516276470024035e+00
-1.157556732587871728e+00 -2.064504426823515537e+00 7.475399661043203858e-01 -1.729297513782241946e+00 -1.154851162523784502e-01 -2.225582386055634299e+00
-1.150740072391983615e+00 -2.060059319126700927e+00 7.483278171563633174e-01 -1.720483418046752089e+00 -1.070941518175152485e-01 -2.225633978870929397e+00
-1.143922222604990990e+00 -2.055607099720586195e+00 7.491215585206466576e-01 -1.711659850890026702e+00 -9.869453820388485177e-02 -2.225671080551008707e+00
-1.137103267452831634e+00 -2.051147760625834593e+00 7.499213099801954607e-01 -1.702827248637322821e+00 -9.028653736680514186e-02 -2.225693717790115489e+00
-1.130283291758962472e+00 -2.046681293096085597e+00 7.507271946336931956e-01 -1.693986047236692993e+00 -8.187041032674047258e-02 -2.225701918343659713e+00
-1.123462380962473528e+00 -2.042207687596460097e+00 7.515393389451753281e-01 -1.685136682172306388e+00 -7.344641714890842721e-02 -2.225695711030199142e+00
-1.116640621136554046e+00 -2.037726933781805805e+00 7.523578727929649546e-01 -1.676279588378028373e+00 -6.501481692291388725e-02 -2.225675125733385773e+00
-1.109818099007310543e+00 -2.033239020474684633e+00 7.531829295177692174e-01 -1.667415200150600851e+00 -5.657586774151623921e-02 -2.225640193403872313e+00
-1.102994901972934816e+00 -2.028743935643118501e+00 7.540146459698550130e-01 -1.658543951062920074e+00 -4.812982667913368040e-02 -2.225590946061181796e+00
-1.096171118123222543e+00 -2.024241666378105986e+00 7.548531625552178381e-01 -1.649666273877423039e+00 -3.967694977006352985e-02 -2.225527416795537672e+00
-1.089346836259440954e+00 -2.019732198870916928e+00 7.556986232806557346e-01 -1.640782600459598894e+00 -3.121749198639989231e-02 -2.225449639769658372e+00
-1.082522145914543987e+00 -2.015215518390182758e+00 7.565511757976562945e-01 -1.631893361691638455e+00 -2.275170721562780329e-02 -2.225357650220512795e+00
-1.075697137373732293e+00 -2.010691609258792312e+00 7.574109714450033559e-01 -1.622998987386239600e+00 -1.427984823787364910e-02 -2.225251484461039375e+00
-1.068871901695356952e+00 -2.006160454830614448e+00 7.582781652900050240e-01 -1.614099906200575862e+00 -5.802166702789657293e-03 -2.225131179881825627e+00
-1.062046530732163374e+00 -2.001622037467051918e+00 7.591529161682430971e-01 -1.605196545550744869e+00 2.681086893559392337e-03 -2.224996774952754386e+00
-1.055221117152871813e+00 -1.997076338513454896e+00 7.600353867217402026e-01 -1.596289331526122401e+00 1.116966323258905547e-02 -2.224848309224607856e+00
-1.048395754464093166e+00 -1.992523338275403955e+00 7.609257434354391725e-01 -1.587378688803927629e+00 1.966331419751154996e-02 -2.224685823330640133e+00
-1.041570537032572297e+00 -1.987963015994883564e+00 7.618241566718829683e-01 -1.578465040570141253e+00 2.816179289009701492e-02 -2.224509358988107977e+00
-1.034745560107758422e+00 -1.983395349826363230e+00 7.627308007039838023e-01 -1.569548808435000886e+00 3.666485365527316631e-02 -2.224318958999768281e+00
-1.027920919844693248e+00 -1.978820316812809788e+00 7.636458537457655460e-01 -1.560630412358545493e+00 4.517225209340836045e-02 -2.224114667255338240e+00
-1.021096713327216410e+00 -1.974237892861648414e+00 7.645694979809483094e-01 -1.551710270592102203e+00 5.368374505258710627e-02 -2.223896528732918654e+00
-1.014273038591477327e+00 -1.969648052720697651e+00 7.655019195892206474e-01 -1.542788799645516518e+00 6.219909058804096169e-02 -2.223664589500380373e+00
-1.007449994649748604e+00 -1.965050769954098442e+00 7.664433087699049629e-01 -1.533866414330769201e+00 7.071804782243962251e-02 -2.223418896716716997e+00
-1.000627681514365097e+00 -1.960446016918105716e+00 7.673938597609110124e-01 -1.524943528410031668e+00 7.924037601589550839e-02 -2.223159498633314524e+00
-9.938062001790850530e-01 -1.955833764645000805e+00 7.683537708180774306e-01 -1.516020560902308301e+00 8.776582615862071890e-02 -2.222886444590901345e+00
-9.869856526433293809e-01 -1.951213982818636561e+00 7.693232441916054709e-01 -1.507097936032264052e+00 9.629414093614241388e-02 -2.222599785016452945e+00
-9.801661419365128580e-01 -1.946586639750341741e+00 7.703024860994491796e-01 -1.498176083178543339e+00 1.048250546934541561e-01 -2.222299571420044639e+00
-9.733477721424557139e-01 -1.941951702355212639e+00 7.712917066975221170e-01 -1.489255436821586676e+00 1.133582933981278629e-01 -2.221985856391655911e+00
-9.665306484238618268e-01 -1.937309136128820830e+00 7.722911200465774062e-01 -1.480336436496515251e+00 1.218935745951066352e-01 -2.221658693597925005e+00
-9.597148770468533208e-01 -1.932658905124370552e+00 7.733009440756155595e-01 -1.471419526739965233e+00 1.304306073677814481e-01 -2.221318137778854673e+00
-9.529005654055442420e-01 -1.928000971930336149e+00 7.743214005416723111e-01 -1.462505157036430692e+00 1.389690922981032806e-01 -2.220964244744464189e+00
-9.460878220466408806e-01 -1.923335297648612441e+00 7.753527149858345791e-01 -1.453593781764122905e+00 1.475087214257559953e-01 -2.220597071371393838e+00
-9.392767566940531943e-01 -1.918661841873213758e+00 7.763951166853314545e-01 -1.444685860140348943e+00 1.560491782064170607e-01 -2.220216675599455236e+00
-9.324674802735013479e-01 -1.913980562669556296e+00 7.774488386015423469e-01 -1.435781856166416182e+00 1.645901374691300934e-01 -2.219823116428130572e+00
-9.256601049371000478e-01 -1.909291416554359522e+00 7.785141173237644097e-01 -1.426882238572063644e+00 1.731312653728200868e-01 -2.219416453913019449e+00
-9.188547440879015760e-01 -1.904594358476206173e+00 7.795911930085762664e-01 -1.417987480759428376e+00 1.816722193619764170e-01 -2.218996749162234217e+00
-9.120515124043810928e-01 -1.899889341796798137e+00 7.806803093146361672e-01 -1.409098060746544867e+00 1.902126481215369314e-01 -2.218564064332740671e+00
-9.052505258648424480e-01 -1.895176318272947524e+00 7.817817133327462642e-01 -1.400214461110385944e+00 1.987521915309971021e-01 -2.218118462626645471e+00
-8.984519017717240708e-01 -1.890455238039346231e+00 7.828956555110162530e-01 -1.391337168929348111e+00 2.072904806179081127e-01 -2.217660008287430706e+00
-8.916557587757849568e-01 -1.885726049592154174e+00 7.840223895749550698e-01 -1.382466675725383842e+00 2.158271375105300649e-01 -2.217188766596134286e+00
-8.848622169001449933e-01 -1.880988699773449957e+00 7.851621724423191173e-01 -1.373603477405684226e+00 2.243617753898023981e-01 -2.216704803867474372e+00
-8.780713975641569746e-01 -1.876243133756587911e+00 7.863152641325423797e-01 -1.364748074203915751e+00 2.328939984406612762e-01 -2.216208187445921407e+00
-8.712834236070867711e-01 -1.871489295032507938e+00 7.874819276705733451e-01 -1.355900970621014334e+00 2.414234018027392459e-01 -2.215698985701712864e+00
-8.644984193115732296e-01 -1.866727125397044551e+00 7.886624289849414327e-01 -1.347062675365540363e+00 2.499495715204747004e-01 -2.215177268026814250e+00
-8.577165104268407170e-01 -1.861956564939280412e+00 7.898570367998742903e-01 -1.338233701293594091e+00 2.584720844926691186e-01 -2.214643104830823717e+00
-8.509378241916372154e-01 -1.857177552030997214e+00 7.910660225212869934e-01 -1.329414565348299382e+00 2.669905084215213886e-01 -2.214096567536820270e+00
-8.441624893568664412e-01 -1.852390023317268763e+00 7.922896601164614028e-01 -1.320605788498851796e+00 2.755044017611782969e-01 -2.213537728577156916e+00
-8.373906362078833432e-01 -1.847593913708250879e+00 7.935282259872350474e-01 -1.311807895679141023e+00 2.840133136658287150e-01 -2.212966661389196510e+00
-8.306223965864196757e-01 -1.842789156372218295e+00 7.947819988365171229e-01 -1.303021415725944765e+00 2.925167839373823409e-01 -2.212383440410992108e+00
-8.238579039121072256e-01 -1.837975682729899418e+00 7.960512595279490844e-01 -1.294246881316699183e+00 3.010143429727671904e-01 -2.211788141076907799e+00
-8.170972932035631686e-01 -1.833153422450165992e+00 7.973362909385263153e-01 -1.285484828906844346e+00 3.095055117108822529e-01 -2.211180839813184917e+00
-8.103407010989966963e-01 -1.828322303447128983e+00 7.986373778039989046e-01 -1.276735798666752464e+00 3.179898015792430588e-01 -2.210561614033450528e+00
-8.035882658763044972e-01 -1.823482251878697946e+00 7.999548065568682365e-01 -1.268000334418237118e+00 3.264667144403541332e-01 -2.209930542134165954e+00
-7.968401274726120143e-01 -1.818633192146658306e+00 8.012888651567965370e-01 -1.259278983570647048e+00 3.349357425378520769e-01 -2.209287703490020682e+00
-7.900964275032160700e-01 -1.813775046898325138e+00 8.026398429132480805e-01 -1.250572297064075800e+00 3.433963684323082521e-01 -2.208633178449266321e+00
-7.833573092798928883e-01 -1.808907737029828988e+00 8.040080303001810869e-01 -1.241880829304614409e+00 3.518480649469888366e-01 -2.207967048328992377e+00
-7.766229178285177781e-01 -1.804031181691094332e+00 8.053937187626107885e-01 -1.233205138099190412e+00 3.602902951135040777e-01 -2.207289395410344746e+00
-7.698933999059578426e-01 -1.799145298292566864e+00 8.067972005148649206e-01 -1.224545784589997854e+00 3.687225121173833831e-01 -2.206600302933684254e+00
-7.631689040161830917e-01 -1.794250002513750886e+00 8.082187683303554415e-01 -1.215903333188518953e+00 3.771441592436186596e-01 -2.205899855093687467e+00
-7.564495804255479960e-01 -1.789345208313615654e+00 8.096587153226918465e-01 -1.207278351509139647e+00 3.855546698222191981e-01 -2.205188137034388429e+00
-7.497355811771924117e-01 -1.784430827942931508e+00 8.111173347179625459e-01 -1.198671410302362128e+00 3.939534671738178506e-01 -2.204465234844160904e+00
-7.430270601045054768e-01 -1.779506771958595079e+00 8.125949196180165535e-01 -1.190083083387615925e+00 4.023399645553720205e-01 -2.203731235550641543e+00
-7.363241728435978573e-01 -1.774572949240006192e+00 8.140917627545773971e-01 -1.181513947585668856e+00 4.107135651060054293e-01 -2.202986227115594442e+00
-7.296270768447232768e-01 -1.769629267007555740e+00 8.156081562340250501e-01 -1.172964582650642740e+00 4.190736617930306274e-01 -2.202230298429715294e+00
-7.229359313825880484e-01 -1.764675630843286491e+00 8.171443912726876757e-01 -1.164435571201633657e+00 4.274196373582002106e-01 -2.201463539307376038e+00
-7.162508975654904297e-01 -1.759711944713787224e+00 8.187007579224865328e-01 -1.155927498653940289e+00 4.357508642642304864e-01 -2.200686040481310890e+00
-7.095721383432187501e-01 -1.754738110995381239e+00 8.202775447867819425e-01 -1.147440953149905241e+00 4.440667046416406638e-01 -2.199897893597241527e+00
-7.028998185136487997e-01 -1.749754030501670998e+00 8.218750387262739876e-01 -1.138976525489369118e+00 4.523665102359577528e-01 -2.199099191208442328e+00
-6.962341047279649864e-01 -1.744759602513496599e+00 8.234935245548171689e-01 -1.130534809059740686e+00 4.606496223553340208e-01 -2.198290026770246097e+00
-6.895751654944377584e-01 -1.739754724811370945e+00 8.251332847250115732e-01 -1.122116399765689110e+00 4.689153718186189757e-01 -2.197470494634489402e+00
-6.829231711806835747e-01 -1.734739293710449548e+00 8.267945990034419879e-01 -1.113721895958457386e+00 4.771630789039411624e-01 -2.196640690043898392e+00
-6.762782940143310384e-01 -1.729713204098092261e+00 8.284777441354409522e-01 -1.105351898364803409e+00 4.853920532978432956e-01 -2.195800709126413786e+00
-6.696407080820132585e-01 -1.724676349474077774e+00 8.301829934992599469e-01 -1.097007010015571105e+00 4.936015940450213524e-01 -2.194950648889454126e+00
-6.630105893266078354e-01 -1.719628621993525508e+00 8.319106167495391446e-01 -1.088687836173897860e+00 5.017909894987135910e-01 -2.194090607214122191e+00
-6.563881155426414260e-01 -1.714569912512581285e+00 8.336608794499753561e-01 -1.080394984263060021e+00 5.099595172717925617e-01 -2.193220682849347458e+00
-6.497734663697718460e-01 -1.709500110636921866e+00 8.354340426950952470e-01 -1.072129063793962001e+00 5.181064441886114036e-01 -2.192340975405969061e+00
-6.431668232842611133e-01 -1.704419104773130744e+00 8.372303627210510024e-01 -1.063890686292273458e+00 5.262310262376501679e-01 -2.191451585350760123e+00
-6.365683695883466164e-01 -1.699326782182997597e+00 8.390500905053638325e-01 -1.055680465225222076e+00 5.343325085250174578e-01 -2.190552614000388587e+00
-6.299782903974220361e-01 -1.694223029040791584e+00 8.408934713555527019e-01 -1.047499015928042176e+00 5.424101252288591191e-01 -2.189644163515318542e+00
-6.233967726249258767e-01 -1.689107730493555337e+00 8.427607444865943265e-01 -1.039346955530089378e+00 5.504630995547221683e-01 -2.188726336893651148e+00
-6.168240049648461287e-01 -1.683980770724468057e+00 8.446521425871736932e-01 -1.031224902880629735e+00 5.584906436919248041e-01 -2.187799237964905164e+00
-6.102601778717353653e-01 -1.678842033019319224e+00 8.465678913746943479e-01 -1.023133478474305580e+00 5.664919587709906779e-01 -2.186862971383734866e+00
-6.037054835381363560e-01 -1.673691399836136462e+00 8.485082091390332426e-01 -1.015073304376285623e+00 5.744662348221956094e-01 -2.185917642623589341e+00
-5.971601158693133904e-01 -1.668528752878005950e+00 8.504733062750347017e-01 -1.007045004147111733e+00 5.824126507352787030e-01 -2.184963357970309161e+00
-5.906242704551769584e-01 -1.663353973169121591e+00 8.524633848037542760e-01 -9.990492027672432940e-01 5.903303742203749316e-01 -2.184000224515662669e+00
-5.840981445392960936e-01 -1.658166941134096684e+00 8.544786378824781314e-01 -9.910865265613151287e-01 5.982185617702193703e-01 -2.183028350150822749e+00
-5.775819369848851359e-01 -1.652967536680568283e+00 8.565192493035567178e-01 -9.831576031221116452e-01 6.060763586236781464e-01 -2.182047843559779654e+00
-5.710758482376476763e-01 -1.647755639285122031e+00 8.585853929821107844e-01 -9.752630612342745309e-01 6.139028987306531793e-01 -2.181058814212695651e+00
-5.645800802853617739e-01 -1.642531128082559411e+00 8.606772324326819046e-01 -9.674035307977515430e-01 6.216973047184188861e-01 -2.180061372359197502e+00
-5.580948366140887629e-01 -1.637293881958530095e+00 8.627949202349183278e-01 -9.595796427509939441e-01 6.294586878594439217e-01 -2.179055629021607654e+00
-5.516203221608817486e-01 -1.632043779645542037e+00 8.649385974884067352e-01 -9.517920289939216794e-01 6.371861480407470246e-01 -2.178041695988114590e+00
-5.451567432628730003e-01 -1.626780699822363729e+00 8.671083932567773545e-01 -9.440413223106656204e-01 6.448787737348427029e-01 -2.177019685805882343e+00
-5.387043076026127864e-01 -1.621504521216825978e+00 8.693044240012319790e-01 -9.363281562920962031e-01 6.525356419723293833e-01 -2.175989711774099167e+00
-5.322632241495353078e-01 -1.616215122712025387e+00 8.715267930036646460e-01 -9.286531652581628826e-01 6.601558183161686522e-01 -2.174951887936963590e+00
-5.258337030974211679e-01 -1.610912383455927799e+00 8.737755897795670412e-01 -9.210169841800492918e-01 6.677383568377122103e-01 -2.173906329076610522e+00
-5.194159557977275909e-01 -1.605596182974367458e+00 8.760508894809330149e-01 -9.134202486021667511e-01 6.752823000945240572e-01 -2.172853150705976955e+00
-5.130101946886567177e-01 -1.600266401287427698e+00 8.783527522894007955e-01 -9.058635945640016729e-01 6.827866791100469790e-01 -2.171792469061603725e+00
-5.066166332198274169e-01 -1.594922919029187813e+00 8.806812227998965792e-01 -8.983476585218332922e-01 6.902505133551706251e-01 -2.170724401096379097e+00
-5.002354857724191639e-01 -1.589565617570813494e+00 8.830363293950675985e-01 -8.908730772703425949e-01 6.976728107317420324e-01 -2.169649064472219280e+00
-4.938669675746552024e-01 -1.584194379146961706e+00 8.854180836108211938e-01 -8.834404878641337611e-01 7.050525675580705531e-01 -2.168566577552687669e+00
-4.875112946124886548e-01 -1.578809086985468513e+00 8.878264794933139470e-01 -8.760505275391858859e-01 7.123887685564769257e-01 -2.167477059395552796e+00
-4.811686835353610192e-01 -1.573409625440276738e+00 8.902614929477619121e-01 -8.687038336342598477e-01 7.196803868429300088e-01 -2.166380629745285891e+00
-4.748393515568976042e-01 -1.567995880127559527e+00 8.927230810794763993e-01 -8.614010435122843035e-01 7.269263839188160325e-01 -2.165277409025495814e+00
-4.685235163504044564e-01 -1.562567738064985834e+00 8.952111815275580753e-01 -8.541427944817452378e-01 7.341257096648878822e-01 -2.164167518331302276e+00
-4.622213959390388816e-01 -1.557125087814069664e+00 8.977257117917148976e-01 -8.469297237181034887e-01 7.412773023374326087e-01 -2.163051079421649092e+00
-4.559332085805190005e-01 -1.551667819625534905e+00 9.002665685527048156e-01 -8.397624681852682293e-01 7.483800885667100111e-01 -2.161928214711554386e+00
-4.496591726462435545e-01 -1.546195825587625583e+00 9.028336269869364772e-01 -8.326416645571557140e-01 7.554329833576876041e-01 -2.160799047264299499e+00
-4.433995064946940623e-01 -1.540708999777278709e+00 9.054267400757982642e-01 -8.255679491393634883e-01 7.624348900931230411e-01 -2.159663700783555740e+00
-4.371544283389958707e-01 -1.535207238414074915e+00 9.080457379103241689e-01 -8.185419577909889277e-01 7.693847005390264115e-01 -2.158522299605450723e+00
-4.309241561085102035e-01 -1.529690440016870268e+00 9.106904269918411066e-01 -8.115643258466280763e-01 7.762812948525361634e-01 -2.157374968690572103e+00
-4.247089073043461838e-01 -1.524158505563009358e+00 9.133605895292852273e-01 -8.046356880385867605e-01 7.831235415922437326e-01 -2.156221833615908245e+00
-4.185088988486689310e-01 -1.518611338650007747e+00 9.160559827339133099e-01 -7.977566784193417249e-01 7.899102977310015206e-01 -2.155063020566728049e+00
-4.123243469276989259e-01 -1.513048845659590302e+00 9.187763381121810680e-01 -7.909279302842859849e-01 7.966404086712386423e-01 -2.153898656328399497e+00
-4.061554668282929548e-01 -1.507470935923957089e+00 9.215213607576010491e-01 -7.841500760947970328e-01 8.033127082628181981e-01 -2.152728868278144247e+00
-4.000024727680080439e-01 -1.501877521894147138e+00 9.242907286424417723e-01 -7.774237474016714167e-01 8.099260188234564950e-01 -2.151553784376730505e+00
-3.938655777185529061e-01 -1.496268519310358425e+00 9.270840919101746014e-01 -7.707495747689634413e-01 8.164791511617290887e-01 -2.150373533160104156e+00
-3.877449932225385254e-01 -1.490643847374078623e+00 9.299010721696259196e-01 -7.641281876982728427e-01 8.229709046026858488e-01 -2.149188243730957737e+00
-3.816409292034479428e-01 -1.485003428921867874e+00 9.327412617918400262e-01 -7.575602145535245135e-01 8.294000670160897037e-01 -2.147998045750234564e+00
-3.755535937687555226e-01 -1.479347190600633910e+00 9.356042232107142365e-01 -7.510462824862873532e-01 8.357654148473021571e-01 -2.146803069428572908e+00
-3.694831930061268643e-01 -1.473675063044226796e+00 9.384894882285175211e-01 -7.445870173616793153e-01 8.420657131508213489e-01 -2.145603445517686225e+00
-3.634299307726531758e-01 -1.467986981051175421e+00 9.413965573274626353e-01 -7.381830436849048382e-01 8.482997156264890926e-01 -2.144399305301679881e+00
-3.573940084770690362e-01 -1.462282883763380115e+00 9.443248989885586475e-01 -7.318349845284815025e-01 8.544661646583704417e-01 -2.143190780588305699e+00
-3.513756248549286809e-01 -1.456562714845568873e+00 9.472739490190298373e-01 -7.255434614601989907e-01 8.605637913563159991e-01 -2.141978003700153899e+00
-3.453749757367159390e-01 -1.450826422665316029e+00 9.502431098896495509e-01 -7.193090944718694146e-01 8.665913156002078566e-01 -2.140761107465780633e+00
-3.393922538088864904e-01 -1.445073960473415964e+00 9.532317500833999979e-01 -7.131325019089196360e-01 8.725474460868891668e-01 -2.139540225210771585e+00
-3.334276483678428882e-01 -1.439305286584398713e+00 9.562392034569360266e-01 -7.070143004008824228e-01 8.784308803797764575e-01 -2.138315490748744274e+00
-3.274813450668729864e-01 -1.433520364556965632e+00 9.592647686163977561e-01 -7.009551047928410661e-01 8.842403049611511356e-01 -2.137087038372285974e+00
-3.215535256560828614e-01 -1.427719163374116862e+00 9.623077083091882145e-01 -6.949555280778842992e-01 8.899743952871217445e-01 -2.135855002843825456e+00
-3.156443677153850658e-01 -1.421901657622738790e+00 9.653672488334043011e-01 -6.890161813306332483e-01 8.956318158452454270e-01 -2.134619519386445230e+00
-3.097540443806119370e-01 -1.416067827672410573e+00 9.684425794666843279e-01 -6.831376736418945939e-01 9.012112202147997131e-01 -2.133380723674625834e+00
-3.038827240628494408e-01 -1.410217659853183481e+00 9.715328519163139998e-01 -6.773206120545021136e-01 9.067112511296921973e-01 -2.132138751824927514e+00
-2.980305701611030145e-01 -1.404351146632083935e+00 9.746371797925122982e-01 -6.715656015004043411e-01 9.121305405439867897e-01 -2.130893740386609281e+00
-2.921977407684286376e-01 -1.398468286788082438e+00 9.777546381069026626e-01 -6.658732447390631748e-01 9.174677097000305537e-01 -2.129645826332180025e+00
-2.863843883716916672e-01 -1.392569085585268374e+00 9.808842627982604645e-01 -6.602441422972198382e-01 9.227213691991633659e-01 -2.128395147047888791e+00
-2.805906595451252983e-01 -1.386653554943963362e+00 9.840250502877178063e-01 -6.546788924100899187e-01 9.278901190749819783e-01 -2.127141840324147992e+00
-2.748166946379049236e-01 -1.380721713609505796e+00 9.871759570656990501e-01 -6.491780909640518793e-01 9.329725488691429369e-01 -2.125886044345893122e+00
-2.690626274559648756e-01 -1.374773587318429469e+00 9.903358993129562915e-01 -6.437423314408841080e-01 9.379672377096759384e-01 -2.124627897682877631e+00
-2.633285849383173449e-01 -1.368809208961760948e+00 9.935037525581745799e-01 -6.383722048636126800e-01 9.428727543917823084e-01 -2.123367539279902072e+00
-2.576146868281710134e-01 -1.362828618745152598e+00 9.966783513747187184e-01 -6.330682997440333359e-01 9.476876574610897386e-01 -2.122105108446978416e+00
-2.519210453391593774e-01 -1.356831864345567906e+00 9.998584891192029422e-01 -6.278312020319600784e-01 9.524104952993441842e-01 -2.120840744849430859e+00
-2.462477648170406930e-01 -1.350819001064231140e+00 1.003042917714674243e+00 -6.226614950662634485e-01 9.570398062125002880e-01 -2.119574588497929568e+00
-2.405949413972527928e-01 -1.344790091975549995e+00 1.006230347481319898e+00 -6.175597595277531049e-01 9.615741185211907904e-01 -2.118306779738460044e+00
-2.349626626587419942e-01 -1.338745208071719928e+00 1.009419447017726457e+00 -6.125265733939624369e-01 9.660119506535433942e-01 -2.117037459242226305e+00
-2.293510072745310602e-01 -1.332684428402713062e+00 1.012608843135849979e+00 -6.075625118958876136e-01 9.703518112403215490e-01 -2.115766767995490572e+00
-2.237600446595209291e-01 -1.326607840211352141e+00 1.015797120852982349e+00 -6.026681474767343616e-01 9.745921992123576238e-01 -2.114494847289345891e+00
-2.181898346160648927e-01 -1.320515539063171540e+00 1.018982823444143815e+00 -5.978440497527230946e-01 9.787316039002602608e-01 -2.113221838709423483e+00
-2.126404269778987555e-01 -1.314407628970757580e+00 1.022164452558468328e+00 -5.930907854760021358e-01 9.827685051363639346e-01 -2.111947884125535690e+00
-2.071118612530522540e-01 -1.308284222512263062e+00 1.025340468403307836e+00 -5.884089184997161048e-01 9.867013733589042879e-01 -2.110673125681252760e+00
-2.016041662664154188e-01 -1.302145440943784260e+00 1.028509289999933740e+00 -5.837990097452725458e-01 9.905286697183948164e-01 -2.109397705783413013e+00
-1.961173598026841880e-01 -1.295991414305286638e+00 1.031669295514882734e+00 -5.792616171718520945e-01 9.942488461861880289e-01 -2.108121767091569954e+00
-1.906514482504597652e-01 -1.289822281519757530e+00 1.034818822671169869e+00 -5.747972957481981560e-01 9.978603456652037629e-01 -2.106845452507371874e+00
-1.852064262483299473e-01 -1.283638190485262953e+00 1.037956169243777094e+00 -5.704065974267265027e-01 1.001361602102809112e+00 -2.105568905163876181e+00
-1.797822763338254859e-01 -1.277439298159574133e+00 1.041079593644016699e+00 -5.660900711199872148e-01 1.004751040605842416e+00 -2.104292268414800215e+00
-1.743789685961960600e-01 -1.271225770637027574e+00 1.044187315597579824e+00 -5.618482626795149315e-01 1.008027077557763995e+00 -2.103015685823703684e+00
-1.689964603340223803e-01 -1.264997783217266081e+00 1.047277516921295115e+00 -5.576817148713959504e-01 1.011188120747610331e+00 -2.101739301153108030e+00
-1.636346957187528872e-01 -1.258755520465503430e+00 1.050348342403854440e+00 -5.535909673600385439e-01 1.014232569491393843e+00 -2.100463258353549634e+00
-1.582936054653183433e-01 -1.252499176263939917e+00 1.053397900796010145e+00 -5.495765566944106340e-01 1.017158814755627194e+00 -2.099187701552567287e+00
-1.529731065110659927e-01 -1.246228953853941279e+00 1.056424265916007910e+00 -5.456390162967634794e-01 1.019965239282967673e+00 -2.097912775043626166e+00
-1.476731017043415584e-01 -1.239945065868576224e+00 1.059425477876301258e+00 -5.417788764538582491e-01 1.022650217719992760e+00 -2.096638623274973412e+00
