-3.104719112655640156e+00 -1.362797039261664622e+00 -1.553489084109514362e+00 -3.056441719293430559e+00 -3.170438242697504627e+00 1.561236790806873165e+00
-3.104719112655640156e+00 -1.362797039261664622e+00 -1.553489084109514362e+00 -3.056441719293430559e+00 -3.170438242697504627e+00 1.561236790806873165e+00
-3.104780348216068742e+00 -1.362587889827028498e+00 -9.344423716472296526e-01 -3.056446492414862881e+00 -3.170428948053067408e+00 1.561181073194187974e+00
-3.104998231737772674e+00 -1.362418010948185154e+00 -2.549178154949750530e-01 -3.056455947081659019e+00 -3.170410283083107572e+00 1.561070011867455865e+00
-3.105256764083220933e+00 -1.362444091477768904e+00 2.568656449378459161e-01 -3.056469990124296210e+00 -3.170382171685182104e+00 1.560903980265957447e+00
-3.105432325865969290e+00 -1.362603459059223088e+00 5.616490561836213757e-01 -3.056488526765763325e+00 -3.170344537314682576e+00 1.560683351372462280e+00
-3.105520904612689925e+00 -1.362805412192122922e+00 7.026529149122865414e-01 -3.056511460608760444e+00 -3.170297302964367514e+00 1.560408497716084364e+00
-3.105556138109673014e+00 -1.363006082088255022e+00 7.421676395195123677e-01 -3.056538693623322533e+00 -3.170240391143944070e+00 1.560079791375148961e+00
-3.105563358877733826e+00 -1.363189945718619622e+00 7.322219457473416737e-01 -3.056570126135379262e+00 -3.170173723859919690e+00 1.559697603980068514e+00
-3.105554032953146137e+00 -1.363352089047231264e+00 7.063681156701254737e-01 -3.056605656816162586e+00 -3.170097222595737563e+00 1.559262306716226787e+00
-3.105530855057731188e+00 -1.363491306215277810e+00 6.817582338926615471e-01 -3.056645182672133476e+00 -3.170010808292085258e+00 1.558774270326869216e+00
-3.105492753698170461e+00 -1.363607679922226978e+00 6.645300894796399849e-01 -3.056688599035121356e+00 -3.169914401327284192e+00 1.558233865116001038e+00
-3.105437785999330735e+00 -1.363701560963439974e+00 6.549339444114431474e-01 -3.056735799552507959e+00 -3.169807921497721281e+00 1.557641460951289414e+00
-3.105364337324486801e+00 -1.363773165386481079e+00 6.509231185706988443e-01 -3.056786676177390749e+00 -3.169691287998324558e+00 1.556997427266971545e+00
-3.105271387196546051e+00 -1.363822516691169273e+00 6.501563346752379235e-01 -3.056841119158688613e+00 -3.169564419403085864e+00 1.556302133066765903e+00
-3.105158393367749348e+00 -1.363849526652915811e+00 6.508376717243559151e-01 -3.056899017031185828e+00 -3.169427233645661257e+00 1.555555946926788335e+00
-3.105025093082879994e+00 -1.363854083037005394e+00 6.518812635309494397e-01 -3.056960256605502302e+00 -3.169279648000071781e+00 1.554759236998469518e+00
-3.104871345191748677e+00 -1.363836096434579037e+00 6.527744060902840317e-01 -3.057024722957979890e+00 -3.169121579061534355e+00 1.553912371011476612e+00
-3.104697039809925396e+00 -1.363795509147262441e+00 6.533650002338536877e-01 -3.057092299420461678e+00 -3.168952942727399691e+00 1.553015716276634706e+00
-3.104502061078132868e+00 -1.363732284668537353e+00 6.536800031248053422e-01 -3.057162867569949150e+00 -3.168773654178270505e+00 1.552069639688851588e+00
-3.104286279726136133e+00 -1.363646393362400566e+00 6.538065353340010155e-01 -3.057236307218110127e+00 -3.168583627859283158e+00 1.551074507730041852e+00
-3.104049557313116825e+00 -1.363537802203995675e+00 6.538300366923336382e-01 -3.057312496400613533e+00 -3.168382777461569599e+00 1.550030686472052555e+00
-3.103791752131948467e+00 -1.363406470312461760e+00 6.538113471736208826e-01 -3.057391311366269182e+00 -3.168171015903924026e+00 1.548938541579588879e+00
-3.103512723017056274e+00 -1.363252348884138820e+00 6.537849390362836521e-01 -3.057472626565948648e+00 -3.167948255314694705e+00 1.547798438313138680e+00
-3.103212330710106936e+00 -1.363075383341721958e+00 6.537656446558005596e-01 -3.057556314641262762e+00 -3.167714407013920042e+00 1.546610741531898592e+00
-3.102890437684797220e+00 -1.362875515941741611e+00 6.537567103335134577e-01 -3.057642246412980658e+00 -3.167469381495704894e+00 1.545375815696697241e+00
-3.102546907400599796e+00 -1.362652687866025225e+00 6.537560924208062341e-01 -3.057730290869161927e+00 -3.167213088410853139e+00 1.544094024872917359e+00
-3.102181603597933268e+00 -1.362406840492349502e+00 6.537603225135834029e-01 -3.057820315152987245e+00 -3.166945436549790660e+00 1.542765732733417217e+00
-3.101794389874296787e+00 -1.362137915939339416e+00 6.537663689980455217e-01 -3.057912184550270585e+00 -3.166666333825786772e+00 1.541391302561450738e+00
-3.101385129542182817e+00 -1.361845857134274418e+00 6.537722185892099747e-01 -3.058005762476630807e+00 -3.166375687258506044e+00 1.539971097253586052e+00
-3.100953685670465365e+00 -1.361530607649383606e+00 6.537768106089190123e-01 -3.058100910464306210e+00 -3.166073402957897187e+00 1.538505479322618941e+00
-3.100499921203259124e+00 -1.361192111480510336e+00 6.537797449087500157e-01 -3.058197488148603593e+00 -3.165759386108433660e+00 1.536994810900486730e+00
-3.100023699082780748e+00 -1.360830312861033287e+00 6.537809860884743474e-01 -3.058295353253952520e+00 -3.165433540953755731e+00 1.535439453741179738e+00
-3.099524882341079035e+00 -1.360445156142251255e+00 6.537806493011165676e-01 -3.058394361579567455e+00 -3.165095770781675366e+00 1.533839769223649618e+00
-3.099003334153694666e+00 -1.360036585735783676e+00 6.537788769891781371e-01 -3.058494366984684909e+00 -3.164745977909588781e+00 1.532196118354716585e+00
-3.098458917863042394e+00 -1.359604546099284939e+00 6.537757845883760410e-01 -3.058595221373386686e+00 -3.164384063670385050e+00 1.530508861771970652e+00
-3.097891496983582460e+00 -1.359148981745746276e+00 6.537714475532839797e-01 -3.058696774678974606e+00 -3.164009928398768157e+00 1.528778359746672200e+00
-3.097300935199270633e+00 -1.358669837261621938e+00 6.537659076406124870e-01 -3.058798874847901139e+00 -3.163623471418034239e+00 1.527004972186648102e+00
-3.096687096360072999e+00 -1.358167057325165183e+00 6.537591847283910074e-01 -3.058901367823240403e+00 -3.163224591027328891e+00 1.525189058639184747e+00
-3.096049844480799340e+00 -1.357640586721296394e+00 6.537512873955596548e-01 -3.059004097527693311e+00 -3.162813184489509322e+00 1.523330978293920834e+00
-3.095389043743079327e+00 -1.357090370352445285e+00 6.537422200943779904e-01 -3.059106905846115776e+00 -3.162389148019345342e+00 1.521431089985732843e+00
-3.094704558500003699e+00 -1.356516353246213447e+00 6.537319869855524601e-01 -3.059209632607571283e+00 -3.161952376772538820e+00 1.519489752197620280e+00
-3.093996253282544906e+00 -1.355918480561133288e+00 6.537205934701524335e-01 -3.059312115566893198e+00 -3.161502764835113055e+00 1.517507323063586933e+00
-3.093263992806931650e+00 -1.355296697591554356e+00 6.537080464046592931e-01 -3.059414190385751908e+00 -3.161040205213393683e+00 1.515484160371516786e+00
-3.092507641982401356e+00 -1.354650949772362667e+00 6.536943537507271529e-01 -3.059515690613239247e+00 -3.160564589824733872e+00 1.513420621566048396e+00
-3.091727065919034789e+00 -1.353981182683900775e+00 6.536795241150364921e-01 -3.059616447665945760e+00 -3.160075809488800402e+00 1.511317063751444589e+00
-3.090922129935535168e+00 -1.353287342057193809e+00 6.536635663965066900e-01 -3.059716290807543704e+00 -3.159573753919439731e+00 1.509173843694456840e+00
-3.090092699566983736e+00 -1.352569373779458406e+00 6.536464895436244760e-01 -3.059815047127875332e+00 -3.159058311717390044e+00 1.506991317827189869e+00
-3.089238640572593120e+00 -1.351827223899853880e+00 6.536283024312503631e-01 -3.059912541521548235e+00 -3.158529370363673205e+00 1.504769842249958023e+00
-3.088359818943507307e+00 -1.351060838635397277e+00 6.536090138290008289e-01 -3.060008596666027980e+00 -3.157986816213600001e+00 1.502509772734141213e+00
-3.087456100910706436e+00 -1.350270164376998538e+00 6.535886323937527553e-01 -3.060103032999241801e+00 -3.157430534491538321e+00 1.500211464725036636e+00
-3.086527352953022607e+00 -1.349455147695582058e+00 6.535671666706059924e-01 -3.060195668696698679e+00 -3.156860409286522007e+00 1.497875273344702718e+00
-3.085573441805268047e+00 -1.348615735348294820e+00 6.535446251589327460e-01 -3.060286319648126252e+00 -3.156276323548580010e+00 1.495501553394802841e+00
-3.084594234466533802e+00 -1.347751874284736084e+00 6.535210162797229216e-01 -3.060374799433636106e+00 -3.155678159085910650e+00 1.493090659359444405e+00
-3.083589598208581695e+00 -1.346863511653300760e+00 6.534963484032473291e-01 -3.060460919299424987e+00 -3.155065796562948943e+00 1.490642945408011677e+00
-3.082559400584371723e+00 -1.345950594807569844e+00 6.534706298372859878e-01 -3.060544488133019936e+00 -3.154439115499273694e+00 1.488158765397996630e+00
-3.081503509436692489e+00 -1.345013071312787023e+00 6.534438688466440714e-01 -3.060625312438060686e+00 -3.153797994269144311e+00 1.485638472877824467e+00
-3.080421792906924860e+00 -1.344050888952394329e+00 6.534160736665535207e-01 -3.060703196308659280e+00 -3.153142310102178492e+00 1.483082421089675140e+00
-3.079314119443930853e+00 -1.343063995734615546e+00 6.533872524783819191e-01 -3.060777941403327596e+00 -3.152471939084791508e+00 1.480490962972299096e+00
-3.078180357813036672e+00 -1.342052339899145741e+00 6.533574134092137164e-01 -3.060849346918515845e+00 -3.151786756162806125e+00 1.477864451163822368e+00
-3.077020377105113891e+00 -1.341015869923898984e+00 6.533265645048239589e-01 -3.060917209561743402e+00 -3.151086635144870307e+00 1.475203238004558992e+00
-3.075834046745743233e+00 -1.339954534531861974e+00 6.532947137786625502e-01 -3.060981323524343711e+00 -3.150371448706783539e+00 1.472507675539809657e+00
-3.074621236504537336e+00 -1.338868282697961432e+00 6.532618691845989423e-01 -3.061041480453872587e+00 -3.149641068397061705e+00 1.469778115522656359e+00
-3.073381816504538566e+00 -1.337757063656024759e+00 6.532280386485793677e-01 -3.061097469426147466e+00 -3.148895364643231165e+00 1.467014909416748392e+00
-3.072115657231749619e+00 -1.336620826905764226e+00 6.531932300494408539e-01 -3.061149076916991341e+00 -3.148134206759454656e+00 1.464218408399087679e+00
-3.070822629544750271e+00 -1.335459522219846429e+00 6.531574512385619480e-01 -3.061196086773655178e+00 -3.147357462955012508e+00 1.461388963362803217e+00
-3.069502604684436697e+00 -1.334273099650999939e+00 6.531207099895138812e-01 -3.061238280185964111e+00 -3.146565000343902074e+00 1.458526924919921530e+00
-3.068155454283805206e+00 -1.333061509539246403e+00 6.530830140009995510e-01 -3.061275435657205168e+00 -3.145756684955506532e+00 1.455632643404128457e+00
-3.066781050377823004e+00 -1.331824702519189607e+00 6.530443709255948637e-01 -3.061307328974772091e+00 -3.144932381746312178e+00 1.452706468873525392e+00
-3.065379265413434418e+00 -1.330562629527324070e+00 6.530047883772986950e-01 -3.061333733180605865e+00 -3.144091954612793671e+00 1.449748751113384859e+00
-3.063949972259659926e+00 -1.329275241809386721e+00 6.529642739404449836e-01 -3.061354418541461619e+00 -3.143235266405483674e+00 1.446759839638887879e+00
-3.062493044217810656e+00 -1.327962490927752093e+00 6.529228351337784675e-01 -3.061369152519040959e+00 -3.142362178944415163e+00 1.443740083697854670e+00
-3.061008355031738848e+00 -1.326624328768926775e+00 6.528804794425528968e-01 -3.061377699739973757e+00 -3.141472553035476345e+00 1.440689832273472248e+00
-3.059495778898226437e+00 -1.325260707551054740e+00 6.528372142942129308e-01 -3.061379821965704906e+00 -3.140566248487998813e+00 1.437609434087007143e+00
-3.057955190477429586e+00 -1.323871579831508605e+00 6.527930471040250815e-01 -3.061375278062327787e+00 -3.139643124133619789e+00 1.434499237600512789e+00
-3.056386464903475986e+00 -1.322456898514465129e+00 6.527479852086517376e-01 -3.061363823970378650e+00 -3.138703037846350075e+00 1.431359591019528699e+00
-3.054789477795041286e+00 -1.321016616858619708e+00 6.527020358793749200e-01 -3.061345212674603022e+00 -3.137745846563646968e+00 1.428190842295765428e+00
-3.053164105266032102e+00 -1.319550688484931733e+00 6.526552063783178648e-01 -3.061319194173786951e+00 -3.136771406309014409e+00 1.424993339129779990e+00
-3.051510223936425348e+00 -1.318059067384326433e+00 6.526075038763877734e-01 -3.061285515450681505e+00 -3.135779572215996680e+00 1.421767428973641945e+00
-3.049827710943077363e+00 -1.316541707925578786e+00 6.525589355220569043e-01 -3.061243920441962807e+00 -3.134770198552975007e+00 1.418513459033590829e+00
-3.048116443950696475e+00 -1.314998564863119057e+00 6.525095084417408264e-01 -3.061194150008346604e+00 -3.133743138749361723e+00 1.415231776272672715e+00
-3.046376301162910138e+00 -1.313429593344884960e+00 6.524592297142250974e-01 -3.061135941904915558e+00 -3.132698245423310990e+00 1.411922727413363443e+00
-3.044607161333370282e+00 -1.311834748920255755e+00 6.524081063402080716e-01 -3.061069030751644604e+00 -3.131635370410622787e+00 1.408586658940184533e+00
-3.042808903776860863e+00 -1.310213987548066505e+00 6.523561452821626805e-01 -3.060993148004188757e+00 -3.130554364794995603e+00 1.405223917102298881e+00
-3.040981408380555528e+00 -1.308567265604605900e+00 6.523033534464157679e-01 -3.060908021924917843e+00 -3.129455078939268109e+00 1.401834847916095139e+00
-3.039124555615309919e+00 -1.306894539891675810e+00 6.522497376805033165e-01 -3.060813377554317594e+00 -3.128337362518204934e+00 1.398419797167763656e+00
-3.037238226547021913e+00 -1.305195767644697247e+00 6.521953048352124860e-01 -3.060708936682754899e+00 -3.127201064552508569e+00 1.394979110415849322e+00
-3.035322302848156184e+00 -1.303470906540725061e+00 6.521400617318331427e-01 -3.060594417822691593e+00 -3.126046033444340733e+00 1.391513132993782209e+00
-3.033376666809290967e+00 -1.301719914706558123e+00 6.520840151008731045e-01 -3.060469536181321004e+00 -3.124872117013938855e+00 1.388022210012397561e+00
-3.031401201350627073e+00 -1.299942750727003826e+00 6.520271716200095602e-01 -3.060334003633716549e+00 -3.123679162537570608e+00 1.384506686362438677e+00
-3.029395790033621694e+00 -1.298139373653099726e+00 6.519695379711160088e-01 -3.060187528696508341e+00 -3.122467016786749650e+00 1.380966906717037590e+00
-3.027360317072779416e+00 -1.296309743010245485e+00 6.519111208147659875e-01 -3.060029816502196187e+00 -3.121235526068973698e+00 1.377403215534166225e+00
-3.025294667347448563e+00 -1.294453818806394318e+00 6.518519267468220191e-01 -3.059860568774059431e+00 -3.119984536269560849e+00 1.373815957059071113e+00
-3.023198726413609538e+00 -1.292571561540368563e+00 6.517919623012232710e-01 -3.059679483801787558e+00 -3.118713892894991346e+00 1.370205475326694566e+00
-3.021072380515728462e+00 -1.290662932210207003e+00 6.517312338821994455e-01 -3.059486256417859984e+00 -3.117423441117624705e+00 1.366572114164063434e+00
-3.018915516598515758e+00 -1.288727892321670065e+00 6.516697479040168828e-01 -3.059280577974638593e+00 -3.116113025821404481e+00 1.362916217192661428e+00
-3.016728022319018709e+00 -1.286766403896488997e+00 6.516075108083813072e-01 -3.059062136322264536e+00 -3.114782491648738993e+00 1.359238127830771470e+00
-3.014509786058800156e+00 -1.284778429480585960e+00 6.515445289477568291e-01 -3.058830615787507146e+00 -3.113431683049089571e+00 1.355538189295785179e+00
-3.012260696935939563e+00 -1.282763932152555908e+00 6.514808086518447672e-01 -3.058585697153402005e+00 -3.112060444328183184e+00 1.351816744606501697e+00
-3.009980644817215278e+00 -1.280722875532031457e+00 6.514163561943424607e-01 -3.058327057639978364e+00 -3.110668619699098691e+00 1.348074136585377447e+00
-3.007669520330270796e+00 -1.278655223788133233e+00 6.513511777828913107e-01 -3.058054370886025719e+00 -3.109256053334662706e+00 1.344310707860755905e+00
-3.005327214875793462e+00 -1.276560941647959080e+00 6.512852796479768891e-01 -3.057767306931788109e+00 -3.107822589420451642e+00 1.340526800869072721e+00
-3.002953620639928989e+00 -1.274439994404881649e+00 6.512186679534687217e-01 -3.057465532202855218e+00 -3.106368072209420461e+00 1.336722757857018662e+00
-3.000548630606568068e+00 -1.272292347927073353e+00 6.511513487980806758e-01 -3.057148709495132177e+00 -3.104892346077349430e+00 1.332898920883667238e+00
-2.998112138569653862e+00 -1.270117968666030217e+00 6.510833282790806642e-01 -3.056816497961047929e+00 -3.103395255579619150e+00 1.329055631822574579e+00
-2.995644039145673787e+00 -1.267916823664956061e+00 6.510146124306278592e-01 -3.056468553097020369e+00 -3.101876645509158870e+00 1.325193232363843121e+00
-2.993144227786058487e+00 -1.265688880567309216e+00 6.509452072328322236e-01 -3.056104526732244420e+00 -3.100336360955580073e+00 1.321312064016144205e+00
-2.990612600789629649e+00 -1.263434107625333924e+00 6.508751186229775332e-01 -3.055724067018759538e+00 -3.098774247365148060e+00 1.317412468108701606e+00
-2.988049055315111779e+00 -1.261152473708575750e+00 6.508043524344685471e-01 -3.055326818422954727e+00 -3.097190150601971670e+00 1.313494785793235087e+00
-2.985453489393526727e+00 -1.258843948312554195e+00 6.507329145474808341e-01 -3.054912421718465776e+00 -3.095583917010066966e+00 1.309559358045870869e+00
-2.982825801940995447e+00 -1.256508501567076053e+00 6.506608108149528613e-01 -3.054480513980648571e+00 -3.093955393476746529e+00 1.305606525669002149e+00
-2.980165892771389213e+00 -1.254146104244725057e+00 6.505880469763566376e-01 -3.054030728582563636e+00 -3.092304427496901820e+00 1.301636629293100311e+00
-2.977473662608786320e+00 -1.251756727769562039e+00 6.505146288039023172e-01 -3.053562695192462595e+00 -3.090630867237929014e+00 1.297650009378475744e+00
-2.974749013100311590e+00 -1.249340344225445820e+00 6.504405620817094169e-01 -3.053076039772978145e+00 -3.088934561605854334e+00 1.293647006216998241e+00
-2.971991846828977213e+00 -1.246896926364415625e+00 6.503658525117764766e-01 -3.052570384581884788e+00 -3.087215360311980294e+00 1.289627959933764778e+00
-2.969202067326308203e+00 -1.244426447615311515e+00 6.502905056865223576e-01 -3.052045348174690975e+00 -3.085473113940794043e+00 1.285593210488714222e+00
-2.966379579084922113e+00 -1.241928882092481867e+00 6.502145271626773582e-01 -3.051500545408956544e+00 -3.083707674018526745e+00 1.281543097678208953e+00
-2.963524287571307703e+00 -1.239404204604290127e+00 6.501379225279465546e-01 -3.050935587450232411e+00 -3.081918893081883937e+00 1.277477961136544327e+00
-2.960636099238822982e+00 -1.236852390661447476e+00 6.500606973187116333e-01 -3.050350081780173195e+00 -3.080106624748627286e+00 1.273398140337393958e+00
-2.957714921540460118e+00 -1.234273416485523800e+00 6.499828569864196659e-01 -3.049743632206325827e+00 -3.078270723788107954e+00 1.269303974595215934e+00
-2.954760662941569027e+00 -1.231667259017582561e+00 6.499044069454257277e-01 -3.049115838873850404e+00 -3.076411046192460752e+00 1.265195803066564206e+00
-2.951773232932696445e+00 -1.229033895926652020e+00 6.498253525656798590e-01 -3.048466298279255415e+00 -3.074527449248543487e+00 1.261073964751375787e+00
-2.948752542042427205e+00 -1.226373305618216669e+00 6.497456992488712668e-01 -3.047794603286175796e+00 -3.072619791610552653e+00 1.256938798494177334e+00
-2.945698501850461781e+00 -1.223685467242482172e+00 6.496654522981034630e-01 -3.047100343143137824e+00 -3.070687933372946432e+00 1.252790642985220027e+00
-2.942611025000343883e+00 -1.220970360702998914e+00 6.495846170129062624e-01 -3.046383103503367273e+00 -3.068731736143699429e+00 1.248629836761583345e+00
-2.939490025212434965e+00 -1.218227966664978679e+00 6.495031986243189337e-01 -3.045642466446761620e+00 -3.066751063118132059e+00 1.244456718208174495e+00
-2.936335417296745742e+00 -1.215458266563809175e+00 6.494212023225635066e-01 -3.044878010504006305e+00 -3.064745779153034366e+00 1.240271625558657664e+00
-2.933147117165860518e+00 -1.212661242613481738e+00 6.493386332700831209e-01 -3.044089310682768446e+00 -3.062715750840803164e+00 1.236074896896313557e+00
-2.929925041847883271e+00 -1.209836877814938427e+00 6.492554966078962764e-01 -3.043275938496213140e+00 -3.060660846584129402e+00 1.231866870154847415e+00
-2.926669109499416166e+00 -1.206985155964391154e+00 6.491717974979558381e-01 -3.042437461993761083e+00 -3.058580936670890260e+00 1.227647883119075578e+00
-2.923379239418674835e+00 -1.204106061661475824e+00 6.490875410413989854e-01 -3.041573445794171882e+00 -3.056475893349268613e+00 1.223418273425567193e+00
-2.920055352058352760e+00 -1.201199580317637849e+00 6.490027322614196903e-01 -3.040683451120966385e+00 -3.054345590903066121e+00 1.219178378563188447e+00
-2.916697369038468768e+00 -1.198265698164580950e+00 6.489173761867407242e-01 -3.039767035839935350e+00 -3.052189905726344410e+00 1.214928535873572635e+00
-2.913305213159431251e+00 -1.195304402262409305e+00 6.488314776951250584e-01 -3.038823754499272223e+00 -3.050008716398780351e+00 1.210669082551492526e+00
-2.909878808414628093e+00 -1.192315680508260645e+00 6.487450416945763632e-01 -3.037853158371792262e+00 -3.047801903760108289e+00 1.206400355645171008e+00
-2.906418080003547288e+00 -1.189299521644315849e+00 6.486580729800521805e-01 -3.036854795499693171e+00 -3.045569350984816737e+00 1.202122692056475595e+00
-2.902922954344475226e+00 -1.186255915266273053e+00 6.485705763989189077e-01 -3.035828210741839062e+00 -3.043310943656885037e+00 1.197836428541024789e+00
-2.899393359087686139e+00 -1.183184851831227347e+00 6.484825568334700030e-01 -3.034772945823270174e+00 -3.041026569843678473e+00 1.193541901708210728e+00
-2.895829223128570273e+00 -1.180086322665554466e+00 6.483940191323959157e-01 -3.033688539387542793e+00 -3.038716120170471768e+00 1.189239448021114143e+00
-2.892230476620563095e+00 -1.176960319973014313e+00 6.483049680412317217e-01 -3.032574527051150604e+00 -3.036379487893538176e+00 1.184929403796347591e+00
-2.888597050987855130e+00 -1.173806836843083623e+00 6.482154082217544966e-01 -3.031430441460823744e+00 -3.034016568973761707e+00 1.180612105203754814e+00
-2.884928878938117336e+00 -1.170625867259184716e+00 6.481253442199834680e-01 -3.030255812352969258e+00 -3.031627262148799407e+00 1.176287888266017045e+00
-2.881225894475123450e+00 -1.167417406107019273e+00 6.480347806777726483e-01 -3.029050166615744999e+00 -3.029211469004959412e+00 1.171957088858182505e+00
-2.877488032911998950e+00 -1.164181449182070782e+00 6.479437222028294752e-01 -3.027813028353505853e+00 -3.026769094048077147e+00 1.167620042707062211e+00
-2.873715230884080984e+00 -1.160917993197558840e+00 6.478521734082879346e-01 -3.026543918953892742e+00 -3.024300044773950535e+00 1.163277085390537646e+00
-2.869907426361883562e+00 -1.157627035792205383e+00 6.477601387874544203e-01 -3.025242357157478690e+00 -3.021804231738047353e+00 1.158928552336746742e+00
-2.866064558663638628e+00 -1.154308575538436576e+00 6.476676227999843549e-01 -3.023907859130103404e+00 -3.019281568624702317e+00 1.154574778823152625e+00
-2.862186568468089831e+00 -1.150962611950232306e+00 6.475746298737129480e-01 -3.022539938537630366e+00 -3.016731972315114696e+00 1.150216099975499562e+00
-2.858273397827243212e+00 -1.147589145490901297e+00 6.474811644710948277e-01 -3.021138106623145525e+00 -3.014155362954159312e+00 1.145852850766641451e+00
-2.854324990179375465e+00 -1.144188177580593324e+00 6.473872309942823033e-01 -3.019701872286962629e+00 -3.011551664016741015e+00 1.141485366015271063e+00
-2.850341290361705582e+00 -1.140759710604141164e+00 6.472928337967159829e-01 -3.018230742168977354e+00 -3.008920802372601955e+00 1.137113980384512057e+00
-2.846322244622989217e+00 -1.137303747918752661e+00 6.471979771967824036e-01 -3.016724220733294715e+00 -3.006262708349387136e+00 1.132739028380379320e+00
-2.842267800636237851e+00 -1.133820293861691253e+00 6.471026654350147123e-01 -3.015181810355533898e+00 -3.003577315794841329e+00 1.128360844350131842e+00
-2.838177907511195919e+00 -1.130309353758032209e+00 6.470069026732260253e-01 -3.013603011412845589e+00 -3.000864562138145786e+00 1.123979762480469935e+00
-2.834052515806776640e+00 -1.126770933928394003e+00 6.469106929690843222e-01 -3.011987322376086684e+00 -2.998124388449152189e+00 1.119596116795620100e+00
-2.829891577543383718e+00 -1.123205041696741624e+00 6.468140405381789249e-01 -3.010334239904618236e+00 -2.995356739496484177e+00 1.115210241155273563e+00
-2.825695046216150530e+00 -1.119611685397061018e+00 6.467169496306099941e-01 -3.008643258943632937e+00 -2.992561563804265745e+00 1.110822469252394473e+00
-2.821462876807749875e+00 -1.115990874380493825e+00 6.466194244058686147e-01 -3.006913872823942846e+00 -2.989738813707309983e+00 1.106433134610875335e+00
-2.817195025800679709e+00 -1.112342619022903545e+00 6.465214689044456176e-01 -3.005145573364027545e+00 -2.986888445404330739e+00 1.102042570583089853e+00
-2.812891451189422298e+00 -1.108666930732550071e+00 6.464230872200259492e-01 -3.003337850974724610e+00 -2.984010419009925918e+00 1.097651110347287906e+00
-2.808552112493163389e+00 -1.104963821956953085e+00 6.463242833019646749e-01 -3.001490194766002872e+00 -2.981104698604230663e+00 1.093259086904803334e+00
-2.804176970767776833e+00 -1.101233306190584127e+00 6.462250611075384121e-01 -2.999602092656407759e+00 -2.978171252281369696e+00 1.088866833077158258e+00
-2.799765988618348356e+00 -1.097475397981870993e+00 6.461254244485600262e-01 -2.997673031484720862e+00 -2.975210052195795374e+00 1.084474681503032834e+00
-2.795319130211022962e+00 -1.093690112940781223e+00 6.460253771818366131e-01 -2.995702497123566399e+00 -2.972221074606010038e+00 1.080082964635057374e+00
-2.790836361285530032e+00 -1.089877467745521411e+00 6.459249231590717955e-01 -2.993689974595420189e+00 -2.969204299916576861e+00 1.075692014736457924e+00
-2.786317649167514343e+00 -1.086037480149420364e+00 6.458240661895218171e-01 -2.991634948191219223e+00 -2.966159712718785091e+00 1.071302163877531743e+00
-2.781762962780688131e+00 -1.082170168987917069e+00 6.457228099208549565e-01 -2.989536901590742701e+00 -2.963087301828393194e+00 1.066913743931988900e+00
-2.777172272658436469e+00 -1.078275554186013174e+00 6.456211581907668196e-01 -2.987395317985205079e+00 -2.959987060321322083e+00 1.062527086573145763e+00
-2.772545550956782456e+00 -1.074353656764093223e+00 6.455191146371241917e-01 -2.985209680202391525e+00 -2.956858985567900611e+00 1.058142523269909985e+00
-2.767882771465760339e+00 -1.070404498845435315e+00 6.454166829455505461e-01 -2.982979470833426738e+00 -2.953703079264002884e+00 1.053760385282660916e+00
-2.763183909621723000e+00 -1.066428103662544924e+00 6.453138668626733354e-01 -2.980704172361470228e+00 -2.950519347459672037e+00 1.049381003658942380e+00
-2.758448942519645009e+00 -1.062424495563329296e+00 6.452106699991247973e-01 -2.978383267292705749e+00 -2.947307800585933890e+00 1.045004709228988249e+00
-2.753677848924576121e+00 -1.058393700018118277e+00 6.451070959062951138e-01 -2.976016238289017846e+00 -2.944068453478726255e+00 1.040631832601106588e+00
-2.748870609283437183e+00 -1.054335743626346966e+00 6.450031480841645903e-01 -2.973602568302924798e+00 -2.940801325400991040e+00 1.036262704156845960e+00
-2.744027205736726316e+00 -1.050250654123101368e+00 6.448988299651111644e-01 -2.971141740714172919e+00 -2.937506440061909530e+00 1.031897654046025625e+00
-2.739147622130039039e+00 -1.046138460385628299e+00 6.447941450728054136e-01 -2.968633239467834084e+00 -2.934183825633084997e+00 1.027537012181575893e+00
-2.734231844026262070e+00 -1.041999192439067023e+00 6.446890968297620539e-01 -2.966076549214488711e+00 -2.930833514762706038e+00 1.023181108234213932e+00
-2.729279858716890494e+00 -1.037832881463024215e+00 6.445836886346101302e-01 -2.963471155451748995e+00 -2.927455544586487601e+00 1.018830271626945283e+00
-2.724291655233614939e+00 -1.033639559797716378e+00 6.444779237740874134e-01 -2.960816544667549621e+00 -2.924049956736173961e+00 1.014484831529370412e+00
-2.719267224359500634e+00 -1.029419260950504400e+00 6.443718053529901013e-01 -2.958112204485346286e+00 -2.920616797345865212e+00 1.010145116851844715e+00
-2.714206558639766342e+00 -1.025172019602707651e+00 6.442653365266518550e-01 -2.955357623810286327e+00 -2.917156117054692466e+00 1.005811456239456447e+00
-2.709109652393459022e+00 -1.020897871615175978e+00 6.441585205706890083e-01 -2.952552292976708070e+00 -2.913667971006527413e+00 1.001484178065797925e+00
-2.703976501725390946e+00 -1.016596854033410935e+00 6.440513607921698469e-01 -2.949695703897566634e+00 -2.910152418847742339e+00 9.971636104265925171e-01
-2.698807104537680246e+00 -1.012269005093074492e+00 6.439438603641257641e-01 -2.946787350215151147e+00 -2.906609524722045812e+00 9.928500811331042453e-01
-2.693601460540529402e+00 -1.007914364226276449e+00 6.438360224498247408e-01 -2.943826727452830916e+00 -2.903039357262067632e+00 9.885439177054095028e-01
-2.688359571263447378e+00 -1.003532972067140205e+00 6.437278501728097568e-01 -2.940813333168055710e+00 -2.899441989578128709e+00 9.842454473654493885e-01
-2.683081440066269252e+00 -9.991248704574458017e-01 6.436193464954698129e-01 -2.937746667106527099e+00 -2.895817499244149218e+00 9.799549970299263890e-01
-2.677767072149548344e+00 -9.946901024528295165e-01 6.435105144465406157e-01 -2.934626231357428505e+00 -2.892165968280602240e+00 9.756728933029756856e-01
-2.672416474565964428e+00 -9.902287123277859759e-01 6.434013568682510620e-01 -2.931451530509993741e+00 -2.888487483135011136e+00 9.713994624686778101e-01
-2.667029656230435197e+00 -9.857407455818456565e-01 6.432918766881413619e-01 -2.928222071809902793e+00 -2.884782134657820407e+00 9.671350304833759015e-01
-2.661606627931389468e+00 -9.812262489442582503e-01 6.431820768860260218e-01 -2.924937365317133775e+00 -2.881050018076188657e+00 9.628799229678168814e-01
-2.656147402341842767e+00 -9.766852703787582968e-01 6.430719603537010665e-01 -2.921596924065088974e+00 -2.877291232965512258e+00 9.586344651990519328e-01
-2.650651994029790792e+00 -9.721178590890239279e-01 6.429615297849894384e-01 -2.918200264219965145e+00 -2.873505883217229329e+00 9.543989821022408337e-01
-2.645120419468032225e+00 -9.675240655247010491e-01 6.428507877790903269e-01 -2.914746905240847674e+00 -2.869694077003715815e+00 9.501737982421832873e-01
-2.639552697044323715e+00 -9.629039413867490627e-01 6.427397371644342217e-01 -2.911236370040182209e+00 -2.865855926739900639e+00 9.459592378146954861e-01
-2.633948847072949295e+00 -9.582575396309023219e-01 6.426283806456675185e-01 -2.907668185145130924e+00 -2.861991549042416594e+00 9.417556246377933871e-01
-2.628308891804662650e+00 -9.535849144730350613e-01 6.425167208965260057e-01 -2.904041880858875047e+00 -2.858101064685062198e+00 9.375632821426665986e-01
-2.622632855436924260e+00 -9.488861213938992734e-01 6.424047603391747074e-01 -2.900356991423050257e+00 -2.854184598552329533e+00 9.333825333645298095e-01
-2.616920764123034093e+00 -9.441612171450493030e-01 6.422925015462063181e-01 -2.896613055179628304e+00 -2.850242279588790950e+00 9.292137009332155362e-01
-2.611172645983059759e+00 -9.394102597524056630e-01 6.421799470865187098e-01 -2.892809614732854140e+00 -2.846274240745289674e+00 9.250571070636101068e-01
-2.605388531113983941e+00 -9.346333085205906777e-01 6.420670993095217716e-01 -2.888946217112333237e+00 -2.842280618923543223e+00 9.209130735458824768e-01
-2.599568451598762486e+00 -9.298304240384549502e-01 6.419539605772569546e-01 -2.885022413935581120e+00 -2.838261554916976070e+00 9.167819217355341888e-01
-2.593712441516348388e+00 -9.250016681831434440e-01 6.418405333426431270e-01 -2.881037761570399702e+00 -2.834217193348409491e+00 9.126639725432337258e-01
-2.587820536952031958e+00 -9.201471041236091164e-01 6.417268199499105430e-01 -2.876991821297146146e+00 -2.830147682604808868e+00 9.085595464245095343e-01
-2.581892776006729395e+00 -9.152667963251910344e-01 6.416128226771332654e-01 -2.872884159471179366e+00 -2.826053174769581400e+00 9.044689633692084563e-01
-2.575929198806430342e+00 -9.103608105538942841e-01 6.414985437613283104e-01 -2.868714347685252353e+00 -2.821933825552246589e+00 9.003925428907807449e-01
-2.569929847511686738e+00 -9.054292138804325152e-01 6.413839854998362178e-01 -2.864481962931081593e+00 -2.817789794214599741e+00 8.963306040154206400e-01
-2.563894766327464936e+00 -9.004720746835388479e-01 6.412691500903348052e-01 -2.860186587760766397e+00 -2.813621243494350388e+00 8.922834652709932257e-01
-2.557824001512146950e+00 -8.954894626541423097e-01 6.411540395714976359e-01 -2.855827810447502113e+00 -2.809428339525680052e+00 8.882514446757721061e-01
-2.551717601386161327e+00 -8.904814487998544692e-01 6.410386559291679776e-01 -2.851405225145834166e+00 -2.805211251757160795e+00 8.842348597269920063e-01
-2.545575616340994163e+00 -8.854481054486982305e-01 6.409230011506695801e-01 -2.846918432051302350e+00 -2.800970152866965268e+00 8.802340273892197420e-01
-2.539398098848527852e+00 -8.803895062525243231e-01 6.408070772203792176e-01 -2.842367037559938581e+00 -2.796705218676073024e+00 8.762492640825505497e-01
-2.533185103470060540e+00 -8.753057261901751041e-01 6.406908860574901388e-01 -2.837750654426171693e+00 -2.792416628057825534e+00 8.722808856706163461e-01
-2.526936686865052462e+00 -8.701968415710528149e-01 6.405744294164990027e-01 -2.833068901920586580e+00 -2.788104562845718171e+00 8.683292074484099121e-01
-2.520652907799223463e+00 -8.650629300391776688e-01 6.404577091043774928e-01 -2.828321405986566450e+00 -2.783769207738398865e+00 8.643945441299514254e-01
-2.514333827153698131e+00 -8.599040705758339564e-01 6.403407267601403108e-01 -2.823507799395723161e+00 -2.779410750201880553e+00 8.604772098357698074e-01
-2.507979507932897700e+00 -8.547203435034740338e-01 6.402234841773726259e-01 -2.818627721902452699e+00 -2.775029380369536725e+00 8.565775180801573629e-01
-2.501590015273995160e+00 -8.495118304874714754e-01 6.401059830891075997e-01 -2.813680820397571836e+00 -2.770625290939956464e+00 8.526957817582931920e-01
-2.495165416455230822e+00 -8.442786145391638630e-01 6.399882250570285702e-01 -2.808666749060985346e+00 -2.766198677072694068e+00 8.488323131331901861e-01
-2.488705780903491593e+00 -8.390207800194763310e-01 6.398702115196789331e-01 -2.803585169512691877e+00 -2.761749736281280398e+00 8.449874238224640566e-01
-2.482211180202057221e+00 -8.337384126421709674e-01 6.397519441458751066e-01 -2.798435750962415369e+00 -2.757278668323960957e+00 8.411614247849525938e-01
-2.475681688100159761e+00 -8.284315994747273315e-01 6.396334243979504564e-01 -2.793218170358829688e+00 -2.752785675093418316e+00 8.373546263071569573e-01
-2.469117380520129856e+00 -8.231004289419312503e-01 6.395146537096744188e-01 -2.787932112536560592e+00 -2.748270960503506277e+00 8.335673379895121027e-01
-2.462518335565323291e+00 -8.177449908281723134e-01 6.393956332916930219e-01 -2.782577270361612065e+00 -2.743734730373904807e+00 8.297998687325051081e-01
-2.455884633526904448e+00 -8.123653762809314172e-01 6.392763641471171931e-01 -2.777153344875449292e+00 -2.739177192313101195e+00 8.260525267226429547e-01
-2.449216356890612900e+00 -8.069616778141092128e-01 6.391568473832165420e-01 -2.771660045437722708e+00 -2.734598555599810243e+00 8.223256194182231305e-01
-2.442513590345103403e+00 -8.015339893091855128e-01 6.390370841002070978e-01 -2.766097089867194381e+00 -2.729999031062482207e+00 8.186194535349776702e-01
-2.435776420789605989e+00 -7.960824060169784389e-01 6.389170755618394093e-01 -2.760464204580732162e+00 -2.725378830956881160e+00 8.149343350315524370e-01
-2.429004937342497783e+00 -7.906070245581962030e-01 6.387968229581025836e-01 -2.754761124731560873e+00 -2.720738168843188642e+00 8.112705690948391890e-01
-2.422199231348388437e+00 -7.851079429253704500e-01 6.386763273429590937e-01 -2.748987594344709073e+00 -2.716077259460507154e+00 8.076284601251418893e-01
-2.415359396384804569e+00 -7.795852604851442047e-01 6.385555895029337847e-01 -2.743143366451056941e+00 -2.711396318600451938e+00 8.040083117212440955e-01
-2.408485528268029086e+00 -7.740390779813737243e-01 6.384346102440080495e-01 -2.737228203219235656e+00 -2.706695562979164915e+00 8.004104266652407595e-01
-2.401577725060444202e+00 -7.684694975362038605e-01 6.383133902656641379e-01 -2.731241876086120346e+00 -2.701975210108638503e+00 7.968351069073367210e-01
-2.394636087077006259e+00 -7.628766226518510774e-01 6.381919300714350429e-01 -2.725184165884655396e+00 -2.697235478166200906e+00 7.932826535504134968e-01
-2.387660716891152113e+00 -7.572605582129341428e-01 6.380702302251186619e-01 -2.719054862970217368e+00 -2.692476585863535998e+00 7.897533668344928204e-01
-2.380651719341988048e+00 -7.516214104868946810e-01 6.379482914597521814e-01 -2.712853767344280076e+00 -2.687698752314108930e+00 7.862475461210733929e-01
-2.373609201542072000e+00 -7.459592871235545264e-01 6.378261141560165326e-01 -2.706580688776726085e+00 -2.682902196900515346e+00 7.827654898773741543e-01
-2.366533272882108463e+00 -7.402742971581733888e-01 6.377036987585061878e-01 -2.700235446925334681e+00 -2.678087139140378881e+00 7.793074956604068015e-01
-2.359424045037890494e+00 -7.345665510114890440e-01 6.375810456063021325e-01 -2.693817871453711099e+00 -2.673253798552242433e+00 7.758738601009224078e-01
-2.352281631976181231e+00 -7.288361604908324409e-01 6.374581549860159901e-01 -2.687327802146834532e+00 -2.668402394520715148e+00 7.724648788872109373e-01
-2.345106149960785480e+00 -7.230832387907467629e-01 6.373350269649551425e-01 -2.680765089024331083e+00 -2.663533146161141119e+00 7.690808467488099431e-01
-2.337897717557518629e+00 -7.173079004946624204e-01 6.372116617092821178e-01 -2.674129592451254034e+00 -2.658646272183694759e+00 7.657220574401218949e-01
-2.330656455640978564e+00 -7.115102615742359138e-01 6.370880593147563165e-01 -2.667421183246989624e+00 -2.653741990757659153e+00 7.623888037238535365e-01
-2.323382487400224683e+00 -7.056904393897688310e-01 6.369642196388712874e-01 -2.660639742792344276e+00 -2.648820519376057003e+00 7.590813773543733101e-01
-2.316075938343246765e+00 -6.998485526916332633e-01 6.368401424167797753e-01 -2.653785163132350355e+00 -2.643882074718369335e+00 7.558000690610151562e-01
-2.308736936302097753e+00 -6.939847216208404612e-01 6.367158274199560264e-01 -2.646857347078680256e+00 -2.638926872515270361e+00 7.525451685312183336e-01
-2.301365611438891179e+00 -6.880990677083580476e-01 6.365912742529996615e-01 -2.639856208308949626e+00 -2.633955127412845876e+00 7.493169643935742030e-01
-2.293962096250394378e+00 -6.821917138757070953e-01 6.364664825379756641e-01 -2.632781671463125583e+00 -2.628967052836637563e+00 7.461157442008480301e-01
-2.286526525573658208e+00 -6.762627844341198013e-01 6.363414516973363577e-01 -2.625633672238863792e+00 -2.623962860857387724e+00 7.429417944128351436e-01
-2.279059036590224796e+00 -6.703124050851534399e-01 6.362161811339650530e-01 -2.618412157483466896e+00 -2.618942762056391427e+00 7.397954003791314959e-01
-2.271559768831216353e+00 -6.643407029197815339e-01 6.360906701989283984e-01 -2.611117085282835593e+00 -2.613906965390973447e+00 7.366768463218423824e-01
-2.264028864182274781e+00 -6.583478064177001876e-01 6.359649181957540698e-01 -2.603748425049115856e+00 -2.608855678061805072e+00 7.335864153181638203e-01
-2.256466466888318756e+00 -6.523338454463875058e-01 6.358389243018968129e-01 -2.596306157605305032e+00 -2.603789105380537539e+00 7.305243892829204055e-01
-2.248872723557791886e+00 -6.462989512606757136e-01 6.357126876102254798e-01 -2.588790275267686347e+00 -2.598707450638669147e+00 7.274910489510572065e-01
-2.241247783166973928e+00 -6.402432565018368882e-01 6.355862070559522570e-01 -2.581200781925824028e+00 -2.593610914977547033e+00 7.244866738600441725e-01
-2.233591797063757767e+00 -6.341668951971182189e-01 6.354594812725714581e-01 -2.573537693119998693e+00 -2.588499697259480037e+00 7.215115423321507571e-01
-2.225904918970371238e+00 -6.280700027602246216e-01 6.353325086528046617e-01 -2.565801036115350264e+00 -2.583373993939430235e+00 7.185659314567094391e-01
-2.218187304986365849e+00 -6.219527159912565661e-01 6.352052877095512029e-01 -2.557990849974065561e+00 -2.578233998938621152e+00 7.156501170723421623e-01
-2.210439113593748672e+00 -6.158151730737707608e-01 6.350778171682833761e-01 -2.550107185625472894e+00 -2.573079903520030243e+00 7.127643737491000664e-01
-2.202660505662590751e+00 -6.096575135709376703e-01 6.349500953626129318e-01 -2.542150105933824289e+00 -2.567911896165688379e+00 7.099089747705292774e-01
-2.194851644452766148e+00 -6.034798784261865556e-01 6.348221203810271440e-01 -2.534119685763328356e+00 -2.562730162455471028e+00 7.070841921157041687e-01
-2.187012695616450397e+00 -5.972824099625977379e-01 6.346938904587071661e-01 -2.526016012039881353e+00 -2.557534884947060050e+00 7.042902964412564026e-01
-2.179143827202969064e+00 -5.910652518791309484e-01 6.345654035190091413e-01 -2.517839183811292791e+00 -2.552326243058731681e+00 7.015275570633308089e-01
-2.171245209660712661e+00 -5.848285492502939276e-01 6.344366572031153728e-01 -2.509589312304998376e+00 -2.547104412954180663e+00 6.987962419395062907e-01
-2.163317015839042678e+00 -5.785724485254161165e-01 6.343076494401300724e-01 -2.501266520982753594e+00 -2.541869567429056787e+00 6.960966176506732106e-01
-2.155359420993614883e+00 -5.722970975232349877e-01 6.341783779291911838e-01 -2.492870945593582910e+00 -2.536621875800419090e+00 6.934289493828992290e-01
-2.147372602788398588e+00 -5.660026454304333265e-01 6.340488400425263738e-01 -2.484402734223676745e+00 -2.531361503798095658e+00 6.907935009092383005e-01
-2.139356741296997377e+00 -5.596892428008494180e-01 6.339190330189398148e-01 -2.475862047344426831e+00 -2.526088613459022358e+00 6.881905345715753075e-01
-2.131312019004961478e+00 -5.533570415529417419e-01 6.337889540334251670e-01 -2.467249057857359151e+00 -2.520803363023650157e+00 6.856203112624263962e-01
-2.123238620812524236e+00 -5.470061949666198409e-01 6.336586001276787172e-01 -2.458563951137000103e+00 -2.515505906835361127e+00 6.830830904067116682e-01
-2.115136734036730193e+00 -5.406368576804165826e-01 6.335279682944773283e-01 -2.449806925071781549e+00 -2.510196395243094791e+00 6.805791299435117736e-01
-2.107006548413967728e+00 -5.342491856878163192e-01 6.333970553127830083e-01 -2.440978190102478074e+00 -2.504874974506824614e+00 6.781086863078517046e-01
-2.098848256101396359e+00 -5.278433363348133955e-01 6.332658573290749215e-01 -2.432077969258157779e+00 -2.499541786705959723e+00 6.756720144124979122e-01
-2.090662051675377331e+00 -5.214194683206079262e-01 6.331343706942195171e-01 -2.423106498189719460e+00 -2.494196969650829043e+00 6.732693676297085705e-01
-2.082448132135295893e+00 -5.149777416914633754e-01 6.330025916391206486e-01 -2.414064025201014818e+00 -2.488840656797345119e+00 6.709009977730160390e-01
-2.074206696905148473e+00 -5.085183178369719892e-01 6.328705164743604339e-01 -2.404950811277652534e+00 -2.483472977165016360e+00 6.685671550790567297e-01
-2.065937947836361310e+00 -5.020413594845368754e-01 6.327381411582287951e-01 -2.395767130114196064e+00 -2.478094055258928563e+00 6.662680881894202933e-01
-2.057642089207584846e+00 -4.955470306971579975e-01 6.326054614077897265e-01 -2.386513268138401145e+00 -2.472704010994710710e+00 6.640040441324904785e-01
-2.049319327725128925e+00 -4.890354968701898786e-01 6.324724726866061131e-01 -2.377189524533529941e+00 -2.467302959627414971e+00 6.617752683052942064e-01
-2.040969872523183959e+00 -4.825069247280482365e-01 6.323391701772154150e-01 -2.367796211258250239e+00 -2.461891011683935204e+00 6.595820044554367989e-01
-2.032593935163663268e+00 -4.759614823209386003e-01 6.322055489170833598e-01 -2.358333653064523361e+00 -2.456468272899415162e+00 6.574244946630453112e-01
-2.024191729636851456e+00 -4.693993390203375915e-01 6.320716037897906592e-01 -2.348802187513677531e+00 -2.451034844157854220e+00 6.553029793227171940e-01
-2.015763472361838726e+00 -4.628206655143165538e-01 6.319373294070118607e-01 -2.339202164989975685e+00 -2.445590821436427476e+00 6.532176971255694298e-01
-2.007309382186052815e+00 -4.562256338036924097e-01 6.318027202701023137e-01 -2.329533948712836811e+00 -2.440136295754498086e+00 6.511688850413152041e-01
-1.998829680385766361e+00 -4.496144171966557357e-01 6.316677707693094668e-01 -2.319797914745864276e+00 -2.434671353125970494e+00 6.491567783003945324e-01
-1.990324590666518789e+00 -4.429871903032366331e-01 6.315324750794296671e-01 -2.309994452004419330e+00 -2.429196074516386084e+00 6.471816103761661720e-01
-1.981794339162643581e+00 -4.363441290304017617e-01 6.313968270638044000e-01 -2.300123962261758415e+00 -2.423710535804834976e+00 6.452436129672002307e-01
-1.973239154436081444e+00 -4.296854105778304955e-01 6.312608203047798128e-01 -2.290186860152001014e+00 -2.418214807749407225e+00 6.433430159795719971e-01
-1.964659267475190818e+00 -4.230112134332030260e-01 6.311244480016534597e-01 -2.280183573171626676e+00 -2.412708955957574730e+00 6.414800475092785614e-01
-1.956054911692722165e+00 -4.163217173681748040e-01 6.309877034212699742e-01 -2.270114541679010500e+00 -2.407193040861159261e+00 6.396549338246638738e-01
-1.947426322926733677e+00 -4.096171034303396352e-01 6.308505794447599735e-01 -2.259980218892303050e+00 -2.401667117696196563e+00 6.378678993489900195e-01
-1.938773739438394372e+00 -4.028975539389216820e-01 6.307130685015485128e-01 -2.249781070886085033e+00 -2.396131236488038052e+00 6.361191666430944247e-01
-1.930097401909067756e+00 -3.961632524807693345e-01 6.305751629379424683e-01 -2.239517576584908465e+00 -2.390585442040345399e+00 6.344089563880827010e-01
-1.921397553439784467e+00 -3.894143839030052012e-01 6.304368548808496620e-01 -2.229190227755811993e+00 -2.385029773929598917e+00 6.327374873682040102e-01
-1.912674439549723715e+00 -3.826511343066838489e-01 6.302981361303210406e-01 -2.218799528998649073e+00 -2.379464266504303538e+00 6.311049764537322027e-01
-1.903928308173857165e+00 -3.758736910412060483e-01 6.301589981087226677e-01 -2.208345997735219335e+00 -2.373888948889675277e+00 6.295116385840254791e-01
-1.895159409659965544e+00 -3.690822426988883409e-01 6.300194319939355081e-01 -2.197830164195988534e+00 -2.368303844996919594e+00 6.279576867507051796e-01
-1.886367996766507238e+00 -3.622769791082340873e-01 6.298794285470961096e-01 -2.187252571405220447e+00 -2.362708973537793522e+00 6.264433319808970779e-01
-1.877554324659180596e+00 -3.554580913285243504e-01 6.297389784559724868e-01 -2.176613775164566444e+00 -2.357104348044499531e+00 6.249687833205984644e-01
-1.868718650909729551e+00 -3.486257716412159979e-01 6.295980718763728445e-01 -2.165914344035236638e+00 -2.351489976895085654e+00 6.235342478181942205e-01
-1.859861235491472309e+00 -3.417802135451566414e-01 6.294566987308579664e-01 -2.155154859317802707e+00 -2.345865863343643554e+00 6.221399305081467546e-01
-1.850982340776707868e+00 -3.349216117489592914e-01 6.293148484478141569e-01 -2.144335915031275519e+00 -2.340232005556577732e+00 6.207860343947418924e-01
-1.842082231532168546e+00 -3.280501621654705602e-01 6.291725101956190391e-01 -2.133458117889388994e+00 -2.334588396653445308e+00 6.194727604360602546e-01
-1.833161174916031921e+00 -3.211660619040221931e-01 6.290296728067464871e-01 -2.122522087276192959e+00 -2.328935024753948202e+00 6.182003075280487758e-01
-1.824219440474239784e+00 -3.142695092631282439e-01 6.288863246863179990e-01 -2.111528455219607636e+00 -2.323271873030146928e+00 6.169688724887030240e-01
-1.815257300136124075e+00 -3.073607037238448303e-01 6.287424539237728149e-01 -2.100477866364224511e+00 -2.317598919764805920e+00 6.157786500424786702e-01
-1.806275028210676092e+00 -3.004398459419368450e-01 6.285980481797828201e-01 -2.089370977942026197e+00 -2.311916138414980004e+00 6.146298328047813397e-01
-1.797272901381871346e+00 -2.935071377408318138e-01 6.284530946147621755e-01 -2.078208459741810898e+00 -2.306223497681416656e+00 6.135226112667427900e-01
-1.788251198703346923e+00 -2.865627821050000801e-01 6.283075802202987559e-01 -2.066990994076499888e+00 -2.300520961583199409e+00 6.124571737800872384e-01
-1.779210201595421648e+00 -2.796069831702916453e-01 6.281614912725035360e-01 -2.055719275749475106e+00 -2.294808489538517904e+00 6.114337065421993067e-01
-1.770150193838046837e+00 -2.726399462188875411e-01 6.280148138635112121e-01 -2.044394012018972528e+00 -2.289086036450835859e+00 6.104523935814125668e-01
-1.761071461567401464e+00 -2.656618776693167039e-01 6.278675334480050552e-01 -2.033015922561333788e+00 -2.283353552801086206e+00 6.095134167424203220e-01
-1.751974293269341620e+00 -2.586729850704896361e-01 6.277196350378916323e-01 -2.021585739433001461e+00 -2.277610984745809475e+00 6.086169556719085438e-01
-1.742858979773995953e+00 -2.516734770937287813e-01 6.275711031101670612e-01 -2.010104207030786405e+00 -2.271858274220932117e+00 6.077631878043541214e-01
-1.733725814249686525e+00 -2.446635635255107744e-01 6.274219215974327080e-01 -1.998572082050883436e+00 -2.266095359051546687e+00 6.069522883480833464e-01
-1.724575092196646064e+00 -2.376434552601207617e-01 6.272720740664893269e-01 -1.986990133446254747e+00 -2.260322173067399909e+00 6.061844302714665123e-01
-1.715407111441948684e+00 -2.306133642905401349e-01 6.271215435296604301e-01 -1.975359142382505873e+00 -2.254538646224214737e+00 6.054597842893868487e-01
-1.706222172133005088e+00 -2.235735037008690362e-01 6.269703124201554401e-01 -1.963679902192224214e+00 -2.248744704730838873e+00 6.047785188498931985e-01
-1.697020576730798425e+00 -2.165240876588296892e-01 6.268183627887113918e-01 -1.951953218328031481e+00 -2.242940271182379153e+00 6.041408001210537559e-01
-1.687802630004567650e+00 -2.094653314064220950e-01 6.266656758342461497e-01 -1.940179908314251023e+00 -2.237125264699294735e+00 6.035467919780250767e-01
-1.678568639023078068e+00 -2.023974512547470628e-01 6.265122321570200103e-01 -1.928360801697055704e+00 -2.231299601072326499e+00 6.029966559903050527e-01
-1.669318913147613825e+00 -1.953206645763747584e-01 6.263580117858061902e-01 -1.916496739992731957e+00 -2.225463192913043287e+00 6.024905514092691039e-01
-1.660053764025146039e+00 -1.882351897973775223e-01 6.262029940655211568e-01 -1.904588576635193986e+00 -2.219615949810773259e+00 6.020286351559338556e-01
-1.650773505580694023e+00 -1.811412463903054881e-01 6.260471579402939746e-01 -1.892637176921045938e+00 -2.213757778494756412e+00 6.016110618089424156e-01
-1.641478454011735977e+00 -1.740390548644847879e-01 6.258904815476257211e-01 -1.880643417954154017e+00 -2.207888583002873162e+00 6.012379835927627036e-01
-1.632168927779705569e+00 -1.669288367599659484e-01 6.257329423225023168e-01 -1.868608188587841612e+00 -2.202008264855639830e+00 6.009095503661392446e-01
-1.622845247602255236e+00 -1.598108146404735308e-01 6.255745170588773441e-01 -1.856532389365983970e+00 -2.196116723236336554e+00 6.006259096107590123e-01
-1.613507736446032181e+00 -1.526852120857642436e-01 6.254151817254502976e-01 -1.844416932461743430e+00 -2.190213855176421642e+00 6.003872064201344338e-01
-1.604156719518179841e+00 -1.455522536856659332e-01 6.252549115713985639e-01 -1.832262741615082735e+00 -2.184299555746999300e+00 6.001935834887681676e-01
-1.594792524258706878e+00 -1.384121650331799902e-01 6.250936810500973273e-01 -1.820070752068910114e+00 -2.178373718256224389e+00 6.000451811015099501e-01
-1.585415480332361460e+00 -1.312651727182687633e-01 6.249314637647797044e-01 -1.807841910503438676e+00 -2.172436234452358228e+00 5.999421371231664635e-01
-1.576025919620161808e+00 -1.241115043221490133e-01 6.247682326832266764e-01 -1.795577174967831535e+00 -2.166486994731816829e+00 5.998845869883325799e-01
-1.566624176212625619e+00 -1.169513884096251566e-01 6.246039598677619598e-01 -1.783277514809995967e+00 -2.160525888352797352e+00 5.998726636914712973e-01
-1.557210586401272412e+00 -1.097850545240788289e-01 6.244386164660548078e-01 -1.770943910605135674e+00 -2.154552803654897097e+00 5.999064977772070595e-01
-1.547785488670218257e+00 -1.026127331826443001e-01 6.242721726306732499e-01 -1.758577354082429212e+00 -2.148567628284268949e+00 5.999862173308629920e-01
-1.538349223687387468e+00 -9.543465587227251135e-02 6.241045975336246832e-01 -1.746178848048877574e+00 -2.142570249423642714e+00 6.001119479692161862e-01
-1.528902134295954340e+00 -8.825105504573294013e-02 6.239358594624491161e-01 -1.733749406310989061e+00 -2.136560554027642667e+00 6.002838128314476052e-01
-1.519444565506826050e+00 -8.106216411696021140e-02 6.237659258140810792e-01 -1.721290053594742631e+00 -2.130538429063718819e+00 6.005019325702803945e-01
-1.509976864491222592e+00 -7.386821745654525984e-02 6.235947629693062710e-01 -1.708801825462466839e+00 -2.124503761757685183e+00 6.007664253433260271e-01
-1.500499380572773100e+00 -6.666945038870997209e-02 6.234223361972343058e-01 -1.696285768228248170e+00 -2.118456439844996986e+00 6.010774068045859897e-01
-1.491012465219190730e+00 -5.946609918939116390e-02 6.232486098493464910e-01 -1.683742938869361438e+00 -2.112396351826001162e+00 6.014349900962137063e-01
-1.481516472035825149e+00 -5.225840108284507401e-02 6.230735470841775037e-01 -1.671174404936633273e+00 -2.106323387227144295e+00 6.018392858403683876e-01
-1.472011756757509060e+00 -4.504659424110046828e-02 6.228971097178161997e-01 -1.658581244460988202e+00 -2.100237436866194685e+00 6.022904021312337486e-01
-1.462498677239767009e+00 -3.783091778519009907e-02 6.227192584312796209e-01 -1.645964545856859473e+00 -2.094138393121942165e+00 6.027884445272275737e-01
-1.452977593451972638e+00 -3.061161178480409362e-02 6.225399528498467561e-01 -1.633325407822225905e+00 -2.088026150208167842e+00 6.033335160433046518e-01
-1.443448867471625263e+00 -2.338891725760228191e-02 6.223591512794353076e-01 -1.620664939236016400e+00 -2.081900604452362469e+00 6.039257171434211369e-01
-1.433912863477207811e+00 -1.616307617145040787e-02 6.221768108047603940e-01 -1.607984259051535636e+00 -2.075761654578226700e+00 6.045651457330506462e-01
-1.424369947742397002e+00 -8.934331446242227415e-03 6.219928872843287770e-01 -1.595284496186634371e+00 -2.069609201992411052e+00 6.052518971517504287e-01
-1.414820488630872841e+00 -1.702926956300698791e-03 6.218073351052905151e-01 -1.582566789409879604e+00 -2.063443151074957349e+00 6.059860641658441072e-01
-1.405264856589928613e+00 5.530892464380210427e-03 6.216201071917704102e-01 -1.569832287222224787e+00 -2.057263409473006899e+00 6.067677369611207405e-01
-1.395703424144924876e+00 1.276688101629286365e-02 6.214311551255210508e-01 -1.557082147733981126e+00 -2.051069888397614172e+00 6.075970031355573120e-01
-1.386136565895452755e+00 2.000479192900539438e-02 6.212404287480783882e-01 -1.544317538538799717e+00 -2.044862502924813530e+00 6.084739476919740486e-01
-1.376564658509251693e+00 2.724437745137420208e-02 6.210478764933031748e-01 -1.531539636581330743e+00 -2.038641172298516935e+00 6.093986530307632377e-01
-1.366988080719536702e+00 3.448538884407059690e-02 6.208534451929058617e-01 -1.518749628020187759e+00 -2.032405820236362182e+00 6.103711989424651652e-01
-1.357407213321701889e+00 4.172757636957169503e-02 6.206570799418182904e-01 -1.505948708085936172e+00 -2.026156375238204355e+00 6.113916626002531274e-01
-1.347822439170085485e+00 4.897068927995484877e-02 6.204587242220943599e-01 -1.493138080932522316e+00 -2.019892770896094980e+00 6.124601185523146363e-01
-1.338234143176569191e+00 5.621447580508598385e-02 6.202583199792228719e-01 -1.480318959483253538e+00 -2.013614946206427447e+00 6.135766387140492162e-01
-1.328642712310958762e+00 6.345868314049507575e-02 6.200558073644858448e-01 -1.467492565270276605e+00 -2.007322845883437346e+00 6.147412923601107693e-01
-1.319048535600554573e+00 7.070305743186922065e-02 6.198511246409390552e-01 -1.454660128267335484e+00 -2.001016420673804586e+00 6.159541461161619491e-01
-1.309452004130280400e+00 7.794734375758372025e-02 6.196442082004753882e-01 -1.441822886715872221e+00 -1.994695627672295357e+00 6.172152639503567517e-01
-1.299853511044164689e+00 8.519128611032278364e-02 6.194349924694646514e-01 -1.428982086943405561e+00 -1.988360430637572840e+00 6.185247071645429973e-01
-1.290253451547471064e+00 9.243462737663676876e-02 6.192234097128869186e-01 -1.416138983174283883e+00 -1.982010800308138698e+00 6.198825343850498104e-01
-1.280652222908720939e+00 9.967710931346696057e-02 6.190093901510277385e-01 -1.403294837331601874e+00 -1.975646714717383956e+00 6.212888015530910746e-01
-1.271050224464003398e+00 1.069184725245202472e-01 6.187928618330816866e-01 -1.390450918830693272e+00 -1.969268159507926441e+00 6.227435619147246859e-01
-1.261447857621887492e+00 1.141584564341264763e-01 6.185737505553685622e-01 -1.377608504363617259e+00 -1.962875128244645939e+00 6.242468660102953315e-01
-1.251845525869253350e+00 1.213967992590150313e-01 6.183519800496865004e-01 -1.364768877673178782e+00 -1.956467622725192923e+00 6.257987616633449157e-01
-1.242243634780178185e+00 1.286332379804788761e-01 6.181274716009516057e-01 -1.351933329318124377e+00 -1.950045653289001812e+00 6.273992939688490811e-01
-1.232642592023787120e+00 1.358675083113987103e-01 6.179001441605483924e-01 -1.339103156426968644e+00 -1.943609239122735310e+00 6.290485052808572064e-01
-1.223042807374631780e+00 1.430993446628938681e-01 6.176699142206170112e-01 -1.326279662440703611e+00 -1.937158408562125400e+00 6.307464351993715690e-01
-1.213444692724053642e+00 1.503284801081949951e-01 6.174366957478732987e-01 -1.313464156843506148e+00 -1.930693199389340142e+00 6.324931205564485737e-01
-1.203848662092922517e+00 1.575546463443262546e-01 6.172003999643936867e-01 -1.300657954882325829e+00 -1.924213659126283282e+00 6.342885954014467753e-01
-1.194255131644737844e+00 1.647775736500440846e-01 6.169609354977739768e-01 -1.287862377272637859e+00 -1.917719845321537830e+00 6.361328909853606328e-01
-1.184664519701888130e+00 1.719969908435048378e-01 6.167182081669654314e-01 -1.275078749891101371e+00 -1.911211825831205413e+00 6.380260357442218977e-01
-1.175077246762381789e+00 1.792126252362047367e-01 6.164721210894138492e-01 -1.262308403454013739e+00 -1.904689679092502086e+00 6.399680552814527301e-01
-1.165493735519546714e+00 1.864242025861253538e-01 6.162225740675520980e-01 -1.249552673182439566e+00 -1.898153494390419027e+00 6.419589723490395361e-01
-1.155914410879409493e+00 1.936314470432600743e-01 6.159694638165931213e-01 -1.236812898450751819e+00 -1.891603372114638804e+00 6.439988068276026878e-01
-1.146339699981952398e+00 2.008340810955016043e-01 6.157126842059880145e-01 -1.224090422419974900e+00 -1.885039424007326048e+00 6.460875757051756096e-01
-1.136770032226492644e+00 2.080318255149262718e-01 6.154521257527221234e-01 -1.211386591655263523e+00 -1.878461773400888157e+00 6.482252930547598435e-01
-1.127205839295733814e+00 2.152243992973659203e-01 6.151876756556371451e-01 -1.198702755726237079e+00 -1.871870555444257400e+00 6.504119700104219470e-01
-1.117647555182508912e+00 2.224115196003479955e-01 6.149192176666176124e-01 -1.186040266790093556e+00 -1.865265917317133981e+00 6.526476147419624230e-01
-1.108095616217937396e+00 2.295929016779547638e-01 6.146466320630826763e-01 -1.173400479156276877e+00 -1.858648018430724580e+00 6.549322324280880681e-01
-1.098550461101933440e+00 2.367682588134389920e-01 6.143697953698545877e-01 -1.160784748833147306e+00 -1.852017030614760307e+00 6.572658252279582891e-01
-1.089012530934144518e+00 2.439373022473030339e-01 6.140885801861550863e-01 -1.148194433055277353e+00 -1.845373138289098325e+00 6.596483922511076070e-01
-1.079482269246240467e+00 2.510997411017357184e-01 6.138028550618580548e-01 -1.135630889791696463e+00 -1.838716538619532326e+00 6.620799295255963557e-01
-1.069960122035808148e+00 2.582552823020196620e-01 6.135124844556869572e-01 -1.123095477233272188e+00 -1.832047441655697106e+00 6.645604299644308766e-01
-1.060446537802569811e+00 2.654036304956417514e-01 6.132173283827425658e-01 -1.110589553260032947e+00 -1.825366070450938460e+00 6.670898833300681341e-01
-1.050941967584682502e+00 2.725444879662586306e-01 6.129172422165546363e-01 -1.098114474887736058e+00 -1.818672661162840543e+00 6.696682761970306208e-01
-1.041446864996237842e+00 2.796775545441156918e-01 6.126120765619326169e-01 -1.085671597693388168e+00 -1.811967463133341782e+00 6.722955919125754853e-01
-1.031961686266604783e+00 2.868025275136285579e-01 6.123016771353839705e-01 -1.073262275219573736e+00 -1.805250738947453248e+00 6.749718105553034198e-01
-1.022486890281646410e+00 2.939191015184716704e-01 6.119858846759835824e-01 -1.060887858357017377e+00 -1.798522764469201451e+00 6.776969088916620088e-01
-1.013022938627051950e+00 3.010269684646962318e-01 6.116645356076974016e-01 -1.048549694705377178e+00 -1.791783828853818816e+00 6.804708603303536441e-01
-1.003570295639314214e+00 3.081258174291183760e-01 6.113374626025790404e-01 -1.036249127912239221e+00 -1.785034234535114450e+00 6.832936348745917154e-01
-9.941294284634856204e-01 3.152153345724071354e-01 6.110044956721690790e-01 -1.023987496990562018e+00 -1.778274297187191655e+00 6.861651990721199246e-01
-9.847008071216691860e-01 3.222952030617360908e-01 6.106654632545871486e-01 -1.011766135614962536e+00 -1.771504345659697943e+00 6.890855159630449034e-01
-9.752849045916489601e-01 3.293651030031397031e-01 6.103201934066949663e-01 -9.995863713969548314e-01 -1.764724721885530645e+00 6.920545450253517972e-01
-9.658821968960840110e-01 3.364247113841623005e-01 6.099685137564014870e-01 -9.874495251388277772e-01 -1.757935780759550148e+00 6.950722421182083943e-01
-9.564931631928850209e-01 3.434737020143499020e-01 6.096102493583697157e-01 -9.753569100670573810e-01 -1.751137889987762097e+00 6.981385594230185010e-01
-9.471182858509039626e-01 3.505117454430373147e-01 6.092452170078360707e-01 -9.633098310468972691e-01 -1.744331429907063580e+00 7.012534453821988034e-01
-9.377580504797982108e-01 3.575385088243108189e-01 6.088731934508622157e-01 -9.513095839880896243e-01 -1.737516793451917119e+00 7.044168446358350932e-01
-9.284129463473136390e-01 3.645536548467369631e-01 6.084939381980793982e-01 -9.393574477698525271e-01 -1.730694379578740616e+00 7.076286979374000197e-01
-9.190834663444698016e-01 3.715568415122501023e-01 6.081072070368321869e-01 -9.274546834821886243e-01 -1.723864592905033577e+00 7.108889420674751047e-01
-9.097701070410377788e-01 3.785477220464292802e-01 6.077127586091569666e-01 -9.156025337010182952e-01 -1.717027843354938410e+00 7.141975097458798105e-01
-9.004733687830945854e-01 3.855259448765095964e-01 6.073103545618694366e-01 -9.038022217988008755e-01 -1.710184545812810653e+00 7.175543295423203460e-01
-8.911937557881621785e-01 3.924911536182231764e-01 6.068997554493871238e-01 -8.920549512907065548e-01 -1.703335119785077012e+00 7.209593257858765147e-01
-8.819317762085909784e-01 3.994429870328162213e-01 6.064807089093631198e-01 -8.803619052179003646e-01 -1.696479989072025019e+00 7.244124184734856975e-01
-8.726879421099544842e-01 4.063810788834505416e-01 6.060529570800586852e-01 -8.687242455672352648e-01 -1.689619581449235408e+00 7.279135231777444925e-01
-8.634627694990060220e-01 4.133050578705510514e-01 6.056162371631119701e-01 -8.571431127287416629e-01 -1.682754328360307472e+00 7.314625509542043158e-01
-8.542567783535175430e-01 4.202145475828040766e-01 6.051702822488088662e-01 -8.456196249911185348e-01 -1.675884664621496434e+00 7.350594082484522840e-01
-8.450704926559922114e-01 4.271091664665360721e-01 6.047148195630817069e-01 -8.341548780749858949e-01 -1.669011028138587704e+00 7.387039968032357296e-01
-8.359044404133877393e-01 4.339885277898642979e-01 6.042495684930647704e-01 -8.227499447040420577e-01 -1.662133859636705679e+00 7.423962135658659367e-01
-8.267591536614449232e-01 4.408522395996010701e-01 6.037742390576400497e-01 -8.114058742156640136e-01 -1.655253602405072577e+00 7.461359505960789562e-01
-8.176351684566149913e-01 4.476999046751515277e-01 6.032885309237430160e-01 -8.001236922096404136e-01 -1.648370702056284332e+00 7.499230949747334174e-01
-8.085330248594781999e-01 4.545311204842961139e-01 6.027921331566128416e-01 -7.889044002362335384e-01 -1.641485606301937183e+00 7.537575287135064306e-01
-7.994532669146274806e-01 4.613454791476994110e-01 6.022847244001445777e-01 -7.777489755227886548e-01 -1.634598764744749078e+00 7.576391286658614721e-01
-7.903964426302896307e-01 4.681425674159267469e-01 6.017659728612153591e-01 -7.666583707399876602e-01 -1.627710628689125194e+00 7.615677664395017477e-01
-7.813631039561368397e-01 4.749219666574959753e-01 6.012355365365448234e-01 -7.556335138061269774e-01 -1.620821650969593408e+00 7.655433083105812608e-01
-7.723538067613500147e-01 4.816832528600467622e-01 6.006930627014247515e-01 -7.446753077309788971e-01 -1.613932285799666300e+00 7.695656151398695410e-01
-7.633691108079538878e-01 4.884259966380837259e-01 6.001381871523087108e-01 -7.337846304981003875e-01 -1.607042988641163461e+00 7.736345422910928527e-01
-7.544095797180845331e-01 4.951497632450914121e-01 5.995705329936200645e-01 -7.229623349856009185e-01 -1.600154216095204696e+00 7.777499395516949132e-01
-7.454757809323613316e-01 5.018541125860811469e-01 5.989897087759969985e-01 -7.122092489255313907e-01 -1.593266425816305842e+00 7.819116510561910927e-01
-7.365682856554665037e-01 5.085385992249884524e-01 5.983953060307078964e-01 -7.015261749017951409e-01 -1.586380076450863097e+00 7.861195152123275909e-01
-7.276876687854203496e-01 5.152027723821985816e-01 5.977868970866391241e-01 -6.909138903847815705e-01 -1.579495627599674989e+00 7.903733646302234517e-01
-7.188345088295586827e-01 5.218461759256751709e-01 5.971640343910219473e-01 -6.803731478035355273e-01 -1.572613539806801075e+00 7.946730260546812641e-01
-7.100093878185225194e-01 5.284683483706793528e-01 5.965262535370701169e-01 -6.699046746539685238e-01 -1.565734274574844820e+00 7.990183203008550672e-01
-7.012128912445532158e-01 5.350688229226094883e-01 5.958730830483904839e-01 -6.595091736434777197e-01 -1.558858294408659972e+00 8.034090621933492882e-01
-6.924456080699683547e-01 5.416471276239667176e-01 5.952040648618922569e-01 -6.491873228696642961e-01 -1.551986062886874462e+00 8.078450605089702030e-01
-6.837081303133119015e-01 5.482027862894236492e-01 5.945187302762041659e-01 -6.389397829319896083e-01 -1.545118052157057997e+00 8.123261179395233622e-01
-6.750010530499062078e-01 5.547353186461290164e-01 5.938165892357843978e-01 -6.287671970568129431e-01 -1.538254743199666708e+00 8.168520310581044441e-01
-6.663249743518986357e-01 5.612442403905171240e-01 5.930971304066388061e-01 -6.186701912038907736e-01 -1.531396626074416512e+00 8.214225902888707687e-01
-6.576804952374430968e-01 5.677290632553442240e-01 5.923598150663459405e-01 -6.086493741890768305e-01 -1.524544200185759646e+00 8.260375798802005454e-01
-6.490682195896040341e-01 5.741892950303890686e-01 5.916040759952352346e-01 -5.987053377544997446e-01 -1.517697974494029323e+00 8.306967778812551773e-01
-6.404887540766237564e-01 5.806244395802675484e-01 5.908293194790027458e-01 -5.888386566212191475e-01 -1.510858467707860031e+00 8.353999561217896330e-01
-6.319427080935282603e-01 5.870339968856228552e-01 5.900349249589075251e-01 -5.790498885229107273e-01 -1.504026208455458535e+00 8.401468801952033383e-01
-6.234306937099338697e-01 5.934174630871187350e-01 5.892202451452109857e-01 -5.693395742218698707e-01 -1.497201735435197856e+00 8.449373094447244492e-01
-6.149533256273689297e-01 5.997743305365133004e-01 5.883846060389575916e-01 -5.597082375077979677e-01 -1.490385597545125451e+00 8.497709969526420215e-01
-6.065112211460323977e-01 6.061040878545180810e-01 5.875273067078151668e-01 -5.501563851802879768e-01 -1.483578353991464649e+00 8.546476895325254564e-01
-5.981050001400332050e-01 6.124062199939390716e-01 5.866476178784476581e-01 -5.406845070156851563e-01 -1.476780574375933686e+00 8.595671277243687181e-01
-5.897352850341865960e-01 6.186802082988935858e-01 5.857447806138696977e-01 -5.312930757190033049e-01 -1.469992838761694065e+00 8.645290457924942329e-01
-5.814027007836175542e-01 6.249255305616654432e-01 5.848180042179550453e-01 -5.219825468618664033e-01 -1.463215737718082110e+00 8.695331717261972626e-01
-5.731078748520839206e-01 6.311416610715281372e-01 5.838664641825133117e-01 -5.127533588072497039e-01 -1.456449872344050656e+00 8.745792272430236158e-01
-5.648514371898696318e-01 6.373280706569759424e-01 5.828893003704577191e-01 -5.036059326216930643e-01 -1.449695854270148576e+00 8.796669277945681209e-01
-5.566340202136115245e-01 6.434842267241416280e-01 5.818856148490738622e-01 -4.945406719760754299e-01 -1.442954305639342127e+00 8.847959825746982698e-01
-5.484562587865955408e-01 6.496095932895160630e-01 5.808544697395789935e-01 -4.855579630363719978e-01 -1.436225859067446819e+00 8.899660945301366421e-01
-5.403187902003394605e-01 6.557036310082025032e-01 5.797948849990043341e-01 -4.766581743450499786e-01 -1.429511157583038594e+00 8.951769603732708802e-01
-5.322222541578991439e-01 6.617657971982007226e-01 5.787058359490321324e-01 -4.678416566936407506e-01 -1.422810854546567194e+00 9.004282705971360379e-01
-5.241672927581224606e-01 6.677955458598741068e-01 5.775862507103438626e-01 -4.591087429879943116e-01 -1.416125613549603202e+00 9.057197094924448466e-01
-5.161545504812785623e-01 6.737923276909851822e-01 5.764350074551408687e-01 -4.504597481071210829e-01 -1.409456108294463439e+00 9.110509551666425843e-01
-5.081846741758542230e-01 6.797555900971921083e-01 5.752509314495246606e-01 -4.418949687568209939e-01 -1.402803022454865767e+00 9.164216795648085778e-01
-5.002583130462037175e-01 6.856847771977392370e-01 5.740327918867403900e-01 -4.334146833182148661e-01 -1.396167049516912062e+00 9.218315484924138881e-01
-4.923761186409012502e-01 6.915793298261618816e-01 5.727792985321401575e-01 -4.250191516930397206e-01 -1.389548892601942587e+00 9.272802216397550978e-01
-4.845387448418980725e-01 6.974386855260314988e-01 5.714890981500229117e-01 -4.167086151465078103e-01 -1.382949264271525092e+00 9.327673526080711985e-01
-4.767468478542737920e-01 7.032622785418474187e-01 5.701607706258515762e-01 -4.084832961485078684e-01 -1.376368886314846662e+00 9.382925889372277783e-01
-4.690010861962261579e-01 7.090495398043947795e-01 5.687928249082375709e-01 -4.003433982139750213e-01 -1.369808489518866912e+00 9.438555721348701466e-01
-4.613021206896239512e-01 7.147998969111557521e-01 5.673836945944673582e-01 -3.922891057434938489e-01 -1.363268813421943948e+00 9.494559377070097561e-01
-4.536506144504941496e-01 7.205127741011789766e-01 5.659317332350769503e-01 -3.843205838648504624e-01 -1.356750606051230434e+00 9.550933151899279050e-01
-4.460472328795868080e-01 7.261875922243752335e-01 5.644352092364064433e-01 -3.764379782767282023e-01 -1.350254623644854046e+00 9.607673281833862822e-01
-4.384926436524017035e-01 7.318237687046762474e-01 5.628923005036895466e-01 -3.686414150948169599e-01 -1.343781630358639401e+00 9.664775943850513196e-01
-4.309875167091310466e-01 7.374207174976614709e-01 5.613010885447482501e-01 -3.609310007015267274e-01 -1.337332397958459040e+00 9.722237256260909399e-01
-4.235325242436052129e-01 7.429778490413321279e-01 5.596595522682390467e-01 -3.533068215997734463e-01 -1.330907705498347138e+00 9.780053279078391171e-01
-4.161283406917406502e-01 7.484945702008096724e-01 5.579655613099860911e-01 -3.457689442720202067e-01 -1.324508338985551203e+00 9.838220014395091528e-01
-4.087756427192803521e-01 7.539702842066939859e-01 5.562168687480287810e-01 -3.383174150449765882e-01 -1.318135091032676121e+00 9.896733406768966068e-01
-4.014751092081274564e-01 7.594043905860301535e-01 5.544111033050397319e-01 -3.309522599606022908e-01 -1.311788760497414330e+00 9.955589343620019349e-01
-3.942274212412688605e-01 7.647962850859331141e-01 5.525457609605152198e-01 -3.236734846539395249e-01 -1.305470152110261184e+00 1.001478365563550410e+00
-3.870332620862644291e-01 7.701453595896121662e-01 5.506181958702718315e-01 -3.164810742389212450e-01 -1.299180076091566605e+00 1.007431211718357034e+00
-3.798933171768190675e-01 7.754510020242606494e-01 5.486256105503619640e-01 -3.093749932021787608e-01 -1.292919347757662818e+00 1.013417044673466494e+00
-3.728082740923026606e-01 7.807125962601895175e-01 5.465650453041137613e-01 -3.023551853060748584e-01 -1.286688787117684196e+00 1.019435430729046743e+00
-3.657788225351130684e-01 7.859295220010400485e-01 5.444333668661405223e-01 -2.954215735006777699e-01 -1.280489218460419298e+00 1.025485930681998559e+00
-3.588056543060851311e-01 7.911011546651067761e-01 5.422272559757624899e-01 -2.885740598459722861e-01 -1.274321469933018980e+00 1.031568099870242339e+00
-3.518894632770330766e-01 7.962268652563220250e-01 5.399431939766722310e-01 -2.818125254441707916e-01 -1.268186373111223730e+00 1.037681488217635284e+00
-3.450309453605582277e-01 8.013060202246289343e-01 5.375774481833544005e-01 -2.751368303827677053e-01 -1.262084762562005302e+00 1.043825640279499201e+00
-3.382307984763590625e-01 8.063379813143640717e-01 5.351260562275315102e-01 -2.685468136889519464e-01 -1.256017475399581196e+00 1.050000095288743607e+00
-3.314897225149113780e-01 8.113221054014361222e-01 5.325848089041008704e-01 -2.620422932953485606e-01 -1.249985350834721842e+00 1.056204387202521744e+00
-3.248084192975517759e-01 8.162577443174594549e-01 5.299492315309775048e-01 -2.556230660177343239e-01 -1.243989229718415634e+00 1.062438044749414168e+00
-3.181875925328578880e-01 8.211442446599170886e-01 5.272145636742832098e-01 -2.492889075451931724e-01 -1.238029954080786199e+00 1.068700591477111939e+00
-3.116279477689265498e-01 8.259809475875021789e-01 5.243757370889162717e-01 -2.430395724426555049e-01 -1.232108366665237709e+00 1.074991545800571213e+00
-3.051301923415876693e-01 8.307671885995318029e-01 5.214273517702486815e-01 -2.368747941665039214e-01 -1.226225310459180040e+00 1.081310421050612369e+00
-2.986950353186474949e-01 8.355022972989396557e-01 5.183636497029860957e-01 -2.307942850930708723e-01 -1.220381628221212322e+00 1.087656725522970991e+00
-2.923231874393610319e-01 8.401855971367053755e-01 5.151784862398034459e-01 -2.247977365605255962e-01 -1.214578162005897299e+00 1.094029962527741873e+00
-2.860153610489923892e-01 8.448164051365849581e-01 5.118652987986962444e-01 -2.188848189240126807e-01 -1.208815752686114076e+00 1.100429630439216266e+00
-2.797722700282059272e-01 8.493940315982988487e-01 5.084170728085567470e-01 -2.130551816250036978e-01 -1.203095239475137523e+00 1.106855222746085943e+00
-2.735946297177163089e-01 8.539177797786896562e-01 5.048263042210057172e-01 -2.073084532740687713e-01 -1.197417459447338794e+00 1.113306228102044271e+00
-2.674831568370148460e-01 8.583869455476929033e-01 5.010849585127781225e-01 -2.016442417477857241e-01 -1.191783247059265971e+00 1.119782130376707485e+00
-2.614385693972640645e-01 8.628008170174550351e-01 4.971844257056282634e-01 -1.960621342995465533e-01 -1.186193433671145936e+00 1.126282408706870575e+00
-2.554615866079283926e-01 8.671586741421917210e-01 4.931154711992856710e-01 -1.905616976846187249e-01 -1.180648847069999174e+00 1.132806537548093129e+00
-2.495529287775815064e-01 8.714597882875545487e-01 4.888681814282381799e-01 -1.851424782991357709e-01 -1.175150310994309333e+00 1.139353986726594492e+00
-2.437133172072245557e-01 8.757034217647490237e-01 4.844319044007855957e-01 -1.798040023336446858e-01 -1.169698644662170217e+00 1.145924221491449124e+00
-2.379434740768768819e-01 8.798888273280107697e-01 4.797951842172970549e-01 -1.745457759405661946e-01 -1.164294662302286287e+00 1.152516702567071949e+00
-2.322441223247397879e-01 8.840152476318343666e-01 4.749456890606085779e-01 -1.693672854158290164e-01 -1.158939172689085861e+00 1.159130886205972377e+00
-2.266159855189209260e-01 8.880819146448328816e-01 4.698701318457069176e-01 -1.642679973946261640e-01 -1.153632978682682442e+00 1.165766224241786109e+00
-2.210597877211641915e-01 8.920880490162268472e-01 4.645541825709180728e-01 -1.592473590612373258e-01 -1.148376876774419131e+00 1.172422164142573386e+00
-2.155762533415197524e-01 8.960328593896282889e-01 4.589823719252894563e-01 -1.543047983726273387e-01 -1.143171656638285238e+00 1.179098149064371270e+00
-2.101661069845159879e-01 8.999155416609392333e-01 4.531379847818649553e-01 -1.494397242958216410e-01 -1.138018100689227818e+00 1.185793617905005259e+00
-2.048300732859402729e-01 9.037352781744116825e-01 4.470029427337099404e-01 -1.446515270588433211e-01 -1.132916983648891929e+00 1.192508005358136502e+00
-1.995688767401504471e-01 9.074912368518415207e-01 4.405576745205269096e-01 -1.399395784153329991e-01 -1.127869072120284422e+00 1.199240741967543045e+00
-1.943832415180644091e-01 9.111825702494384949e-01 4.337809729149059712e-01 -1.353032319222737812e-01 -1.122875124171214711e+00 1.205991254181635330e+00
-1.892738912754658998e-01 9.148084145356034647e-01 4.266498369587957140e-01 -1.307418232307675510e-01 -1.117935888927681365e+00 1.212758964408198192e+00
-1.842415489524666938e-01 9.183678883838606311e-01 4.191392977269537967e-01 -1.262546703895082167e-01 -1.113052106177758738e+00 1.219543291069350444e+00
-1.792869365640665791e-01 9.218600917728116961e-01 4.112222263375350795e-01 -1.218410741609061709e-01 -1.108224505987340347e+00 1.226343648656717189e+00
-1.744107749831029786e-01 9.252841046862680940e-01 4.028691225741971582e-01 -1.175003183492475678e-01 -1.103453808327760299e+00 1.233159447786827290e+00
-1.696137837175508700e-01 9.286389857064736297e-01 3.940478825259517981e-01 -1.132316701407800608e-01 -1.098740722716722740e+00 1.239990095256705560e+00
-1.648966806852358857e-01 9.319237704937730626e-01 3.847235438842805944e-01 -1.090343804551774376e-01 -1.094085947872840414e+00 1.246834994099670801e+00
-1.602601819913003212e-01 9.351374701478878393e-01 3.748580068813419652e-01 -1.049076843084226773e-01 -1.089490171385903317e+00 1.253693543641349883e+00
-1.557050017136316633e-01 9.382790694448357449e-01 3.644097303045076286e-01 -1.008508011862181419e-01 -1.084954069402408905e+00 1.260565139555882341e+00
-1.512318517063149237e-01 9.413475249492964103e-01 3.533334016594543159e-01 -9.686293542772839160e-02 -1.080478306328056082e+00 1.267449173922324812e+00
-1.468414414341960850e-01 9.443417630057364676e-01 3.415795810905696284e-01 -9.294327661924262074e-02 -1.076063534548346023e+00 1.274345035281250871e+00
-1.425344778555004410e-01 9.472606776169980591e-01 3.290943203234808490e-01 -8.909099999730596409e-02 -1.071710394168542635e+00 1.281252108691537384e+00
-1.383116653766562898e-01 9.501031282311367399e-01 3.158187586478884978e-01 -8.530526686041417506e-02 -1.067419512772933565e+00 1.288169775787336047e+00
-1.341737059106988816e-01 9.528679374711752637e-01 3.016887007207627036e-01 -8.158522498917486487e-02 -1.063191505206016796e+00 1.295097414835239880e+00
-1.301212990816331683e-01 9.555538888672221454e-01 2.866341827215263538e-01 -7.793000907407288125e-02 -1.059026973376017811e+00 1.302034400791639346e+00
-1.261551426280265176e-01 9.581597246809026025e-01 2.705790384350306721e-01 -7.433874115021987805e-02 -1.054926506082109139e+00 1.308980105360251889e+00
-1.222759330753464546e-01 9.606841439630402490e-01 2.534404811688258929e-01 -7.081053103852052999e-02 -1.050890678867046457e+00 1.315933897049862855e+00
-1.184843667624897456e-01 9.631258010539083259e-01 2.351287244871046456e-01 -6.734447679253818819e-02 -1.046920053896782221e+00 1.322895141232242722e+00
-1.147811413247792345e-01 9.654833048334450218e-01 2.155466737377847164e-01 -6.393966515020554908e-02 -1.043015179868355347e+00 1.329863200200237960e+00
-1.111669577496807726e-01 9.677552191650820035e-01 1.945897306004035765e-01 -6.059517198971553498e-02 -1.039176591948288930e+00 1.336837433226081950e+00
-1.076425231234283686e-01 9.699400651559844100e-01 1.721457652102003910e-01 -5.731006278852612823e-02 -1.035404811742671072e+00 1.343817196619874643e+00
-1.042085541654786951e-01 9.720363260846331954e-01 1.480953267326491629e-01 -5.408339308501863840e-02 -1.031700347302719312e+00 1.350801843788286050e+00
-1.008657815897584520e-01 9.740424561321407992e-01 1.223121751795510082e-01 -5.091420894139231379e-02 -1.028063693166555215e+00 1.357790725293455347e+00
-9.761495520055740727e-02 9.759568943634162608e-01 9.466423301555799974e-02 -4.780154740683695280e-02 -1.024495330439997520e+00 1.364783188912078948e+00
-9.445684940558907172e-02 9.777780857230284894e-01 6.501506330086806451e-02 -4.474443697997365632e-02 -1.020995726919598834e+00 1.371778579694743483e+00
-9.139226846731096643e-02 9.795045110602988991e-01 3.322598351851358683e-02 -4.174189806946904113e-02 -1.017565337261685965e+00 1.378776240025475053e+00
-8.842205029200078670e-02 9.811347282831448524e-01 -8.410875653630384141e-04 -3.879294345120598564e-02 -1.014204603199428067e+00 1.385775509681516082e+00
-8.554706686883095657e-02 9.826674265094728078e-01 -3.731997978205731786e-02 -3.589657872092955060e-02 -1.010913953813464605e+00 1.392775725893375949e+00
-8.276821866752559487e-02 9.841014943685668648e-01 -7.633579622374705997e-02 -3.305180274073693525e-02 -1.007693805860215175e+00 1.399776223405138742e+00
-8.008641950916750574e-02 9.854361022225095468e-01 -1.179996606460437802e-01 -3.025760807771415983e-02 -1.004544564162713094e+00 1.406776334535052131e+00
-7.750256787282427950e-02 9.866707959035299069e-01 -1.624028264792627407e-01 -2.751298143290537013e-02 -1.001466622070106727e+00 1.413775389236435087e+00
-7.501750063376277922e-02 9.878055965990273357e-01 -2.096103864344939782e-01 -2.481690405846936898e-02 -9.984603619916714301e-01 1.420772715158912458e+00
-7.263192627359282838e-02 9.888410980085118318e-01 -2.596549216070251909e-01 -2.216835216101564754e-02 -9.955261560143955357e-01 1.427767637710023019e+00
-7.034633705885395827e-02 9.897785483972159071e-01 -3.125305079464875679e-01 -1.956629728857173234e-02 -9.926643666129120191e-01 1.434759480117224095e+00
-6.816090377315875415e-02 9.906199025810096259e-01 -3.681875352166655291e-01 -1.700970669820156544e-02 -9.898753474611829972e-01 1.441747563490347828e+00
-6.607536213355746924e-02 9.913678283499303134e-01 -4.265287697864138527e-01 -1.449754370134925807e-02 -9.871594443597668800e-01 1.448731206884546152e+00
-6.408890626490437725e-02 9.920256545303791640e-01 -4.874069957017169719e-01 -1.202876798327423558e-02 -9.845169962932120988e-01 1.455709727363800221e+00
-6.220011013713300230e-02 9.925972545590275864e-01 -5.506244020683440654e-01 -9.602335892310076559e-03 -9.819483366341574815e-01 1.462682440065051326e+00
-6.040690078602883872e-02 9.930868699834389801e-01 -6.159336551453892250e-01 -7.217200694528802529e-03 -9.794537945173207305e-01 1.469648658263039476e+00
-5.870660548686412739e-02 9.934988913948679112e-01 -6.830403806518196008e-01 -4.872312789758748153e-03 -9.770336964076618003e-01 1.476607693435944224e+00
-5.709608751313099972e-02 9.938376272030406966e-01 -7.516065380508191174e-01 -2.566619878257458964e-03 -9.746883678915971849e-01 1.483558855331960968e+00
-5.557197168754202110e-02 9.941070999283985188e-01 -8.212540317098273590e-01 -2.990670724929422875e-04 -9.724181357320089703e-01 1.490501452036969710e+00
-5.413094361653669750e-02 9.943109115397406050e-01 -8.915678703091616253e-01 1.931403055485336751e-03 -9.702233302353064914e-01 1.497434790043462138e+00
-5.277008949931438764e-02 9.944522110599347542e-01 -9.620983001234875154e-01 4.125850502729289104e-03 -9.681042879918457800e-01 1.504358174320963748e+00
-5.148723294424684127e-02 9.945337785453713941e-01 -1.032361629768973943e+00 6.285337954635039637e-03 -9.660613550683296857e-01 1.511270908388216982e+00
-5.028122830285841616e-02 9.945582121200393644e-01 -1.101839946839770157e+00 8.410931013091538233e-03 -9.640948907551023517e-01 1.518172294387495791e+00
-4.915219106188084552e-02 9.945281755722410466e-01 -1.169980534704814890e+00 1.050369855723598533e-02 -9.622052720051423869e-01 1.525061633161490349e+00
-4.810167901150386172e-02 9.944466441099684140e-01 -1.236196228663667629e+00 1.256471326814034839e-02 -9.603928987507717174e-01 1.531938224333361909e+00
-4.713285321751436996e-02 9.943170889700696513e-01 -1.299867380109685389e+00 1.459505235994340566e-02 -9.586582003573727029e-01 1.538801366390758263e+00
-4.625057417112765634e-02 9.941435768306638998e-01 -1.360342904296991229e+00 1.659579857705706374e-02 -9.570016435860702053e-01 1.545650356774881606e+00
-4.546111564210253420e-02 9.939308157924418019e-01 -1.416929960845347614e+00 1.856804154443247867e-02 -9.554237426175791192e-01 1.552484491976152237e+00
-4.477063677743586823e-02 9.936842059856627607e-01 -1.468848764177229871e+00 2.051287960413716860e-02 -9.539250719912799603e-01 1.559303067638746709e+00
-4.418097202577531135e-02 9.934098753493429967e-01 -1.515118405811784807e+00 2.243142235557460396e-02 -9.525062838466737958e-01 1.566105378677562721e+00
-4.368174375485667227e-02 9.931145021841221165e-01 -1.554358598699097094e+00 2.432479428416334244e-02 -9.511681318529277007e-01 1.572890719413508220e+00
-4.324187109696753240e-02 9.928046990229257851e-01 -1.584600034493062193e+00 2.619414024036403887e-02 -9.499115061800305071e-01 1.579658383737893246e+00
-4.281540020648844092e-02 9.924864567488378420e-01 -1.603473291409853507e+00 2.804063452775285015e-02 -9.487374875184997336e-01 1.586407665328262828e+00
