-2.160349693059539611e+00 -2.237485934243132135e+00 3.132862405190239841e+00 -3.949632458786070277e+00 -2.269932497427855189e+00 8.207081036905970739e-02
-2.160349693059539611e+00 -2.237485934243132135e+00 3.132862405190239841e+00 -3.949632458786070277e+00 -2.269932497427855189e+00 8.207081036905970739e-02
-2.160333016069857504e+00 -2.237487414817120435e+00 3.130231390731912811e+00 -3.949677389102365321e+00 -2.269925703314464194e+00 8.210012453072849936e-02
-2.160300645730830471e+00 -2.237490117332670447e+00 3.125088991893971713e+00 -3.949766317521351322e+00 -2.269912059428426776e+00 8.215854513531539727e-02
-2.160253555275041482e+00 -2.237493902241810328e+00 3.117552060793761459e+00 -3.949898314810882383e+00 -2.269891514067476024e+00 8.224586452513067691e-02
-2.160192707809370560e+00 -2.237498728049567731e+00 3.107734676656495942e+00 -3.950072454775154007e+00 -2.269864019292616053e+00 8.236187511100806491e-02
-2.160119057481347138e+00 -2.237504631824368762e+00 3.095748153500863520e+00 -3.950287814306655321e+00 -2.269829530736967804e+00 8.250636937963795603e-02
-2.160033551103963223e+00 -2.237511711131070946e+00 3.081701050317704915e+00 -3.950543473435421671e+00 -2.269788007417191444e+00 8.267913990077101205e-02
-2.159937129888457097e+00 -2.237520107281072423e+00 3.065699183620951729e+00 -3.950838515375716842e+00 -2.269739411547513352e+00 8.287997933428939423e-02
-2.159830731000723425e+00 -2.237529989812504283e+00 3.047845642252548171e+00 -3.951172026570300311e+00 -2.269683708356365237e+00 8.310868043714367270e-02
-2.159715288715540638e+00 -2.237541542134434458e+00 3.028240804325701419e+00 -3.951543096732714755e+00 -2.269620865905674911e+00 8.336503607015802175e-02
-2.159591734994990464e+00 -2.237554948290354062e+00 3.006982356193394157e+00 -3.951950818887542738e+00 -2.269550854912808724e+00 8.364883920469609602e-02
-2.159460999364349654e+00 -2.237570380816466642e+00 2.984165313331780922e+00 -3.952394289409077555e+00 -2.269473648575199842e+00 8.395988292919492890e-02
-2.159324008001149764e+00 -2.237587989688305523e+00 2.959882043030668708e+00 -3.952872608058691117e+00 -2.269389222397680594e+00 8.429796045555466855e-02
-2.159181681991608759e+00 -2.237607892364172457e+00 2.934222288786230592e+00 -3.953384878021111160e+00 -2.269297554022544183e+00 8.466286512539267228e-02
-2.159034934743613299e+00 -2.237630164945256794e+00 2.907273196293258533e+00 -3.953930205939714781e+00 -2.269198623062333553e+00 8.505439041615571460e-02
-2.158884668577033761e+00 -2.237654834479726684e+00 2.879119340937452698e+00 -3.954507701951344600e+00 -2.269092410935401372e+00 8.547232994709204335e-02
-2.158731770540471828e+00 -2.237681872441484199e+00 2.849842756690874612e+00 -3.955116479721133338e+00 -2.268978900704279322e+00 8.591647748508045301e-02
-2.158577107528508954e+00 -2.237711189413685631e+00 2.819522966315935797e+00 -3.955755656477364823e+00 -2.268858076916858479e+00 8.638662695032132965e-02
-2.158421520795025028e+00 -2.237742631002741067e+00 2.788237012786619839e+00 -3.956424353046072095e+00 -2.268729925450351015e+00 8.688257242187692742e-02
-2.158265819976043165e+00 -2.237775975000713125e+00 2.756059491837965059e+00 -3.957121693886153757e+00 -2.268594433358097628e+00 8.740410814306001641e-02
-2.158110776749716297e+00 -2.237810929803225157e+00 2.723062585557738835e+00 -3.957846807125264821e+00 -2.268451588719245127e+00 8.795102852667639748e-02
-2.157957118271325303e+00 -2.237847134076759836e+00 2.689316096936920975e+00 -3.958598824597288068e+00 -2.268301380491359875e+00 8.852312816012801455e-02
-2.157805520527538157e+00 -2.237884157654155270e+00 2.654887485298103478e+00 -3.959376881880457777e+00 -2.268143798365898522e+00 8.912020181036157951e-02
-2.157656601756598125e+00 -2.237921503620822872e+00 2.619841902523972976e+00 -3.960180118337157662e+00 -2.267978832626631913e+00 8.974204442866778875e-02
-2.157510916079708352e+00 -2.237958611537428144e+00 2.584242230010519670e+00 -3.961007677154758433e+00 -2.267806474010959139e+00 9.038845115532952168e-02
-2.157368947483813582e+00 -2.237994861728069385e+00 2.548149116272640846e+00 -3.961858705388077162e+00 -2.267626713574175668e+00 9.105921732411639824e-02
-2.157231104287517187e+00 -2.238029580547055364e+00 2.511621015132059931e+00 -3.962732354004055768e+00 -2.267439542556743959e+00 9.175413846662669459e-02
-2.157097714210355566e+00 -2.238062046522710791e+00 2.474714224420476949e+00 -3.963627777926813867e+00 -2.267244952254412915e+00 9.247301031647514602e-02
-2.156969020151450867e+00 -2.238091497263797969e+00 2.437482925133582778e+00 -3.964544136083912207e+00 -2.267042933891258549e+00 9.321562881332549899e-02
-2.156845176767211658e+00 -2.238117137003498680e+00 2.399979220973867289e+00 -3.965480591453269366e+00 -2.266833478495597465e+00 9.398179010676517564e-02
-2.156726247919707795e+00 -2.238138144647776606e+00 2.362253178223028716e+00 -3.966436311112786939e+00 -2.266616576778965886e+00 9.477129056002746299e-02
-2.156612205048200614e+00 -2.238153682189580440e+00 2.324352865887156838e+00 -3.967410466288276094e+00 -2.266392219017759668e+00 9.558392675353930001e-02
-2.156502926496549843e+00 -2.238162903347845845e+00 2.286324396060914310e+00 -3.968402232402050256e+00 -2.266160394937749789e+00 9.641949548832282058e-02
-2.156398197809433093e+00 -2.238164962290629667e+00 2.248211964458548096e+00 -3.969410789120817906e+00 -2.265921093601338754e+00 9.727779378923694098e-02
-2.156297712990984827e+00 -2.238159022304902379e+00 2.210057891062715996e+00 -3.970435320403288504e+00 -2.265674303297593450e+00 9.815861890807274504e-02
-2.156201076701083519e+00 -2.238144264281344054e+00 2.171902660843713750e+00 -3.971475014545174709e+00 -2.265420011434823078e+00 9.906176832647317632e-02
-2.156107807347463545e+00 -2.238119894890721717e+00 2.133784964504992665e+00 -3.972529064221555828e+00 -2.265158204435676836e+00 9.998703975868987459e-02
-2.156017341016495781e+00 -2.238085154338785632e+00 2.095741739211867571e+00 -3.973596666525875953e+00 -2.264888867634670344e+00 1.009342311541671366e-01
-2.155929036172136826e+00 -2.238039323598700836e+00 2.057808209263511934e+00 -3.974677023005864118e+00 -2.264611985178143883e+00 1.019031406999710149e-01
-2.155842179041373541e+00 -2.237981731033550137e+00 2.020017926669974706e+00 -3.975769339696243687e+00 -2.264327539926609401e+00 1.028935668230604034e-01
-2.155755989595672606e+00 -2.237911758335910495e+00 1.982402811598075409e+00 -3.976872827147166500e+00 -2.264035513359347718e+00 1.039053081923747845e-01
-2.155669628031469109e+00 -2.237828845726629545e+00 1.944993192651325975e+00 -3.977986700449542390e+00 -2.263735885481343413e+00 1.049381637207733448e-01
-2.155582201648665652e+00 -2.237732496370214985e+00 1.907817846951833429e+00 -3.979110179255235025e+00 -2.263428634732310485e+00 1.059919325667958434e-01
-2.155492772024306891e+00 -2.237622279979432971e+00 1.870904039993321444e+00 -3.980242487795034645e+00 -2.263113737898071687e+00 1.070664141362434596e-01
-2.155400362378972812e+00 -2.237497835596426121e+00 1.834277565236321017e+00 -3.981382854893428025e+00 -2.262791170024150755e+00 1.081614080836018343e-01
-2.155303965035811231e+00 -2.237358873551580807e+00 1.797962783418237898e+00 -3.982530513981696885e+00 -2.262460904331718758e+00 1.092767143132914870e-01
-2.155202548876259616e+00 -2.237205176614317281e+00 1.761982661552126794e+00 -3.983684703110245362e+00 -2.262122912135948294e+00 1.104121329807476320e-01
-2.155095066702213291e+00 -2.237036600361659744e+00 1.726358811590124054e+00 -3.984844664959869220e+00 -2.261777162766731131e+00 1.115674644933404985e-01
-2.154980462421332010e+00 -2.236853072800844000e+00 1.691111528728803659e+00 -3.986009646854970168e+00 -2.261423623492068824e+00 1.127425095110975994e-01
-2.154857677980192232e+00 -2.236654593291060422e+00 1.656259829334977951e+00 -3.987178900779262403e+00 -2.261062259444182487e+00 1.139370689472661430e-01
-2.154725659978718344e+00 -2.236441230816825332e+00 1.621821488471474559e+00 -3.988351683394910197e+00 -2.260693033548462072e+00 1.151509439686987241e-01
-2.154583365908571579e+00 -2.236213121671276838e+00 1.587813077004278872e+00 -3.989527256066941696e+00 -2.260315906455469648e+00 1.163839359960672920e-01
-2.154429769967669550e+00 -2.235970466612017482e+00 1.554249998272702715e+00 -3.990704884892659621e+00 -2.259930836475982474e+00 1.176358467038985944e-01
-2.154263868412557237e+00 -2.235713527554969993e+00 1.521146524329256344e+00 -3.991883605090612797e+00 -2.259537751670181116e+00 1.189064780204352467e-01
-2.154084684419711682e+00 -2.235442623873175272e+00 1.488515831688913549e+00 -3.993062456830816398e+00 -2.259136576744211311e+00 1.201956321275024775e-01
-2.153891272435902060e+00 -2.235158128367709107e+00 1.456370036595463491e+00 -3.994240485302128718e+00 -2.258727232970896281e+00 1.215031114605011064e-01
-2.153682722006277750e+00 -2.234860462976979711e+00 1.424720229791734294e+00 -3.995416740777987030e+00 -2.258309638113388917e+00 1.228287187083894200e-01
-2.153458161076812427e+00 -2.234550094288711541e+00 1.393576510781604716e+00 -3.996590278681988018e+00 -2.257883706351919262e+00 1.241722568136792854e-01
-2.153216758774984640e+00 -2.234227528916164385e+00 1.362948021572549351e+00 -3.997760159653293233e+00 -2.257449348213625751e+00 1.255335289724566761e-01
-2.152957727679088329e+00 -2.233893308796651489e+00 1.332842979888121393e+00 -3.998925449612518612e+00 -2.257006470505553697e+00 1.269123386344245263e-01
-2.152680325592259969e+00 -2.233548006466354430e+00 1.303268711841179428e+00 -4.000085219825325389e+00 -2.256554976250447542e+00 1.283084895029423245e-01
-2.152383856842204679e+00 -2.233192220360950664e+00 1.274231684058957814e+00 -4.001238546966225940e+00 -2.256094764625646398e+00 1.297217855350885074e-01
-2.152067673131673686e+00 -2.232826570186777104e+00 1.245737535252602335e+00 -4.002384513182028591e+00 -2.255625730904993631e+00 1.311520309417384955e-01
-2.151731173968023825e+00 -2.232451692402305010e+00 1.217791107224206026e+00 -4.003522206153833807e+00 -2.255147766403604592e+00 1.325990301876436850e-01
-2.151373806702703728e+00 -2.232068235844650861e+00 1.190396475305214974e+00 -4.004650719443120899e+00 -2.254660758463557624e+00 1.340625879915349206e-01
-2.150995066213313489e+00 -2.231676857530870972e+00 1.163556978220954941e+00 -4.005769152551247991e+00 -2.254164590406070978e+00 1.355425093262399017e-01
-2.150594494262012546e+00 -2.231278218658873325e+00 1.137275247376755782e+00 -4.006876610978751252e+00 -2.253659141486686668e+00 1.370385994188340895e-01
-2.150171678564577693e+00 -2.230872980828088714e+00 1.111553235561948849e+00 -4.007972206282254923e+00 -2.253144286853156153e+00 1.385506637507604166e-01
-2.149726251604404670e+00 -2.230461802495567358e+00 1.086392245068298790e+00 -4.009055056130806705e+00 -2.252619897506236590e+00 1.400785080579833586e-01
-2.149257889225256068e+00 -2.230045335678981999e+00 1.061792955220781209e+00 -4.010124284361569202e+00 -2.252085840263373218e+00 1.416219383311555224e-01
-2.148766309035650579e+00 -2.229624222914141640e+00 1.037755449319012424e+00 -4.011179021035252923e+00 -2.251541977725301180e+00 1.431807608158043865e-01
-2.148251268656583779e+00 -2.229199094471141063e+00 1.014279240987795205e+00 -4.012218402489675206e+00 -2.250988168245318999e+00 1.447547820125221762e-01
-2.147712563842705258e+00 -2.228770565830020978e+00 9.913632999368191534e-01 -4.013241571393138862e+00 -2.250424265901450838e+00 1.463438086771659818e-01
-2.147150026505367126e+00 -2.228339235414067865e+00 9.690060771290854857e-01 -4.014247676796057540e+00 -2.249850120471243109e+00 1.479476478210673129e-01
-2.146563522664039159e+00 -2.227905682576391655e+00 9.472055293591375991e-01 -4.015235874180901554e+00 -2.249265577409180761e+00 1.495661067112414033e-01
-2.145952950350553223e+00 -2.227470465833300217e+00 9.259591432421888646e-01 -4.016205325670904713e+00 -2.248670477850856386e+00 1.511989928706261865e-01
-2.145318237488566204e+00 -2.227034121336249672e+00 9.052639586157519291e-01 -4.017155200077978883e+00 -2.248064658596800047e+00 1.528461140783071437e-01
-2.144659339768476336e+00 -2.226597161572649863e+00 8.851165913564872367e-01 -4.018084672950811509e+00 -2.247447952099137947e+00 1.545072783697791774e-01
-2.143976238535933110e+00 -2.226160074284650126e+00 8.655132556145639366e-01 -4.018992926620576611e+00 -2.246820186450684265e+00 1.561822940371788981e-01
-2.143268938709969262e+00 -2.225723321594159643e+00 8.464497854689364553e-01 -4.019879150247050781e+00 -2.246181185376852962e+00 1.578709696295616527e-01
-2.142537466744787178e+00 -2.225287339321696756e+00 8.279216560071371855e-01 -4.020742539861942078e+00 -2.245530768229870855e+00 1.595731139531802456e-01
-2.141781868647247844e+00 -2.224852536486235710e+00 8.099240038337179870e-01 -4.021582298411948919e+00 -2.244868749985654777e+00 1.612885360717641881e-01
-2.141002208060273304e+00 -2.224419294973014161e+00 7.924516470118136979e-01 -4.022397635892831502e+00 -2.244194941258175646e+00 1.630170453068053582e-01
-2.140198564420635829e+00 -2.223987969356215011e+00 7.754991044426768898e-01 -4.023187769390009549e+00 -2.243509148301923606e+00 1.647584512378498789e-01
-2.139371031197963902e+00 -2.223558886863547635e+00 7.590606146885028327e-01 -4.023951923118101348e+00 -2.242811173016836523e+00 1.665125637027954075e-01
-2.138519714220309176e+00 -2.223132347469998660e+00 7.431301542438422114e-01 -4.024689328459515103e+00 -2.242100812955674982e+00 1.682791927981988067e-01
-2.137644730090216161e+00 -2.222708624108347575e+00 7.277014552617335763e-01 -4.025399224001095178e+00 -2.241377861333651467e+00 1.700581488795765150e-01
-2.136746204693995121e+00 -2.222287962984498044e+00 7.127680227406573144e-01 -4.026080855570172368e+00 -2.240642107040504261e+00 1.718492425617145491e-01
-2.135824271805768948e+00 -2.221870583986165215e+00 6.983231511787750811e-01 -4.026733476356827879e+00 -2.239893334670052027e+00 1.736522847189859442e-01
-2.134879071786849103e+00 -2.221456681174029502e+00 6.843599407021672132e-01 -4.027356346948404386e+00 -2.239131324537657175e+00 1.754670864856893719e-01
-2.133910750380119126e+00 -2.221046423345059750e+00 6.708713126740137866e-01 -4.027948735361980503e+00 -2.238355852699806192e+00 1.772934592563626954e-01
-2.132919457598312363e+00 -2.220639954658332638e+00 6.578500247920248123e-01 -4.028509917076190661e+00 -2.237566690976016126e+00 1.791312146861132604e-01
-2.131905346704408455e+00 -2.220237395314314632e+00 6.452886856812155569e-01 -4.029039175062711919e+00 -2.236763606973088958e+00 1.809801646909664496e-01
-2.130868573281794909e+00 -2.219838842279217239e+00 6.331797689898983617e-01 -4.029535799815676000e+00 -2.235946364111377260e+00 1.828401214482025250e-01
-2.129809294391360019e+00 -2.219444370046671722e+00 6.215156269965698144e-01 -4.029999089380824628e+00 -2.235114721653355119e+00 1.847108973966874179e-01
-2.128727667812335689e+00 -2.219054031429650298e+00 6.102885037416035940e-01 -4.030428349381073971e+00 -2.234268434733824193e+00 1.865923052372027158e-01
-2.127623851363265040e+00 -2.218667858376021318e+00 5.994905476797059984e-01 -4.030822893043990440e+00 -2.233407254392770103e+00 1.884841579327973804e-01
-2.126498002299336498e+00 -2.218285862801873787e+00 5.891138238674070715e-01 -4.031182041227138413e+00 -2.232530927610088423e+00 1.903862687091212591e-01
-2.125350276782120851e+00 -2.217908037437257729e+00 5.791503256938898003e-01 -4.031505122443845401e+00 -2.231639197342615510e+00 1.922984510547798287e-01
-2.124180829417614103e+00 -2.217534356679524254e+00 5.695919861635513337e-01 -4.031791472887252148e+00 -2.230731802563042265e+00 1.942205187216795303e-01
-2.122989812858414815e+00 -2.217164777449957214e+00 5.604306887387778824e-01 -4.032040436462736466e+00 -2.229808478302648833e+00 1.961522857253551744e-01
-2.121777377465838832e+00 -2.216799240049860398e+00 5.516582777514857927e-01 -4.032251364811306082e+00 -2.228868955694486065e+00 1.980935663453281814e-01
-2.120543671027783628e+00 -2.216437669012718104e+00 5.432665683920462341e-01 -4.032423617423725126e+00 -2.227912962036895372e+00 2.000441751254534717e-01
-2.119288838528195829e+00 -2.216079973949442117e+00 5.352473562842535726e-01 -4.032556561661533756e+00 -2.226940220841187479e+00 2.020039268742645500e-01
-2.118013021964078035e+00 -2.215726050384122736e+00 5.275924266550291453e-01 -4.032649572777630809e+00 -2.225950451881304026e+00 2.039726366653213385e-01
-2.116716360206051029e+00 -2.215375780578022979e+00 5.202935631075947809e-01 -4.032702033936667263e+00 -2.224943371245493129e+00 2.059501198375656983e-01
-2.115398988898625987e+00 -2.215029034339897507e+00 5.133425560068404225e-01 -4.032713336234533763e+00 -2.223918691389823454e+00 2.079361919956683180e-01
-2.114061040396459923e+00 -2.214685669820994018e+00 5.067312104856460664e-01 -4.032682878716902231e+00 -2.222876121193503085e+00 2.099306690103540651e-01
-2.112702643733018970e+00 -2.214345534293359119e+00 5.004513540808890326e-01 -4.032610068397753267e+00 -2.221815366016161253e+00 2.119333670187554808e-01
-2.111323924618242032e+00 -2.214008464910311780e+00 4.944948440078654195e-01 -4.032494320277261401e+00 -2.220736127756946399e+00 2.139441024247492051e-01
-2.109925005461944725e+00 -2.213674289448152699e+00 4.888535740818430453e-01 -4.032335057359766495e+00 -2.219638104915564014e+00 2.159626918993057809e-01
-2.108506005419896301e+00 -2.213342827028368820e+00 4.835194812954122234e-01 -4.032131710670816993e+00 -2.218520992655021118e+00 2.179889523808218599e-01
-2.107067040459651874e+00 -2.213013888819757913e+00 4.784845520602742930e-01 -4.031883719273840150e+00 -2.217384482866159523e+00 2.200227010754708945e-01
-2.105608223443423022e+00 -2.212687278720046447e+00 4.737408281220657491e-01 -4.031590530286101703e+00 -2.216228264233886414e+00 2.220637554575388417e-01
-2.104129664225424357e+00 -2.212362794016701439e+00 4.692804121567685227e-01 -4.031251598894639798e+00 -2.215052022305228352e+00 2.241119332697615874e-01
-2.102631469761320648e+00 -2.212040226026751100e+00 4.650954730571911777e-01 -4.030866388447206461e+00 -2.213855439576284390e+00 2.261670525236494089e-01
-2.101113744227566471e+00 -2.211719360715521443e+00 4.611782509181094336e-01 -4.030434370467414595e+00 -2.212638195564346599e+00 2.282289314998247332e-01
-2.099576589148590688e+00 -2.211399979294289331e+00 4.575210617280737191e-01 -4.029955024669287234e+00 -2.211399966881642420e+00 2.302973887483510673e-01
-2.098020103529961933e+00 -2.211081858796909216e+00 4.541163017763347187e-01 -4.029427838970819131e+00 -2.210140427310598010e+00 2.323722430890544921e-01
-2.096444384207263756e+00 -2.210764774286327228e+00 4.509564517867292732e-01 -4.028852309477053417e+00 -2.208859247268031734e+00 2.344533136114765048e-01
-2.094849525783706312e+00 -2.210448497736232643e+00 4.480340807792803637e-01 -4.028227940526798889e+00 -2.207556094496389676e+00 2.365404196751660360e-01
-2.093235620769646310e+00 -2.210132798546017519e+00 4.453418496713569819e-01 -4.027554244705096487e+00 -2.206230634143784730e+00 2.386333809099636660e-01
-2.091602759722207328e+00 -2.209817444035489409e+00 4.428725146262096346e-01 -4.026830742855509015e+00 -2.204882528845637069e+00 2.407320172162774885e-01
-2.089951031383855629e+00 -2.209502199919619603e+00 4.406189301567169370e-01 -4.026056964092238566e+00 -2.203511438807903566e+00 2.428361487653685480e-01
-2.088280522818909635e+00 -2.209186830763635534e+00 4.385740519920575675e-01 -4.025232445810911663e+00 -2.202117021891584425e+00 2.449455959996308663e-01
-2.086591319547087320e+00 -2.208871100418770439e+00 4.367309397149495287e-01 -4.024356733699097965e+00 -2.200698933698732596e+00 2.470601796328659172e-01
-2.084883505673293946e+00 -2.208554772439013991e+00 4.350827591769679259e-01 -4.023429381746153055e+00 -2.199256827659853641e+00 2.491797206505603213e-01
-2.083157164012984008e+00 -2.208237610479211188e+00 4.336227846993419011e-01 -4.022449952252333816e+00 -2.197790355122643646e+00 2.513040403101579612e-01
-2.081412376212508519e+00 -2.207919378674859878e+00 4.323444010665383197e-01 -4.021418015837553206e+00 -2.196299165442141543e+00 2.534329601413294886e-01
-2.079649222863970248e+00 -2.207599842003972412e+00 4.312411053197995336e-01 -4.020333151448867604e+00 -2.194782906072029416e+00 2.555663019462487417e-01
-2.077867783614181896e+00 -2.207278766631364686e+00 4.303065083577039540e-01 -4.019194946366854815e+00 -2.193241222657095424e+00 2.577038877998463207e-01
-2.076068137267421232e+00 -2.206955920235738944e+00 4.295343363506886059e-01 -4.018002996211855304e+00 -2.191673759127081400e+00 2.598455400500734314e-01
-2.074250361881730953e+00 -2.206631072319928055e+00 4.289184319763569286e-01 -4.016756904948413975e+00 -2.190080157791445270e+00 2.619910813181578479e-01
-2.072414534858600721e+00 -2.206303994504668076e+00 4.284527554822747941e-01 -4.015456284889575400e+00 -2.188460059435453964e+00 2.641403344988667579e-01
-2.070560733025917699e+00 -2.205974460806265913e+00 4.281313855828192128e-01 -4.014100756699268580e+00 -2.186813103417096116e+00 2.662931227607467921e-01
-2.068689032714137177e+00 -2.205642247898528918e+00 4.279485201965531060e-01 -4.012689949394575351e+00 -2.185138927765270189e+00 2.684492695463842615e-01
-2.066799509825675063e+00 -2.205307135359315218e+00 4.278984770304323226e-01 -4.011223500346543958e+00 -2.183437169278854117e+00 2.706085985726597865e-01
-2.064892239897571091e+00 -2.204968905902074283e+00 4.279756940170534318e-01 -4.009701055279496273e+00 -2.181707463626609389e+00 2.727709338309829423e-01
-2.062967298157516005e+00 -2.204627345592728549e+00 4.281747296110148260e-01 -4.008122268269423749e+00 -2.179949445448046585e+00 2.749360995875368974e-01
-2.061024759573371057e+00 -2.204282244052260697e+00 4.284902629503351545e-01 -4.006486801741426795e+00 -2.178162748455203079e+00 2.771039203835202192e-01
-2.059064698896349022e+00 -2.203933394645362309e+00 4.289170938887549300e-01 -4.004794326466622145e+00 -2.176347005535433254e+00 2.792742210353963417e-01
-2.057087190698041468e+00 -2.203580594655496050e+00 4.294501429045983198e-01 -4.003044521556832436e+00 -2.174501848854695663e+00 2.814468266351214942e-01
-2.055092309401522765e+00 -2.203223645446721335e+00 4.300844508917722742e-01 -4.001237074458198428e+00 -2.172626909961621777e+00 2.836215625503800686e-01
-2.053080129306759094e+00 -2.202862352612645402e+00 4.308151788383304814e-01 -3.999371680944133978e+00 -2.170721819892454718e+00 2.857982544248219847e-01
-2.051050724610593790e+00 -2.202496526112838637e+00 4.316376073979038552e-01 -3.997448045106837267e+00 -2.168786209276595045e+00 2.879767281782906752e-01
-2.049004169421575483e+00 -2.202125980397068972e+00 4.325471363591860130e-01 -3.995465879347798843e+00 -2.166819708442857539e+00 2.901568100070522904e-01
-2.046940537769920354e+00 -2.201750534517699975e+00 4.335392840185302021e-01 -3.993424904366690953e+00 -2.164821947526211154e+00 2.923383263840227952e-01
-2.044859903612900709e+00 -2.201370012230607465e+00 4.346096864605763499e-01 -3.991324849149261222e+00 -2.162792556575158454e+00 2.945211040589909568e-01
-2.042762340835969415e+00 -2.200984242084945919e+00 4.357540967517151698e-01 -3.989165450954419434e+00 -2.160731165659774078e+00 2.967049700588453853e-01
-2.040647923249918172e+00 -2.200593057502123528e+00 4.369683840510676931e-01 -3.986946455300004022e+00 -2.158637404980218832e+00 2.988897516878073479e-01
-2.038516724584386264e+00 -2.200196296844324273e+00 4.382485326435303086e-01 -3.984667615946641206e+00 -2.156510904975509568e+00 3.010752765276399345e-01
-2.036368818478028420e+00 -2.199793803472915421e+00 4.395906408993229264e-01 -3.982328694880583164e+00 -2.154351296432777563e+00 3.032613724378551701e-01
-2.034204278465643334e+00 -2.199385425797092175e+00 4.409909201643446020e-01 -3.979929462296130094e+00 -2.152158210597169941e+00 3.054478675559423317e-01
-2.032023177962572369e+00 -2.198971017313090304e+00 4.424456935855191619e-01 -3.977469696507080155e+00 -2.149931279260123507e+00 3.076345902975862745e-01
-2.029825590246669975e+00 -2.198550436634311822e+00 4.439513948751876438e-01 -3.974949183754645343e+00 -2.147670134814622322e+00 3.098213693568694915e-01
-2.027611588438127832e+00 -2.198123547512699449e+00 4.455045670185058815e-01 -3.972367718178961837e+00 -2.145374410361440276e+00 3.120080337064889964e-01
-2.025381245477448910e+00 -2.197690218851696020e+00 4.471018609276795619e-01 -3.969725101797238587e+00 -2.143043739818078830e+00 3.141944125979673763e-01
-2.023134634101842355e+00 -2.197250324711121916e+00 4.487400340467599946e-01 -3.967021144398683141e+00 -2.140677758001284126e+00 3.163803355618641233e-01
-2.020871826820305639e+00 -2.196803744304303141e+00 4.504159489105781788e-01 -3.964255663522079587e+00 -2.138276100736216545e+00 3.185656324080054502e-01
-2.018592895887654226e+00 -2.196350361987780886e+00 4.521265716613488417e-01 -3.961428484431197994e+00 -2.135838404965480830e+00 3.207501332256975091e-01
-2.016297913277740328e+00 -2.195890067243924992e+00 4.538689705262961005e-01 -3.958539440089514194e+00 -2.133364308858460401e+00 3.229336683839372224e-01
-2.013986950656096564e+00 -2.195422754656778164e+00 4.556403142595699673e-01 -3.955588371133228254e+00 -2.130853451920588171e+00 3.251160685316305532e-01
-2.011660079352227903e+00 -2.194948323881449781e+00 4.574378705515924626e-01 -3.952575125512316490e+00 -2.128305474991187829e+00 3.272971645978190458e-01
-2.009317370331759278e+00 -2.194466679607378179e+00 4.592590044088765699e-01 -3.949499558468090754e+00 -2.125720020351977713e+00 3.294767877919109189e-01
-2.006958894168635599e+00 -2.193977731515766916e+00 4.611011765072972057e-01 -3.946361532504564895e+00 -2.123096731833937767e+00 3.316547696038989468e-01
-2.004584721017560689e+00 -2.193481394231514336e+00 4.629619415216437717e-01 -3.943160917359998408e+00 -2.120435254924629032e+00 3.338309418046061516e-01
-2.002194920586846560e+00 -2.192977587269929973e+00 4.648389464342153610e-01 -3.939897589976903536e+00 -2.117735236875353699e+00 3.360051364459255563e-01
-1.999789562111828456e+00 -2.192466234978541095e+00 4.667299288250847944e-01 -3.936571434472213138e+00 -2.114996326808710414e+00 3.381771858610767567e-01
-1.997368714328995987e+00 -2.191947266474287837e+00 4.686327151465793373e-01 -3.933182342106325891e+00 -2.112218175826079403e+00 3.403469226648768164e-01
-1.994932445450971592e+00 -2.191420615576384900e+00 4.705452189843897792e-01 -3.929730211095602943e+00 -2.109400437059961497e+00 3.425141797540026123e-01
-1.992480823142457114e+00 -2.190886220735142498e+00 4.724654393076975212e-01 -3.926214946581749743e+00 -2.106542765780624382e+00 3.446787903072692227e-01
-1.990013914497259506e+00 -2.190344024957018298e+00 4.743914587105570457e-01 -3.922636460601152564e+00 -2.103644819502993091e+00 3.468405877859251363e-01
-1.987531786016487612e+00 -2.189793975726174402e+00 4.763214416467139722e-01 -3.918994671970816412e+00 -2.100706258063640419e+00 3.489994059339487364e-01
-1.985034503588013255e+00 -2.189236024922800006e+00 4.782536326599259868e-01 -3.915289506256577567e+00 -2.097726743726922027e+00 3.511550787783737637e-01
-1.982522132467262166e+00 -2.188670128738463116e+00 4.801863546118020909e-01 -3.911520895740246750e+00 -2.094705941290917917e+00 3.533074406296130565e-01
-1.979994737259404003e+00 -2.188096247588737775e+00 4.821180069090409415e-01 -3.907688779386902400e+00 -2.091643518193592843e+00 3.554563260818134895e-01
-1.977452381902993217e+00 -2.187514346023355039e+00 4.840470637319103098e-01 -3.903793102811376148e+00 -2.088539144618804411e+00 3.576015700132220698e-01
-1.974895129655101611e+00 -2.186924392634112646e+00 4.859720722656799552e-01 -3.899833818243650718e+00 -2.085392493602028274e+00 3.597430075865624688e-01
-1.972323043077978122e+00 -2.186326359960777399e+00 4.878916509367037246e-01 -3.895810884493977611e+00 -2.082203241136069582e+00 3.618804742494246551e-01
-1.969736184027259585e+00 -2.185720224395199640e+00 4.898044876546966409e-01 -3.891724266916984920e+00 -2.078971066276456892e+00 3.640138057346882228e-01
-1.967134613641748242e+00 -2.185105966083857876e+00 4.917093380627370336e-01 -3.887573937375663924e+00 -2.075695651246833862e+00 3.661428380609605404e-01
-1.964518392334763552e+00 -2.184483568829042710e+00 4.936050237963923171e-01 -3.883359874204290740e+00 -2.072376681543957488e+00 3.682674075330208963e-01
-1.961887579787069624e+00 -2.183853019988883037e+00 4.954904307533627428e-01 -3.879082062170938094e+00 -2.069013846042528026e+00 3.703873507422959510e-01
-1.959242234941368510e+00 -2.183214310376401013e+00 4.973645073749096146e-01 -3.874740492438873307e+00 -2.065606837099547288e+00 3.725025045673464597e-01
-1.956582415998349811e+00 -2.182567434157795638e+00 4.992262629402914320e-01 -3.870335162528192097e+00 -2.062155350658703146e+00 3.746127061743971254e-01
-1.953908180414273721e+00 -2.181912388750119280e+00 5.010747658753492706e-01 -3.865866076276585073e+00 -2.058659086354322376e+00 3.767177930178789991e-01
-1.951219584900063087e+00 -2.181249174718531414e+00 5.029091420763425191e-01 -3.861333243798986015e+00 -2.055117747614770618e+00 3.788176028409914187e-01
-1.948516685421874062e+00 -2.180577795673286801e+00 5.047285732500442768e-01 -3.856736681447259230e+00 -2.051531041765715102e+00 3.809119736762958675e-01
-1.945799537203111607e+00 -2.179898258166618419e+00 5.065322952710611393e-01 -3.852076411768420527e+00 -2.047898680132632876e+00 3.830007438463240987e-01
-1.943068194727846754e+00 -2.179210571589664802e+00 5.083195965572736563e-01 -3.847352463462758276e+00 -2.044220378143073447e+00 3.850837519642187345e-01
-1.940322711745596562e+00 -2.178514748069583007e+00 5.100898164642492238e-01 -3.842564871342009525e+00 -2.040495855428711369e+00 3.871608369344100020e-01
-1.937563141277417245e+00 -2.177810802366989318e+00 5.118423436993959630e-01 -3.837713676286314879e+00 -2.036724835926655430e+00 3.892318379533091788e-01
-1.934789535623260948e+00 -2.177098751773846708e+00 5.135766147565461459e-01 -3.832798924909582183e+00 -2.032907047860873728e+00 3.912965945100161935e-01
-1.932001946370546008e+00 -2.176378616011933165e+00 5.152921123716703855e-01 -3.827820669458033453e+00 -2.029042223816003077e+00 3.933549463870722462e-01
-1.929200424403882286e+00 -2.175650417131997472e+00 5.169883640003732905e-01 -3.822778967766029989e+00 -2.025130100833898439e+00 3.954067336612420158e-01
-1.926385019915900498e+00 -2.174914179413716120e+00 5.186649403177551187e-01 -3.817673883211515573e+00 -2.021170420509679211e+00 3.974517967043281197e-01
-1.923555782419122062e+00 -2.174169929266553503e+00 5.203214537411561258e-01 -3.812505484670615452e+00 -2.017162929087044088e+00 3.994899761840096652e-01
-1.920712760758815696e+00 -2.173417695131625305e+00 5.219575569762592293e-01 -3.807273846472171819e+00 -2.013107377553152499e+00 4.015211130647234894e-01
-1.917856003126776177e+00 -2.172657507384645914e+00 5.235729415869962988e-01 -3.801979048351092239e+00 -2.009003521732574349e+00 4.035450486085668254e-01
-1.914985557075968403e+00 -2.171889398240057556e+00 5.251673365896497581e-01 -3.796621175401556858e+00 -2.004851122380716166e+00 4.055616243762460993e-01
-1.912101469535972820e+00 -2.171113401656410868e+00 5.267405070714968884e-01 -3.791200318030076399e+00 -2.000649945276695263e+00 4.075706822280638075e-01
-1.909203786829174687e+00 -2.170329553243072418e+00 5.282922528342357538e-01 -3.785716571517895535e+00 -1.996399761147039653e+00 4.095720643249348147e-01
-1.906292554687633478e+00 -2.169537890168330652e+00 5.298224070625282556e-01 -3.780170035968655196e+00 -1.992100345751460333e+00 4.115656131294424536e-01
-1.903367818270574219e+00 -2.168738451068958462e+00 5.313308350179122286e-01 -3.774560816255494000e+00 -1.987751479967782009e+00 4.135511714069380340e-01
-1.900429622182440159e+00 -2.167931275961294535e+00 5.328174327582604342e-01 -3.768889021967794406e+00 -1.983352949876086679e+00 4.155285822266841511e-01
-1.897478010491448597e+00 -2.167116406153890118e+00 5.342821258829622000e-01 -3.763154767357336006e+00 -1.978904546841944390e+00 4.174976889630366839e-01
-1.894513026748589901e+00 -2.166293884161778482e+00 5.357248683039558257e-01 -3.757358171284018500e+00 -1.974406067598770687e+00 4.194583352966794743e-01
-1.891534714007017781e+00 -2.165463753622402177e+00 5.371456410427033479e-01 -3.751499357161027337e+00 -1.969857314329229725e+00 4.214103652158971980e-01
-1.888543114841770398e+00 -2.164626059213238030e+00 5.385444510531705031e-01 -3.745578452899483324e+00 -1.965258094745665041e+00 4.233536230178976401e-01
-1.885538271369770147e+00 -2.163780846571165206e+00 5.399213300708599617e-01 -3.739595590852684115e+00 -1.960608222169587966e+00 4.252879533101835419e-01
-1.882520225270050584e+00 -2.162928162213588301e+00 5.412763334879143740e-01 -3.733550907759719983e+00 -1.955907515610086245e+00 4.272132010119649714e-01
-1.879489017804158779e+00 -2.162068053461364769e+00 5.426095392542417128e-01 -3.727444544689028749e+00 -1.951155799841385763e+00 4.291292113556315901e-01
-1.876444689836683777e+00 -2.161200568363539354e+00 5.439210468046477009e-01 -3.721276646981259262e+00 -1.946352905479252549e+00 4.310358298882691064e-01
-1.873387281855864117e+00 -2.160325755623919708e+00 5.452109760119030479e-01 -3.715047364191861767e+00 -1.941498669056392012e+00 4.329329024732286313e-01
-1.870316833994228212e+00 -2.159443664529504758e+00 5.464794661656376951e-01 -3.708756850033262165e+00 -1.936592933096755953e+00 4.348202752917477154e-01
-1.867233386049226063e+00 -2.158554344880774245e+00 5.477266749769673648e-01 -3.702405262316645462e+00 -1.931635546188737340e+00 4.366977948446274516e-01
-1.864136977503806358e+00 -2.157657846923860312e+00 5.489527776087042010e-01 -3.695992762893401284e+00 -1.926626363057252878e+00 4.385653079539593158e-01
-1.861027647546904973e+00 -2.156754221284594486e+00 5.501579657310167182e-01 -3.689519517596443698e+00 -1.921565244634777514e+00 4.404226617649107389e-01
-1.857905435093801794e+00 -2.155843518904448697e+00 5.513424466023423287e-01 -3.682985696180989699e+00 -1.916452058131120406e+00 4.422697037475639692e-01
-1.854770378806312792e+00 -2.154925790978359679e+00 5.525064421753742572e-01 -3.676391472265401195e+00 -1.911286677102184584e+00 4.441062816988149420e-01
-1.851622517112784472e+00 -2.154001088894443416e+00 5.536501882279181164e-01 -3.669737023271577137e+00 -1.906068981517455185e+00 4.459322437443288267e-01
-1.848461888227856065e+00 -2.153069464175593861e+00 5.547739335183897724e-01 -3.663022530365294571e+00 -1.900798857826366817e+00 4.477474383405550262e-01
-1.845288530171961927e+00 -2.152130968422959700e+00 5.558779389657093617e-01 -3.656248178396043436e+00 -1.895476199023313102e+00 4.495517142767985752e-01
-1.842102480790545949e+00 -2.151185653261290742e+00 5.569624768533409931e-01 -3.649414155837110485e+00 -1.890100904711628171e+00 4.513449206773529343e-01
-1.838903777772961767e+00 -2.150233570286150808e+00 5.580278300572165673e-01 -3.642520654725164952e+00 -1.884672881166157055e+00 4.531269070036919588e-01
-1.835692458671034144e+00 -2.149274771012972707e+00 5.590742912972644918e-01 -3.635567870599863305e+00 -1.879192041394638135e+00 4.548975230567240957e-01
-1.832468560917262401e+00 -2.148309306827955290e+00 5.601021624122565212e-01 -3.628556002443318995e+00 -1.873658305197789975e+00 4.566566189791071984e-01
-1.829232121842641057e+00 -2.147337228940778164e+00 5.611117536576546438e-01 -3.621485252619430995e+00 -1.868071599228085189e+00 4.584040452576254032e-01
-1.825983178694084108e+00 -2.146358588339121631e+00 5.621033830261628061e-01 -3.614355826813281602e+00 -1.862431857047275319e+00 4.601396527256314539e-01
-1.822721768651433649e+00 -2.145373435744972745e+00 5.630773755906661737e-01 -3.607167933970526708e+00 -1.856739019182612749e+00 4.618632925655504762e-01
-1.819447928844037721e+00 -2.144381821572697078e+00 5.640340628692168679e-01 -3.599921786236949472e+00 -1.850993033181825620e+00 4.635748163114506992e-01
-1.816161696366885625e+00 -2.143383795888856191e+00 5.649737822117257835e-01 -3.592617598897757780e+00 -1.845193853666613037e+00 4.652740758516747954e-01
-1.812863108296288939e+00 -2.142379408373746852e+00 5.658968762080247572e-01 -3.585255590316875463e+00 -1.839341442384761827e+00 4.669609234315388324e-01
-1.809552201705096230e+00 -2.141368708284643319e+00 5.668036921169470332e-01 -3.577835981876519966e+00 -1.833435768260996968e+00 4.686352116560976167e-01
-1.806229013677437045e+00 -2.140351744420711189e+00 5.676945813160723109e-01 -3.570358997916978527e+00 -1.827476807446508200e+00 4.702967934929749849e-01
-1.802893581322982053e+00 -2.139328565089576806e+00 5.685698987717783259e-01 -3.562824865676442077e+00 -1.821464543367055322e+00 4.719455222752630408e-01
-1.799545941790720693e+00 -2.138299218075514485e+00 5.694300025292163836e-01 -3.555233815230865346e+00 -1.815398966769608435e+00 4.735812517044875047e-01
-1.796186132282245662e+00 -2.137263750609237789e+00 5.702752532218765547e-01 -3.547586079434267514e+00 -1.809280075767713880e+00 4.752038358536395113e-01
-1.792814190064545121e+00 -2.136222209339256217e+00 5.711060136003432985e-01 -3.539881893859218920e+00 -1.803107875885430866e+00 4.768131291702793484e-01
-1.789430152482299974e+00 -2.135174640304772886e+00 5.719226480798622614e-01 -3.532121496737515631e+00 -1.796882380099818377e+00 4.784089864797045344e-01
-1.786034056969682648e+00 -2.134121088910099218e+00 5.727255223063513201e-01 -3.524305128901135120e+00 -1.790603608881999431e+00 4.799912629881868398e-01
-1.782625941061663166e+00 -2.133061599900545779e+00 5.735150027404744000e-01 -3.516433033723710633e+00 -1.784271590236895300e+00 4.815598142862821396e-01
-1.779205842404818050e+00 -2.131996217339772404e+00 5.742914562593931516e-01 -3.508505457062261801e+00 -1.777886359741484679e+00 4.831144963522037150e-01
-1.775773798767648515e+00 -2.130924984588556725e+00 5.750552497758257831e-01 -3.500522647199316051e+00 -1.771447960581626457e+00 4.846551655552691629e-01
-1.772329848050409273e+00 -2.129847944284956718e+00 5.758067498740002677e-01 -3.492484854785196546e+00 -1.764956443587310408e+00 4.861816786594166384e-01
-1.768874028294452616e+00 -2.128765138325830808e+00 5.765463224621633076e-01 -3.484392332781062418e+00 -1.758411867266620243e+00 4.876938928267914308e-01
-1.765406377691092210e+00 -2.127676607849692036e+00 5.772743324412206167e-01 -3.476245336402306485e+00 -1.751814297838185430e+00 4.891916656214060910e-01
-1.761926934589993277e+00 -2.126582393220854961e+00 5.779911433891391503e-01 -3.468044123062444584e+00 -1.745163809262166854e+00 4.906748550128629538e-01
-1.758435737507092700e+00 -2.125482534014853542e+00 5.786971172607547897e-01 -3.459788952317432997e+00 -1.738460483269727463e+00 4.921433193801542649e-01
-1.754932825132061947e+00 -2.124377069005086049e+00 5.793926141025911303e-01 -3.451480085810691989e+00 -1.731704409391112254e+00 4.935969175155325850e-01
-1.751418236335311684e+00 -2.123266036150670111e+00 5.800779917822836973e-01 -3.443117787218893167e+00 -1.724895684982352240e+00 4.950355086284485284e-01
-1.747892010174554533e+00 -2.122149472585461716e+00 5.807536057322874035e-01 -3.434702322198116331e+00 -1.718034415250364155e+00 4.964589523495624435e-01
-1.744354185900929277e+00 -2.121027414608215089e+00 5.814198087074410326e-01 -3.426233958330792362e+00 -1.711120713276648608e+00 4.978671087348275348e-01
-1.740804802964695641e+00 -2.119899897673846123e+00 5.820769505560364765e-01 -3.417712965072992048e+00 -1.704154700039330894e+00 4.992598382696467052e-01
-1.737243901020514070e+00 -2.118766956385771394e+00 5.827253780040297926e-01 -3.409139613702692362e+00 -1.697136504433870652e+00 5.006370018730983418e-01
-1.733671519932312277e+00 -2.117628624489289013e+00 5.833654344520340373e-01 -3.400514177268666671e+00 -1.690066263292224535e+00 5.019984609022329902e-01
-1.730087699777756116e+00 -2.116484934865968448e+00 5.839974597847179538e-01 -3.391836930540292450e+00 -1.682944121400616222e+00 5.033440771564371419e-01
-1.726492480852328981e+00 -2.115335919529020003e+00 5.846217901922622362e-01 -3.383108149958055755e+00 -1.675770231515767872e+00 5.046737128818753471e-01
-1.722885903673035957e+00 -2.114181609619611102e+00 5.852387580035064429e-01 -3.374328113584911470e+00 -1.668544754379668316e+00 5.059872307759991639e-01
-1.719268008981737594e+00 -2.113022035404096055e+00 5.858486915304412790e-01 -3.365497100968206645e+00 -1.661267858682828225e+00 5.072844939921282714e-01
-1.715638837748129530e+00 -2.111857226272135790e+00 5.864519149237005236e-01 -3.356615393092787336e+00 -1.653939721075482261e+00 5.085653661441058571e-01
-1.711998431172374602e+00 -2.110687210735666230e+00 5.870487480387085455e-01 -3.347683272334765814e+00 -1.646560526177182515e+00 5.098297113110222822e-01
-1.708346830687401230e+00 -2.109512016428692682e+00 5.876395063121397921e-01 -3.338701022416477038e+00 -1.639130466585076107e+00 5.110773940420078043e-01
-1.704684077960877620e+00 -2.108331670107876477e+00 5.882245006483814986e-01 -3.329668928362256253e+00 -1.631649742880635134e+00 5.123082793610991281e-01
-1.701010214896874873e+00 -2.107146197653886333e+00 5.888040373156551155e-01 -3.320587276455164716e+00 -1.624118563634908030e+00 5.135222327721759017e-01
-1.697325283637227233e+00 -2.105955624073483357e+00 5.893784178514575034e-01 -3.311456354187194417e+00 -1.616537145408057263e+00 5.147191202639742613e-01
-1.693629326562604787e+00 -2.104759973502308146e+00 5.899479389770516669e-01 -3.302276450217977555e+00 -1.608905712751602657e+00 5.158988083151686554e-01
-1.689922386293305268e+00 -2.103559269208346461e+00 5.905128925206309942e-01 -3.293047854334252733e+00 -1.601224498209033120e+00 5.170611638995286086e-01
-1.686204505689779198e+00 -2.102353533596042379e+00 5.910735653488926600e-01 -3.283770857410519106e+00 -1.593493742315019945e+00 5.182060544911365474e-01
-1.682475727852898784e+00 -2.101142788211027401e+00 5.916302393066789067e-01 -3.274445751309101205e+00 -1.585713693557995185e+00 5.193333480696825655e-01
-1.678736096123979671e+00 -2.099927053745445527e+00 5.921831911644245272e-01 -3.265072828842785491e+00 -1.577884608375939024e+00 5.204429131258323515e-01
-1.674985654084568454e+00 -2.098706350043839208e+00 5.927326925730964646e-01 -3.255652383738809164e+00 -1.570006751150839541e+00 5.215346186666492967e-01
-1.671224445556006577e+00 -2.097480696109575771e+00 5.932790100263540811e-01 -3.246184710603451151e+00 -1.562080394201391220e+00 5.226083342211023108e-01
-1.667452514598778857e+00 -2.096250110111783194e+00 5.938224048296354418e-01 -3.236670104887914512e+00 -1.554105817774303233e+00 5.236639298456424729e-01
-1.663669905511659941e+00 -2.095014609392772176e+00 5.943631330759119313e-01 -3.227108862855430971e+00 -1.546083310034183977e+00 5.247012761298526229e-01
-1.659876662830666927e+00 -2.093774210475918718e+00 5.949014456278151064e-01 -3.217501281549632441e+00 -1.538013167052005414e+00 5.257202442021575717e-01
-1.656072831327828787e+00 -2.092528929073981914e+00 5.954375881058933118e-01 -3.207847658763765430e+00 -1.529895692791901185e+00 5.267207057356079192e-01
-1.652258456009782162e+00 -2.091278780097832968e+00 5.959718008827334934e-01 -3.198148293011304766e+00 -1.521731199096610254e+00 5.277025329537259335e-01
-1.648433582116204166e+00 -2.090023777665568350e+00 5.965043190826787578e-01 -3.188403483497809887e+00 -1.513520005671460833e+00 5.286655986364298121e-01
-1.644598255118090879e+00 -2.088763935111992875e+00 5.970353725869370631e-01 -3.178613530093814088e+00 -1.505262440066776453e+00 5.296097761260188941e-01
-1.640752520715889062e+00 -2.087499264998434523e+00 5.975651860437859453e-01 -3.168778733309064677e+00 -1.496958837658867392e+00 5.305349393332310370e-01
-1.636896424837494202e+00 -2.086229779122886541e+00 5.980939788836676652e-01 -3.158899394267870697e+00 -1.488609541629470012e+00 5.314409627433591687e-01
-1.633030013636119548e+00 -2.084955488530439105e+00 5.986219653389273088e-01 -3.148975814685790020e+00 -1.480214902943758570e+00 5.323277214224316767e-01
-1.629153333488047029e+00 -2.083676403523988974e+00 5.991493544679783456e-01 -3.139008296847551005e+00 -1.471775280326858670e+00 5.331950910234650731e-01
-1.625266430990266908e+00 -2.082392533675201829e+00 5.996763501836831489e-01 -3.128997143586500940e+00 -1.463291040239030893e+00 5.340429477927762791e-01
-1.621369352958015320e+00 -2.081103887835710875e+00 6.002031512856985662e-01 -3.118942658264614032e+00 -1.454762556848952171e+00 5.348711685763692936e-01
-1.617462146422218083e+00 -2.079810474148525490e+00 6.007299514966298881e-01 -3.108845144754633694e+00 -1.446190212006011055e+00 5.356796308263750417e-01
-1.613544858626847267e+00 -2.078512300059637941e+00 6.012569395017548501e-01 -3.098704907422658028e+00 -1.437574395210616807e+00 5.364682126075644986e-01
-1.609617537026197365e+00 -2.077209372329805515e+00 6.017842989921372565e-01 -3.088522251112264527e+00 -1.428915503583165769e+00 5.372367926039183228e-01
-1.605680229282089755e+00 -2.075901697046487193e+00 6.023122087109283873e-01 -3.078297481130194857e+00 -1.420213941831671711e+00 5.379852501252561092e-01
-1.601732983261011656e+00 -2.074589279635925099e+00 6.028408425026581252e-01 -3.068030903233043727e+00 -1.411470122217727052e+00 5.387134651139334762e-01
-1.597775847031195795e+00 -2.073272124875344069e+00 6.033703693653498235e-01 -3.057722823615659724e+00 -1.402684464521214647e+00 5.394213181515845612e-01
-1.593808868859647898e+00 -2.071950236905259590e+00 6.039009535052977107e-01 -3.047373548900540463e+00 -1.393857396003336024e+00 5.401086904659170296e-01
-1.589832097209127770e+00 -2.070623619241877655e+00 6.044327543943120995e-01 -3.036983386128398354e+00 -1.384989351368063115e+00 5.407754639375932371e-01
-1.585845580735091076e+00 -2.069292274789562569e+00 6.049659268292371106e-01 -3.026552642679426253e+00 -1.376080772679686870e+00 5.414215211071614631e-01
-1.581849368282596036e+00 -2.067956205853372698e+00 6.055006209936550921e-01 -3.016081626266391869e+00 -1.367132109320963629e+00 5.420467451820237814e-01
-1.577843508862597721e+00 -2.066615414158585295e+00 6.060369825216258555e-01 -3.005570644951760517e+00 -1.358143817942528031e+00 5.426510200431374775e-01
-1.573828051648829662e+00 -2.065269900863427210e+00 6.065751525632869789e-01 -2.995020007143313290e+00 -1.349116362417910331e+00 5.432342302517421118e-01
-1.569803045974664357e+00 -2.063919666571824685e+00 6.071152678521639645e-01 -2.984430021591361282e+00 -1.340050213797240986e+00 5.437962610561637433e-01
-1.565768541329964014e+00 -2.062564711346153601e+00 6.076574607740246048e-01 -2.973800997386732536e+00 -1.330945850259151575e+00 5.443369983986506844e-01
-1.561724587357920413e+00 -2.061205034719983509e+00 6.082018594371513265e-01 -2.963133243960418106e+00 -1.321803757061404294e+00 5.448563289222523309e-01
-1.557671233851893433e+00 -2.059840635710799894e+00 6.087485877439234860e-01 -2.952427071076937803e+00 -1.312624426485443863e+00 5.453541399777535048e-01
-1.553608530752251138e+00 -2.058471512832698469e+00 6.092977654635438611e-01 -2.941682788764079515e+00 -1.303408357740044154e+00 5.458303196306657501e-01
-1.549536528143212077e+00 -2.057097664109028834e+00 6.098495083057933197e-01 -2.930900707315840403e+00 -1.294156056906916596e+00 5.462847566682476064e-01
-1.545455276249698029e+00 -2.055719087084988850e+00 6.104039279957197417e-01 -2.920081137297080964e+00 -1.284868036885109532e+00 5.467173406065736208e-01
-1.541364825434198282e+00 -2.054335778840153282e+00 6.109611323491427326e-01 -2.909224389548974443e+00 -1.275544817333651881e+00 5.471279616976501003e-01
-1.537265226193650580e+00 -2.052947736000922951e+00 6.115212253488685468e-01 -2.898330775195545606e+00 -1.266186924612622278e+00 5.475165109365706106e-01
-1.533156529156341152e+00 -2.051554954752897064e+00 6.120843072215214065e-01 -2.887400605651954333e+00 -1.256794891723039820e+00 5.478828800687047806e-01
-1.529038785078828511e+00 -2.050157430853147389e+00 6.126504745148732001e-01 -2.876434192633805953e+00 -1.247369258245159429e+00 5.482269615969511678e-01
-1.524912044842891667e+00 -2.048755159642390744e+00 6.132198201755889588e-01 -2.865431848167924400e+00 -1.237910570275429833e+00 5.485486487890008922e-01
-1.520776359452508331e+00 -2.047348136057054901e+00 6.137924336272779779e-01 -2.854393884604025988e+00 -1.228419380361785107e+00 5.488478356846625550e-01
-1.516631780030862853e+00 -2.045936354641218813e+00 6.143684008487887427e-01 -2.843320614627377285e+00 -1.218896247437324387e+00 5.491244171032085841e-01
-1.512478357817389263e+00 -2.044519809558435597e+00 6.149478044526482945e-01 -2.832212351273818207e+00 -1.209341736753233310e+00 5.493782886507542207e-01
-1.508316144164850048e+00 -2.043098494603417414e+00 6.155307237635664341e-01 -2.821069407944873930e+00 -1.199756419809563601e+00 5.496093467276856881e-01
-1.504145190536458454e+00 -2.041672403213584897e+00 6.161172348968984025e-01 -2.809892098278735872e+00 -1.190140874195531051e+00 5.498174885361155617e-01
-1.499965548503034984e+00 -2.040241528480469135e+00 6.167074108370315111e-01 -2.798680736167907135e+00 -1.180495683517307715e+00 5.500026120873700020e-01
-1.495777269740210080e+00 -2.038805863160960907e+00 6.173013215156201161e-01 -2.787435635777698373e+00 -1.170821437324212733e+00 5.501646162094956383e-01
-1.491580406025667660e+00 -2.037365399688403578e+00 6.178990338896147572e-01 -2.776157111566264657e+00 -1.161118731033730089e+00 5.503034005548279595e-01
-1.487375009236438839e+00 -2.035920130183524357e+00 6.185006120190101875e-01 -2.764845478305230753e+00 -1.151388165854785095e+00 5.504188656075588160e-01
-1.483161131346240058e+00 -2.034470046465195470e+00 6.191061171442590050e-01 -2.753501051101634900e+00 -1.141630348709737452e+00 5.505109126913424467e-01
-1.478938824422863618e+00 -2.033015140061027459e+00 6.197156077633209081e-01 -2.742124145420404169e+00 -1.131845892154619060e+00 5.505794439769413628e-01
-1.474708140625617947e+00 -2.031555402217783524e+00 6.203291397082637548e-01 -2.730715077109120870e+00 -1.122035414298714784e+00 5.506243624898931044e-01
-1.470469132202819162e+00 -2.030090823911613995e+00 6.209467662214026573e-01 -2.719274162423327645e+00 -1.112199538722417946e+00 5.506455721181982010e-01
-1.466221851489338590e+00 -2.028621395858106524e+00 6.215685380308865193e-01 -2.707801718052409434e+00 -1.102338894393405599e+00 5.506429776200275628e-01
-1.461966350904202017e+00 -2.027147108522151076e+00 6.221945034257300167e-01 -2.696298061146877867e+00 -1.092454115581647178e+00 5.506164846314591799e-01
-1.457702682948247119e+00 -2.025667952127612192e+00 6.228247083302151932e-01 -2.684763509347357413e+00 -1.082545841773454365e+00 5.505659996742184870e-01
-1.453430900201976517e+00 -2.024183916666902672e+00 6.234591963773307155e-01 -2.673198380236649463e+00 -1.072614717229383619e+00 5.504914301634473706e-01
-1.449151055323328663e+00 -2.022694991910269913e+00 6.240980089815310050e-01 -2.661602991371200932e+00 -1.062661390896080249e+00 5.503926844155091480e-01
-1.444863201045505363e+00 -2.021201167414883759e+00 6.247411854107621787e-01 -2.649977660313970418e+00 -1.052686516317211662e+00 5.502696716557893275e-01
-1.440567390174855467e+00 -2.019702432533726277e+00 6.253887628577817770e-01 -2.638322704667766416e+00 -1.042690751542945993e+00 5.501223020265592067e-01
-1.436263675588822730e+00 -2.018198776424279028e+00 6.260407765106735800e-01 -2.626638442110575511e+00 -1.032674759038918033e+00 5.499504865948268151e-01
-1.431952110233948972e+00 -2.016690188057010502e+00 6.266972596225903747e-01 -2.614925190430381630e+00 -1.022639205593180778e+00 5.497541373602170545e-01
-1.427632747123939172e+00 -2.015176656223657048e+00 6.273582435806694946e-01 -2.603183267562183545e+00 -1.012584762222810131e+00 5.495331672628934738e-01
-1.423305639337788087e+00 -2.013658169545299081e+00 6.280237579741072551e-01 -2.591412991624491902e+00 -1.002512104078525867e+00 5.492874901914620578e-01
-1.418970840017967694e+00 -2.012134716480233010e+00 6.286938306613888416e-01 -2.579614680957664330e+00 -9.924219103487912363e-01 5.490170209909182031e-01
-1.414628402368674154e+00 -2.010606285331632215e+00 6.293684878366322399e-01 -2.567788654163279727e+00 -9.823148641629264599e-01 5.487216754705827038e-01
-1.410278379654140046e+00 -2.009072864255005086e+00 6.300477540950742972e-01 -2.555935230143467685e+00 -9.721916524925915404e-01 5.484013704120583865e-01
-1.405920825197005675e+00 -2.007534441265439451e+00 6.307316524976632754e-01 -2.544054728141364130e+00 -9.620529660523795545e-01 5.480560235772289346e-01
-1.401555792376755871e+00 -2.005991004244643161e+00 6.314202046347641151e-01 -2.532147467782405847e+00 -9.518994991993678934e-01 5.476855537162372833e-01
-1.397183334628216311e+00 -2.004442540947772855e+00 6.321134306889462096e-01 -2.520213769115510427e+00 -9.417319498310707804e-01 5.472898805754762286e-01
-1.392803505440113776e+00 -2.002889039010051331e+00 6.328113494968718999e-01 -2.508253952656576136e+00 -9.315510192833014180e-01 5.468689249055913582e-01
-1.388416358353700364e+00 -2.001330485953182858e+00 6.335139786102512716e-01 -2.496268339431959582e+00 -9.213574122265373312e-01 5.464226084694994157e-01
-1.384021946961438765e+00 -1.999766869191550889e+00 6.342213343559081062e-01 -2.484257251022184754e+00 -9.111518365609734271e-01 5.459508540504017793e-01
-1.379620324905752149e+00 -1.998198176038214369e+00 6.349334318949122480e-01 -2.472221009607127762e+00 -9.009350033110457012e-01 5.454535854597658551e-01
-1.375211545877835118e+00 -1.996624393710690892e+00 6.356502852808161297e-01 -2.460159938011354352e+00 -8.907076265186428810e-01 5.449307275453277866e-01
-1.370795663616530158e+00 -1.995045509336533129e+00 6.363719075169491646e-01 -2.448074359750592510e+00 -8.804704231356366151e-01 5.443822061991038241e-01
-1.366372731907265825e+00 -1.993461509958698974e+00 6.370983106128326190e-01 -2.435964599078530135e+00 -8.702241129152572530e-01 5.438079483654036927e-01
-1.361942804581057542e+00 -1.991872382540714526e+00 6.378295056396554585e-01 -2.423830981034509335e+00 -8.599694183026920236e-01 5.432078820488192017e-01
-1.357505935513573014e+00 -1.990278113971629903e+00 6.385655027848939902e-01 -2.411673831492205267e+00 -8.497070643249911015e-01 5.425819363222039726e-01
-1.353062178624259593e+00 -1.988678691070771887e+00 6.393063114060122398e-01 -2.399493477207716552e+00 -8.394377784793471964e-01 5.419300413346737066e-01
-1.348611587875536255e+00 -1.987074100592290948e+00 6.400519400832987982e-01 -2.387290245868729954e+00 -8.291622906207980481e-01 5.412521283195275146e-01
-1.344154217272046203e+00 -1.985464329229504443e+00 6.408023966718271458e-01 -2.375064466143861353e+00 -8.188813328488273591e-01 5.405481296022196513e-01
-1.339690120859974520e+00 -1.983849363619039519e+00 6.415576883525924146e-01 -2.362816467733297898e+00 -8.085956393935795905e-01 5.398179786082691889e-01
-1.335219352726427777e+00 -1.982229190344770631e+00 6.423178216827751807e-01 -2.350546581419455272e+00 -7.983059465009365585e-01 5.390616098711591420e-01
-1.330741966998877146e+00 -1.980603795941561440e+00 6.430828026451601565e-01 -2.338255139118249115e+00 -7.880129923168519568e-01 5.382789590402481394e-01
-1.326258017844664794e+00 -1.978973166898802871e+00 6.438526366967495251e-01 -2.325942473930258103e+00 -7.777175167705370207e-01 5.374699628885976077e-01
-1.321767559470571118e+00 -1.977337289663755993e+00 6.446273288165790261e-01 -2.313608920193425789e+00 -7.674202614575191816e-01 5.366345593208083908e-01
-1.317270646122449040e+00 -1.975696150644697058e+00 6.454068835527303483e-01 -2.301254813535406285e+00 -7.571219695214650436e-01 5.357726873808291712e-01
-1.312767332084916028e+00 -1.974049736213865369e+00 6.461913050685995641e-01 -2.288880490926316291e+00 -7.468233855352615080e-01 5.348842872597379117e-01
-1.308257671681114509e+00 -1.972398032710217741e+00 6.469805971883769713e-01 -2.276486290730724171e+00 -7.365252553806882485e-01 5.339693003034571284e-01
-1.303741719272530020e+00 -1.970741026441988897e+00 6.477747634418097311e-01 -2.264072552761977164e+00 -7.262283261285638059e-01 5.330276690204512891e-01
-1.299219529258876848e+00 -1.969078703689058685e+00 6.485738071082383094e-01 -2.251639618335797621e+00 -7.159333459175614145e-01 5.320593370893702545e-01
-1.294691156078044081e+00 -1.967411050705129894e+00 6.493777312599613438e-01 -2.239187830324997464e+00 -7.056410638328352025e-01 5.310642493666497543e-01
-1.290156654206104925e+00 -1.965738053719712664e+00 6.501865388048698735e-01 -2.226717533213101063e+00 -6.953522297831737919e-01 5.300423518940915457e-01
-1.285616078157391762e+00 -1.964059698939922827e+00 6.510002325284598435e-01 -2.214229073148292315e+00 -6.850675943775639265e-01 5.289935919063911696e-01
-1.281069482484631816e+00 -1.962375972552092174e+00 6.518188151351866910e-01 -2.201722797998230341e+00 -6.747879088015087401e-01 5.279179178385606797e-01
-1.276516921779148106e+00 -1.960686860723189984e+00 6.526422892892176364e-01 -2.189199057404896287e+00 -6.645139246926445864e-01 5.268152793333494843e-01
-1.271958450671123675e+00 -1.958992349602060479e+00 6.534706576545628032e-01 -2.176658202839693246e+00 -6.542463940158176339e-01 5.256856272485790349e-01
-1.267394123829929775e+00 -1.957292425320474871e+00 6.543039229346611085e-01 -2.164100587658735364e+00 -6.439860689376166736e-01 5.245289136644294414e-01
-1.262823995964517332e+00 -1.955587073994000225e+00 6.551420879113803997e-01 -2.151526567156562209e+00 -6.337337016993791483e-01 5.233450918906489280e-01
-1.258248121823875687e+00 -1.953876281722685793e+00 6.559851554834955634e-01 -2.138936498621053062e+00 -6.234900444903144212e-01 5.221341164737053342e-01
-1.253666556197552406e+00 -1.952160034591566840e+00 6.568331287046553779e-01 -2.126330741388466450e+00 -6.132558493201554217e-01 5.208959432038648973e-01
-1.249079353916241253e+00 -1.950438318670989712e+00 6.576860108208480993e-01 -2.113709656898421940e+00 -6.030318678912660602e-01 5.196305291221861022e-01
-1.244486569852433888e+00 -1.948711120016754839e+00 6.585438053074367248e-01 -2.101073608748724286e+00 -5.928188514701817624e-01 5.183378325274323739e-01
-1.239888258928103282e+00 -1.946978424658908136e+00 6.594065159056337055e-01 -2.088422962743816225e+00 -5.826175507707969103e-01 5.170178129831864977e-01
-1.235284476118755137e+00 -1.945240218595488901e+00 6.602741466584980401e-01 -2.075758086944265113e+00 -5.724287158308540846e-01 5.156704313250356497e-01
-1.230675276454119782e+00 -1.943496487792099270e+00 6.611467019465279149e-01 -2.063079351721436083e+00 -5.622530958821172486e-01 5.142956496676571732e-01
-1.226060715018914671e+00 -1.941747218181297363e+00 6.620241865228987388e-01 -2.050387129811058529e+00 -5.520914392195743758e-01 5.128934314118367421e-01
-1.221440846953672388e+00 -1.939992395661817692e+00 6.629066055483227027e-01 -2.037681796367942777e+00 -5.419444930709911290e-01 5.114637412513924897e-01
-1.216815727455643925e+00 -1.938232006097617255e+00 6.637939646255576198e-01 -2.024963729020587966e+00 -5.318130034661279204e-01 5.100065451799822291e-01
-1.212185411779767907e+00 -1.936466035316750656e+00 6.646862698336639674e-01 -2.012233307923957604e+00 -5.216977151046902073e-01 5.085218104978116438e-01
-1.207549955239714867e+00 -1.934694469110071147e+00 6.655835277619116530e-01 -1.999490915812671243e+00 -5.115993712243245284e-01 5.070095058182498837e-01
-1.202909413209000800e+00 -1.932917293229761579e+00 6.664857455434094469e-01 -1.986736938050823742e+00 -5.015187134665746171e-01 5.054696010743197077e-01
-1.198263841122175544e+00 -1.931134493387692386e+00 6.673929308885442335e-01 -1.973971762685599707e+00 -4.914564817448492384e-01 5.039020675250894810e-01
-1.193613294476083109e+00 -1.929346055253609915e+00 6.683050921181260540e-01 -1.961195780498708352e+00 -4.814134141110824050e-01 5.023068777619379421e-01
-1.188957828831198604e+00 -1.927551964453154243e+00 6.692222381963336408e-01 -1.948409385059098220e+00 -4.713902466230563970e-01 5.006840057147107226e-01
-1.184297499813038890e+00 -1.925752206565705560e+00 6.701443787634870919e-01 -1.935612972772478457e+00 -4.613877132099464262e-01 4.990334266577378108e-01
-1.179632363113651605e+00 -1.923946767122062473e+00 6.710715241686633359e-01 -1.922806942931819751e+00 -4.514065455384357328e-01 4.973551172157434919e-01
-1.174962474493177478e+00 -1.922135631601948003e+00 6.720036855021138678e-01 -1.909991697765156982e+00 -4.414474728774226975e-01 4.956490553696266677e-01
-1.170287889781496116e+00 -1.920318785431347930e+00 6.729408746275872266e-01 -1.897167642484321792e+00 -4.315112219633445712e-01 4.939152204621095610e-01
-1.165608664879945522e+00 -1.918496213979677512e+00 6.738831042145229100e-01 -1.884335185333363860e+00 -4.215985168654750037e-01 4.921535932032501393e-01
-1.160924855763127983e+00 -1.916667902556780545e+00 6.748303877701425924e-01 -1.871494737634474159e+00 -4.117100788500449582e-01 4.903641556758046582e-01
-1.156236518480792563e+00 -1.914833836409757684e+00 6.757827396714760626e-01 -1.858646713835427455e+00 -4.018466262454054583e-01 4.885468913404439339e-01
-1.151543709159802642e+00 -1.912994000719625998e+00 6.767401751972962343e-01 -1.845791531554978437e+00 -3.920088743063354642e-01 4.867017850408298374e-01
-1.146846484006186495e+00 -1.911148380597807339e+00 6.777027105600226253e-01 -1.832929611625546240e+00 -3.821975350772035540e-01 4.848288230085751049e-01
-1.142144899307274253e+00 -1.909296961082449062e+00 6.786703629375767655e-01 -1.820061378136939023e+00 -3.724133172560233351e-01 4.829279928680245138e-01
-1.137439011433919456e+00 -1.907439727134574881e+00 6.796431505052361599e-01 -1.807187258479610925e+00 -3.626569260586254284e-01 4.809992836408519823e-01
-1.132728876842809651e+00 -1.905576663634063417e+00 6.806210924674720442e-01 -1.794307683383077556e+00 -3.529290630806936058e-01 4.790426857505652447e-01
-1.128014552078865584e+00 -1.903707755375459554e+00 6.816042090897623806e-01 -1.781423086956797519e+00 -3.432304261615608532e-01 4.770581910268078540e-01
-1.123296093777730320e+00 -1.901832987063613478e+00 6.825925217304575909e-01 -1.768533906729926830e+00 -3.335617092478926349e-01 4.750457927095537158e-01
-1.118573558668350731e+00 -1.899952343309151193e+00 6.835860528726631635e-01 -1.755640583686778111e+00 -3.239236022556688521e-01 4.730054854531252073e-01
-1.113847003575652250e+00 -1.898065808623772055e+00 6.845848261561406911e-01 -1.742743562303919802e+00 -3.143167909335939925e-01 4.709372653300480382e-01
-1.109116485423307763e+00 -1.896173367415378008e+00 6.855888664092507634e-01 -1.729843290583971793e+00 -3.047419567254128214e-01 4.688411298347098799e-01
-1.104382061236603541e+00 -1.894275003983030947e+00 6.865981996809973342e-01 -1.716940220089298030e+00 -2.951997766328282591e-01 4.667170778869068615e-01
-1.099643788145402423e+00 -1.892370702511738223e+00 6.876128532730597653e-01 -1.704034805972840072e+00 -2.856909230776554232e-01 4.645651098351716302e-01
-1.094901723387206482e+00 -1.890460447067068728e+00 6.886328557719477717e-01 -1.691127507009339670e+00 -2.762160637649058170e-01 4.623852274599538625e-01
-1.090155924310320268e+00 -1.888544221589594674e+00 6.896582370812097684e-01 -1.678218785622028530e+00 -2.667758615443625025e-01 4.601774339766825372e-01
-1.085406448377117306e+00 -1.886622009889165064e+00 6.906890284537186009e-01 -1.665309107911966624e+00 -2.573709742743002238e-01 4.579417340385744106e-01
-1.080653353167410291e+00 -1.884693795639005298e+00 6.917252625240247754e-01 -1.652398943682095389e+00 -2.480020546834116324e-01 4.556781337393246423e-01
-1.075896696381926754e+00 -1.882759562369645145e+00 6.927669733407818553e-01 -1.639488766460220681e+00 -2.386697502331158738e-01 4.533866406156334961e-01
-1.071136535845893745e+00 -1.880819293462677066e+00 6.938141963992924266e-01 -1.626579053520368578e+00 -2.293747029800088377e-01 4.510672636495244303e-01
-1.066372929512729550e+00 -1.878872972144338460e+00 6.948669686740852613e-01 -1.613670285903960888e+00 -2.201175494392058063e-01 4.487200132705293498e-01
-1.061605935467848871e+00 -1.876920581478927375e+00 6.959253286516181580e-01 -1.600762948435798361e+00 -2.108989204461768630e-01 4.463449013577073243e-01
-1.056835611932578578e+00 -1.874962104362042581e+00 6.969893163630336286e-01 -1.587857529743239127e+00 -2.017194410211922140e-01 4.439419412415166466e-01
-1.052062017268189376e+00 -1.872997523513654006e+00 6.980589734169408977e-01 -1.574954522268686485e+00 -1.925797302316407666e-01 4.415111477054657896e-01
-1.047285209980042930e+00 -1.871026821471001078e+00 6.991343430322964903e-01 -1.562054422283785104e+00 -1.834804010563169108e-01 4.390525369876207007e-01
-1.042505248721857347e+00 -1.869049980581321213e+00 7.002154700713456581e-01 -1.549157729896961655e+00 -1.744220602477302151e-01 4.365661267819868629e-01
-1.037722192300092550e+00 -1.867066982994408653e+00 7.013024010725704693e-01 -1.536264949061235452e+00 -1.654053081958042348e-01 4.340519362396952907e-01
-1.032936099678457786e+00 -1.865077810655001000e+00 7.023951842837372617e-01 -1.523376587577703223e+00 -1.564307387908390190e-01 4.315099859700110008e-01
-1.028147029982541261e+00 -1.863082445294999667e+00 7.034938696949569747e-01 -1.510493157101181705e+00 -1.474989392888073070e-01 4.289402980412660438e-01
-1.023355042504566326e+00 -1.861080868425518675e+00 7.045985090717075128e-01 -1.497615173141535916e+00 -1.386104901760050190e-01 4.263428959815625530e-01
-1.018560196708273580e+00 -1.859073061328768484e+00 7.057091559878556630e-01 -1.484743155061345909e+00 -1.297659650334317405e-01 4.237178047793703217e-01
-1.013762552233931968e+00 -1.857059005049770617e+00 7.068258658586694665e-01 -1.471877626072187528e+00 -1.209659304020060944e-01 4.210650508839759998e-01
-1.008962168903480228e+00 -1.855038680387909977e+00 7.079486959738726659e-01 -1.459019113225635156e+00 -1.122109456469098099e-01 4.183846622057394993e-01
-1.004159106725801109e+00 -1.853012067888319070e+00 7.090777055305638177e-01 -1.446168147406465820e+00 -1.035015628244888575e-01 4.156766681162750721e-01
-9.993534259021283894e-01 -1.850979147833103466e+00 7.102129556659984022e-01 -1.433325263321301613e+00 -9.483832654869228662e-02 4.129410994484971065e-01
-9.945451868315904331e-01 -1.848939900232401623e+00 7.113545094903952482e-01 -1.420490999480248817e+00 -8.622177385607088240e-02 4.101779884965042200e-01
-9.897344501168914288e-01 -1.846894304815290599e+00 7.125024321195572163e-01 -1.407665898185353814e+00 -7.765243407548760857e-02 4.073873690154263261e-01
-9.849212765701302885e-01 -1.844842341020528798e+00 7.136567907073453343e-01 -1.394850505513332006e+00 -6.913082869699671562e-02 4.045692762210610360e-01
-9.801057272187603253e-01 -1.842783987987147043e+00 7.148176544779462072e-01 -1.382045371287061730e+00 -6.065747123764086979e-02 4.017237467895035663e-01
-9.752878633116912610e-01 -1.840719224544884458e+00 7.159850947579183833e-01 -1.369251049048064495e+00 -5.223286710959396117e-02 3.988508188565784707e-01
-9.704677463255351189e-01 -1.838648029204476009e+00 7.171591850080042407e-01 -1.356468096030675863e+00 -4.385751349092315010e-02 3.959505320172740928e-01
-9.656454379709966673e-01 -1.836570380147791059e+00 7.183400008546566573e-01 -1.343697073135506237e+00 -3.553189919793409146e-02 3.930229273250046007e-01
-9.608210001994095251e-01 -1.834486255217827377e+00 7.195276201212635891e-01 -1.330938544891671071e+00 -2.725650455475259193e-02 3.900680472908462093e-01
-9.559944952094210358e-01 -1.832395631908564582e+00 7.207221228590257045e-01 -1.318193079416986269e+00 -1.903180126414527606e-02 3.870859358827288821e-01
-9.511659854538259129e-01 -1.830298487354680370e+00 7.219235913774634250e-01 -1.305461248377869588e+00 -1.085825228033820977e-02 3.840766385245132364e-01
-9.463355336465499867e-01 -1.828194798321130632e+00 7.231321102744109330e-01 -1.292743626946491364e+00 -2.736311682841829906e-03 3.810402020950583446e-01
-9.415032027697853856e-01 -1.826084541192602551e+00 7.243477664656167159e-01 -1.280040793753244976e+00 5.333575449439020844e-03 3.779766749272265303e-01
-9.366690560812780397e-01 -1.823967691962839810e+00 7.255706492137584673e-01 -1.267353330844799952e+00 1.335097315963862386e-02 3.748861068068588542e-01
-9.318331571217679521e-01 -1.821844226223849006e+00 7.268008501569336310e-01 -1.254681823619330672e+00 2.131545474120866146e-02 3.717685489717539316e-01
-9.269955697225846780e-01 -1.819714119154987486e+00 7.280384633365006852e-01 -1.242026860770863106e+00 2.922660286010714259e-02 3.686240541106380886e-01
-9.221563580133962379e-01 -1.817577345511944387e+00 7.292835852242020023e-01 -1.229389034231623601e+00 3.708400967538860726e-02 3.654526763620975505e-01
-9.173155864301152373e-01 -1.815433879615612422e+00 7.305363147485928188e-01 -1.216768939110925096e+00 4.488727695872141155e-02 3.622544713135412153e-01
-9.124733197229595305e-01 -1.813283695340866197e+00 7.317967533206977127e-01 -1.204167173628576393e+00 5.263601621352975712e-02 3.590294960002110014e-01
-9.076296229646705349e-01 -1.811126766105243702e+00 7.330650048588502887e-01 -1.191584339053430863e+00 6.032984878966241027e-02 3.557778089042294423e-01
-9.027845615588876438e-01 -1.808963064857543657e+00 7.343411758125855116e-01 -1.179021039625075318e+00 6.796840600188636117e-02 3.524994699536728726e-01
-8.979382012486789577e-01 -1.806792564066344919e+00 7.356253751855420520e-01 -1.166477882482776174e+00 7.555132924297058850e-02 3.491945405217118936e-01
-8.930906081252298900e-01 -1.804615235708451726e+00 7.369177145573029275e-01 -1.153955477583601397e+00 8.307827009811363794e-02 3.458630834258836217e-01
-8.882418486366876476e-01 -1.802431051257280092e+00 7.382183081041870931e-01 -1.141454437619916717e+00 9.054889045680925008e-02 3.425051629273861420e-01
-8.833919895971613645e-01 -1.800239981671186484e+00 7.395272726188226731e-01 -1.128975377931532798e+00 9.796286262382913890e-02 3.391208447304796536e-01
-8.785410981958796661e-01 -1.798041997381750967e+00 7.408447275284583133e-01 -1.116518916421519236e+00 1.053198694260339963e-01 3.357101959819761561e-01
-8.736892420065014431e-01 -1.795837068282023719e+00 7.421707949119720205e-01 -1.104085673468054196e+00 1.126196043177700723e-01 3.322732852709199269e-01
-8.688364889965809468e-01 -1.793625163714745785e+00 7.435055995154753461e-01 -1.091676271819137067e+00 1.198617714893193131e-01 3.288101826283363893e-01
-8.639829075371869838e-01 -1.791406252460549409e+00 7.448492687664376444e-01 -1.079291336492756770e+00 1.270460859703135270e-01 3.253209595271819299e-01
-8.591285664126719901e-01 -1.789180302726155247e+00 7.462019327861874052e-01 -1.066931494688053483e+00 1.341722737263824072e-01 3.218056888824671891e-01
-8.542735348305920962e-01 -1.786947282132572923e+00 7.475637244007938831e-01 -1.054597375676696647e+00 1.412400717595669875e-01 3.182644450515368373e-01
-8.494178824317759613e-01 -1.784707157703317781e+00 7.489347791502287688e-01 -1.042289610694977942e+00 1.482492282052967347e-01 3.146973038345780016e-01
-8.445616793005381595e-01 -1.782459895852656739e+00 7.503152352956424798e-01 -1.030008832830953569e+00 1.551995024278070012e-01 3.111043424753023867e-01
-8.397049959750380044e-01 -1.780205462373894321e+00 7.517052338247487420e-01 -1.017755676916677565e+00 1.620906651106657215e-01 3.074856396618252941e-01
-8.348479034577773739e-01 -1.777943822427712872e+00 7.531049184551510400e-01 -1.005530779410291231e+00 1.689224983473871511e-01 3.038412755278454003e-01
-8.299904732262395335e-01 -1.775674940530581392e+00 7.545144356356060511e-01 -9.933347782717194541e-01 1.756947957307186670e-01 3.001713316540496335e-01
-8.251327772436616304e-01 -1.773398780543246733e+00 7.559339345449016534e-01 -9.811683128404333765e-01 1.824073624378641512e-01 2.964758910697685157e-01
-8.202748879699384155e-01 -1.771115305659320516e+00 7.573635670885467963e-01 -9.690320237174923079e-01 1.890600153110129078e-01 2.927550382549184427e-01
-8.154168783726543079e-01 -1.768824478393980826e+00 7.588034878929383886e-01 -9.569265526399353128e-01 1.956525829369053504e-01 2.890088591422143582e-01
-8.105588219382402482e-01 -1.766526260572801599e+00 7.602538542970517232e-01 -9.448525423539164692e-01 2.021849057233628955e-01 2.852374411197243220e-01
-8.057007926832477906e-01 -1.764220613320726549e+00 7.617148263413702214e-01 -9.328106364829715780e-01 2.086568359738252276e-01 2.814408730336955267e-01
-8.008428651657379937e-01 -1.761907497051207860e+00 7.631865667540952414e-01 -9.208014793845280543e-01 2.150682379617858686e-01 2.776192451916648096e-01
-7.959851144967791114e-01 -1.759586871455521839e+00 7.646692409344466590e-01 -9.088257160130042145e-01 2.214189879996242283e-01 2.737726493660165294e-01
-7.911276163520470917e-01 -1.757258695492286638e+00 7.661630169329605167e-01 -8.968839917906863413e-01 2.277089745016831479e-01 2.699011787978394250e-01
-7.862704469835235521e-01 -1.754922927377196018e+00 7.676680654285498173e-01 -8.849769524709647506e-01 2.339380980460696868e-01 2.660049282011496818e-01
-7.814136832312830183e-01 -1.752579524572991598e+00 7.691845597023166947e-01 -8.731052440042943452e-01 2.401062714321779978e-01 2.620839937674627751e-01
-7.765574025353640941e-01 -1.750228443779694665e+00 7.707126756080194818e-01 -8.612695123981706224e-01 2.462134197363687882e-01 2.581384731707278557e-01
-7.717016829477161277e-01 -1.747869640925115542e+00 7.722525915389277795e-01 -8.494704035794353736e-01 2.522594803634685690e-01 2.541684655727126652e-01
-7.668466031442138231e-01 -1.745503071155666275e+00 7.738044883910549787e-01 -8.377085632544138960e-01 2.582444030953428005e-01 2.501740716287291222e-01
-7.619922424367302494e-01 -1.743128688827495942e+00 7.753685495225968172e-01 -8.259846367607583950e-01 2.641681501380732655e-01 2.461553934938534027e-01
-7.571386807852606982e-01 -1.740746447497974136e+00 7.769449607092446808e-01 -8.142992689169288312e-01 2.700306961660530192e-01 2.421125348295386226e-01
-7.522859988100847328e-01 -1.738356299917543479e+00 7.785339100955076530e-01 -8.026531038773758731e-01 2.758320283609716483e-01 2.380456008106158206e-01
-7.474342778039591018e-01 -1.735958198021969157e+00 7.801355881418080562e-01 -7.910467849730773437e-01 2.815721464507849880e-01 2.339546981327446373e-01
-7.425835997443293035e-01 -1.733552092925008781e+00 7.817501875671247769e-01 -7.794809545689940222e-01 2.872510627407955930e-01 2.298399350203010338e-01
-7.377340473055473691e-01 -1.731137934911528120e+00 7.833779032870519243e-01 -7.679562539211004513e-01 2.928688021413479170e-01 2.257014212346668824e-01
-7.328857038710867577e-01 -1.728715673431092448e+00 7.850189323471089553e-01 -7.564733230502103112e-01 2.984254021882071228e-01 2.215392680830495786e-01
-7.280386535457377128e-01 -1.726285257092059044e+00 7.866734738512187741e-01 -7.450328006075337406e-01 3.039209130617153143e-01 2.173535884276961427e-01
-7.231929811677704212e-01 -1.723846633656196392e+00 7.883417288850609328e-01 -7.336353237139547900e-01 3.093553976085168244e-01 2.131444966955593212e-01
-7.183487723210519871e-01 -1.721399750033863363e+00 7.900239004343033722e-01 -7.222815278186933696e-01 3.147289313552956713e-01 2.089121088884388910e-01
-7.135061133471025663e-01 -1.718944552279775495e+00 7.917201932973606526e-01 -7.109720465714386428e-01 3.200416025163068667e-01 2.046565425936290872e-01
-7.086650913570726740e-01 -1.716480985589390329e+00 7.934308139926046222e-01 -6.997075116757676128e-01 3.252935120017634851e-01 2.003779169949777283e-01
-7.038257942436283443e-01 -1.714008994295941779e+00 7.951559706598658739e-01 -6.884885527400848027e-01 3.304847734233016254e-01 1.960763528843654235e-01
-6.989883106927217149e-01 -1.711528521868155739e+00 7.968958729559928456e-01 -6.773157971394958565e-01 3.356155130938094366e-01 1.917519726737041408e-01
-6.941527301952312712e-01 -1.709039510908677117e+00 7.986507319442406327e-01 -6.661898699013208969e-01 3.406858700194708156e-01 1.874049004073886360e-01
-6.893191430584513224e-01 -1.706541903153247608e+00 8.004207599775188253e-01 -6.551113935682049139e-01 3.456959958934038291e-01 1.830352617751753175e-01
-6.844876404174102813e-01 -1.704035639470660168e+00 8.022061705750260785e-01 -6.440809880704070345e-01 3.506460550844763269e-01 1.786431841254972896e-01
-6.796583142459959870e-01 -1.701520659863531293e+00 8.040071782923101651e-01 -6.330992706195668340e-01 3.555362246193340958e-01 1.742287964792761934e-01
-6.748312573678660886e-01 -1.698996903469925268e+00 8.058239985845088160e-01 -6.221668555788002486e-01 3.603666941662040379e-01 1.697922295441571805e-01
-6.700065634671177328e-01 -1.696464308565860168e+00 8.076568476624265136e-01 -6.112843543424548720e-01 3.651376660141258945e-01 1.653336157291408481e-01
-6.651843270986941281e-01 -1.693922812568741332e+00 8.095059423414636690e-01 -6.004523752109536261e-01 3.698493550503330063e-01 1.608530891596501866e-01
-6.603646436985004531e-01 -1.691372352041753846e+00 8.113714998830867664e-01 -5.896715233150291446e-01 3.745019887268479231e-01 1.563507856930158313e-01
-6.555476095932026848e-01 -1.688812862699254236e+00 8.132537378285977780e-01 -5.789424004650460809e-01 3.790958070372791866e-01 1.518268429343046788e-01
-6.507333220096798154e-01 -1.686244279413197766e+00 8.151528738251122563e-01 -5.682656050577965523e-01 3.836310624815064685e-01 1.472814002526219579e-01
-6.459218790841008140e-01 -1.683666536220642662e+00 8.170691254435019646e-01 -5.576417319601061351e-01 3.881080200318320905e-01 1.427145987977292974e-01
-6.411133798705950237e-01 -1.681079566332370767e+00 8.190027099882215555e-01 -5.470713724282441071e-01 3.925269570914955430e-01 1.381265815171111577e-01
-6.363079243494840220e-01 -1.678483302142662170e+00 8.209538442985663265e-01 -5.365551139926818536e-01 3.968881634563663496e-01 1.335174931733691395e-01
-6.315056134350396366e-01 -1.675877675240266651e+00 8.229227445413865860e-01 -5.260935403455038184e-01 4.011919412738511603e-01 1.288874803618733633e-01
-6.267065489827354785e-01 -1.673262616420611915e+00 8.249096259950073895e-01 -5.156872312670834901e-01 4.054386049943534687e-01 1.242366915287646534e-01
-6.219108337959546873e-01 -1.670638055699292135e+00 8.269147028240305675e-01 -5.053367625440019495e-01 4.096284813224166932e-01 1.195652769892722178e-01
-6.171185716321145875e-01 -1.668003922326874555e+00 8.289381878451457242e-01 -4.950427058861808227e-01 4.137619091663600202e-01 1.148733889463453006e-01
-6.123298672081698424e-01 -1.665360144805070775e+00 8.309802922835500816e-01 -4.848056288402013969e-01 4.178392395867489562e-01 1.101611815095334679e-01
-6.075448262054530257e-01 -1.662706650904307359e+00 8.330412255198494931e-01 -4.746260947070921610e-01 4.218608357426973932e-01 1.054288107140838732e-01
-6.027635552738119795e-01 -1.660043367682748627e+00 8.351211948272971863e-01 -4.645046624259618895e-01 4.258270728402262506e-01 1.006764345402701988e-01
-5.979861620349966600e-01 -1.657370221506803576e+00 8.372204050990770252e-01 -4.544418864780155332e-01 4.297383380762003213e-01 9.590421293288840798e-02
-5.932127550852523967e-01 -1.654687138073165364e+00 8.393390585656866909e-01 -4.444383167970467063e-01 4.335950305797751092e-01 9.111230782094854874e-02
-5.884434439970718245e-01 -1.651994042432425314e+00 8.414773545021971835e-01 -4.344944986515812957e-01 4.373975613547300689e-01 8.630088313746614448e-02
-5.836783393200553061e-01 -1.649290859014298505e+00 8.436354889251792555e-01 -4.246109725839564142e-01 4.411463532144930255e-01 8.147010483943745163e-02
-5.789175525808321066e-01 -1.646577511654507830e+00 8.458136542793616153e-01 -4.147882742727175831e-01 4.448418407224310478e-01 7.662014092783639430e-02
-5.741611962793649049e-01 -1.643853923614130519e+00 8.480120391139663871e-01 -4.050269344827466256e-01 4.484844701148795743e-01 7.175116146785398552e-02
-5.694093838874649816e-01 -1.641120017611528148e+00 8.502308277483263677e-01 -3.953274789618053120e-01 4.520746992363871009e-01 6.686333860915312510e-02
-5.646622298433692233e-01 -1.638375715843571889e+00 8.524701999269842512e-01 -3.856904283065256678e-01 4.556129974636400348e-01 6.195684660624584811e-02
-5.599198495468533654e-01 -1.635620940014252511e+00 8.547303304642197563e-01 -3.761162978483119090e-01 4.590998456302415320e-01 5.703186183886608390e-02
-5.551823593537024149e-01 -1.632855611370363391e+00 8.570113888780942490e-01 -3.666055975105488862e-01 4.625357359558792680e-01 5.208856283228621709e-02
-5.504498765689540551e-01 -1.630079650739134856e+00 8.593135390144680530e-01 -3.571588317168856719e-01 4.659211719698315157e-01 4.712713027755301154e-02
-5.457225194387700373e-01 -1.627292978567729698e+00 8.616369386606186342e-01 -3.477764992825287393e-01 4.692566684334988913e-01 4.214774705161784124e-02
-5.410004071409171278e-01 -1.624495514964700016e+00 8.639817391486289688e-01 -3.384590931968038952e-01 4.725427512653381790e-01 3.715059823728370653e-02
-5.362836597737958844e-01 -1.621687179743429574e+00 8.663480849486085988e-01 -3.292071004506125220e-01 4.757799574592040948e-01 3.213587114299619463e-02
-5.315723984443203598e-01 -1.618867892624358928e+00 8.687361132914811490e-01 -3.200209991953530952e-01 4.789688351345473549e-01 2.710375531268143651e-02
-5.268667452548232433e-01 -1.616037573285333817e+00 8.711459537817906051e-01 -3.109012584155204095e-01 4.821099433972793058e-01 2.205444253528510146e-02
-5.221668232883647232e-01 -1.613196141413854701e+00 8.735777280007972490e-01 -3.018483375103326871e-01 4.852038521943340399e-01 1.698812685398857353e-02
-5.174727565923780137e-01 -1.610343516761252980e+00 8.760315490998850096e-01 -2.928626859470200294e-01 4.882511421563253684e-01 1.190500457511650505e-02
-5.127846701605756063e-01 -1.607479619198798559e+00 8.785075213850456199e-01 -2.839447427594281592e-01 4.912524044330992545e-01 6.805274276646894674e-03
-5.081026899130718366e-01 -1.604604368775791379e+00 8.810057398927946259e-01 -2.750949361074828126e-01 4.942082405159005098e-01 1.689136816329961897e-03
-5.034269426746116327e-01 -1.601717685779594280e+00 8.835262899581768359e-01 -2.663136828825636293e-01 4.971192620479318869e-01 -3.443204660668462702e-03
-4.987575561508450495e-01 -1.598819490797622755e+00 8.860692467753301660e-01 -2.576013881587462251e-01 4.999860906239224079e-01 -8.591544714544362485e-03
-4.940946589026329328e-01 -1.595909704781356186e+00 8.886346749511795373e-01 -2.489584447439026071e-01 5.028093575760377298e-01 -1.375567560413704961e-02
-4.894383803182600357e-01 -1.592988249112307741e+00 8.912226280531138078e-01 -2.403852326506825676e-01 5.055897037466063892e-01 -1.893538728071823135e-02
-4.847888505834880846e-01 -1.590055045669940714e+00 8.938331481515400245e-01 -2.318821186427610925e-01 5.083277792480105362e-01 -2.413046738230952698e-02
-4.801462006494296997e-01 -1.587110016901572163e+00 8.964662653581724205e-01 -2.234494556925739062e-01 5.110242432079918906e-01 -2.934070122853956256e-02
-4.755105621981456920e-01 -1.584153085894201674e+00 8.991219973609507754e-01 -2.150875826330604923e-01 5.136797635057788192e-01 -3.456587181614843851e-02
-4.708820676059191079e-01 -1.581184176448264367e+00 9.018003489566535080e-01 -2.067968239005377740e-01 5.162950165014148496e-01 -3.980575981507812611e-02
-4.662608499041451804e-01 -1.578203213153263507e+00 9.045013115821098904e-01 -1.985774889842568669e-01 5.188706867457475447e-01 -4.506014356522471120e-02
-4.616470427377696861e-01 -1.575210121465241642e+00 9.072248628452537211e-01 -1.904298720323627236e-01 5.214074666820147641e-01 -5.032879907380206908e-02
-4.570407803212230835e-01 -1.572204827786040315e+00 9.099709660569783587e-01 -1.823542516403473535e-01 5.239060563451349850e-01 -5.561150001343320715e-02
-4.524421973918126838e-01 -1.569187259544314816e+00 9.127395697649975936e-01 -1.743508905668615938e-01 5.263671630501791654e-01 -6.090801772094423666e-02
-4.478514291605466546e-01 -1.566157345278271773e+00 9.155306072908599990e-01 -1.664200355869449588e-01 5.287915010804429272e-01 -6.621812119693713805e-02
-4.432686112602808315e-01 -1.563115014719984597e+00 9.183439962707780069e-01 -1.585619175236243628e-01 5.311797913821321160e-01 -7.154157710601971587e-02
-4.386938796912265293e-01 -1.560060198881318083e+00 9.211796382015414730e-01 -1.507767514894271521e-01 5.335327612735758507e-01 -7.687814977781649850e-02
-4.341273707637025581e-01 -1.556992830141279427e+00 9.240374179919634834e-01 -1.430647370943090024e-01 5.358511441569469014e-01 -8.222760120869085365e-02
-4.295692210381947262e-01 -1.553912842334843836e+00 9.269172035209487515e-01 -1.354260588372233620e-01 5.381356792493434682e-01 -8.758969106435063323e-02
-4.250195672626180254e-01 -1.550820170843078660e+00 9.298188452025066830e-01 -1.278608867786550363e-01 5.403871113477469734e-01 -9.296417668322413952e-02
-4.204785463067519657e-01 -1.547714752684475670e+00 9.327421755576684737e-01 -1.203693774034491071e-01 5.426061906286063774e-01 -9.835081308061636995e-02
-4.159462950938142001e-01 -1.544596526607389553e+00 9.356870087936759450e-01 -1.129516748914638491e-01 5.447936725098645461e-01 -1.037493529536538117e-01
-4.114229505292066325e-01 -1.541465433183571765e+00 9.386531403894341485e-01 -1.056079126908060495e-01 5.469503175780046078e-01 -1.091595466871309456e-01
-4.069086494263571829e-01 -1.538321414902648510e+00 9.416403466871903216e-01 -9.833821509182971710e-02 5.490768915572838971e-01 -1.145811423601779816e-01
-4.024035284296485493e-01 -1.535164416267480902e+00 9.446483844888923231e-01 -9.114269933674323809e-02 5.511741653831303545e-01 -1.200138857537951520e-01
-3.979077239343924433e-01 -1.531994383890304290e+00 9.476769906562262369e-01 -8.402147797425030262e-02 5.532429153627465013e-01 -1.254575203592846189e-01
-3.934213720038193252e-01 -1.528811266589580331e+00 9.507258817121613248e-01 -7.697466145796161285e-02 5.552839234314514982e-01 -1.309117873875080551e-01
-3.889446082830403384e-01 -1.525615015487472359e+00 9.537947534417802187e-01 -7.000236116224822780e-02 5.572979775363582355e-01 -1.363764257791467704e-01
-3.844775679099379229e-01 -1.522405584107899168e+00 9.568832804903283362e-01 -6.310469272897734072e-02 5.592858721501432484e-01 -1.418511722157282384e-01
-3.800203854229573519e-01 -1.519182928475127925e+00 9.599911159550615913e-01 -5.628177951157642411e-02 5.612484088934683868e-01 -1.473357611316439553e-01
-3.755731946657085984e-01 -1.515947007212841147e+00 9.631178909678244082e-01 -4.953375620347877373e-02 5.631863972831880893e-01 -1.528299247271055206e-01
-3.711361286883212429e-01 -1.512697781643655537e+00 9.662632142655671608e-01 -4.286077295687951150e-02 5.651006556606570363e-01 -1.583333929820242014e-01
-3.667093196454977999e-01 -1.509435215889144866e+00 9.694266717469804950e-01 -3.626300059183718005e-02 5.669920124136083039e-01 -1.638458936708973857e-01
-3.622928986911388982e-01 -1.506159276970238547e+00 9.726078260097259509e-01 -2.974063476171595610e-02 5.688613071769710317e-01 -1.693671523786586253e-01
-3.578869958694570474e-01 -1.502869934908060756e+00 9.758062158654348117e-01 -2.329390006969411786e-02 5.707093921487413901e-01 -1.748968925175245770e-01
-3.534917400024770728e-01 -1.499567162825241606e+00 9.790213558301138486e-01 -1.692305406098615350e-02 5.725371335071867129e-01 -1.804348353449065356e-01
-3.491072585737946543e-01 -1.496250937047729046e+00 9.822527355858294840e-01 -1.062839123504000227e-02 5.743454129527094665e-01 -1.859806999823234719e-01
-3.447336776089153787e-01 -1.492921237209744678e+00 9.854998194123413269e-01 -4.410246637698733707e-03 5.761351292961451875e-01 -1.915342034353957335e-01
-3.403711215518914202e-01 -1.489578046360669150e+00 9.887620455864232216e-01 1.731000680461391994e-03 5.779072001343918963e-01 -1.970950606149169948e-01
-3.360197131380231461e-01 -1.486221351073049757e+00 9.920388257477350535e-01 7.794924764640498438e-03 5.796625635240584273e-01 -2.026629843590369295e-01
-3.316795732621733439e-01 -1.482851141550640683e+00 9.953295442302541041e-01 1.378104996283813222e-02 5.814021797267661107e-01 -2.082376854565715918e-01
-3.273508208416937570e-01 -1.479467411733573101e+00 9.986335573591973436e-01 1.968884867274178774e-02 5.831270329292790322e-01 -2.138188726714643495e-01
-3.230335726771123017e-01 -1.476070159411919214e+00 1.001950192714846422e+00 2.551773959564052063e-02 5.848381329370742066e-01 -2.194062527684345620e-01
-3.187279433064083012e-01 -1.472659386334957299e+00 1.005278748363571450e+00 3.126708645337439307e-02 5.865365168238736437e-01 -2.249995305398141687e-01
-3.144340448536435684e-01 -1.469235098319071398e+00 1.008618492058728666e+00 3.693619712427276269e-02 5.882232505339821671e-01 -2.305984088334490645e-01
-3.101519868725988172e-01 -1.465797305356677072e+00 1.011968660414283239e+00 4.252432342103595886e-02 5.898994303726445843e-01 -2.362025885817783111e-01
-3.058818761853028256e-01 -1.462346021726199208e+00 1.015328458054509664e+00 4.803066121864940641e-02 5.915661844323114593e-01 -2.418117688320406411e-01
-3.016238167153160177e-01 -1.458881266103073671e+00 1.018697056743517404e+00 5.345435123172448399e-02 5.932246738687250165e-01 -2.474256467776599633e-01
-2.973779093157147280e-01 -1.455403061671805443e+00 1.022073594499812055e+00 5.879447985171770696e-02 5.948760941526431978e-01 -2.530439177907599091e-01
-2.931442515916851121e-01 -1.451911436239037290e+00 1.025457174700977303e+00 6.405008077382534637e-02 5.965216761062315243e-01 -2.586662754557615962e-01
-2.889229377176913971e-01 -1.448406422347576328e+00 1.028846865184291026e+00 6.922013700336693276e-02 5.981626868040934575e-01 -2.642924116040649141e-01
-2.847140582492280192e-01 -1.444888057391377378e+00 1.032241697349896015e+00 7.430358306716344785e-02 5.998004303720643193e-01 -2.699220163497120795e-01
-2.805176999291298934e-01 -1.441356383731313251e+00 1.035640665272955063e+00 7.929930778983029782e-02 6.014362485762290156e-01 -2.755547781261032392e-01
-2.763339454884954360e-01 -1.437811448811655124e+00 1.039042724831425568e+00 8.420615772544470801e-02 6.030715211554160682e-01 -2.811903837235836257e-01
-2.721628734423102713e-01 -1.434253305277139789e+00 1.042446792857158577e+00 8.902294082422690380e-02 6.047076659938195320e-01 -2.868285183280416262e-01
-2.680045578798593287e-01 -1.430682011090434358e+00 1.045851746317379982e+00 9.374843090468010232e-02 6.063461389558226777e-01 -2.924688655602582510e-01
-2.638590682501060769e-01 -1.427097629649871635e+00 1.049256421533758310e+00 9.838137279562131354e-02 6.079884333930412055e-01 -2.981111075160253199e-01
-2.597264691421676819e-01 -1.423500229907165959e+00 1.052659613447856746e+00 1.029204882426371093e-01 6.096360792683133134e-01 -3.037549248069067453e-01
-2.556068200611230079e-01 -1.419889886484910768e+00 1.056060074939253246e+00 1.073644826121440410e-01 6.112906418561614430e-01 -3.093999966015896219e-01
-2.515001751994354606e-01 -1.416266679793637184e+00 1.059456516203535204e+00 1.117120530537047962e-01 6.129537197768271106e-01 -3.150460006678967861e-01
-2.474065832042722235e-01 -1.412630696148171161e+00 1.062847604197707296e+00 1.159618977601044598e-01 6.146269424244867885e-01 -3.206926134150608343e-01
-2.433260869410438509e-01 -1.408982027882969223e+00 1.066231962160086866e+00 1.201127264017336493e-01 6.163119667201240048e-01 -3.263395099363428087e-01
-2.392587232535439146e-01 -1.405320773466165241e+00 1.069608169210920501e+00 1.241632720481171681e-01 6.180104730356221765e-01 -3.319863640518647685e-01
-2.352045227210743938e-01 -1.401647037611961633e+00 1.072974760040507292e+00 1.281123050313124345e-01 6.197241600722094290e-01 -3.376328483516187751e-01
-2.311635094130208845e-01 -1.397960931391090122e+00 1.076330224690814852e+00 1.319586480453565080e-01 6.214547388629068081e-01 -3.432786342384133715e-01
-2.271357006413117219e-01 -1.394262572338926365e+00 1.079673008436013992e+00 1.357011927577418398e-01 6.232039257479868866e-01 -3.489233919705507780e-01
-2.231211067113418878e-01 -1.390552084561029078e+00 1.083001511767342606e+00 1.393389190922618148e-01 6.249734338380830145e-01 -3.545667907042988620e-01
-2.191197306718561943e-01 -1.386829598835674915e+00 1.086314090487765727e+00 1.428709161870194144e-01 6.267649632246996561e-01 -3.602084985360949898e-01
-2.151315680643746120e-01 -1.383095252713057111e+00 1.089609055921176406e+00 1.462964049454789084e-01 6.285801898969483048e-01 -3.658481825442561619e-01
-2.111566066727244007e-01 -1.379349190610709153e+00 1.092884675238462222e+00 1.496147631022304303e-01 6.304207529414611599e-01 -3.714855088297618346e-01
-2.071948262733716017e-01 -1.375591563904941417e+00 1.096139171907541288e+00 1.528255522251380505e-01 6.322882401440845790e-01 -3.771201425565248733e-01
-2.032461983871136635e-01 -1.371822531017752089e+00 1.099370726268743770e+00 1.559285470806579532e-01 6.341841717386449417e-01 -3.827517479906799025e-01
-1.993106860328617280e-01 -1.368042257498958580e+00 1.102577476240841126e+00 1.589237668279097626e-01 6.361099824143829906e-01 -3.883799885388996564e-01
-1.953882434841325288e-01 -1.364250916103065592e+00 1.105757518159843800e+00 1.618115085072671100e-01 6.380670013075060432e-01 -3.940045267855499800e-01
