-2.438751121705104108e+00 -2.320191357014051992e+00 -7.276783712649608805e-03 -6.301172513984493184e-01 -2.290517976279643708e+00 3.137284809886805359e+00
-2.438751121705104108e+00 -2.320191357014051992e+00 -7.276783712649608805e-03 -6.301172513984493184e-01 -2.290517976279643708e+00 3.137284809886805359e+00
-2.438733870018489291e+00 -2.320193643090314950e+00 -6.717841330269881325e-03 -6.299809198012376044e-01 -2.290517700372350252e+00 3.137240228007769804e+00
-2.438699221460670419e+00 -2.320198258688529691e+00 -5.625279530437808651e-03 -6.297105542594433336e-01 -2.290517158154568911e+00 3.137151171197042121e+00
-2.438647031207817228e+00 -2.320205217736906356e+00 -4.023835088413200284e-03 -6.293084510455962954e-01 -2.290516376805683318e+00 3.137017746329632928e+00
-2.438577155088603288e+00 -2.320214505945271011e+00 -1.937659636403937357e-03 -6.287769049344927863e-01 -2.290515400419280034e+00 3.136840060215626114e+00
-2.438489449929719388e+00 -2.320226082100692810e+00 6.096787458719559946e-04 -6.281182090894528169e-01 -2.290514289337981957e+00 3.136618219607461455e+00
-2.438383773943991528e+00 -2.320239879358906521e+00 3.595193422536896964e-03 -6.273346549522210713e-01 -2.290513119491551564e+00 3.136352331207095112e+00
-2.438259987150783292e+00 -2.320255806530756360e+00 6.996476600036905316e-03 -6.264285321362602632e-01 -2.290511981738339475e+00 3.136042501673039773e+00
-2.438117951819184892e+00 -2.320273749362843585e+00 1.079169625734120556e-02 -6.254021283231938622e-01 -2.290510981210136965e+00 3.135688837627283121e+00
-2.437957532925309589e+00 -2.320293571811449240e+00 1.495959263180993148e-02 -6.242577291621547175e-01 -2.290510236660498133e+00 3.135291445662088172e+00
-2.437778598615780723e+00 -2.320315117308723085e+00 1.947947428405369732e-02 -6.229976181718006600e-01 -2.290509879816598371e+00 3.134850432346674154e+00
-2.437581020670269272e+00 -2.320338210019995184e+00 2.433121376448584353e-02 -6.216240766447620469e-01 -2.290510054734686829e+00 3.134365904233778366e+00
-2.437364674956660426e+00 -2.320362656090972475e+00 2.949524290365064527e-02 -6.201393835542872157e-01 -2.290510917159200854e+00 3.133837967866101692e+00
-2.437129441873139513e+00 -2.320388244883461848e+00 3.495254774779894824e-02 -6.185458154628571403e-01 -2.290512633885598781e+00 3.133266729782636428e+00
-2.436875206772169289e+00 -2.320414750198152909e+00 4.068466316057735982e-02 -6.168456464325428046e-01 -2.290515382126974586e+00 3.132652296524877311e+00
-2.436601860361975458e+00 -2.320441931482926545e+00 4.667366711109813271e-02 -6.150411479368813605e-01 -2.290519348884515249e+00 3.131994774642917534e+00
-2.436309299081789614e+00 -2.320469535025051044e+00 5.290217466806512031e-02 -6.131345887740524692e-01 -2.290524730321859437e+00 3.131294270701428850e+00
-2.435997425447677500e+00 -2.320497295125586668e+00 5.935333171904645655e-02 -6.111282349811366643e-01 -2.290531731143419680e+00 3.130550891285527104e+00
-2.435666148366361750e+00 -2.320524935254281385e+00 6.601080843340750848e-02 -6.090243497492441316e-01 -2.290540563976728450e+00 3.129764743006523187e+00
-2.435315383414956347e+00 -2.320552169183200508e+00 7.285879248684837273e-02 -6.068251933393028485e-01 -2.290551448758862296e+00 3.128935932507560302e+00
-2.434945053085052269e+00 -2.320578702097356505e+00 7.988198206492881648e-02 -6.045330229982998071e-01 -2.290564612127014232e+00 3.128064566469138885e+00
-2.434555086990040085e+00 -2.320604231680599483e+00 8.706557866241035337e-02 -6.021500928757714810e-01 -2.290580286813264976e+00 3.127150751614526047e+00
-2.434145422035000284e+00 -2.320628449175085706e+00 9.439527969470040691e-02 -5.996786539403454741e-01 -2.290598711043617453e+00 3.126194594715054009e+00
-2.433716002548895307e+00 -2.320651040412676558e+00 1.018572709371470403e-01 -5.971209538961356200e-01 -2.290620127941356277e+00 3.125196202595307504e+00
-2.433266780379153005e+00 -2.320671686816710988e+00 1.094382188074052575e-01 -5.944792370987974639e-01 -2.290644784934792177e+00 3.124155682138196610e+00
-2.432797714949080703e+00 -2.320690066372667282e+00 1.171252625055765884e-01 -5.917557444710562775e-01 -2.290672933169448644e+00 3.123073140289919003e+00
-2.432308773278840430e+00 -2.320705854566335269e+00 1.249060060263138677e-01 -5.889527134175202017e-01 -2.290704826924758741e+00 3.121948684064812518e+00
-2.431799929970995144e+00 -2.320718725288239082e+00 1.327685100565814680e-01 -5.860723777385978828e-01 -2.290740723035330717e+00 3.120782420550094027e+00
-2.431271167161874747e+00 -2.320728351703162051e+00 1.407012837722693421e-01 -5.831169675433395261e-01 -2.290780880316846790e+00 3.119574456910489513e+00
-2.430722474440210945e+00 -2.320734407083768769e+00 1.486932765463756800e-01 -5.800887091610287261e-01 -2.290825558996655520e+00 3.118324900392753118e+00
-2.430153848734686761e+00 -2.320736565607452118e+00 1.567338695809989413e-01 -5.769898250513528781e-01 -2.290875020149127028e+00 3.117033858330075180e+00
-2.429565294172179701e+00 -2.320734503115680081e+00 1.648128674749145817e-01 -5.738225337129837511e-01 -2.290929525135830591e+00 3.115701438146380564e+00
-2.428956821908621500e+00 -2.320727897835259235e+00 1.729204897380563488e-01 -5.705890495904044624e-01 -2.290989335050601650e+00 3.114327747360518206e+00
-2.428328449934474609e+00 -2.320716431061088603e+00 1.810473622637745195e-01 -5.672915829788222064e-01 -2.291054710169571074e+00 3.112912893590337848e+00
-2.427680202856925540e+00 -2.320699787800118763e+00 1.891845087693058702e-01 -5.639323399270106396e-01 -2.291125909406210415e+00 3.111456984556660643e+00
-2.427012111660919125e+00 -2.320677657376382541e+00 1.973233422144617111e-01 -5.605135221379297095e-01 -2.291203189771475746e+00 3.109960128087137399e+00
-2.426324213451212408e+00 -2.320649733997103059e+00 2.054556562081203408e-01 -5.570373268669720490e-01 -2.291286805839109597e+00 3.108422432119998469e+00
-2.425616551177625535e+00 -2.320615717280030577e+00 2.135736164117001679e-01 -5.535059468176921627e-01 -2.291377009216175598e+00 3.106844004707694840e+00
-2.424889173345654569e+00 -2.320575312742294560e+00 2.216697519483881162e-01 -5.499215700348758507e-01 -2.291474048018893761e+00 3.105224954020427752e+00
-2.424142133714601854e+00 -2.320528232251174661e+00 2.297369468265053338e-01 -5.462863797948129818e-01 -2.291578166353852808e+00 3.103565388349571297e+00
-2.423375490985327563e+00 -2.320474194437328830e+00 2.377684313850094433e-01 -5.426025544926417199e-01 -2.291689603804667019e+00 3.101865416110984430e+00
-2.422589308479680348e+00 -2.320412925071129617e+00 2.457577737687574593e-01 -5.388722675266298667e-01 -2.291808594924158005e+00 3.100125145848213748e+00
-2.421783653813595727e+00 -2.320344157402848051e+00 2.536988714407883427e-01 -5.350976871792723077e-01 -2.291935368732132439e+00 3.098344686235586565e+00
-2.420958598565784659e+00 -2.320267632467548857e+00 2.615859427385272551e-01 -5.312809764950816582e-01 -2.292070148218830372e+00 3.096524146081195639e+00
-2.420114217943844626e+00 -2.320183099355621170e+00 2.694135184804661853e-01 -5.274242931549533164e-01 -2.292213149854131160e+00 3.094663634329773316e+00
-2.419250590449536720e+00 -2.320090315449965246e+00 2.771764336295356457e-01 -5.235297893469926800e-01 -2.292364583102580955e+00 3.092763260065457764e+00
-2.418367797544878961e+00 -2.319989046630919205e+00 2.848698190190527280e-01 -5.195996116336938364e-01 -2.292524649944338577e+00 3.090823132514447735e+00
-2.417465923320600396e+00 -2.319879067450064447e+00 2.924890931468083211e-01 -5.156359008153651446e-01 -2.292693544402102379e+00 3.088843361047548086e+00
-2.416545054168403261e+00 -2.319760161274111443e+00 3.000299540425432898e-01 -5.116407917896992341e-01 -2.292871452074118910e+00 3.086824055182607385e+00
-2.415605278458363703e+00 -2.319632120400094255e+00 3.074883712137584935e-01 -5.076164134073910539e-01 -2.293058549673339996e+00 3.084765324586843604e+00
-2.414646686222704730e+00 -2.319494746143148767e+00 3.148605776745077578e-01 -5.035648883237107132e-01 -2.293255004572824607e+00 3.082667279079059686e+00
-2.413669368847055630e+00 -2.319347848898168252e+00 3.221430620615339246e-01 -4.994883328459428506e-01 -2.293460974357465432e+00 3.080530028631751183e+00
-2.412673418770215239e+00 -2.319191248176643239e+00 3.293325608418292694e-01 -4.953888567766095430e-01 -2.293676606382126337e+00 3.078353683373101113e+00
-2.411658929193316148e+00 -2.319024772620014385e+00 3.364260506154295727e-01 -4.912685632523932089e-01 -2.293902037336283062e+00 3.076138353588866003e+00
-2.410625993799201172e+00 -2.318848259990850647e+00 3.434207405169876215e-01 -4.871295485786866220e-01 -2.294137392815250198e+00 3.073884149724150916e+00
-2.409574706482696005e+00 -2.318661557143185004e+00 3.503140647194160628e-01 -4.829739020597005328e-01 -2.294382786898089055e+00 3.071591182385073004e+00
-2.408505161092390878e+00 -2.318464519973302718e+00 3.571036750426428985e-01 -4.788037058240539601e-01 -2.294638321732286546e+00 3.069259562340314940e+00
-2.407417451184421964e+00 -2.318257013352287288e+00 3.637874336702816014e-01 -4.746210346457882534e-01 -2.294904087125295700e+00 3.066889400522567755e+00
-2.406311669788674390e+00 -2.318038911041587991e+00 3.703634059767869635e-01 -4.704279557607510820e-01 -2.295180160143031944e+00 3.064480808029860004e+00
-2.405187909187723516e+00 -2.317810095592858666e+00 3.768298534674424660e-01 -4.662265286782936169e-01 -2.295466604715418857e+00 3.062033896126778565e+00
-2.404046260708759597e+00 -2.317570458233289443e+00 3.831852268333079126e-01 -4.620188049882268944e-01 -2.295763471249082865e+00 3.059548776245575308e+00
-2.402886814528655268e+00 -2.317319898737608241e+00 3.894281591230465689e-01 -4.578068281629984471e-01 -2.296070796247284385e+00 3.057025559987162744e+00
-2.401709659492272220e+00 -2.317058325287907117e+00 3.955574590333487128e-01 -4.535926333550421852e-01 -2.296388601937192409e+00 3.054464359121996431e+00
-2.400514882944017270e+00 -2.316785654322401466e+00 4.015721043194723783e-01 -4.493782471892749930e-01 -2.296716895904590938e+00 3.051865285590847243e+00
-2.399302570572613647e+00 -2.316501810374194115e+00 4.074712353272349485e-01 -4.451656875507008504e-01 -2.297055670736126043e+00 3.049228451505458626e+00
-2.398072806268983559e+00 -2.316206725901070129e+00 4.132541486476069004e-01 -4.409569633671013289e-01 -2.297404903669184151e+00 3.046553969149092822e+00
-2.396825671997084850e+00 -2.315900341107304250e+00 4.189202908948851944e-01 -4.367540743867845965e-01 -2.297764556249508150e+00 3.043841950976962085e+00
-2.395561247677497452e+00 -2.315582603758427727e+00 4.244692526092551654e-01 -4.325590109513810511e-01 -2.298134573996648999e+00 3.041092509616548867e+00
-2.394279611083514503e+00 -2.315253468989843633e+00 4.299007622843893373e-01 -4.283737537636650994e-01 -2.298514886077358099e+00 3.038305757867810097e+00
-2.392980837749445477e+00 -2.314912899110137978e+00 4.352146805205759916e-01 -4.242002736504006943e-01 -2.298905404987017675e+00 3.035481808703270445e+00
-2.391665000890806247e+00 -2.314560863399900636e+00 4.404109943037218811e-01 -4.200405313202073554e-01 -2.299306026239217982e+00 3.032620775267998336e+00
-2.390332171336050582e+00 -2.314197337906800822e+00 4.454898114104318130e-01 -4.158964771164488372e-01 -2.299716628063582569e+00 3.029722770879470506e+00
-2.388982417469446506e+00 -2.313822305237647203e+00 4.504513549392303862e-01 -4.117700507651468333e-01 -2.300137071111941989e+00 3.026787909027320644e+00
-2.387615805184708506e+00 -2.313435754348086792e+00 4.552959579678615420e-01 -4.076631811179327602e-01 -2.300567198172966066e+00 3.023816303372973913e+00
-2.386232397848945475e+00 -2.313037680330586543e+00 4.600240583364772484e-01 -4.035777858900512216e-01 -2.301006833895358206e+00 3.020808067749166437e+00
-2.384832256276500750e+00 -2.312628084201270084e+00 4.646361935564069512e-01 -3.995157713934375243e-01 -2.301455784519711667e+00 3.017763316159349785e+00
-2.383415438712216172e+00 -2.312206972686164708e+00 4.691329958440867975e-01 -3.954790322648864542e-01 -2.301913837619141923e+00 3.014682162776979091e+00
-2.381982000823670731e+00 -2.311774358007356422e+00 4.735151872796195538e-01 -3.914694511893574980e-01 -2.302380761848791924e+00 3.011564721944687939e+00
-2.380531995701915537e+00 -2.311330257669526933e+00 4.777835750893334454e-01 -3.874888986184378270e-01 -2.302856306704322176e+00 3.008411108173345561e+00
-2.379065473870239256e+00 -2.310874694247303296e+00 4.819390470516108915e-01 -3.835392324840082301e-01 -2.303340202289485106e+00 3.005221436140998570e+00
-2.377582483300487048e+00 -2.310407695173811504e+00 4.859825670251656238e-01 -3.796222979071499637e-01 -2.303832159092895626e+00 3.001995820691697237e+00
-2.376083069436459638e+00 -2.309929292530803036e+00 4.899151705988593619e-01 -3.757399269023499189e-01 -2.304331867774099152e+00 2.998734376834205406e+00
-2.374567275223921747e+00 -2.309439522840685655e+00 4.937379608620664495e-01 -3.718939380770479586e-01 -2.304838998959042762e+00 2.995437219740592294e+00
-2.373035141146758065e+00 -2.308938426860752458e+00 4.974521042945168059e-01 -3.680861363266001440e-01 -2.305353203045053867e+00 2.992104464744710590e+00
-2.371486705268810447e+00 -2.308426049379892486e+00 5.010588267744743307e-01 -3.643183125247108634e-01 -2.305874110015431633e+00 2.988736227340555551e+00
-2.369922003280952705e+00 -2.307902439018018725e+00 5.045594097040386750e-01 -3.605922432093958130e-01 -2.306401329263755073e+00 2.985332623180508183e+00
-2.368341068552957118e+00 -2.307367648028441742e+00 5.079551862502933446e-01 -3.569096902645613190e-01 -2.306934449428010847e+00 2.981893768073462070e+00
-2.366743932189719679e+00 -2.306821732103381262e+00 5.112475377009626509e-01 -3.532724005972771031e-01 -2.307473038234643781e+00 2.978419777982831196e+00
-2.365130623091427964e+00 -2.306264750182786649e+00 5.144378899331844002e-01 -3.496821058108027236e-01 -2.308016642352631376e+00 2.974910769024442736e+00
-2.363501168016837184e+00 -2.305696764266115473e+00 5.175277099938960790e-01 -3.461405218528353922e-01 -2.308564787261509377e+00 2.971366857469648792e+00
-2.361855591650111386e+00 -2.305117839228215448e+00 5.205185027903942441e-01 -3.426493486796494126e-01 -2.309116977126201675e+00 2.967788159742976717e+00
-2.360193916670423331e+00 -2.304528042638926522e+00 5.234118078895245718e-01 -3.392102699163193624e-01 -2.309672694682189942e+00 2.964174792419662641e+00
-2.358516163823947576e+00 -2.303927444586499007e+00 5.262091964239216102e-01 -3.358249525130875268e-01 -2.310231401131135787e+00 2.960526872223065986e+00
-2.356822351997895471e+00 -2.303316117504912164e+00 5.289122681036775298e-01 -3.324950463979939874e-01 -2.310792536047040713e+00 2.956844516021967184e+00
-2.355112498296255907e+00 -2.302694136005161152e+00 5.315226483317848638e-01 -3.292221841258740622e-01 -2.311355517293050443e+00 2.953127840827746819e+00
-2.353386618116920737e+00 -2.302061576710570989e+00 5.340419854216662543e-01 -3.260079805238433326e-01 -2.311919740948991553e+00 2.949376963791447981e+00
-2.351644725229891986e+00 -2.301418518096179699e+00 5.364719479150764636e-01 -3.228540323333798923e-01 -2.312484581249738547e+00 2.945592002200719151e+00
-2.349886831856276448e+00 -2.300765040332228395e+00 5.388142219986357118e-01 -3.197619178491463154e-01 -2.313049390534501537e+00 2.941773073476640743e+00
-2.348112948747801632e+00 -2.300101225131773841e+00 5.410705090172315268e-01 -3.167331965546825723e-01 -2.313613499207122448e+00 2.937920295170433960e+00
-2.346323085266584840e+00 -2.299427155602445261e+00 5.432425230825054241e-01 -3.137694087550919608e-01 -2.314176215707468565e+00 2.934033784960050628e+00
-2.344517249464919129e+00 -2.298742916102346712e+00 5.453319887746254091e-01 -3.108720752068651061e-01 -2.314736826494013577e+00 2.930113660646646689e+00
-2.342695448164847871e+00 -2.298048592100106369e+00 5.473406389355283119e-01 -3.080426967449873543e-01 -2.315294596037688724e+00 2.926160040150938890e+00
-2.340857687037310342e+00 -2.297344270039058500e+00 5.492702125518076350e-01 -3.052827539074864371e-01 -2.315848766827081739e+00 2.922173041509443348e+00
-2.339003970680661570e+00 -2.296630037205550590e+00 5.511224527254090511e-01 -3.025937065575584062e-01 -2.316398559385069333e+00 2.918152782870596873e+00
-2.337134302698388399e+00 -2.295905981601349843e+00 5.528991047302902473e-01 -2.999769935034358181e-01 -2.316943172296962672e+00 2.914099382490762391e+00
-2.335248685775839661e+00 -2.295172191820125995e+00 5.546019141531963736e-01 -2.974340321161568212e-01 -2.317481782250236044e+00 2.910012958730116672e+00
-2.333347121755823927e+00 -2.294428756927979318e+00 5.562326251167000191e-01 -2.949662179454193289e-01 -2.318013544085911093e+00 2.905893630048423937e+00
-2.331429611712930061e+00 -2.293675766347980538e+00 5.577929785826527542e-01 -2.925749243336737138e-01 -2.318537590861672548e+00 2.901741515000689553e+00
-2.329496156026432008e+00 -2.292913309748688455e+00 5.592847107341958335e-01 -2.902615020286354319e-01 -2.319053033926776308e+00 2.897556732232703158e+00
-2.327546754451670363e+00 -2.292141476936596867e+00 5.607095514344815346e-01 -2.880272787943928270e-01 -2.319558963008821362e+00 2.893339400476460987e+00
-2.325581406189797917e+00 -2.291360357752475707e+00 5.620692227602606117e-01 -2.858735590212972411e-01 -2.320054446312441510e+00 2.889089638545477179e+00
-2.323600109955793691e+00 -2.290570041971555337e+00 5.633654376084969995e-01 -2.838016233348220063e-01 -2.320538530629979501e+00 2.884807565329979173e+00
-2.321602864044667314e+00 -2.289770619207509572e+00 5.645998983741791211e-01 -2.818127282035844949e-01 -2.321010241464197321e+00 2.880493299791988093e+00
-2.319589666395771133e+00 -2.288962178820182380e+00 5.657742956975070348e-01 -2.799081055467148582e-01 -2.321468583163075028e+00 2.876146960960285881e+00
-2.317560514655165882e+00 -2.288144809827013404e+00 5.668903072786434238e-01 -2.780889623407885591e-01 -2.321912539066747883e+00 2.871768667925269636e+00
-2.315515406235980400e+00 -2.287318600818101899e+00 5.679495967582309790e-01 -2.763564802265092157e-01 -2.322341071666627510e+00 2.867358539833693154e+00
-2.313454338376721875e+00 -2.286483639874861140e+00 5.689538126618899350e-01 -2.747118151153626342e-01 -2.322753122776747503e+00 2.862916695883294782e+00
-2.311377308197498870e+00 -2.285640014492202887e+00 5.699045874069256223e-01 -2.731560967964478670e-01 -2.323147613717370330e+00 2.858443255317316023e+00
-2.309284312754133595e+00 -2.284787811504196409e+00 5.708035363694905495e-01 -2.716904285436977928e-01 -2.323523445510893293e+00 2.853938337418906901e+00
-2.307175349090138106e+00 -2.283927117013149211e+00 5.716522570104626277e-01 -2.703158867236208907e-01 -2.323879499090106826e+00 2.849402061505421635e+00
-2.305050414286541560e+00 -2.283058016322039752e+00 5.724523280583192486e-01 -2.690335204039402406e-01 -2.324214635518791816e+00 2.844834546922605512e+00
-2.302909505509565413e+00 -2.282180593870259955e+00 5.732053087473060193e-01 -2.678443509632881248e-01 -2.324527696224689688e+00 2.840235913038670734e+00
-2.300752620056145226e+00 -2.281294933172590245e+00 5.739127381092165026e-01 -2.667493717021838240e-01 -2.324817503244870132e+00 2.835606279238266136e+00
-2.298579755397298641e+00 -2.280401116761360925e+00 5.745761343171230662e-01 -2.657495474555193193e-01 -2.325082859483509790e+00 2.830945764916337204e+00
-2.296390909219363508e+00 -2.279499226131732392e+00 5.751969940794173786e-01 -2.648458142067885990e-01 -2.325322548982088122e+00 2.826254489471880849e+00
-2.294186079463109706e+00 -2.278589341690034242e+00 5.757767920825423991e-01 -2.640390787042821708e-01 -2.325535337202017327e+00 2.821532572301594932e+00
-2.291965264360753540e+00 -2.277671542705105523e+00 5.763169804808205843e-01 -2.633302180795117908e-01 -2.325719971319688995e+00 2.816780132793419433e+00
-2.289728462470894677e+00 -2.276745907262569091e+00 5.768189884318047911e-01 -2.627200794682377771e-01 -2.325875180533902409e+00 2.811997290319978138e+00
-2.287475672711412944e+00 -2.275812512221984552e+00 5.772842216756041145e-01 -2.622094796340670442e-01 -2.325999676385740678e+00 2.807184164231912860e+00
-2.285206894390347632e+00 -2.274871433176813618e+00 5.777140621566595469e-01 -2.617992045949989466e-01 -2.326092153090855152e+00 2.802340873851118630e+00
-2.282922127234803700e+00 -2.273922744417135711e+00 5.781098676864701025e-01 -2.614900092531715625e-01 -2.326151287884125729e+00 2.797467538463876302e+00
-2.280621371417920429e+00 -2.272966518895059185e+00 5.784729716457950310e-01 -2.612826170280739269e-01 -2.326175741376679262e+00 2.792564277313884791e+00
-2.278304627583942921e+00 -2.272002828192751345e+00 5.788046827248826132e-01 -2.611777194934554180e-01 -2.326164157925237674e+00 2.787631209595194726e+00
-2.275971896871447075e+00 -2.271031742493041516e+00 5.791062847003038971e-01 -2.611759760182070234e-01 -2.326115166013760671e+00 2.782668454445045292e+00
-2.273623180934752686e+00 -2.270053330552523452e+00 5.793790362469927180e-01 -2.612780134114592867e-01 -2.326027378647345323e+00 2.777676130936602039e+00
-2.271258481963587261e+00 -2.269067659677098003e+00 5.796241707841230939e-01 -2.614844255721635036e-01 -2.325899393758337208e+00 2.772654358071601433e+00
-2.268877802701034341e+00 -2.268074795699896118e+00 5.798428963534794089e-01 -2.617957731434262802e-01 -2.325729794624602054e+00 2.767603254772900367e+00
-2.266481146459831120e+00 -2.267074802961515090e+00 5.800363955290035456e-01 -2.622125831718308819e-01 -2.325517150299909019e+00 2.762522939876932426e+00
-2.264068517137059366e+00 -2.266067744292511232e+00 5.802058253562271117e-01 -2.627353487720368586e-01 -2.325260016056360346e+00 2.757413532126073097e+00
-2.261639919227279361e+00 -2.265053680998081909e+00 5.803523173203284369e-01 -2.633645287969123006e-01 -2.324956933838800754e+00 2.752275150160913508e+00
-2.259195357834171691e+00 -2.264032672844876970e+00 5.804769773415763279e-01 -2.641005475134756697e-01 -2.324606432731133321e+00 2.747107912512447125e+00
-2.256734838680727773e+00 -2.263004778049880095e+00 5.805808857969533276e-01 -2.649437942849064420e-01 -2.324207029434467220e+00 2.741911937594168513e+00
-2.254258368118052580e+00 -2.261970053271292080e+00 5.806650975667768666e-01 -2.658946232588929037e-01 -2.323757228757013849e+00 2.736687343694084618e+00
-2.251765953132825349e+00 -2.260928553601360136e+00 5.807306421051641188e-01 -2.669533530625978757e-01 -2.323255524115634074e+00 2.731434248966643885e+00
-2.249257601353481295e+00 -2.259880332561090110e+00 5.807785235332140195e-01 -2.681202665044869482e-01 -2.322700398048959780e+00 2.726152771424580568e+00
-2.246733321055161436e+00 -2.258825442096779934e+00 5.808097207538053253e-01 -2.693956102833046651e-01 -2.322090322741973800e+00 2.720843028930679530e+00
-2.244193121163484683e+00 -2.257763932578311206e+00 5.808251875869399061e-01 -2.707795947044767670e-01 -2.321423760561943439e+00 2.715505139189461126e+00
-2.241637011257198608e+00 -2.256695852799145197e+00 5.808258529245828861e-01 -2.722723934042106664e-01 -2.320699164605591225e+00 2.710139219738786576e+00
-2.239065001569757740e+00 -2.255621249977954879e+00 5.808126209039824461e-01 -2.738741430815577749e-01 -2.319914979257387877e+00 2.704745387941389634e+00
-2.236477102989884891e+00 -2.254540169761840129e+00 5.807863710984756400e-01 -2.755849432387008635e-01 -2.319069640758845363e+00 2.699323760976331865e+00
-2.233873327061159930e+00 -2.253452656231058171e+00 5.807479587248135511e-01 -2.774048559297266348e-01 -2.318161577788683037e+00 2.693874455830386427e+00
-2.231253685980695955e+00 -2.252358751905223944e+00 5.806982148660669862e-01 -2.793339055181900954e-01 -2.317189212053712311e+00 2.688397589289350353e+00
-2.228618192596940162e+00 -2.251258497750904475e+00 5.806379467091973279e-01 -2.813720784437099276e-01 -2.316150958890309308e+00 2.682893277929288889e+00
-2.225966860406661585e+00 -2.250151933190565057e+00 5.805679377964053645e-01 -2.835193229978807961e-01 -2.315045227876321388e+00 2.677361638107712327e+00
-2.223299703551156803e+00 -2.249039096112800173e+00 5.804889482893945685e-01 -2.857755491097586087e-01 -2.313870423453249447e+00 2.671802785954687565e+00
-2.220616736811734881e+00 -2.247920022883794555e+00 5.804017152457119355e-01 -2.881406281411929005e-01 -2.312624945558546585e+00 2.666216837363886594e+00
-2.217917975604517089e+00 -2.246794748359959737e+00 5.803069529063530352e-01 -2.906143926922565845e-01 -2.311307190267868350e+00 2.660603907983575933e+00
-2.215203435974597568e+00 -2.245663305901689721e+00 5.802053529938441256e-01 -2.931966364170702777e-01 -2.309915550447080523e+00 2.654964113207544329e+00
-2.212473134589606705e+00 -2.244525727388180236e+00 5.800975850200381645e-01 -2.958871138502403020e-01 -2.308448416413873883e+00 2.649297568165975392e+00
-2.209727088732723388e+00 -2.243382043233254741e+00 5.799842966028841973e-01 -2.986855402442054053e-01 -2.306904176608766122e+00 2.643604387716266935e+00
-2.206965316295166346e+00 -2.242232282402152332e+00 5.798661137914555841e-01 -3.015915914177284551e-01 -2.305281218275326172e+00 2.637884686433794368e+00
-2.204187835768215642e+00 -2.241076472429211819e+00 5.797436413985443959e-01 -3.046049036157906231e-01 -2.303577928149401099e+00 2.632138578602627454e+00
-2.201394666234787412e+00 -2.239914639436412891e+00 5.796174633401525167e-01 -3.077250733811640604e-01 -2.301792693157148406e+00 2.626366178206196889e+00
-2.198585827360615141e+00 -2.238746808152714873e+00 5.794881429812342999e-01 -3.109516574378815568e-01 -2.299923901121659231e+00 2.620567598917916907e+00
-2.195761339385053912e+00 -2.237573001934143324e+00 5.793562234870653915e-01 -3.142841725868918412e-01 -2.297969941477947309e+00 2.614742954091763494e+00
-2.192921223111556905e+00 -2.236393242784580959e+00 5.792222281796357564e-01 -3.177220956141116881e-01 -2.295929205996090072e+00 2.608892356752812614e+00
-2.190065499897845491e+00 -2.235207551377208723e+00 5.790866608984877040e-01 -3.212648632111638203e-01 -2.293800089512266993e+00 2.603015919587738924e+00
-2.187194191645812857e+00 -2.234015947076549047e+00 5.789500063654384743e-01 -3.249118719089760798e-01 -2.291580990667497097e+00 2.597113754935280738e+00
-2.184307320791178508e+00 -2.232818447961070429e+00 5.788127305526494792e-01 -3.286624780245333555e-01 -2.289270312653795436e+00 2.591185974776668566e+00
-2.181404910292939814e+00 -2.231615070846299176e+00 5.786752810535251701e-01 -3.325159976209721147e-01 -2.286866463967536678e+00 2.585232690726024796e+00
-2.178486983622628159e+00 -2.230405831308404085e+00 5.785380874559422626e-01 -3.364717064812751679e-01 -2.284367859169738946e+00 2.579254014020734509e+00
-2.175553564753413660e+00 -2.229190743708199918e+00 5.784015617173328128e-01 -3.405288400958215167e-01 -2.281772919653004994e+00 2.573250055511791423e+00
-2.172604678149066881e+00 -2.227969821215532331e+00 5.782660985411613996e-01 -3.446865936639036399e-01 -2.279080074414910229e+00 2.567220925654118080e+00
-2.169640348752817971e+00 -2.226743075834004770e+00 5.781320757543574329e-01 -3.489441221095706536e-01 -2.276287760837484520e+00 2.561166734496868713e+00
-2.166660601976118983e+00 -2.225510518425999784e+00 5.779998546852800345e-01 -3.533005401117926270e-01 -2.273394425472650582e+00 2.555087591673711689e+00
-2.163665463687345358e+00 -2.224272158737963689e+00 5.778697805418135935e-01 -3.577549221494890075e-01 -2.270398524833115772e+00 2.548983606393099954e+00
-2.160654960200444563e+00 -2.223028005425907061e+00 5.777421827892080808e-01 -3.623063025614736699e-01 -2.267298526188529895e+00 2.542854887428525057e+00
-2.157629118263563406e+00 -2.221778066081092629e+00 5.776173755272955290e-01 -3.669536756215004969e-01 -2.264092908366616808e+00 2.536701543108765389e+00
-2.154587965047659370e+00 -2.220522347255867945e+00 5.774956578667318485e-01 -3.716959956285080802e-01 -2.260780162559049788e+00 2.530523681308126438e+00
-2.151531528135123938e+00 -2.219260854489608636e+00 5.773773143039285793e-01 -3.765321770124502310e-01 -2.257358793131633679e+00 2.524321409436677044e+00
-2.148459835508428117e+00 -2.217993592334741582e+00 5.772626150943570567e-01 -3.814610944558157191e-01 -2.253827318438530458e+00 2.518094834430483431e+00
-2.145372915538807934e+00 -2.216720564382811620e+00 5.771518166239198999e-01 -3.864815830309960010e-01 -2.250184271640232936e+00 2.511844062741848571e+00
-2.142270796975001002e+00 -2.215441773290560690e+00 5.770451617781048315e-01 -3.915924383536988351e-01 -2.246428201524941937e+00 2.505569200329553325e+00
-2.139153508932054581e+00 -2.214157220805988757e+00 5.769428803086450452e-01 -3.967924167503301680e-01 -2.242557673334683699e+00 2.499270352649106908e+00
-2.136021080880209588e+00 -2.212866907794367233e+00 5.768451891974303303e-01 -4.020802354440263793e-01 -2.238571269592583679e+00 2.492947624643007565e+00
-2.132873542633877406e+00 -2.211570834264176444e+00 5.767522930174229234e-01 -4.074545727572209675e-01 -2.234467590932550429e+00 2.486601120731017467e+00
-2.129710924340717959e+00 -2.210268999392936973e+00 5.766643842903491635e-01 -4.129140683308987758e-01 -2.230245256931032038e+00 2.480230944800454473e+00
-2.126533256470834576e+00 -2.208961401552915316e+00 5.765816438409487876e-01 -4.184573233606719289e-01 -2.225902906940504522e+00 2.473837200196503883e+00
-2.123340569806086098e+00 -2.207648038336668339e+00 5.765042411475780337e-01 -4.240829008498276931e-01 -2.221439200924331114e+00 2.467419989712553718e+00
-2.120132895429533093e+00 -2.206328906582410987e+00 5.764323346889759225e-01 -4.297893258795174587e-01 -2.216852820292613213e+00 2.460979415580554885e+00
-2.116910264715023526e+00 -2.205004002399182372e+00 5.763660722870125319e-01 -4.355750858961692229e-01 -2.212142468738704792e+00 2.454515579461411523e+00
-2.113672709316924525e+00 -2.203673321191781831e+00 5.763055914452533957e-01 -4.414386310163088689e-01 -2.207306873075974618e+00 2.448028582435403777e+00
-2.110420261160009581e+00 -2.202336857685464278e+00 5.762510196831834852e-01 -4.473783743488216058e-01 -2.202344784074509842e+00 2.441518524992645656e+00
-2.107152952429502513e+00 -2.200994605950366889e+00 5.762024748659458906e-01 -4.533926923348887694e-01 -2.197254977297288914e+00 2.434985507023582851e+00
-2.103870815561614815e+00 -2.199646559426052583e+00 5.761600655295382456e-01 -4.594799251498787873e-01 -2.192036253897476694e+00 2.428429627806441449e+00
-2.100573883233926686e+00 -2.198292710945348727e+00 5.761238912012665025e-01 -4.656383770785760823e-01 -2.186687441450630320e+00 2.421850985997838990e+00
-2.097262188355944801e+00 -2.196933052757862992e+00 5.760940427153424803e-01 -4.718663169079453934e-01 -2.181207394785521281e+00 2.415249679623456380e+00
-2.093935764059839943e+00 -2.195567576553161260e+00 5.760706025235211580e-01 -4.781619783350061770e-01 -2.175594996815432225e+00 2.408625806068761754e+00
-2.090594643691371601e+00 -2.194196273483598691e+00 5.760536450006812359e-01 -4.845235603847166672e-01 -2.169849159374386716e+00 2.401979462069788962e+00
-2.087238860800996854e+00 -2.192819134186780872e+00 5.760432367452653635e-01 -4.909492278570056767e-01 -2.163968824041111461e+00 2.395310743703975120e+00
-2.083868449135173329e+00 -2.191436148807648809e+00 5.760394368744987670e-01 -4.974371117630791428e-01 -2.157952962986454004e+00 2.388619746381061226e+00
-2.080483442777828262e+00 -2.190047307091169682e+00 5.760422973076182451e-01 -5.039852994695380728e-01 -2.151800589431285271e+00 2.381906564836532958e+00
-2.077083876143714480e+00 -2.188652598404612348e+00 5.760518630436809451e-01 -5.105918354964075201e-01 -2.145510758701667076e+00 2.375171293125278194e+00
-2.073669783971979985e+00 -2.187252011759465820e+00 5.760681724339077325e-01 -5.172547223697907537e-01 -2.139082569246657961e+00 2.368414024615463020e+00
-2.070241201319955593e+00 -2.185845535833000230e+00 5.760912574485160809e-01 -5.239719214946338965e-01 -2.132515163649455037e+00 2.361634851982636896e+00
-2.066798163557157508e+00 -2.184433158989452117e+00 5.761211439380086174e-01 -5.307413540637155869e-01 -2.125807729615560859e+00 2.354833867204076725e+00
-2.063340706359508836e+00 -2.183014869300837102e+00 5.761578518888889056e-01 -5.375609019946939737e-01 -2.118959500944487040e+00 2.348011161553374748e+00
-2.059868865703777363e+00 -2.181590654567378440e+00 5.762013956737835896e-01 -5.444284088951074629e-01 -2.111969758484003812e+00 2.341166825595278667e+00
-2.056382677862232278e+00 -2.180160502337551875e+00 5.762517842959544723e-01 -5.513416810553020131e-01 -2.104837831065843989e+00 2.334300949180794671e+00
-2.052882179397518048e+00 -2.178724399927736144e+00 5.763090216281938627e-01 -5.582984884691317706e-01 -2.097563096421842577e+00 2.327413621442557368e+00
-2.049367407157743237e+00 -2.177282334441473566e+00 5.763731066460994201e-01 -5.652965658823703166e-01 -2.090144982079368940e+00 2.320504930790478149e+00
-2.045838398271790481e+00 -2.175834292788327851e+00 5.764440336557317135e-01 -5.723336138686706542e-01 -2.082582966234951982e+00 2.313574964907676446e+00
-2.042295190144831629e+00 -2.174380261702350214e+00 5.765217925156643775e-01 -5.794072999329172857e-01 -2.074876578604965438e+00 2.306623810746703640e+00
-2.038737820454065375e+00 -2.172920227760137379e+00 5.766063688534405207e-01 -5.865152596417474440e-01 -2.067025401252244876e+00 2.299651554526067176e+00
-2.035166327144660059e+00 -2.171454177398494778e+00 5.766977442764550377e-01 -5.936550977810209906e-01 -2.059029069387472877e+00 2.292658281727058878e+00
-2.031580748425906080e+00 -2.169982096931691640e+00 5.767958965772868041e-01 -6.008243895395413148e-01 -2.050887272144651607e+00 2.285644077090902115e+00
-2.027981122767577915e+00 -2.168503972568320393e+00 5.769007999335106218e-01 -6.080206817196386337e-01 -2.042599753328478762e+00 2.278609024616215617e+00
-2.024367488896499090e+00 -2.167019790427751058e+00 5.770124251020217754e-01 -6.152414939738115596e-01 -2.034166312132931420e+00 2.271553207556810339e+00
-2.020739885793306989e+00 -2.165529536556187740e+00 5.771307396079117247e-01 -6.224843200670893140e-01 -2.025586803829820148e+00 2.264476708419819406e+00
-2.017098352689417506e+00 -2.164033196942327208e+00 5.772557079279362346e-01 -6.297466291646863779e-01 -2.016861140426117860e+00 2.257379608964170448e+00
-2.013442929064187314e+00 -2.162530757532622250e+00 5.773872916686226819e-01 -6.370258671445604426e-01 -2.007989291288776457e+00 2.250261990199407425e+00
-2.009773654642262652e+00 -2.161022204246150658e+00 5.775254497390658326e-01 -6.443194579343036743e-01 -1.998971283735890392e+00 2.243123932384867292e+00
-2.006090569391123068e+00 -2.159507522989094319e+00 5.776701385184656035e-01 -6.516248048719516239e-01 -1.989807203592841356e+00 2.235965515029216810e+00
-2.002393713518803242e+00 -2.157986699668834163e+00 5.778213120184625406e-01 -6.589392920900404294e-01 -1.980497195712298986e+00 2.228786816890356626e+00
-1.998683127471798882e+00 -2.156459720207657860e+00 5.779789220403321881e-01 -6.662602859224219243e-01 -1.971041464456679826e+00 2.221587915975699268e+00
-1.994958851933146260e+00 -2.154926570556091381e+00 5.781429183271001859e-01 -6.735851363330632724e-01 -1.961440274141957429e+00 2.214368889542821961e+00
-1.991220927820674724e+00 -2.153387236705853969e+00 5.783132487106442676e-01 -6.809111783662094020e-01 -1.951693949441478892e+00 2.207129814100505349e+00
-1.987469396285423962e+00 -2.151841704702445401e+00 5.784898592538521012e-01 -6.882357336171401885e-01 -1.941802875748554147e+00 2.199870765410157247e+00
-1.983704298710222469e+00 -2.150289960657362887e+00 5.786726943879039187e-01 -6.955561117226702894e-01 -1.931767499496656715e+00 2.192591818487628963e+00
-1.979925676708422788e+00 -2.148731990759961796e+00 5.788616970447607590e-01 -7.028696118706069251e-01 -1.921588328435913207e+00 2.185293047605427308e+00
-1.976133572122785731e+00 -2.147167781288958466e+00 5.790568087849236045e-01 -7.101735243271497522e-01 -1.911265931864825518e+00 2.177974526295324065e+00
-1.972328027024510710e+00 -2.145597318623580385e+00 5.792579699205456789e-01 -7.174651319813755146e-01 -1.900800940815886797e+00 2.170636327351370909e+00
-1.968509083712403074e+00 -2.144020589254375775e+00 5.794651196339796195e-01 -7.247417119056563939e-01 -1.890194048194115739e+00 2.163278522833313566e+00
-1.964676784712174218e+00 -2.142437579793679880e+00 5.796781960918431231e-01 -7.320005369310217391e-01 -1.879446008867250217e+00 2.155901184070418974e+00
-1.960831172775867381e+00 -2.140848276985746423e+00 5.798971365546790047e-01 -7.392388772362518123e-01 -1.868557639706607709e+00 2.148504381665705676e+00
-1.956972290881402010e+00 -2.139252667716550427e+00 5.801218774823012625e-01 -7.464540019495534695e-01 -1.857529819577482089e+00 2.141088185500588104e+00
-1.953100182232230919e+00 -2.137650739023269519e+00 5.803523546349169671e-01 -7.536431807614746292e-01 -1.846363489278186165e+00 2.133652664739928984e+00
-1.949214890257101152e+00 -2.136042478103442388e+00 5.805885031701040200e-01 -7.608036855477673388e-01 -1.835059651426735217e+00 2.126197887837502520e+00
-1.945316458609913202e+00 -2.134427872323817699e+00 5.808302577357352670e-01 -7.679327920007619213e-01 -1.823619370294347952e+00 2.118723922541867477e+00
-1.941404931169669279e+00 -2.132806909228893488e+00 5.810775525589445545e-01 -7.750277812677675016e-01 -1.812043771584990193e+00 2.111230835902649705e+00
-1.937480352040505949e+00 -2.131179576549153687e+00 5.813303215312168870e-01 -7.820859415950267568e-01 -1.800334042160139258e+00 2.103718694277230572e+00
-1.933542765551796716e+00 -2.129545862209007989e+00 5.815884982897029376e-01 -7.891045699756127352e-01 -1.788491429708142455e+00 2.096187563337840842e+00
-1.929592216258325443e+00 -2.127905754334435962e+00 5.818520162948523922e-01 -7.960809737995978574e-01 -1.776517242357630533e+00 2.088637508079055127e+00
-1.925628748940512835e+00 -2.126259241260346489e+00 5.821208089044545009e-01 -8.030124725047691481e-01 -1.764412848234536257e+00 2.081068592825685126e+00
-1.921652408604696216e+00 -2.124606311537650782e+00 5.823948094441754320e-01 -8.098963992261294376e-01 -1.752179674962327294e+00 2.073480881241066776e+00
-1.917663240483447940e+00 -2.122946953940055170e+00 5.826739512746980099e-01 -8.167301024423291311e-01 -1.739819209105237352e+00 2.065874436335733755e+00
-1.913661290035926443e+00 -2.121281157470582546e+00 5.829581678555457724e-01 -8.235109476171648124e-01 -1.727332995554317296e+00 2.058249320476473798e+00
-1.909646602948251282e+00 -2.119608911367816706e+00 5.832473928056983725e-01 -8.302363188341961298e-01 -1.714722636856316207e+00 2.050605595395761593e+00
-1.905619225133892147e+00 -2.117930205111883790e+00 5.835415599610854764e-01 -8.369036204225051012e-01 -1.701989792485482988e+00 2.042943322201559386e+00
-1.901579202734065444e+00 -2.116245028430165043e+00 5.838406034290504198e-01 -8.435102785715629103e-01 -1.689136178058562088e+00 2.035262561387476410e+00
-1.897526582118126637e+00 -2.114553371302751561e+00 5.841444576398869826e-01 -8.500537429331226358e-01 -1.676163564493402980e+00 2.027563372843281364e+00
-1.893461409883953284e+00 -2.112855223967640583e+00 5.844530573955314390e-01 -8.565314882080337089e-01 -1.663073777111749640e+00 2.019845815865755512e+00
-1.889383732858307630e+00 -2.111150576925673761e+00 5.847663379155155772e-01 -8.629410157159224104e-01 -1.649868694686759785e+00 2.012109949169876622e+00
-1.885293598097172119e+00 -2.109439420945226296e+00 5.850842348802647308e-01 -8.692798549455444945e-01 -1.636550248436211330e+00 2.004355830900323543e+00
-1.881191052886048487e+00 -2.107721747066644724e+00 5.854066844718303075e-01 -8.755455650836425630e-01 -1.623120420962420596e+00 1.996583518643288535e+00
-1.877076144740213115e+00 -2.105997546606435122e+00 5.857336234121530705e-01 -8.817357365201750063e-01 -1.609581245139998895e+00 1.988793069438586691e+00
-1.872948921404922196e+00 -2.104266811161207507e+00 5.860649889989441030e-01 -8.878479923277922126e-01 -1.595934802952696741e+00 1.980984539792046029e+00
-1.868809430855556730e+00 -2.102529532611378649e+00 5.864007191392716090e-01 -8.938799897133968830e-01 -1.582183224280871325e+00 1.973157985688168692e+00
-1.864657721297704907e+00 -2.100785703124627535e+00 5.867407523809415881e-01 -8.998294214396891366e-01 -1.568328685641167120e+00 1.965313462603043071e+00
-1.860493841167168982e+00 -2.099035315159117232e+00 5.870850279417568762e-01 -9.056940172145977463e-01 -1.554373408880232343e+00 1.957451025517499499e+00
-1.856317839129896896e+00 -2.097278361466473839e+00 5.874334857367393692e-01 -9.114715450466062130e-01 -1.540319659824280318e+00 1.949570728930486441e+00
-1.852129764081830388e+00 -2.095514835094533623e+00 5.877860664034010307e-01 -9.171598125639827126e-01 -1.526169746886555156e+00 1.941672626872656737e+00
-1.847929665148663414e+00 -2.093744729389852566e+00 5.881427113251354033e-01 -9.227566682959325028e-01 -1.511926019635036589e+00 1.933756772920144584e+00
-1.843717591685510193e+00 -2.091968037999985874e+00 5.885033626528179962e-01 -9.282600029139133069e-01 -1.497590867322456942e+00 1.925823220208517261e+00
-1.839493593276473327e+00 -2.090184754875536122e+00 5.888679633246906020e-01 -9.336677504312598241e-01 -1.483166717381257049e+00 1.917872021446884290e+00
-1.835257719734115778e+00 -2.088394874271972235e+00 5.892364570846029270e-01 -9.389778893594812326e-01 -1.468656033885882728e+00 1.909903228932146702e+00
-1.831010021098827822e+00 -2.086598390751224663e+00 5.896087884986842553e-01 -9.441884438197012397e-01 -1.454061315984875868e+00 1.901916894563368654e+00
-1.826750547638090971e+00 -2.084795299183056727e+00 5.899849029705185322e-01 -9.492974846076658313e-01 -1.439385096305695999e+00 1.893913069856253628e+00
-1.822479349845635976e+00 -2.082985594746210367e+00 5.903647467548919225e-01 -9.543031302110160929e-01 -1.424629939334836060e+00 1.885891805957707446e+00
-1.818196478440494257e+00 -2.081169272929341396e+00 5.907482669701800138e-01 -9.592035477775839869e-01 -1.409798439776005941e+00 1.877853153660470786e+00
-1.813901984365942743e+00 -2.079346329531732263e+00 5.911354116094381661e-01 -9.639969540335577847e-01 -1.394893220889277696e+00 1.869797163417801222e+00
-1.809595918788345248e+00 -2.077516760663796980e+00 5.915261295502595162e-01 -9.686816161505655831e-01 -1.379916932813902708e+00 1.861723885358189667e+00
-1.805278333095885479e+00 -2.075680562747375557e+00 5.919203705634630275e-01 -9.732558525607950539e-01 -1.364872250877692261e+00 1.853633369300091260e+00
-1.800949278897201022e+00 -2.073837732515824595e+00 5.923180853206698737e-01 -9.777180337194395499e-01 -1.349761873895723774e+00 1.845525664766655582e+00
-1.796608808019915626e+00 -2.071988267013906260e+00 5.927192254008220029e-01 -9.820665828138409603e-01 -1.334588522461296334e+00 1.837400821000436890e+00
-1.792256972509072899e+00 -2.070132163597480979e+00 5.931237432957019440e-01 -9.862999764189326335e-01 -1.319354937231698166e+00 1.829258886978068377e+00
-1.787893824625479189e+00 -2.068269419933007836e+00 5.935315924145017075e-01 -9.904167450986615107e-01 -1.304063877211480538e+00 1.821099911424884255e+00
-1.783519416843952765e+00 -2.066400033996858454e+00 5.939427270874962916e-01 -9.944154739530988163e-01 -1.288718118036269455e+00 1.812923942829474111e+00
-1.779133801851490837e+00 -2.064524004074448360e+00 5.943571025688625387e-01 -9.982948031113684229e-01 -1.273320450259004755e+00 1.804731029458152225e+00
-1.774737032545353088e+00 -2.062641328759189374e+00 5.947746750386985193e-01 -1.002053428170340599e+00 -1.257873677641544896e+00 1.796521219369328737e+00
-1.770329162031070824e+00 -2.060752006951275028e+00 5.951954016042840800e-01 -1.005690100579364810e+00 -1.242380615453701376e+00 1.788294560427767133e+00
-1.765910243620383291e+00 -2.058856037856294563e+00 5.956192403006249636e-01 -1.009203627971316131e+00 -1.226844088782152342e+00 1.780051100318713608e+00
-1.761480330829111374e+00 -2.056953420983691494e+00 5.960461500903326826e-01 -1.012592874440394697e+00 -1.211266930851325085e+00 1.771790886561886769e+00
-1.757039477374968239e+00 -2.055044156145066303e+00 5.964760908628665703e-01 -1.015856760767195777e+00 -1.195651981358401450e+00 1.763513966525313892e+00
-1.752587737175320237e+00 -2.053128243452330359e+00 5.969090234331833056e-01 -1.018994264591714938e+00 -1.180002084824217423e+00 1.755220387439000884e+00
-1.748125164344895843e+00 -2.051205683315719064e+00 5.973449095398302156e-01 -1.022004420534997182e+00 -1.164320088961947830e+00 1.746910196408426819e+00
-1.743651813193455524e+00 -2.049276476441669992e+00 5.977837118425179952e-01 -1.024886320270240958e+00 -1.148608843065262564e+00 1.738583440427849958e+00
-1.739167738223423632e+00 -2.047340623830570916e+00 5.982253939192079262e-01 -1.027639112544258548e+00 -1.132871196417451154e+00 1.730240166393417267e+00
-1.734672994127490320e+00 -2.045398126774386149e+00 5.986699202627462357e-01 -1.030262003150231864e+00 -1.117109996723034904e+00 1.721880421116066762e+00
-1.730167635786190150e+00 -2.043448986854165206e+00 5.991172562770787913e-01 -1.032754254852799480e+00 -1.101328088563106711e+00 1.713504251334214246e+00
-1.725651718265460044e+00 -2.041493205937441324e+00 5.995673682730771059e-01 -1.035115187266535397e+00 -1.085528311875683993e+00 1.705111703726217121e+00
-1.721125296814185912e+00 -2.039530786175528299e+00 6.000202234640065191e-01 -1.037344176688939523e+00 -1.069713500462143863e+00 1.696702824922608377e+00
-1.716588426861739070e+00 -2.037561730000715166e+00 6.004757899606635307e-01 -1.039440655889111609e+00 -1.053886480520670688e+00 1.688277661518092554e+00
-1.712041164015512651e+00 -2.035586040123376073e+00 6.009340367662129312e-01 -1.041404113853290347e+00 -1.038050069207667070e+00 1.679836260083297894e+00
-1.707483564058458470e+00 -2.033603719528985554e+00 6.013949337707531484e-01 -1.043234095488487334e+00 -1.022207073227807239e+00 1.671378667176281807e+00
-1.702915682946632092e+00 -2.031614771475063197e+00 6.018584517456353478e-01 -1.044930201285447557e+00 -1.006360287453500924e+00 1.662904929353781869e+00
-1.698337576806749460e+00 -2.029619199488036596e+00 6.023245623375640401e-01 -1.046492086942202526e+00 -9.905124935742450898e-01 1.654415093182209917e+00
-1.693749301933758833e+00 -2.027617007360039914e+00 6.027932380625046216e-01 -1.047919462949467917e+00 -9.746664587764668486e-01 1.645909205248385021e+00
-1.689150914788434044e+00 -2.025608199145647603e+00 6.032644522994226044e-01 -1.049212094139163387e+00 -9.588249344542161268e-01 1.637387312170003772e+00
-1.684542471994991075e+00 -2.023592779158549515e+00 6.037381792838801831e-01 -1.050369799197320431e+00 -9.429906549510755909e-01 1.628849460605842348e+00
-1.679924030338733498e+00 -2.021570751968174484e+00 6.042143941015141184e-01 -1.051392450142644819e+00 -9.271663363335551633e-01 1.620295697265692336e+00
-1.675295646763726110e+00 -2.019542122396261963e+00 6.046930726814186974e-01 -1.052279971771988398e+00 -9.113546751962351422e-01 1.611726068920025234e+00
-1.670657378370506319e+00 -2.017506895513390575e+00 6.051741917894580824e-01 -1.053032341073986800e+00 -8.955583474986845705e-01 1.603140622409386706e+00
-1.666009282413829951e+00 -2.015465076635471142e+00 6.056577290215301446e-01 -1.053649586612085187e+00 -8.797800074343609111e-01 1.594539404653519954e+00
-1.661351416300457462e+00 -2.013416671320193974e+00 6.061436627968053159e-01 -1.054131787878176407e+00 -8.640222863315394353e-01 1.585922462660217080e+00
-1.656683837586983898e+00 -2.011361685363455276e+00 6.066319723509628892e-01 -1.054479074618048129e+00 -8.482877915862447882e-01 1.577289843533899116e+00
-1.652006603977709709e+00 -2.009300124795745379e+00 6.071226377294466348e-01 -1.054691626129817816e+00 -8.325791056271982793e-01 1.568641594483925816e+00
-1.647319773322561076e+00 -2.007231995878516084e+00 6.076156397807620513e-01 -1.054769670536515935e+00 -8.168987849127085088e-01 1.559977762832635229e+00
-1.642623403615058653e+00 -2.005157305100525811e+00 6.081109601498365658e-01 -1.054713484033953819e+00 -8.012493589593967513e-01 1.551298396023114812e+00
-1.637917552990332481e+00 -2.003076059174164314e+00 6.086085812714643328e-01 -1.054523390114983528e+00 -7.856333294026978109e-01 1.542603541626705876e+00
-1.633202279723193762e+00 -2.000988265031757862e+00 6.091084863638567271e-01 -1.054199758771247497e+00 -7.700531690889442782e-01 1.533893247350242461e+00
-1.628477642226254130e+00 -1.998893929821864424e+00 6.096106594223189568e-01 -1.053743005673473343e+00 -7.545113211988996316e-01 1.525167561043027087e+00
-1.623743699048103561e+00 -1.996793060905552863e+00 6.101150852130744484e-01 -1.053153591331362326e+00 -7.390101984025880810e-01 1.516426530703546272e+00
-1.619000508871539568e+00 -1.994685665852671930e+00 6.106217492672560976e-01 -1.052432020234077781e+00 -7.235521820451660258e-01 1.507670204485927146e+00
-1.614248130511854118e+00 -1.992571752438110799e+00 6.111306378750859247e-01 -1.051578839972334478e+00 -7.081396213637354276e-01 1.498898630706138047e+00
-1.609486622915177412e+00 -1.990451328638050965e+00 6.116417380802618986e-01 -1.050594640343045949e+00 -6.927748327348064450e-01 1.490111857847937982e+00
-1.604716045156879378e+00 -1.988324402626213239e+00 6.121550376745725774e-01 -1.049480052437482769e+00 -6.774600989522578942e-01 1.481309934568575182e+00
-1.599936456440028465e+00 -1.986190982770096536e+00 6.126705251927587748e-01 -1.048235747713855082e+00 -6.621976685355754899e-01 1.472492909704239628e+00
-1.595147916093909934e+00 -1.984051077627214665e+00 6.131881899076411235e-01 -1.046862437055219974e+00 -6.469897550680954179e-01 1.463660832275272661e+00
-1.590350483572603668e+00 -1.981904695941326455e+00 6.137080218255327457e-01 -1.045360869813590998e+00 -6.318385365651004726e-01 1.454813751491137230e+00
-1.585544218453621035e+00 -1.979751846638663437e+00 6.142300116819564559e-01 -1.043731832841100271e+00 -6.167461548714907593e-01 1.445951716755151217e+00
-1.580729180436602599e+00 -1.977592538824153756e+00 6.147541509376833746e-01 -1.041976149509048044e+00 -6.017147150888053631e-01 1.437074777668990055e+00
-1.575905429342076225e+00 -1.975426781777640750e+00 6.152804317751132679e-01 -1.040094678715652643e+00 -5.867462850313875933e-01 1.428182984036959091e+00
-1.571073025110276244e+00 -1.973254584950099311e+00 6.158088470950129345e-01 -1.038088313883300806e+00 -5.718428947114888583e-01 1.419276385870042345e+00
-1.566232027800023019e+00 -1.971075957959846914e+00 6.163393905136309581e-01 -1.035957981946066919e+00 -5.570065358530460475e-01 1.410355033389729895e+00
-1.561382497587666007e+00 -1.968890910588749765e+00 6.168720563602064777e-01 -1.033704642328267864e+00 -5.422391614339430177e-01 1.401418977031628765e+00
-1.556524494766086342e+00 -1.966699452778422286e+00 6.174068396748886300e-01 -1.031329285914794891e+00 -5.275426852565454627e-01 1.392468267448860209e+00
-1.551658079743763796e+00 -1.964501594626421932e+00 6.179437362070838713e-01 -1.028832934013945710e+00 -5.129189815462738000e-01 1.383502955515249377e+00
-1.546783313043904595e+00 -1.962297346382434027e+00 6.184827424142471664e-01 -1.026216637313482671e+00 -4.983698845780502040e-01 1.374523092328308715e+00
-1.541900255303632505e+00 -1.960086718444448595e+00 6.190238554611340316e-01 -1.023481474830591820e+00 -4.838971883303120336e-01 1.365528729212021730e+00
-1.537008967273244320e+00 -1.957869721354926096e+00 6.195670732195288632e-01 -1.020628552856446269e+00 -4.695026461664733031e-01 1.356519917719429591e+00
-1.532109509815527293e+00 -1.955646365796952280e+00 6.201123942684648727e-01 -1.017659003896042025e+00 -4.551879705436152612e-01 1.347496709635024992e+00
-1.527201943905140524e+00 -1.953416662590377939e+00 6.206598178949502831e-01 -1.014573985605089046e+00 -4.409548327531347400e-01 1.338459156976958164e+00
-1.522286330628060291e+00 -1.951180622687941568e+00 6.212093440952087819e-01 -1.011374679729094339e+00 -4.268048627109382043e-01 1.329407311999057706e+00
-1.517362731123931052e+00 -1.948938257115536921e+00 6.217609735664727522e-01 -1.008062293393363174e+00 -4.127396583185294343e-01 1.320341227192357136e+00
-1.512431206530696626e+00 -1.946689576913895658e+00 6.223147076894146590e-01 -1.004638060744816430e+00 -3.987607944356044154e-01 1.311260955286258190e+00
-1.507491817985849636e+00 -1.944434593135806466e+00 6.228705485112356888e-01 -1.001103242516824032e+00 -3.848698223787527795e-01 1.302166549249649918e+00
-1.502544626627665858e+00 -1.942173316843390340e+00 6.234284987294276270e-01 -9.974591255838154424e-01 -3.710682694301816742e-01 1.293058062291986055e+00
-1.497589693596421911e+00 -1.939905759105427174e+00 6.239885616762247400e-01 -9.937070225017521352e-01 -3.573576383420491442e-01 1.283935547864318183e+00
-1.492627080035600962e+00 -1.937631930994733187e+00 6.245507413037607591e-01 -9.898482710375292593e-01 -3.437394068490917665e-01 1.274799059660285838e+00
-1.487656847093083767e+00 -1.935351843585584097e+00 6.251150421699439574e-01 -9.858842336874564793e-01 -3.302150271898509626e-01 1.265648651617063969e+00
-1.482679055922327738e+00 -1.933065507951185591e+00 6.256814694250637521e-01 -9.818162971849584419e-01 -3.167859256367375753e-01 1.256484377916264883e+00
-1.477693767683534887e+00 -1.930772935161184645e+00 6.262500287991406012e-01 -9.776458719976505174e-01 -3.034535020352147061e-01 1.247306292984798448e+00
-1.472701043544809796e+00 -1.928474136279221929e+00 6.268207265900318514e-01 -9.733743918140351781e-01 -2.902191293526112936e-01 1.238114451495686996e+00
-1.467700944683308695e+00 -1.926169122360521069e+00 6.273935696523051941e-01 -9.690033130198268951e-01 -2.770841532363204074e-01 1.228908908368836927e+00
-1.462693532286380549e+00 -1.923857904449512324e+00 6.279685653868900541e-01 -9.645341141640961791e-01 -2.640498915817350856e-01 1.219689718771766795e+00
-1.457678867552703039e+00 -1.921540493577486686e+00 6.285457217315184586e-01 -9.599682954155228654e-01 -2.511176341104999210e-01 1.210456938120290094e+00
-1.452657011693412770e+00 -1.919216900760279065e+00 6.291250471519651555e-01 -9.553073780088938705e-01 -2.382886419591669913e-01 1.201210622079156298e+00
-1.447628025933231921e+00 -1.916887136995977015e+00 6.297065506340975283e-01 -9.505529036820360433e-01 -2.255641472784999380e-01 1.191950826562646393e+00
-1.442591971511594462e+00 -1.914551213262649654e+00 6.302902416767436344e-01 -9.457064341034044919e-01 -2.129453528437168508e-01 1.182677607735124425e+00
-1.437548909683770360e+00 -1.912209140516095696e+00 6.308761302853888031e-01 -9.407695502905033536e-01 -2.004334316758416001e-01 1.173391022011545770e+00
-1.432498901721992013e+00 -1.909860929687606568e+00 6.314642269667078978e-01 -9.357438520193877007e-01 -1.880295266744891336e-01 1.164091126057920977e+00
-1.427442008916584681e+00 -1.907506591681739971e+00 6.320545427239437908e-01 -9.306309572254400919e-01 -1.757347502622481628e-01 1.154777976791736327e+00
-1.422378292577099579e+00 -1.905146137374101656e+00 6.326470890531380453e-01 -9.254325013956681278e-01 -1.635501840409432361e-01 1.145451631382330193e+00
-1.417307814033456070e+00 -1.902779577609130524e+00 6.332418779402224640e-01 -9.201501369527471663e-01 -1.514768784599787033e-01 1.136112147251225668e+00
-1.412230634637090310e+00 -1.900406923197883957e+00 6.338389218589784990e-01 -9.147855326310627699e-01 -1.395158524970154801e-01 1.126759582072420329e+00
-1.407146815762115866e+00 -1.898028184915818928e+00 6.344382337698711849e-01 -9.093403728450112355e-01 -1.276680933512288618e-01 1.117393993772632266e+00
-1.402056418806495453e+00 -1.895643373500564444e+00 6.350398271197651434e-01 -9.038163570497630417e-01 -1.159345561492468590e-01 1.108015440531502138e+00
-1.396959505193228646e+00 -1.893252499649684006e+00 6.356437158425278788e-01 -8.982151990947739861e-01 -1.043161636640426160e-01 1.098623980781753717e+00
-1.391856136371554920e+00 -1.890855574018418528e+00 6.362499143605271357e-01 -8.925386265703139088e-01 -9.281380604699362991e-02 1.089219673209310013e+00
-1.386746373818175337e+00 -1.888452607217411483e+00 6.368584375870276482e-01 -8.867883801472820071e-01 -8.142834057330006203e-02 1.079802576753367882e+00
-1.381630279038496445e+00 -1.886043609810408750e+00 6.374693009294921664e-01 -8.809662129106161643e-01 -7.016059140101482683e-02 1.070372750606428447e+00
-1.376507913567895480e+00 -1.883628592311927363e+00 6.380825202937929763e-01 -8.750738896865242200e-01 -5.901134934375740215e-02 1.060930254214287327e+00
-1.371379338973012674e+00 -1.881207565184892960e+00 6.386981120893372443e-01 -8.691131863638581478e-01 -4.798137165736715559e-02 1.051475147275980682e+00
-1.366244616853069749e+00 -1.878780538838238812e+00 6.393160932351107384e-01 -8.630858892099247948e-01 -3.707138184066005593e-02 1.042007489743691284e+00
-1.361103808841219731e+00 -1.876347523624459557e+00 6.399364811666452546e-01 -8.569937941810356063e-01 -2.628206945046995813e-02 1.032527341822612410e+00
-1.355956976605928732e+00 -1.873908529837122083e+00 6.405592938439114148e-01 -8.508387062281070889e-01 -1.561408993113833077e-02 1.023034763970769756e+00
-1.350804181852393260e+00 -1.871463567708320896e+00 6.411845497601419419e-01 -8.446224385976183191e-01 -5.068064458608745326e-03 1.013529816898804059e+00
-1.345645486323994389e+00 -1.869012647406078642e+00 6.418122679515873008e-01 -8.383468121282378060e-01 5.355420200737981418e-03 1.004012561569711082e+00
-1.340480951803793008e+00 -1.866555779031684681e+00 6.424424680082068129e-01 -8.320136545434604347e-01 1.565581181632946794e-02 9.944830591985425183e-01
-1.335310640116067260e+00 -1.864092972616968602e+00 6.430751700852971320e-01 -8.256247997405836703e-01 2.583259280459060392e-02 9.849413712520672659e-01
-1.330134613127895493e+00 -1.861624238121501795e+00 6.437103949160608574e-01 -8.191820870763397711e-01 3.588528032497384501e-02 9.753875594483923939e-01
-1.324952932750787626e+00 -1.859149585429723306e+00 6.443481638251156163e-01 -8.126873606495396141e-01 4.581342636067775587e-02 9.658216857565449232e-01
-1.319765660942367580e+00 -1.856669024347985975e+00 6.449884987429458372e-01 -8.061424685810596458e-01 5.561661778395432520e-02 9.562438123960154135e-01
-1.314572859708108554e+00 -1.854182564601516425e+00 6.456314222212974352e-01 -7.995492622915352232e-01 6.529447640587671131e-02 9.466540018362626929e-01
-1.309374591103125818e+00 -1.851690215831285791e+00 6.462769574495155211e-01 -7.929095957771061798e-01 7.484665901047504732e-02 9.370523167961807287e-01
-1.304170917234028781e+00 -1.849191987590782293e+00 6.469251282718259111e-01 -7.862253248835721076e-01 8.427285737314482716e-02 9.274388202435279727e-01
-1.298961900260834579e+00 -1.846687889342687683e+00 6.475759592055591041e-01 -7.794983065793247290e-01 9.357279826323638972e-02 9.178135753943199582e-01
-1.293747602398948038e+00 -1.844177930455444869e+00 6.482294754603159515e-01 -7.727303982274249528e-01 1.027462434307464534e-01 9.081766457121847047e-01
-1.288528085921208710e+00 -1.841662120199717645e+00 6.488857029580740177e-01 -7.659234568571973156e-01 1.117929895770366500e-01 8.985280949076828172e-01
-1.283303413160010287e+00 -1.839140467744732943e+00 6.495446683542321908e-01 -7.590793384357075180e-01 1.207128683095324284e-01 8.888679869375913922e-01
-1.278073646509493067e+00 -1.836612982154506746e+00 6.502063990595911003e-01 -7.521998971395178479e-01 1.295057460803263893e-01 8.791963860041533962e-01
-1.272838848427815028e+00 -1.834079672383940540e+00 6.508709232632667874e-01 -7.452869846270865350e-01 1.381715241086616253e-01 8.695133565542921827e-01
-1.267599081439502617e+00 -1.831540547274791209e+00 6.515382699565340774e-01 -7.383424493122089372e-01 1.467101382872484372e-01 8.598189632787917036e-01
-1.262354408137884798e+00 -1.828995615551503917e+00 6.522084689575949890e-01 -7.313681356388906929e-01 1.551215590723806770e-01 8.501132711114438578e-01
-1.257104891187614593e+00 -1.826444885816906449e+00 6.528815509372669634e-01 -7.243658833602872882e-01 1.634057913552875441e-01 8.403963452281622004e-01
-1.251850593327279215e+00 -1.823888366547757656e+00 6.535575474455871392e-01 -7.173375268177243358e-01 1.715628743199002493e-01 8.306682510460643432e-01
-1.246591577372105242e+00 -1.821326066090146689e+00 6.542364909393257877e-01 -7.102848942223247697e-01 1.795928812844085343e-01 8.209290542225221587e-01
-1.241327906216758148e+00 -1.818757992654739919e+00 6.549184148104033598e-01 -7.032098069396619522e-01 1.874959195266052703e-01 8.111788206541806767e-01
-1.236059642838242656e+00 -1.816184154311864862e+00 6.556033534152030384e-01 -6.961140787778394845e-01 1.952721300930364556e-01 8.014176164759468923e-01
-1.230786850298903889e+00 -1.813604558986432913e+00 6.562913421047661400e-01 -6.889995152915358023e-01 2.029216875794639385e-01 7.916455080599485994e-01
-1.225509591749535776e+00 -1.811019214452692427e+00 6.569824172558647035e-01 -6.818679130818413592e-01 2.104447999049758877e-01 7.818625620144640243e-01
-1.220227930432599361e+00 -1.808428128328810391e+00 6.576766163029446055e-01 -6.747210590975968314e-01 2.178417080734718070e-01 7.720688451828229271e-01
-1.214941929685549482e+00 -1.805831308071271346e+00 6.583739777709117780e-01 -6.675607299753352208e-01 2.251126858864771485e-01 7.622644246422798364e-01
-1.209651652851981396e+00 -1.803228760870074776e+00 6.590745412893552757e-01 -6.603887018684825305e-01 2.322580296013598833e-01 7.524493677046044660e-01
-1.204357163270992404e+00 -1.800620493627121288e+00 6.597783476045180340e-01 -6.532067516888276915e-01 2.392780566235299666e-01 7.426237419169542386e-01
-1.199058524280369076e+00 -1.798006512949338109e+00 6.604854385919494142e-01 -6.460166568081966432e-01 2.461731057491358676e-01 7.327876150627636864e-01
-1.193755799219853753e+00 -1.795386825141735976e+00 6.611958572698416470e-01 -6.388201947232198252e-01 2.529435374281145954e-01 7.229410551626471726e-01
-1.188449051434492754e+00 -1.792761436200396075e+00 6.619096478130367389e-01 -6.316191427060733332e-01 2.595897340242392382e-01 7.130841304753149368e-01
-1.183138344278065857e+00 -1.790130351805379050e+00 6.626268555676856353e-01 -6.244152774582391041e-01 2.661121000568034134e-01 7.032169094984985769e-01
-1.177823741116604150e+00 -1.787493577313559623e+00 6.633475270665539769e-01 -6.172103747334271029e-01 2.725110624537969706e-01 6.933394609698859679e-01
-1.172505305331995151e+00 -1.784851117751379723e+00 6.640717100449606836e-01 -6.100062089463039738e-01 2.787870708003925557e-01 6.834518538680619537e-01
-1.167183100325680511e+00 -1.782202977807521460e+00 6.647994534573343772e-01 -6.028045527670103931e-01 2.849405975821754922e-01 6.735541574134541465e-01
-1.161857189522446765e+00 -1.779549161825493719e+00 6.655308074943727670e-01 -5.956071767014974316e-01 2.909721384225161245e-01 6.636464410692818339e-01
-1.156527636374311774e+00 -1.776889673796133051e+00 6.662658236007874546e-01 -5.884158486577248937e-01 2.968822123134962077e-01 6.537287745425052199e-01
-1.151194504364511095e+00 -1.774224517350013741e+00 6.670045544936170634e-01 -5.812323334977870237e-01 3.026713618397929295e-01 6.438012277847738885e-01
-1.145857857011584491e+00 -1.771553695749768176e+00 6.677470541810901494e-01 -5.740583925760558426e-01 3.083401533949174933e-01 6.338638709933721582e-01
-1.140517757873567017e+00 -1.768877211882313727e+00 6.684933779820176891e-01 -5.668957832634609062e-01 3.138891773892069637e-01 6.239167746121591085e-01
-1.135174270552285591e+00 -1.766195068250983713e+00 6.692435825456956033e-01 -5.597462584580413791e-01 3.193190484489680792e-01 6.139600093325019436e-01
-1.129827458697765019e+00 -1.763507266967561105e+00 6.699977258722952245e-01 -5.526115660819428399e-01 3.246304056061606325e-01 6.039936460941998098e-01
-1.124477386012744384e+00 -1.760813809744215641e+00 6.707558673337191690e-01 -5.454934485650552167e-01 3.298239124780142362e-01 5.940177560863971751e-01
-1.119124116257307122e+00 -1.758114697885338140e+00 6.715180676948986349e-01 -5.383936423155207818e-01 3.349002574359687401e-01 5.840324107484841099e-01
-1.113767713253626779e+00 -1.755409932279275775e+00 6.722843891355083645e-01 -5.313138771773460167e-01 3.398601537633441083e-01 5.740376817709818003e-01
-1.108408240890830454e+00 -1.752699513389963437e+00 6.730548952720726286e-01 -5.242558758753962378e-01 3.447043398011353510e-01 5.640336410964106317e-01
-1.103045763129982593e+00 -1.749983441248450955e+00 6.738296511804354738e-01 -5.172213534480658570e-01 3.494335790813467568e-01 5.540203609201401758e-01
-1.097680344009192011e+00 -1.747261715444327290e+00 6.746087234185670356e-01 -5.102120166679641189e-01 3.540486604472623533e-01 5.439979136912178603e-01
-1.092312047648842155e+00 -1.744534335117037704e+00 6.753921800496774930e-01 -5.032295634509628135e-01 3.585503981600801637e-01 5.339663721131752139e-01
-1.086940938256948819e+00 -1.741801298947097010e+00 6.761800906656074694e-01 -4.962756822539845514e-01 3.629396319913333890e-01 5.239258091448095733e-01
-1.081567080134645753e+00 -1.739062605147195129e+00 6.769725264104636819e-01 -4.893520514619524309e-01 3.672172273005269716e-01 5.138762980009392578e-01
-1.076190537681801507e+00 -1.736318251453196515e+00 6.777695600044668645e-01 -4.824603387642993346e-01 3.713840750974548577e-01 5.038179121531302096e-01
-1.070811375402768384e+00 -1.733568235115034106e+00 6.785712657679785487e-01 -4.756022005215307935e-01 3.754410920886308567e-01 4.937507253303928256e-01
-1.065429657912265737e+00 -1.730812552887496691e+00 6.793777196456706191e-01 -4.687792811222894485e-01 3.793892207073286116e-01 4.836748115198459264e-01
-1.060045449941398710e+00 -1.728051201020911698e+00 6.801889992308017829e-01 -4.619932123314591799e-01 3.832294291266897801e-01 4.735902449673476400e-01
-1.054658816343814420e+00 -1.725284175251722285e+00 6.810051837895624294e-01 -4.552456126298280448e-01 3.869627112554114845e-01 4.634971001780902600e-01
-1.049269822101998484e+00 -1.722511470792960520e+00 6.818263542854495762e-01 -4.485380865458614696e-01 3.905900867155298606e-01 4.533954519171579656e-01
-1.043878532333710529e+00 -1.719733082324619300e+00 6.826525934036312693e-01 -4.418722239801623486e-01 3.941126008018294158e-01 4.432853752100452405e-01
-1.038485012298562271e+00 -1.716949003983922806e+00 6.834839855752579130e-01 -4.352495995232306125e-01 3.975313244224256692e-01 4.331669453431351013e-01
-1.033089327404738800e+00 -1.714159229355496583e+00 6.843206170016781220e-01 -4.286717717673305117e-01 4.008473540200063745e-01 4.230402378641342498e-01
-1.027691543215863978e+00 -1.711363751461441929e+00 6.851625756785143517e-01 -4.221402826127022556e-01 4.040618114735150535e-01 4.129053285824648700e-01
-1.022291725458011058e+00 -1.708562562751314795e+00 6.860099514195518999e-01 -4.156566565689855941e-01 4.071758439797892315e-01 4.027622935696109074e-01
-1.016889940026859618e+00 -1.705755655092011214e+00 6.868628358803944289e-01 -4.092224000525203631e-01 4.101906239147896649e-01 3.926112091594164966e-01
-1.011486252994999280e+00 -1.702943019757565901e+00 6.877213225818368247e-01 -4.028390006802299306e-01 4.131073486740768352e-01 3.824521519483367604e-01
-1.006080730619381969e+00 -1.700124647418861379e+00 6.885855069329048783e-01 -3.965079265607885928e-01 4.159272404922229605e-01 3.722851987956382613e-01
-1.000673439348920502e+00 -1.697300528133256492e+00 6.894554862535103856e-01 -3.902306255837928450e-01 4.186515462408681998e-01 3.621104268235484924e-01
-9.952644458322377208e-01 -1.694470651334136990e+00 6.903313597966681536e-01 -3.840085247076703290e-01 4.212815372051559315e-01 3.519279134173527446e-01
-9.898538169255630681e-01 -1.691635005820387505e+00 6.912132287702198452e-01 -3.778430292470828511e-01 4.238185088383077392e-01 3.417377362254367945e-01
-9.844416197007788139e-01 -1.688793579745798468e+00 6.921011963580082638e-01 -3.717355221605484483e-01 4.262637804941364905e-01 3.315399731592750254e-01
-9.790279214536146135e-01 -1.685946360608403971e+00 6.929953677404445678e-01 -3.656873633390493872e-01 4.286186951373127663e-01 3.213347023933621482e-01
-9.736127897119910557e-01 -1.683093335239761235e+00 6.938958501144081303e-01 -3.596998888964175189e-01 4.308846190312189961e-01 3.111220023650876909e-01
-9.681962922445110920e-01 -1.680234489794177222e+00 6.948027527124193137e-01 -3.537744104622285723e-01 4.330629414032829416e-01 3.009019517745522565e-01
-9.627784970690995703e-01 -1.677369809737883521e+00 6.957161868210204325e-01 -3.479122144779857595e-01 4.351550740876857226e-01 2.906746295843241623e-01
-9.573594724617886520e-01 -1.674499279838173038e+00 6.966362657983029560e-01 -3.421145614973689075e-01 4.371624511453764406e-01 2.804401150191362935e-01
-9.519392869656500000e-01 -1.671622884152500488e+00 6.975631050905125585e-01 -3.363826854913115061e-01 4.390865284613547637e-01 2.701984875655216167e-01
-9.465180093998717403e-01 -1.668740606017553363e+00 6.984968222476665156e-01 -3.307177931586790520e-01 4.409287833192081507e-01 2.599498269713867438e-01
-9.410957088689779759e-01 -1.665852428038306243e+00 6.994375369381135021e-01 -3.251210632432690595e-01 4.426907139529308033e-01 2.496942132455234609e-01
-9.356724547721910756e-01 -1.662958332077061119e+00 7.003853709619651813e-01 -3.195936458579368700e-01 4.443738390760576529e-01 2.394317266570563096e-01
-9.302483168129327407e-01 -1.660058299242483715e+00 7.013404482633265324e-01 -3.141366618165587488e-01 4.459796973881902105e-01 2.291624477348269961e-01
-9.248233650084647373e-01 -1.657152309878648477e+00 7.023028949412516431e-01 -3.087512019745300984e-01 4.475098470590261890e-01 2.188864572667141295e-01
-9.193976696996637443e-01 -1.654240343554095105e+00 7.032728392593484701e-01 -3.034383265785585149e-01 4.489658651900052533e-01 2.086038362988879014e-01
-9.139713015609305380e-01 -1.651322379050913280e+00 7.042504116539564096e-01 -2.981990646264452982e-01 4.503493472537227760e-01 1.983146661349998174e-01
-9.085443316102295164e-01 -1.648398394353859597e+00 7.052357447408164060e-01 -2.930344132375378163e-01 4.516619065112914555e-01 1.880190283353063707e-01
-9.031168312192547898e-01 -1.645468366639524671e+00 7.062289733201538855e-01 -2.879453370345020913e-01 4.529051734078506364e-01 1.777170047157267674e-01
-8.976888721237219482e-01 -1.642532272265555537e+00 7.072302343800910274e-01 -2.829327675369706085e-01 4.540807949464622517e-01 1.674086773468345668e-01
-8.922605264337795106e-01 -1.639590086759947329e+00 7.082396670983062137e-01 -2.779976025679691820e-01 4.551904340405785732e-01 1.570941285527829023e-01
-8.868318666445371701e-01 -1.636641784810419331e+00 7.092574128418540624e-01 -2.731407056735813965e-01 4.562357688453815285e-01 1.467734409101632553e-01
-8.814029656467066154e-01 -1.633687340253882958e+00 7.102836151650580021e-01 -2.683629055564664134e-01 4.572184920682644815e-01 1.364466972467974493e-01
-8.759738967373518204e-01 -1.630726726066021870e+00 7.113184198053896790e-01 -2.636649955237824750e-01 4.581403102587611187e-01 1.261139806404633634e-01
-8.705447336307403639e-01 -1.627759914350990211e+00 7.123619746772422712e-01 -2.590477329501040260e-01 4.590029430782260889e-01 1.157753744175540195e-01
-8.651155504692953357e-01 -1.624786876331251850e+00 7.134144298635065606e-01 -2.545118387558667483e-01 4.598081225495969093e-01 1.054309621516699436e-01
-8.596864218346387254e-01 -1.621807582337567499e+00 7.144759376048566146e-01 -2.500579969018421611e-01 4.605575922875768669e-01 9.508082766214558113e-02
-8.542574227587222957e-01 -1.618822001799154142e+00 7.155466522866500423e-01 -2.456868539001477725e-01 4.612531067095910764e-01 8.472505501250951476e-02
-8.488286287350395032e-01 -1.615830103234022541e+00 7.166267304233474578e-01 -2.413990183422695668e-01 4.618964302278794065e-01 7.436372850887898456e-02
-8.434001157299111373e-01 -1.612831854239520135e+00 7.177163306403521181e-01 -2.371950604445745570e-01 4.624893364230922010e-01 6.399693269828907183e-02
-8.379719601938391271e-01 -1.609827221483088655e+00 7.188156136531712592e-01 -2.330755116117257386e-01 4.630336071997773750e-01 5.362475236695674052e-02
-8.325442390729200781e-01 -1.606816170693257995e+00 7.199247422437984323e-01 -2.290408640184685707e-01 4.635310319241372490e-01 4.324727253847999997e-02
-8.271170298203112115e-01 -1.603798666650893878e+00 7.210438812342155890e-01 -2.250915702101917160e-01 4.639834065444561340e-01 3.286457847197309101e-02
-8.216904104077404902e-01 -1.600774673180719088e+00 7.221731974569113310e-01 -2.212280427226899771e-01 4.643925326945943510e-01 2.247675566013788290e-02
-8.162644593370524948e-01 -1.597744153143126233e+00 7.233128597223109635e-01 -2.174506537214751511e-01 4.647602167809572471e-01 1.208388982727227889e-02
-8.108392556517807215e-01 -1.594707068426302055e+00 7.244630387830133245e-01 -2.137597346610455307e-01 4.650882690533477692e-01 1.686066927216295017e-03
-8.054148789487372007e-01 -1.591663379938689005e+00 7.256239072947269220e-01 -2.101555759644864185e-01 4.653785026601195973e-01 -8.716626858763919239e-03
-7.999914093896087763e-01 -1.588613047601795447e+00 7.267956397737992402e-01 -2.066384267237621475e-01 4.656327326880456141e-01 -1.912410512415294028e-02
-7.945689277125507211e-01 -1.585556030343387324e+00 7.279784125512288595e-01 -2.032084944210345023e-01 4.658527751873293710e-01 -2.953628123942323574e-02
-7.891475152437650298e-01 -1.582492286091075506e+00 7.291724037230520317e-01 -1.998659446714393662e-01 4.660404461821836541e-01 -3.995306835433169029e-02
-7.837272539090540668e-01 -1.579421771766326810e+00 7.303777930969930221e-01 -1.966109009875775526e-01 4.661975606674073624e-01 -5.037437940027465755e-02
-7.783082262453346889e-01 -1.576344443278917762e+00 7.315947621352668628e-01 -1.934434445661540880e-01 4.663259315914021208e-01 -6.080012709270112004e-02
-7.728905154121032961e-01 -1.573260255521861328e+00 7.328234938934224951e-01 -1.903636140970328405e-01 4.664273688260647255e-01 -7.123022393358208193e-02
-7.674742052028369343e-01 -1.570169162366823912e+00 7.340641729551149464e-01 -1.873714055951141710e-01 4.665036781240017305e-01 -8.166458221393588235e-02
-7.620593800563157938e-01 -1.567071116660065044e+00 7.353169853626920771e-01 -1.844667722553223754e-01 4.665566600635222549e-01 -9.210311401640770834e-02
-7.566461250678562234e-01 -1.563966070218919757e+00 7.365821185434883178e-01 -1.816496243285377621e-01 4.665881089816266147e-01 -1.025457312179030717e-01
-7.512345260004360536e-01 -1.560853973828854935e+00 7.378597612317068233e-01 -1.789198290243388390e-01 4.665998118958687435e-01 -1.129923454922733828e-01
-7.458246692956964630e-01 -1.557734777241120305e+00 7.391501033857795777e-01 -1.762772104360217362e-01 4.665935474151976514e-01 -1.234428683130525256e-01
-7.404166420848068420e-01 -1.554608429171027595e+00 7.404533361010878778e-01 -1.737215494923818326e-01 4.665710846406527779e-01 -1.338972109562431845e-01
-7.350105321991746710e-01 -1.551474877296883825e+00 7.417696515179418304e-01 -1.712525839291052510e-01 4.665341820555353181e-01 -1.443552845031515208e-01
-7.296064281947600705e-01 -1.548334068276182585e+00 7.430992427276027490e-01 -1.688700079537391319e-01 4.664845863646873703e-01 -1.548169998433946981e-01
-7.242044193623100590e-01 -1.545185947745929100e+00 7.444423036733112120e-01 -1.665734723321992683e-01 4.664240313618623901e-01 -1.652822676779451549e-01
-7.188045958285900205e-01 -1.542030460433459149e+00 7.457990290651868026e-01 -1.643625825415873654e-01 4.663542365107575804e-01 -1.757509985229943894e-01
-7.134070485654389060e-01 -1.538867550158265818e+00 7.471696142898197612e-01 -1.622368992885224181e-01 4.662769057856461785e-01 -1.862231027137925543e-01
-7.080118693986272582e-01 -1.535697159834521042e+00 7.485542553144566291e-01 -1.601959390463086885e-01 4.661937265261526520e-01 -1.966984904084628782e-01
-7.026191510164889742e-01 -1.532519231474315013e+00 7.499531485856532065e-01 -1.582391746227232998e-01 4.661063683086905662e-01 -2.071770715917884420e-01
-6.972289869783121485e-01 -1.529333706191648101e+00 7.513664909222849131e-01 -1.563660357511976184e-01 4.660164818340106763e-01 -2.176587560789710885e-01
-6.918414717224621313e-01 -1.526140524207210358e+00 7.527944794028051945e-01 -1.545759097049672626e-01 4.659256978312784625e-01 -2.281434535193604674e-01
-6.864567005742181482e-01 -1.522939624853978380e+00 7.542373112466503882e-01 -1.528681419319042889e-01 4.658356259786651243e-01 -2.386310734001523826e-01
-6.810747697532952838e-01 -1.519730946583666586e+00 7.556951836896795838e-01 -1.512420367138156418e-01 4.657478538417532121e-01 -2.491215250500545819e-01
-6.756957763810282902e-01 -1.516514426974063134e+00 7.571682938535434504e-01 -1.496968578473435452e-01 4.656639458296853995e-01 -2.596147176429191017e-01
-6.703198184871910215e-01 -1.513290002737284201e+00 7.586568386088802241e-01 -1.482318293460953007e-01 4.655854421694520795e-01 -2.701105602013402218e-01
-6.649469950164259568e-01 -1.510057609728983952e+00 7.601610144322384910e-01 -1.468461361635358120e-01 4.655138578986788289e-01 -2.806089616002165887e-01
-6.595774058342542823e-01 -1.506817182958552603e+00 7.616810172566275128e-01 -1.455389249362101789e-01 4.654506818772761179e-01 -2.911098305702764510e-01
-6.542111517326396619e-01 -1.503568656600335895e+00 7.632170423156001693e-01 -1.443093047468886891e-01 4.653973758183140852e-01 -3.016130757015648145e-01
-6.488483344350748361e-01 -1.500311964005914156e+00 7.647692839807750387e-01 -1.431563479071712441e-01 4.653553733384594437e-01 -3.121186054468915727e-01
-6.434890566011610691e-01 -1.497047037717468942e+00 7.663379355927073533e-01 -1.420790907591332752e-01 4.653260790283177961e-01 -3.226263281252395587e-01
-6.381334218306493611e-01 -1.493773809482282111e+00 7.679231892850215679e-01 -1.410765344956432243e-01 4.653108675430357444e-01 -3.331361519251318515e-01
-6.327815346669094509e-01 -1.490492210268390627e+00 7.695252358017219407e-01 -1.401476459988655332e-01 4.653110827134718797e-01 -3.436479849079565052e-01
-6.274335005997948578e-01 -1.487202170281439972e+00 7.711442643076007464e-01 -1.392913586965595640e-01 4.653280366782781563e-01 -3.541617350112487017e-01
-6.220894260678682119e-01 -1.483903618982767902e+00 7.727804621916681826e-01 -1.385065734357360800e-01 4.653630090372002925e-01 -3.646773100519289934e-01
-6.167494184599522367e-01 -1.480596485108752081e+00 7.744340148635312504e-01 -1.377921593732522321e-01 4.654172460259196065e-01 -3.751946177294967488e-01
-6.114135861159679664e-01 -1.477280696691455120e+00 7.761051055426544387e-01 -1.371469548828896379e-01 4.654919597127342712e-01 -3.857135656291779124e-01
-6.060820383270253409e-01 -1.473956181080605443e+00 7.777939150404380442e-01 -1.365697684784942800e-01 4.655883272173846343e-01 -3.962340612250262462e-01
-6.007548853347239870e-01 -1.470622864966940835e+00 7.795006215350573919e-01 -1.360593797527559490e-01 4.657074899523285794e-01 -4.067560118829774973e-01
-5.954322383296284382e-01 -1.467280674406953089e+00 7.812254003390091128e-01 -1.356145403311719844e-01 4.658505528867520340e-01 -4.172793248638553276e-01
-5.901142094488729395e-01 -1.463929534849063296e+00 7.829684236593187352e-01 -1.352339748411815479e-01 4.660185838337902453e-01 -4.278039073263285585e-01
-5.848009117728558692e-01 -1.460569371161261731e+00 7.847298603503667369e-01 -1.349163818952288096e-01 4.662126127609149684e-01 -4.383296663298186790e-01
-5.794924593209807018e-01 -1.457200107660241883e+00 7.865098756592984186e-01 -1.346604350876352552e-01 4.664336311238863608e-01 -4.488565088373570600e-01
-5.741889670463991013e-01 -1.453821668142063261e+00 7.883086309639885103e-01 -1.344647840048476262e-01 4.666825912245533559e-01 -4.593843417183910982e-01
-5.688905508297104063e-01 -1.450433975914366069e+00 7.901262835035400833e-01 -1.343280552485757173e-01 4.669604055927494279e-01 -4.699130717515386801e-01
-5.635973274715713188e-01 -1.447036953830176387e+00 7.919629861013023353e-01 -1.342488534713506820e-01 4.672679463925404342e-01 -4.804426056272905199e-01
-5.583094146841691696e-01 -1.443630524323321840e+00 7.938188868804015863e-01 -1.342257624240226765e-01 4.676060448530674485e-01 -4.909728499506593180e-01
-5.530269310815094652e-01 -1.440214609445489735e+00 7.956941289717869292e-01 -1.342573460147347131e-01 4.679754907242350548e-01 -5.015037112437755740e-01
-5.477499961684690888e-01 -1.436789130904955414e+00 7.975888502148001935e-01 -1.343421493788394261e-01 4.683770317574511566e-01 -5.120350959484288866e-01
-5.424787303285625306e-01 -1.433354010106999699e+00 7.995031828502897620e-01 -1.344786999592914589e-01 4.688113732116594434e-01 -5.225669104285548539e-01
-5.372132548103720762e-01 -1.429909168196048297e+00 8.014372532062958854e-01 -1.346655085969861720e-01 4.692791773848599135e-01 -5.330990609726662388e-01
-5.319536917125886610e-01 -1.426454526099547149e+00 8.033911813763463527e-01 -1.349010706305314167e-01 4.697810631713248419e-01 -5.436314537962290139e-01
-5.267001639676076596e-01 -1.422990004573602363e+00 8.053650808904104785e-01 -1.351838670049557156e-01 4.703176056447109232e-01 -5.541639950439816165e-01
-5.214527953236287594e-01 -1.419515524250400507e+00 8.073590583785698049e-01 -1.355123653887960189e-01 4.708893356672385622e-01 -5.646965907921978056e-01
-5.162117103252010786e-01 -1.416031005687428568e+00 8.093732132274761293e-01 -1.358850212990514450e-01 4.714967395251203897e-01 -5.752291470508917870e-01
-5.109770342921602371e-01 -1.412536369418511129e+00 8.114076372296787909e-01 -1.363002792334609414e-01 4.721402585903997640e-01 -5.857615697659661613e-01
-5.057488932968972062e-01 -1.409031536006678076e+00 8.134624142259138102e-01 -1.367565738095694039e-01 4.728202890093613497e-01 -5.962937648213016972e-01
-5.005274141399040921e-01 -1.405516426098878613e+00 8.155376197404627936e-01 -1.372523309100038835e-01 4.735371814176354555e-01 -6.068256380407884842e-01
-4.953127243235364574e-01 -1.401990960482549120e+00 8.176333206097002870e-01 -1.377859688334309718e-01 4.742912406821440108e-01 -6.173570951902984660e-01
-4.901049520239328938e-01 -1.398455060144046858e+00 8.197495746039625830e-01 -1.383558994506249862e-01 4.750827256700040913e-01 -6.278880419795984658e-01
-4.849042260610330057e-01 -1.394908646328955504e+00 8.218864300428854186e-01 -1.389605293650570950e-01 4.759118490444786964e-01 -6.384183840642044805e-01
-4.797106758666331849e-01 -1.391351640604266970e+00 8.240439254043735451e-01 -1.395982610774615940e-01 4.767787770880898002e-01 -6.489480270471756906e-01
-4.745244314504180050e-01 -1.387783964922441271e+00 8.262220889273790281e-01 -1.402674941537837561e-01 4.776836295529620635e-01 -6.594768764808481842e-01
-4.693456233639088371e-01 -1.384205541687346219e+00 8.284209382086814566e-01 -1.409666263959387100e-01 4.786264795384762571e-01 -6.700048378685089512e-01
-4.641743826622659608e-01 -1.380616293822072738e+00 8.306404797938798934e-01 -1.416940550147984812e-01 4.796073533962892377e-01 -6.805318166660089263e-01
-4.590108408638835513e-01 -1.377016144838619116e+00 8.328807087628242734e-01 -1.424481778047861358e-01 4.806262306627409053e-01 -6.910577182833155252e-01
-4.538551299077162593e-01 -1.373405018909440667e+00 8.351416083097303877e-01 -1.432273943195230270e-01 4.816830440187067630e-01 -7.015824480860041179e-01
-4.487073821082769864e-01 -1.369782840940850566e+00 8.374231493182414665e-01 -1.440301070476162626e-01 4.827776792766487191e-01 -7.121059113966715648e-01
-4.435677301082447954e-01 -1.366149536648257001e+00 8.397252899317177999e-01 -1.448547225883298761e-01 4.839099753951243699e-01 -7.226280134962894675e-01
-4.384363068286161180e-01 -1.362505032633221536e+00 8.420479751190577122e-01 -1.456996528267788804e-01 4.850797245209608199e-01 -7.331486596255123445e-01
-4.333132454163450831e-01 -1.358849256462318245e+00 8.443911362363710760e-01 -1.465633161077634083e-01 4.862866720588443492e-01 -7.436677549859243008e-01
-4.281986791894105693e-01 -1.355182136747767441e+00 8.467546905848488681e-01 -1.474441384076259354e-01 4.875305167682753016e-01 -7.541852047412240800e-01
-4.230927415792518076e-01 -1.351503603229822659e+00 8.491385409651940330e-01 -1.483405545035444417e-01 4.888109108878468945e-01 -7.647009140183490539e-01
-4.179955660705143572e-01 -1.347813586860874491e+00 8.515425752290002315e-01 -1.492510091396317407e-01 4.901274602867591312e-01 -7.752147879085370397e-01
-4.129072861380511661e-01 -1.344112019891243959e+00 8.539666658274894795e-01 -1.501739581892545528e-01 4.914797246435012035e-01 -7.857267314683265003e-01
-4.078280351811196525e-01 -1.340398835956621459e+00 8.564106693580427754e-01 -1.511078698129605935e-01 4.928672176515949133e-01 -7.962366497204954596e-01
-4.027579464547250687e-01 -1.336673970167116643e+00 8.588744261089831245e-01 -1.520512256113977778e-01 4.942894072522769910e-01 -8.067444476549385790e-01
-3.976971529980573017e-01 -1.332937359197868599e+00 8.613577596030951300e-01 -1.530025217726219688e-01 4.957457158939906350e-01 -8.172500302294825048e-01
-3.926457875599669300e-01 -1.329188941381171274e+00 8.638604761403914090e-01 -1.539602702132020773e-01 4.972355208185503805e-01 -8.277533023706400428e-01
-3.876039825214396828e-01 -1.325428656800060834e+00 8.663823643406648456e-01 -1.549229997125051161e-01 4.987581543738035528e-01 -8.382541689743027158e-01
-3.825718698150173402e-01 -1.321656447383306343e+00 8.689231946863908984e-01 -1.558892570395735144e-01 5.003129043526262087e-01 -8.487525349063717028e-01
-3.775495808411282184e-01 -1.317872257001745151e+00 8.714827190665744849e-01 -1.568576080719913945e-01 5.018990143580488450e-01 -8.592483050033281611e-01
-3.725372463812850476e-01 -1.314076031565896807e+00 8.740606703221651674e-01 -1.578266389061592778e-01 5.035156841943235762e-01 -8.697413840727421519e-01
-3.675349965081133874e-01 -1.310267719124787122e+00 8.766567617936951162e-01 -1.587949569583738674e-01 5.051620702836872034e-01 -8.802316768937208380e-01
-3.625429604921812654e-01 -1.306447269965907765e+00 8.792706868718236368e-01 -1.597611920561305410e-01 5.068372861085919112e-01 -8.907190882172960622e-01
-3.575612667055994010e-01 -1.302614636716234342e+00 8.819021185515065753e-01 -1.607239975190724590e-01 5.085404026791473520e-01 -9.012035227667507531e-01
-3.525900425223702506e-01 -1.298769774444221481e+00 8.845507089905402243e-01 -1.616820512290073619e-01 5.102704490255036696e-01 -9.116848852378860446e-01
-3.476294142154632283e-01 -1.294912640762687417e+00 8.872160890732644356e-01 -1.626340566884313388e-01 5.120264127148992372e-01 -9.221630802992273335e-01
-3.426795068506058861e-01 -1.291043195932497056e+00 8.898978679802431735e-01 -1.635787440669860815e-01 5.138072403930595833e-01 -9.326380125921711617e-01
-3.377404441767795085e-01 -1.287161402966949142e+00 8.925956327647774913e-01 -1.645148712353384224e-01 5.156118383496934854e-01 -9.431095867310722580e-01
-3.328123485134173443e-01 -1.283267227736766936e+00 8.953089479371423298e-01 -1.654412247858517704e-01 5.174390731076505823e-01 -9.535777073032711826e-01
-3.278953406343090293e-01 -1.279360639075588280e+00 8.980373550574765051e-01 -1.663566210395487910e-01 5.192877720354456272e-01 -9.640422788690631295e-01
-3.229895396482200809e-01 -1.275441608885846456e+00 9.007803723382927785e-01 -1.672599070388273712e-01 5.211567239827794573e-01 -9.745032059616078879e-01
-3.180950628762433396e-01 -1.271510112244928159e+00 9.035374942576166468e-01 -1.681499615254072322e-01 5.230446799386885282e-01 -9.849603930867812940e-01
-3.132120257259081164e-01 -1.267566127511490670e+00 9.063081911838021254e-01 -1.690256959029950434e-01 5.249503537119353247e-01 -9.954137447229688407e-01
-3.083405415620803502e-01 -1.263609636431817229e+00 9.090919090131138747e-01 -1.698860551841490651e-01 5.268724226332146543e-01 -1.005863165320801222e+00
-3.034807215746897491e-01 -1.259640624246081808e+00 9.118880688212094299e-01 -1.707300189208570962e-01 5.288095282787734774e-01 -1.016308559302832482e+00
-2.986326746433412005e-01 -1.255659079794394284e+00 9.146960665296983706e-01 -1.715566021183418943e-01 5.307602772150086246e-01 -1.026749831063161089e+00
-2.937965071988619670e-01 -1.251664995622488341e+00 9.175152725890002303e-01 -1.723648561316091232e-01 5.327232417635796580e-01 -1.037186884966994516e+00
-2.889723230818614930e-01 -1.247658368086913550e+00 9.203450316787704644e-01 -1.731538695442738640e-01 5.346969607865714735e-01 -1.047619625350156625e+00
-2.841602233983766546e-01 -1.243639197459587731e+00 9.231846624272094237e-01 -1.739227690292239892e-01 5.366799404912465654e-01 -1.058047956518539889e+00
-2.793603063726983748e-01 -1.239607488031557736e+00 9.260334571506194656e-01 -1.746707201906707585e-01 5.386706552538833570e-01 -1.068471782747501209e+00
-2.745726671974808575e-01 -1.235563248215820309e+00 9.288906816146241807e-01 -1.753969283871568141e-01 5.406675484621827898e-01 -1.078891008281203101e+00
-2.697973978812457929e-01 -1.231506490649040941e+00 9.317555748185154529e-01 -1.761006395351127352e-01 5.426690333757431262e-01 -1.089305537331899387e+00
-2.650345870934112114e-01 -1.227437232292013514e+00 9.346273488042463606e-01 -1.767811408925583638e-01 5.446734940040562911e-01 -1.099715274079166694e+00
-2.602843200069866469e-01 -1.223355494528691079e+00 9.375051884916404399e-01 -1.774377618225628228e-01 5.466792860014857425e-01 -1.110120122669081555e+00
-2.555466781390873798e-01 -1.219261303263620810e+00 9.403882515414458965e-01 -1.780698745360911328e-01 5.486847375786640946e-01 -1.120519987213343560e+00
-2.508217391894382864e-01 -1.215154689017607259e+00 9.432756682479157551e-01 -1.786768948138754975e-01 5.506881504297309604e-01 -1.130914771788345652e+00
-2.461095768770533709e-01 -1.211035687021426943e+00 9.461665414626569959e-01 -1.792582827069782447e-01 5.526878006748403571e-01 -1.141304380434190247e+00
-2.414102607752890428e-01 -1.206904337307410202e+00 9.490599465515471289e-01 -1.798135432157100810e-01 5.546819398173212790e-01 -1.151688717153653618e+00
-2.367238561454936274e-01 -1.202760684798706015e+00 9.519549313865809381e-01 -1.803422269466001815e-01 5.566687957148901411e-01 -1.162067685911097437e+00
-2.320504237694844818e-01 -1.198604779396036601e+00 9.548505163745706348e-01 -1.808439307471263469e-01 5.586465735642969221e-01 -1.172441190631328345e+00
-2.273900197811080659e-01 -1.194436676061750191e+00 9.577456945246876074e-01 -1.813182983179330021e-01 5.606134568987775069e-01 -1.182809135198405803e+00
-2.227426954971543083e-01 -1.190256434900970328e+00 9.606394315568995701e-01 -1.817650208022730252e-01 5.625676085976505370e-01 -1.193171423454397972e+00
-2.181084972479201411e-01 -1.186064121239639668e+00 9.635306660534245227e-01 -1.821838373524355403e-01 5.645071719074046257e-01 -1.203527959198087416e+00
-2.134874662077330676e-01 -1.181859805699251531e+00 9.664183096553925489e-01 -1.825745356729480684e-01 5.664302714736288991e-01 -1.213878646183625731e+00
-2.088796382257691597e-01 -1.177643564268056497e+00 9.693012473069774204e-01 -1.829369525403432006e-01 5.683350143830847578e-01 -1.224223388119137335e+00
-2.042850436575269768e-01 -1.173415478368528220e+00 9.721783375493341373e-01 -1.832709742993169910e-01 5.702194912152527273e-01 -1.234562088665272617e+00
-1.997037071973322142e-01 -1.169175634920867735e+00 9.750484128667531447e-01 -1.835765373351170293e-01 5.720817771026536214e-01 -1.244894651433712696e+00
-1.951356477122825339e-01 -1.164924126402321791e+00 9.779102800875209001e-01 -1.838536285220174205e-01 5.739199327992241528e-01 -1.255220979985621987e+00
-1.905808780780620104e-01 -1.160661050902083380e+00 9.807627208420552911e-01 -1.841022856477699254e-01 5.757320057560577631e-01 -1.265540977830053482e+00
-1.860394050170821600e-01 -1.156386512171540204e+00 9.836044920809671188e-01 -1.843225978139310106e-01 5.775160312037708188e-01 -1.275854548422303170e+00
-1.815112289394376077e-01 -1.152100619669630621e+00 9.864343266557850098e-01 -1.845147058119913086e-01 5.792700332407663133e-01 -1.286161595162215177e+00
-1.769963437871879819e-01 -1.147803488603060584e+00 9.892509339651679445e-01 -1.846788024752590851e-01 5.809920259266658782e-01 -1.296462021392438713e+00
-1.724947368825158200e-01 -1.143495239961131116e+00 9.920530006695198466e-01 -1.848151330064701225e-01 5.826800143801627030e-01 -1.306755730396635284e+00
-1.680063887803342482e-01 -1.139176000544916745e+00 9.948391914770161604e-01 -1.849239952811185805e-01 5.843319958805412995e-01 -1.317042625397637057e+00
-1.635312731259603858e-01 -1.134845902990533562e+00 9.976081500041482641e-01 -1.850057401265326473e-01 5.859459609721202611e-01 -1.327322609555556143e+00
-1.590693565185019587e-01 -1.130505085786225550e+00 1.000358499713992488e+00 -1.850607715767385586e-01 5.875198945708519638e-01 -1.337595585965845491e+00
-1.546205983806427930e-01 -1.126153693282992307e+00 1.003088844935515311e+00 -1.850895471031820949e-01 5.890517770723122659e-01 -1.347861457657310247e+00
-1.501849508355554974e-01 -1.121791875698474605e+00 1.005797771967332999e+00 -1.850925778214075890e-01 5.905395854603283645e-01 -1.358120127590070281e+00
-1.457623585917104947e-01 -1.117419789113808903e+00 1.008483850269461302e+00 -1.850704286738130699e-01 5.919812944154667633e-01 -1.368371498653474072e+00
