-3.929270873007540743e+00 -2.284720696536274076e+00 -4.712713724909339472e-03 -2.176402305569069107e+00 -2.248140029055354816e+00 -3.121390568350009609e+00
-3.929270873007540743e+00 -2.284720696536274076e+00 -4.712713724909339472e-03 -2.176402305569069107e+00 -2.248140029055354816e+00 -3.121390568350009609e+00
-3.928004272544650011e+00 -2.284927874530435776e+00 2.321143892749218812e-02 -2.175080160664406126e+00 -2.247887375670375665e+00 -3.120485490446307519e+00
-3.925438235251526020e+00 -2.285297235226645185e+00 6.662854029969766945e-02 -2.172450566252762894e+00 -2.247386330484197003e+00 -3.118701554187235825e+00
-3.921547920398716691e+00 -2.285715006574113861e+00 1.163844873915648448e-01 -2.168528872392969653e+00 -2.246637740540654793e+00 -3.116064959377081500e+00
-3.916326793642087800e+00 -2.286047151768340058e+00 1.661523108951511174e-01 -2.163331066497445221e+00 -2.245639251034574624e+00 -3.112601862582039747e+00
-3.909787431459928353e+00 -2.286171936623059064e+00 2.119162796613071609e-01 -2.156873769296101528e+00 -2.244385516771842948e+00 -3.108338353719064528e+00
-3.901955694807559105e+00 -2.285997700928945608e+00 2.514560520150036504e-01 -2.149174241951003150e+00 -2.242868412108908860e+00 -3.103300432789713792e+00
-3.892863085445027682e+00 -2.285468716356480190e+00 2.838728045988822002e-01 -2.140250402321056900e+00 -2.241077239141676447e+00 -3.097513986818398291e+00
-3.882540632494334343e+00 -2.284563005263488655e+00 3.091805818056649335e-01 -2.130120848497512043e+00 -2.238998933954990722e+00 -3.091004767051974689e+00
-3.871015532192001452e+00 -2.283285813455469437e+00 3.279723373315197033e-01 -2.118804887853355634e+00 -2.236618270769295869e+00 -3.083798366475309471e+00
-3.858310273866879303e+00 -2.281661539274368433e+00 3.411606126149435148e-01 -2.106322569972321812e+00 -2.233918063833119749e+00 -3.075920197695290792e+00
-3.844443358109730813e+00 -2.279725897931192069e+00 3.497867453999080611e-01 -2.092694721945669301e+00 -2.230879366911129313e+00 -3.067395471243736349e+00
-3.829430694891103659e+00 -2.277519267047589668e+00 3.548891520853842962e-01 -2.077942984646917512e+00 -2.227481670209912057e+00 -3.058249174347686505e+00
-3.813287031095497603e+00 -2.275081593500108301e+00 3.574198683843272106e-01 -2.062089848715880525e+00 -2.223703094569328353e+00 -3.048506050213705798e+00
-3.796027065443947635e+00 -2.272448897476306406e+00 3.581985490573334485e-01 -2.045158689103474536e+00 -2.219520582728258251e+00 -3.038190577870969467e+00
-3.777666149509268489e+00 -2.269651216589409604e+00 3.578940162742742515e-01 -2.027173797147451939e+00 -2.214910087451471998e+00 -3.027326952616143263e+00
-3.758220616642498069e+00 -2.266711735880380107e+00 3.570248170794290687e-01 -2.008160409266317004e+00 -2.209846756280864355e+00 -3.015939067101188975e+00
-3.737707840516306668e+00 -2.263646814090677140e+00 3.559718163496217724e-01 -1.988144731473658222e+00 -2.204305112650671639e+00 -3.004050493103484154e+00
-3.716146130780069168e+00 -2.260466621749798843e+00 3.549974139304622467e-01 -1.967153959027896359e+00 -2.198259233083899922e+00 -2.991684464015740730e+00
-3.693554552453378381e+00 -2.257176137988933018e+00 3.542674078257668224e-01 -1.945216290642498791e+00 -2.191682920166976523e+00 -2.978863858091349570e+00
-3.669952727412798321e+00 -2.253776299197530086e+00 3.538727595707208962e-01 -1.922360936788613417e+00 -2.184549870982533282e+00 -2.965611182478856023e+00
-3.645360651154772924e+00 -2.250265144432165965e+00 3.538495258203671057e-01 -1.898618121725577090e+00 -2.176833840666957620e+00 -2.951948558077270857e+00
-3.619798539842029150e+00 -2.246638852818578336e+00 3.541960018665618604e-01 -1.874019078994400012e+00 -2.168508800750456711e+00 -2.937897705241835133e+00
-3.593286711465094818e+00 -2.242892612376173656e+00 3.548866973748946441e-01 -1.848596040204519175e+00 -2.159549091933235854e+00 -2.923479930367796964e+00
-3.565845499107883398e+00 -2.239021295245182674e+00 3.558831607476125036e-01 -1.822382217034710372e+00 -2.149929570952318514e+00 -2.908716113377563417e+00
-3.537495191854680421e+00 -2.235019940493359059e+00 3.571419191077447319e-01 -1.795411776454548303e+00 -2.139625751199617287e+00 -2.893626696134269149e+00
-3.508255998258113184e+00 -2.230884063048760968e+00 3.586199383798835960e-01 -1.767719809252622287e+00 -2.128613936763054770e+00 -2.878231671802552682e+00
-3.478148027498124240e+00 -2.226609817126681712e+00 3.602780621923052928e-01 -1.739342292031816894e+00 -2.116871349578747008e+00 -2.862550575174943823e+00
-3.447191283864348144e+00 -2.222194046409793344e+00 3.620828860171068087e-01 -1.710316042899892253e+00 -2.104376249403260513e+00 -2.846602473979766401e+00
-3.415405670763619117e+00 -2.217634252832055619e+00 3.640074842471240357e-01 -1.680678671144965275e+00 -2.091108046340362847e+00 -2.830405961184005559e+00
-3.382811001022000941e+00 -2.212928512615017773e+00 3.660313488481158894e-01 -1.650468521240385122e+00 -2.077047405686165416e+00 -2.813979148302023781e+00
-3.349427010807061400e+00 -2.208075363477122188e+00 3.681398331060879991e-01 -1.619724611571331963e+00 -2.062176344889522284e+00 -2.797339659718487859e+00
-3.315273375049114790e+00 -2.203073681588291421e+00 3.703233252503080886e-01 -1.588486568316780811e+00 -2.046478322460642651e+00 -2.780504628031093439e+00
-3.280369722762374707e+00 -2.197922561689481302e+00 3.725763183358660191e-01 -1.556794554954506804e+00 -2.029938318699322508e+00 -2.763490690416174900e+00
-3.244735651160339795e+00 -2.192621209127113335e+00 3.748964894553059035e-01 -1.524689197884091740e+00 -2.012542908154540733e+00 -2.746313986017631770e+00
-3.208390737888452193e+00 -2.187168848710848046e+00 3.772838638673915446e-01 -1.492211508683483512e+00 -1.994280323768778729e+00 -2.728990154356957909e+00
-3.171354551077322448e+00 -2.181564652151121830e+00 3.797400990465488180e-01 -1.459402803528590420e+00 -1.975140512702658446e+00 -2.711534334759538201e+00
-3.133646657177652894e+00 -2.175807683793689051e+00 3.822679035761695765e-01 -1.426304620312984550e+00 -1.955115183877816465e+00 -2.693961166789719641e+00
-3.095286626732685953e+00 -2.169896862947920280e+00 3.848705888729780922e-01 -1.392958634006458141e+00 -1.934197847317762786e+00 -2.676284791684607534e+00
-3.056294038362443288e+00 -2.163830940322097440e+00 3.875517417582827195e-01 -1.359406570786817037e+00 -1.912383845407085614e+00 -2.658518854774181595e+00
-3.016688481292634005e+00 -2.157608485762612993e+00 3.903149998523793851e-01 -1.325690121470051608e+00 -1.889670376228675508e+00 -2.640676508872647155e+00
-2.976489556770268052e+00 -2.151227884541368596e+00 3.931639120066746096e-01 -1.291850854749642119e+00 -1.866056509175721967e+00 -2.622770418623699751e+00
-2.935716878698835242e+00 -2.144687339615536370e+00 3.961018617739588965e-01 -1.257930130737191732e+00 -1.841543193070078077e+00 -2.604812765779935368e+00
-2.894390073768913219e+00 -2.137984877768622116e+00 3.991320355048932345e-01 -1.223969015273966843e+00 -1.816133257050557281e+00 -2.586815255394545154e+00
-2.852528781302191785e+00 -2.131118358014168379e+00 4.022574195276352182e-01 -1.190008195456981444e+00 -1.789831404523666292e+00 -2.568789122901268041e+00
-2.810152651919630706e+00 -2.124085480657354363e+00 4.054808405056674614e-01 -1.156087897144635113e+00 -1.762644200719804877e+00 -2.550745142068769233e+00
-2.767281347565023530e+00 -2.116883796065329726e+00 4.088050150920428116e-01 -1.122247804045584774e+00 -1.734580053729004145e+00 -2.532693633788700271e+00
-2.723934541822793154e+00 -2.109510712102385277e+00 4.122326030337848946e-01 -1.088526979165337805e+00 -1.705649189604771854e+00 -2.514644475667314971e+00
-2.680131920591342087e+00 -2.101963499896434939e+00 4.157662590211426701e-01 -1.054963788930863178e+00 -1.675863621911152457e+00 -2.496607112388727678e+00
-2.635893183143997121e+00 -2.094239297815585044e+00 4.194086809861501397e-01 -1.021595830278607009e+00 -1.645237116100113361e+00 -2.478590566816476937e+00
-2.591238043592684726e+00 -2.086335113656751616e+00 4.231626539017123712e-01 -9.884598609558663540e-01 -1.613785149114681738e+00 -2.460603451798839991e+00
-2.546186232760212942e+00 -2.078247825118472392e+00 4.270310884658343187e-01 -9.555917332502916750e-01 -1.581524864618276016e+00 -2.442653982642108090e+00
-2.500757500458848703e+00 -2.069974178686989852e+00 4.310170560911387172e-01 -9.230263313274011949e-01 -1.548475024252222720e+00 -2.424749990214987605e+00
-2.454971618180377568e+00 -2.061510787028379532e+00 4.351238202324378967e-01 -8.907975123222298119e-01 -1.514655955322044223e+00 -2.406898934646534371e+00
-2.408848382200697635e+00 -2.052854125001687180e+00 4.393548644921281277e-01 -8.589380512982098814e-01 -1.480089495308385406e+00 -2.389107919579280814e+00
-2.362407617102542101e+00 -2.044000524409654851e+00 4.437139192209684779e-01 -8.274795901553932964e-01 -1.444798933591448620e+00 -2.371383706938680280e+00
-2.315669179732892768e+00 -2.034946167543372209e+00 4.482049860685157205e-01 -7.964525905403552208e-01 -1.408808950767932666e+00 -2.353732732179636411e+00
-2.268652963605701345e+00 -2.025687079618309738e+00 4.528323535247349985e-01 -7.658862907827113098e-01 -1.372145555927678284e+00 -2.336161119970509237e+00
-2.221378903692943219e+00 -2.016219120544511245e+00 4.576006098891933771e-01 -7.358086668578589506e-01 -1.334836022243515830e+00 -2.318674700275028311e+00
-2.173866981597024406e+00 -2.006537976195261752e+00 4.625146524925670133e-01 -7.062463973522714600e-01 -1.296908821212295448e+00 -2.301279024792441952e+00
-2.126137233372007884e+00 -1.996639150548712882e+00 4.675797176249194553e-01 -6.772248320649623121e-01 -1.258393555512181905e+00 -2.283979383687212206e+00
-2.078209755543420911e+00 -1.986517955506700739e+00 4.728013989278471718e-01 -6.487679648929711718e-01 -1.219320891515881522e+00 -2.266780822598084555e+00
-2.030104711553793351e+00 -1.976169500092710418e+00 4.781856512808139725e-01 -6.208984105386408103e-01 -1.179722491377124927e+00 -2.249688159888716399e+00
-1.981842338507046719e+00 -1.965588679808334405e+00 4.837387789662564441e-01 -5.936373849439977590e-01 -1.139630944954818093e+00 -2.232706004102666508e+00
-1.933442954048891549e+00 -1.954770167013073712e+00 4.894674064506014388e-01 -5.670046893470050975e-01 -1.099079701820133259e+00 -2.215838771585765254e+00
-1.884926964114558956e+00 -1.943708403792459016e+00 4.953784682219996016e-01 -5.410186975778650265e-01 -1.058103003216869453e+00 -2.199090704232038895e+00
-1.836314869784782200e+00 -1.932397595516837319e+00 5.014791750439890894e-01 -5.156963470524971171e-01 -1.016735814897822054e+00 -2.182465887325005571e+00
-1.787627273926341243e+00 -1.920831706836725106e+00 5.077769544421355530e-01 -4.910531330367711167e-01 -9.750137606785154176e-01 -2.165968267439507322e+00
-1.738884887261982648e+00 -1.909004461486669468e+00 5.142793621495223011e-01 -4.671031060534678314e-01 -9.329730568780816302e-01 -2.149601670369867712e+00
-1.690108533425891402e+00 -1.896909347418960223e+00 5.209939623940006426e-01 -4.438588723038277006e-01 -8.906504477996353142e-01 -2.133369819050762839e+00
-1.641319152477852761e+00 -1.884539628862218263e+00 5.279281739150861741e-01 -4.213315969769859670e-01 -8.480831423859291895e-01 -2.117276351437709980e+00
-1.592537802247235845e+00 -1.871888366997679354e+00 5.350890794948177653e-01 -3.995310103237410537e-01 -8.053087521706283614e-01 -2.101324838314735377e+00
-1.543785654046307521e+00 -1.858948449350542154e+00 5.424830725545102261e-01 -3.784654166728205205e-01 -7.623652311326849507e-01 -2.085518801030197711e+00
-1.495086547899577400e+00 -1.845714338657644449e+00 5.501159138368636459e-01 -3.581402440510565999e-01 -7.192887276750552505e-01 -2.069861685749649016e+00
-1.446472046164361203e+00 -1.832185726574343532e+00 5.579940931895475131e-01 -3.385552340235786772e-01 -6.761091288456588799e-01 -2.054356750762056372e+00
-1.397976467821399726e+00 -1.818364362514713450e+00 5.661259665522644369e-01 -3.197076700148515638e-01 -6.328539916519424491e-01 -2.039007035448983096e+00
-1.349634094652298444e+00 -1.804252150259356036e+00 5.745217146581981238e-01 -3.015939604453543588e-01 -5.895507442685095079e-01 -2.023815370256460522e+00
-1.301479177285659095e+00 -1.789851092487457773e+00 5.831932473441086007e-01 -2.842096658579069679e-01 -5.462266549711685126e-01 -2.008784386720844584e+00
-1.253545943781054994e+00 -1.775163243890636178e+00 5.921540950769454970e-01 -2.675495262930418505e-01 -5.029088019674565757e-01 -1.993916527525690041e+00
-1.205868609502909639e+00 -1.760190673594606903e+00 6.014193370088563029e-01 -2.516074890489015115e-01 -4.596240444324404262e-01 -1.979214056570333113e+00
-1.158481385010171394e+00 -1.744935433266275204e+00 6.110052936868626272e-01 -2.363767375260041881e-01 -4.163989964538066246e-01 -1.964679069055335736e+00
-1.111418481872177733e+00 -1.729399544909200115e+00 6.209292923295625100e-01 -2.218497201886342474e-01 -3.732600020786414063e-01 -1.950313501562624730e+00
-1.064714115151204066e+00 -1.713585003698565590e+00 6.312094897125042348e-01 -2.080181799640699047e-01 -3.302331123102137944e-01 -1.936119142117943115e+00
-1.018402502815118904e+00 -1.697493792858999040e+00 6.418647520465581291e-01 -1.948731839753596873e-01 -2.873440640498923226e-01 -1.922097640226104742e+00
-9.725178626354220590e-01 -1.681127907681638778e+00 6.529145926512279763e-01 -1.824051534944666209e-01 -2.446182609394589313e-01 -1.908250516869366642e+00
-9.270944061661396951e-01 -1.664489384875430300e+00 6.643791031429514549e-01 -1.706038941972516376e-01 -2.020807565839235487e-01 -1.894579174469582572e+00
-8.821663318726264968e-01 -1.647580338882144835e+00 6.762789604510754948e-01 -1.594586262189161552e-01 -1.597562390465268045e-01 -1.881084906793525136e+00
-8.377678175443867836e-01 -1.630403000498790611e+00 6.886355313510872378e-01 -1.489580141330644203e-01 -1.176690170619676401e-01 -1.867768908791121119e+00
-7.939330138677305193e-01 -1.612959753098292204e+00 7.014711049744484228e-01 -1.390901967754905044e-01 -7.584300790697273698e-02 -1.854632286356189486e+00
-7.506960418784105471e-01 -1.595253160670196291e+00 7.148092935059654485e-01 -1.298428168419247797e-01 -3.430172686538757176e-02 -1.841676065999260592e+00
-7.080909981216776394e-01 -1.577285980641440544e+00 7.286756489656891489e-01 -1.212030501971717023e-01 6.931721776012089720e-03 -1.828901204421914617e+00
-6.661519726946050213e-01 -1.559061153169547742e+00 7.430985416665932819e-01 -1.131576348409208954e-01 4.783465226543670568e-02 -1.816308597982229323e+00
-6.249130867524468336e-01 -1.540581757846966493e+00 7.581103660699920477e-01 -1.056928994831647373e-01 8.838480352232647164e-02 -1.803899092040821994e+00
-5.844085579180484658e-01 -1.521850927665370889e+00 7.737491235359043040e-01 -9.879479168963456459e-02 1.285603439361051592e-01 -1.791673490177065009e+00
-5.446728036620380742e-01 -1.502871710329221511e+00 7.900604157972357378e-01 -9.244890556483653654e-02 1.683398748907269926e-01 -1.779632563265055367e+00
-5.057405940483548079e-01 -1.483646868562139787e+00 8.070998532707637230e-01 -8.664050894712627127e-02 2.077024330772005989e-01 -1.767777058398988466e+00
-4.676472658975088237e-01 -1.464178614457553262e+00 8.249358352540444583e-01 -8.135457009678415119e-02 2.466274916548183427e-01 -1.756107707657845296e+00
-4.304290099326628649e-01 -1.444468278730805411e+00 8.436525887842526439e-01 -7.657578386434771289e-02 2.850949603199297577e-01 -1.744625236699167470e+00
-3.941232401930849782e-01 -1.424515924519640375e+00 8.633533162521600524e-01 -7.228859733231951523e-02 3.230851843392037459e-01 -1.733330373172143446e+00
-3.587690513479842025e-01 -1.404319925471962049e+00 8.841630897820350610e-01 -6.847723492897461739e-02 3.605789426019669897e-01 -1.722223854940228005e+00
-3.244077607012347819e-01 -1.383876544999702585e+00 9.062310308360300715e-01 -6.512572301822405763e-02 3.975574447438545711e-01 -1.711306438103759930e+00
-2.910835192732390553e-01 -1.363179572051333110e+00 9.297311465315525325e-01 -6.221791397438103388e-02 4.340023273914281887e-01 -1.700578904813370151e+00
-2.588439583580934844e-01 -1.342220089420622209e+00 9.548610161889077297e-01 -5.973750975526703755e-02 4.698956495747483864e-01 -1.690042070865100943e+00
-2.277408131583285034e-01 -1.320986471472895385e+00 9.818373467150964817e-01 -5.766808499131270693e-02 5.052198873521929201e-01 -1.679696793068538030e+00
-1.978304322617558952e-01 -1.299464726079698984e+00 1.010887269553130796e+00 -5.599310961222192518e-02 5.399579276890107415e-01 -1.669543976379544992e+00
-1.691740399455832211e-01 -1.277639305865406305e+00 1.042234169462963767e+00 -5.469597103638790259e-02 5.740930616282815535e-01 -1.659584580789437380e+00
-1.418375675158820570e-01 -1.255494510510333894e+00 1.076076865993571108e+00 -5.375999595151892407e-02 6.076089767903152250e-01 -1.649819627962895829e+00
-1.158908119194137498e-01 -1.233016577599406416e+00 1.112561177654182387e+00 -5.316847171793259719e-02 6.404897492338612608e-01 -1.640250207617220291e+00
-9.140561988253770309e-02 -1.210196506948123085e+00 1.151743363520873809e+00 -5.290466742872590444e-02 6.727198347101590592e-01 -1.630877483635869485e+00
-6.845274436780268701e-02 -1.187033576822190462e+00 1.193545753887354399e+00 -5.295185466351659542e-02 7.042840593388066672e-01 -1.621702699909652212e+00
-4.709699579420911775e-02 -1.163539388541853015e+00 1.237706153494343875e+00 -5.329332797476027395e-02 7.351676097328776471e-01 -1.612727185899278437e+00
-2.739034315031485534e-02 -1.139742124388791300e+00 1.283724159189977065e+00 -5.391242514787952800e-02 7.653560225995761357e-01 -1.603952361913342006e+00
-9.362749224719912888e-03 -1.115690542356582826e+00 1.330810499334828645e+00 -5.479254727860149998e-02 7.948351738422143598e-01 -1.595379744096243391e+00
6.989162211574750927e-03 -1.091457066884955251e+00 1.377848367709835875e+00 -5.591717871329482392e-02 8.235912671893785841e-01 -1.587010949120933878e+00
2.171491971164574153e-02 -1.067139213847011048e+00 1.423379467166945744e+00 -5.726990690092081948e-02 8.516108223777911768e-01 -1.578847698581927750e+00
3.492275992986382249e-02 -1.042858533685458555e+00 1.465632039451206570e+00 -5.883444220912270595e-02 8.788806629169121365e-01 -1.570891823084705319e+00
4.678835310844897677e-02 -1.018756341212205596e+00 1.502614195158090915e+00 -6.059463776346118991e-02 9.053879034668121939e-01 -1.563145266028722835e+00
5.755285647009822370e-02 -9.949861474794616800e-01 1.532302276653614737e+00 -6.253450938200444398e-02 9.311199368703007018e-01 -1.555610087083167725e+00
6.749730815566179487e-02 -9.717063320217689260e-01 1.552957004697113286e+00 -6.463825571175130236e-02 9.560644209143078776e-01 -1.548288465358879318e+00
