-3.836670678594487072e+00 -4.539488985597668780e+00 1.118945715414611936e-02 -2.066776522640243030e+00 -4.504074858209506260e+00 -3.133039327494492987e+00
-3.836670678594487072e+00 -4.539488985597668780e+00 1.118945715414611936e-02 -2.066776522640243030e+00 -4.504074858209506260e+00 -3.133039327494492987e+00
-3.836634671662534579e+00 -4.539490107865544744e+00 1.194196166699000410e-02 -2.066786294752493536e+00 -4.504073254039592022e+00 -3.133005181294553410e+00
-3.836562546362465742e+00 -4.539492345083838032e+00 1.341283998029457053e-02 -2.066805246890833558e+00 -4.504070045014263890e+00 -3.132937054545926081e+00
-3.836454192842226441e+00 -4.539495611009819243e+00 1.556875047602856998e-02 -2.066832788950790256e+00 -4.504065231337310848e+00 -3.132835112699773550e+00
-3.836309503376932106e+00 -4.539499744865817199e+00 1.837713926362917125e-02 -2.066868332852167534e+00 -4.504058813976415721e+00 -3.132699521007364929e+00
-3.836128373124332747e+00 -4.539504515643962179e+00 2.180623807992083246e-02 -2.066911292581202542e+00 -4.504050794539415037e+00 -3.132530444520254864e+00
-3.835910701048484750e+00 -4.539509626326400316e+00 2.582506149072944304e-02 -2.066961084232334045e+00 -4.504041175152224241e+00 -3.132328048090450068e+00
-3.835656390971440288e+00 -4.539514718022397588e+00 3.040340342820558456e-02 -2.067017126049604414e+00 -4.504029958338446882e+00 -3.132092496370560308e+00
-3.835365352716535003e+00 -4.539519374023837983e+00 3.551183309699731949e-02 -2.067078838467739654e+00 -4.504017146900670454e+00 -3.131823953813935191e+00
-3.835037503310462004e+00 -4.539523123780465852e+00 4.112169028154585848e-02 -2.067145644152929673e+00 -4.504002743803463993e+00 -3.131522584674787169e+00
-3.834672768214724581e+00 -4.539525446795938279e+00 4.720508008591751958e-02 -2.067216968043343872e+00 -4.503986752058100507e+00 -3.131188553008300790e+00
-3.834271082560283261e+00 -4.539525776445362482e+00 5.373486713673363696e-02 -2.067292237389413145e+00 -4.503969174608995374e+00 -3.130822022670727289e+00
-3.833832392362268138e+00 -4.539523503714497643e+00 6.068466927891687235e-02 -2.067370881793902271e+00 -4.503950014221885567e+00 -3.130423157319465410e+00
-3.833356655694488246e+00 -4.539517980860322766e+00 6.802885079313863992e-02 -2.067452333251801999e+00 -4.503929273373760367e+00 -3.129992120413128465e+00
-3.832843843806199136e+00 -4.539508524992149852e+00 7.574251516302821230e-02 -2.067536026190071929e+00 -4.503906954144538233e+00 -3.129529075211596290e+00
-3.832293942166121958e+00 -4.539494421571957261e+00 8.380149741939059427e-02 -2.067621397507256376e+00 -4.503883058110525361e+00 -3.129034184776056549e+00
-3.831706951421100182e+00 -4.539474927832197970e+00 9.218235608787701818e-02 -2.067707886612994095e+00 -4.503857586239636390e+00 -3.128507611969028712e+00
-3.831082888259027541e+00 -4.539449276108876496e+00 1.008623647657601041e-01 -2.067794935467454298e+00 -4.503830538788409221e+00 -3.127949519454376937e+00
-3.830421786167753861e+00 -4.539416677087406704e+00 1.098195033526854908e-01 -2.067881988620710487e+00 -4.503801915200808637e+00 -3.127360069697308287e+00
-3.829723696083620954e+00 -4.539376322958428744e+00 1.190324489595023377e-01 -2.067968493252081430e+00 -4.503771714008834692e+00 -3.126739424964358527e+00
-3.828988686925089091e+00 -4.539327390480604407e+00 1.284805665185184131e-01 -2.068053899209478352e+00 -4.503739932734940332e+00 -3.126087747323362809e+00
-3.828216846008551943e+00 -4.539269043947247617e+00 1.381438991177803277e-01 -2.068137659048733035e+00 -4.503706567796261773e+00 -3.125405198643414373e+00
-3.827408279344972630e+00 -4.539200438053630826e+00 1.480031580812468106e-01 -2.068219228072963212e+00 -4.503671614410682977e+00 -3.124691940594809481e+00
-3.826563111817354645e+00 -4.539120720661782293e+00 1.580397128160019038e-01 -2.068298064371984157e+00 -4.503635066504720896e+00 -3.123948134648979913e+00
-3.825681487240315093e+00 -4.539029035459726025e+00 1.682355804469474470e-01 -2.068373628861778446e+00 -4.503596916623259894e+00 -3.123173942078411258e+00
-3.824763568304150319e+00 -4.538924524512232495e+00 1.785734152587179213e-01 -2.068445385324038988e+00 -4.503557155841122039e+00 -3.122369523956548321e+00
-3.823809536406791221e+00 -4.538806330700381864e+00 1.890364979638772813e-01 -2.068512800445811539e+00 -4.503515773676494582e+00 -3.121535041157688983e+00
-3.822819591377925263e+00 -4.538673600047508749e+00 1.996087248157873695e-01 -2.068575343859245574e+00 -4.503472758006214605e+00 -3.120670654356862972e+00
-3.821793951100320275e+00 -4.538525483929388038e+00 2.102745965838785924e-01 -2.068632488181468165e+00 -4.503428094982911745e+00 -3.119776524029699072e+00
-3.820732851034047695e+00 -4.538361141166906698e+00 2.210192074084078862e-01 -2.068683709054591979e+00 -4.503381768954025866e+00 -3.118852810452280355e+00
-3.819636543649837623e+00 -4.538179739999817386e+00 2.318282335511555325e-01 -2.068728485185855170e+00 -4.503333762382689898e+00 -3.117899673700984753e+00
-3.818505297778249652e+00 -4.537980459940591516e+00 2.426879220578918583e-01 -2.068766298387932245e+00 -4.503284055770504501e+00 -3.116917273652314080e+00
-3.817339397881681418e+00 -4.537762493507821127e+00 2.535850793478358622e-01 -2.068796633619419900e+00 -4.503232627582177905e+00 -3.115905769982711071e+00
-3.816139143256496169e+00 -4.537525047839030989e+00 2.645070597447319316e-01 -2.068818979025469407e+00 -4.503179454172070884e+00 -3.114865322168362649e+00
-3.814904847172720270e+00 -4.537267346183225136e+00 2.754417539635868328e-01 -2.068832825978621948e+00 -4.503124509712622014e+00 -3.113796089484991647e+00
-3.813636835958848170e+00 -4.536988629273917439e+00 2.863775775665370893e-01 -2.068837669119854894e+00 -4.503067766124672744e+00 -3.112698231007636540e+00
-3.812335448039309238e+00 -4.536688156583818632e+00 2.973034594007590847e-01 -2.068833006399811492e+00 -4.503009193009694933e+00 -3.111571905610417854e+00
-3.811001032932106458e+00 -4.536365207462784710e+00 3.082088300307838091e-01 -2.068818339120233496e+00 -4.502948757583914663e+00 -3.110417271966292585e+00
-3.809633950214013076e+00 -4.536019082161010907e+00 3.190836101770458955e-01 -2.068793171975612299e+00 -4.502886424614345628e+00 -3.109234488546798403e+00
-3.808234568460564518e+00 -4.535649102739860439e+00 3.299181991719710161e-01 -2.068757013095054997e+00 -4.502822156356738326e+00 -3.108023713621782314e+00
-3.806803264167849754e+00 -4.535254613873031637e+00 3.407034634443950605e-01 -2.068709374084352515e+00 -4.502755912495427282e+00 -3.106785105259120883e+00
-3.805340420662870926e+00 -4.534834983541147224e+00 3.514307250426087492e-01 -2.068649770068287097e+00 -4.502687650085105631e+00 -3.105518821324426693e+00
-3.803846427008923836e+00 -4.534389603623083076e+00 3.620917502058331738e-01 -2.068577719733151632e+00 -4.502617323494509272e+00 -3.104225019480742365e+00
-3.802321676912154391e+00 -4.533917890387686889e+00 3.726787379934550226e-01 -2.068492745369509223e+00 -4.502544884352024823e+00 -3.102903857188225256e+00
-3.800766567635069482e+00 -4.533419284889713907e+00 3.831843089808862346e-01 -2.068394372915181023e+00 -4.502470281493213378e+00 -3.101555491703818834e+00
-3.799181498922439726e+00 -4.532893253274051126e+00 3.936014940304588539e-01 -2.068282131998474771e+00 -4.502393460910262490e+00 -3.100180080080911615e+00
-3.797566871944624278e+00 -4.532339286992446148e+00 4.039237231453216004e-01 -2.068155555981584293e+00 -4.502314365703356636e+00 -3.098777779168986779e+00
-3.795923088262971312e+00 -4.531756902937110532e+00 4.141448144138801801e-01 -2.068014182004260348e+00 -4.502232936033977673e+00 -3.097348745613259346e+00
-3.794250548821533453e+00 -4.531145643495650077e+00 4.242589630518970312e-01 -2.067857551027711960e+00 -4.502149109080127332e+00 -3.095893135854302258e+00
-3.792549652968944418e+00 -4.530505076531881059e+00 4.342607305489610825e-01 -2.067685207878689368e+00 -4.502062818993475268e+00 -3.094411106127659572e+00
-3.790820797513901219e+00 -4.529834795297104755e+00 4.441450339256405866e-01 -2.067496701293789041e+00 -4.501973996858440685e+00 -3.092902812463452111e+00
-3.789064375817284169e+00 -4.529134418276440144e+00 4.539071351072447302e-01 -2.067291583963991819e+00 -4.501882570653193305e+00 -3.091368410685968460e+00
-3.787280776923584114e+00 -4.528403588974823535e+00 4.635426304197445835e-01 -2.067069412579471077e+00 -4.501788465212589685e+00 -3.089808056413246629e+00
-3.785470384733899518e+00 -4.527641975647198613e+00 4.730474402130387390e-01 -2.066829747874515455e+00 -4.501691602193028885e+00 -3.088221905056644179e+00
-3.783633577222417887e+00 -4.526849270977425732e+00 4.824177986163947218e-01 -2.066572154672681183e+00 -4.501591900039244365e+00 -3.086610111820399460e+00
-3.781770725697926938e+00 -4.526025191710295381e+00 4.916502434305531910e-01 -2.066296201932116272e+00 -4.501489273953006354e+00 -3.084972831701179530e+00
-3.779882194111579441e+00 -4.525169478240987253e+00 5.007416061606486668e-01 -2.066001462791049903e+00 -4.501383635863761334e+00 -3.083310219487617854e+00
-3.777968338411802574e+00 -4.524281894166153783e+00 5.096890021937767745e-01 -2.065687514613496312e+00 -4.501274894401187332e+00 -3.081622429759843573e+00
-3.776029505946935316e+00 -4.523362225800716452e+00 5.184898211247254141e-01 -2.065353939035092790e+00 -4.501162954869675659e+00 -3.079909616888998780e+00
-3.774066034915916745e+00 -4.522410281664276610e+00 5.271417172330848944e-01 -2.065000322009171718e+00 -4.501047719224731125e+00 -3.078171935036744244e+00
-3.772078253867046538e+00 -4.521425891940936914e+00 5.356426001146572524e-01 -2.064626253852929416e+00 -4.500929086051288941e+00 -3.076409538154757595e+00
-3.770066481244631618e+00 -4.520408907916112717e+00 5.439906254698018140e-01 -2.064231329293696238e+00 -4.500806950543948304e+00 -3.074622579984219062e+00
-3.768031024983073962e+00 -4.519359201393790215e+00 5.521841860510824374e-01 -2.063815147514808768e+00 -4.500681204489074716e+00 -3.072811214055289231e+00
-3.765972182147769409e+00 -4.518276664097468753e+00 5.602219027723145395e-01 -2.063377312202740566e+00 -4.500551736248895374e+00 -3.070975593686574801e+00
-3.763890238621988349e+00 -4.517161207057880823e+00 5.681026159808570952e-01 -2.062917431593739526e+00 -4.500418430747457066e+00 -3.069115871984584576e+00
-3.761785468838747981e+00 -4.516012759990374548e+00 5.758253768947486639e-01 -2.062435118520589139e+00 -4.500281169458488328e+00 -3.067232201843178796e+00
-3.759658135556527725e+00 -4.514831270664671159e+00 5.833894392060499090e-01 -2.061929990459485218e+00 -4.500139830395169405e+00 -3.065324735943003809e+00
-3.757508489677557684e+00 -4.513616704269525215e+00 5.907942508515271474e-01 -2.061401669576915285e+00 -4.499994288101787809e+00 -3.063393626750921861e+00
-3.755336770107276845e+00 -4.512369042774635908e+00 5.980394459515937511e-01 -2.060849782776656536e+00 -4.499844413647293706e+00 -3.061439026519428896e+00
-3.753143203653487081e+00 -4.511088284291968620e+00 6.051248369182137266e-01 -2.060273961746827531e+00 -4.499690074620735558e+00 -3.059461087286062586e+00
-3.750928004963612672e+00 -4.509774442438488684e+00 6.120504067322727337e-01 -2.059673843006918581e+00 -4.499531135128583159e+00 -3.057459960872803695e+00
-3.748691376498432426e+00 -4.508427545702121009e+00 6.188163013907264087e-01 -2.059049067954849654e+00 -4.499367455793922943e+00 -3.055435798885465459e+00
-3.746433508540586210e+00 -4.507047636812597347e+00 6.254228225236506677e-01 -2.058399282914013639e+00 -4.499198893757521134e+00 -3.053388752713076304e+00
-3.744154579236111946e+00 -4.505634772118678910e+00 6.318704201811425891e-01 -2.057724139180329370e+00 -4.499025302680760063e+00 -3.051318973527251455e+00
-3.741854754667251370e+00 -4.504189020973104363e+00 6.381596857898496067e-01 -2.057023293069307091e+00 -4.498846532750434335e+00 -3.049226612281557891e+00
-3.739534188954732219e+00 -4.502710465126460448e+00 6.442913452787444317e-01 -2.056296405962982021e+00 -4.498662430685389957e+00 -3.047111819710869529e+00
-3.737193024387730933e+00 -4.501199198131018875e+00 6.502662523736070233e-01 -2.055543144356866136e+00 -4.498472839745024210e+00 -3.044974746330713078e+00
-3.734831391579729321e+00 -4.499655324755483576e+00 6.560853820594833019e-01 -2.054763179333018996e+00 -4.498277599684006312e+00 -3.042815542436607679e+00
-3.732449409648469274e+00 -4.498078960411432625e+00 6.617498242103397876e-01 -2.053956186608315360e+00 -4.498076546759589789e+00 -3.040634358103394330e+00
-3.730047186418247396e+00 -4.496470230592137796e+00 6.672607773849571489e-01 -2.053121846583245702e+00 -4.497869513740700320e+00 -3.038431343184556432e+00
-3.727624818642219395e+00 -4.494829270323546844e+00 6.726195427879045896e-01 -2.052259844398063748e+00 -4.497656329919931473e+00 -3.036206647306201933e+00
-3.725182392244145380e+00 -4.493156223629432233e+00 6.778275183944466598e-01 -2.051369869984772443e+00 -4.497436821126493456e+00 -3.033960419866051250e+00
-3.722719982577372022e+00 -4.491451243010375016e+00 6.828861932380839717e-01 -2.050451618117559160e+00 -4.497210809740722404e+00 -3.031692810032743157e+00
-3.720237654699383612e+00 -4.489714488936844994e+00 6.877971418593077368e-01 -2.049504788462138016e+00 -4.496978114710210583e+00 -3.029403966745139787e+00
-3.717735463660335693e+00 -4.487946129356572555e+00 6.925620189140447858e-01 -2.048529085626186408e+00 -4.496738551567780462e+00 -3.027094038711621860e+00
-3.715213454804025428e+00 -4.486146339216361412e+00 6.971825539401781402e-01 -2.047524219209478247e+00 -4.496491932451152529e+00 -3.024763174409376365e+00
-3.712671664079810974e+00 -4.484315299998398174e+00 7.016605462804379467e-01 -2.046489903852650727e+00 -4.496238066124178090e+00 -3.022411522083679358e+00
-3.710110118364042364e+00 -4.482453199271069444e+00 7.059978601598762005e-01 -2.045425859285786352e+00 -4.495976757999756934e+00 -3.020039229747167209e+00
-3.707528835789621446e+00 -4.480560230254249099e+00 7.101964199160594182e-01 -2.044331810376916803e+00 -4.495707810164450535e+00 -3.017646445179103853e+00
-3.704927826082373699e+00 -4.478636591398950983e+00 7.142582053800423658e-01 -2.043207487180376702e+00 -4.495431021404768579e+00 -3.015233315924640500e+00
-3.702307090902958731e+00 -4.476682485981209325e+00 7.181852474061179992e-01 -2.042052624985578824e+00 -4.495146187235209645e+00 -3.012799989294066894e+00
-3.699666624193118647e+00 -4.474698121710028786e+00 7.219796235482783819e-01 -2.040866964365017022e+00 -4.494853099927898832e+00 -3.010346612362055474e+00
-3.697006412525115415e+00 -4.472683710349173225e+00 7.256434538812638335e-01 -2.039650251222097310e+00 -4.494551548543882724e+00 -3.007873331966901098e+00
-3.694326435453272328e+00 -4.470639467352584440e+00 7.291788969640244922e-01 -2.038402236838543935e+00 -4.494241318966055942e+00 -3.005380294709750544e+00
-3.691626665866589718e+00 -4.468565611513149349e+00 7.325881459433712939e-01 -2.037122677921805014e+00 -4.493922193933758358e+00 -3.002867646953828462e+00
-3.688907070341466810e+00 -4.466462364624555370e+00 7.358734247955509566e-01 -2.035811336652077141e+00 -4.493593953078988790e+00 -3.000335534823654893e+00
-3.686167609493615771e+00 -4.464329951155931120e+00 7.390369847034381490e-01 -2.034467980728908998e+00 -4.493256372964228973e+00 -2.997784104204257005e+00
-3.683408238328322870e+00 -4.462168597938973136e+00 7.420811005668420668e-01 -2.033092382065358361e+00 -4.492909226926077970e+00 -2.995213500740375068e+00
-3.680628906588244931e+00 -4.459978533867237083e+00 7.450080676437149663e-01 -2.031684316840620674e+00 -4.492552285103069032e+00 -2.992623869835661310e+00
-3.677829559098011458e+00 -4.457759989607272821e+00 7.478201983198623504e-01 -2.030243565552509288e+00 -4.492185314464918200e+00 -2.990015356651872569e+00
-3.675010136104934322e+00 -4.455513197321284480e+00 7.505198190047337459e-01 -2.028769913069674580e+00 -4.491808078843167351e+00 -2.987388106108058050e+00
-3.672170573615192168e+00 -4.453238390400973579e+00 7.531092671508495817e-01 -2.027263148684063765e+00 -4.491420338963316716e+00 -2.984742262879739538e+00
-3.669310803724902925e+00 -4.450935803212254349e+00 7.555908883944062460e-01 -2.025723066163053421e+00 -4.491021852478349174e+00 -2.982077971398087612e+00
-3.666430754945546155e+00 -4.448605670850495741e+00 7.579670338145856334e-01 -2.024149463801486082e+00 -4.490612374003690732e+00 -2.979395375849089422e+00
-3.663530352523243661e+00 -4.446248228905988142e+00 7.602400573090857261e-01 -2.022542144473479020e+00 -4.490191655153583206e+00 -2.976694620172713801e+00
-3.660609518751459568e+00 -4.443863713239297297e+00 7.624123130833811990e-01 -2.020900915683967014e+00 -4.489759444578859338e+00 -2.973975848062067939e+00
-3.657668173276712231e+00 -4.441452359766209668e+00 7.644861532512207125e-01 -2.019225589620044392e+00 -4.489315488006133670e+00 -2.971239202962550063e+00
-3.654706233396948445e+00 -4.439014404251950374e+00 7.664639255438601140e-01 -2.017515983202004648e+00 -4.488859528278391409e+00 -2.968484828070995896e+00
-3.651723614352252678e+00 -4.436550082114388616e+00 7.683479711255388755e-01 -2.015771918134135809e+00 -4.488391305396980613e+00 -2.965712866334819786e+00
-3.648720229607622656e+00 -4.434059628235931250e+00 7.701406225127039873e-01 -2.013993220955552221e+00 -4.487910556565058329e+00 -2.962923460451151847e+00
-3.645695991127559488e+00 -4.431543276783830976e+00 7.718442015944970702e-01 -2.012179723093568740e+00 -4.487417016232950751e+00 -2.960116752865966649e+00
-3.642650809642275167e+00 -4.429001261038636450e+00 7.734610177520238050e-01 -2.010331260913678086e+00 -4.486910416144377578e+00 -2.957292885773210145e+00
-3.639584594905334924e+00 -4.426433813230516101e+00 7.749933660739346530e-01 -2.008447675768849194e+00 -4.486390485384000648e+00 -2.954452001113919479e+00
-3.636497255942599871e+00 -4.423841164383218505e+00 7.764435256658634987e-01 -2.006528814048535114e+00 -4.485856950426357237e+00 -2.951594240575338812e+00
-3.633388701292355805e+00 -4.421223544165409969e+00 7.778137580512795024e-01 -2.004574527227473091e+00 -4.485309535186197571e+00 -2.948719745590030250e+00
-3.630258839236544688e+00 -4.418581180749165505e+00 7.791063056613254378e-01 -2.002584671913919312e+00 -4.484747961070149280e+00 -2.945828657334979006e+00
-3.627107578023038847e+00 -4.415914300675394699e+00 7.803233904112339969e-01 -2.000559109897527499e+00 -4.484171947029750527e+00 -2.942921116730695008e+00
-3.623934826078938354e+00 -4.413223128725976885e+00 7.814672123609317511e-01 -1.998497708196590672e+00 -4.483581209615797647e+00 -2.939997264440309621e+00
-3.620740492214867157e+00 -4.410507887802405769e+00 7.825399484574641074e-01 -1.996400339104804189e+00 -4.482975463034017949e+00 -2.937057240868667485e+00
-3.617524485820298175e+00 -4.407768798810754340e+00 7.835437513568926926e-01 -1.994266880240758155e+00 -4.482354419202744467e+00 -2.934101186161414798e+00
-3.614286717049930875e+00 -4.405006080552762882e+00 7.844807483233441348e-01 -1.992097214593607335e+00 -4.481717787811259512e+00 -2.931129240204083608e+00
-3.611027097001185293e+00 -4.402219949622876882e+00 7.853530402029125224e-01 -1.989891230568139768e+00 -4.481065276379435858e+00 -2.928141542621169879e+00
-3.607745537882873332e+00 -4.399410620311056341e+00 7.861627004701462473e-01 -1.987648822029134399e+00 -4.480396590318639127e+00 -2.925138232775210234e+00
-3.604441953175150370e+00 -4.396578304511209012e+00 7.869117743448724722e-01 -1.985369888345272615e+00 -4.479711432993943809e+00 -2.922119449765853805e+00
-3.601116257780837770e+00 -4.393723211635069070e+00 7.876022779771473248e-01 -1.983054334432470034e+00 -4.479009505787640677e+00 -2.919085332428929203e+00
-3.597768368168244191e+00 -4.390845548531384424e+00 7.882361976981446805e-01 -1.980702070796355407e+00 -4.478290508163945027e+00 -2.916036019335509266e+00
-3.594398202505610485e+00 -4.387945519410267892e+00 7.888154893348304775e-01 -1.978313013574094947e+00 -4.477554137734967021e+00 -2.912971648790972701e+00
-3.591005680787325627e+00 -4.385023325772571923e+00 7.893420775862980410e-01 -1.975887084575472352e+00 -4.476800090327899717e+00 -2.909892358834060389e+00
-3.587590724952062438e+00 -4.382079166344147403e+00 7.898178554596702039e-01 -1.973424211323402178e+00 -4.476028060053458546e+00 -2.906798287235929923e+00
-3.584153258992999636e+00 -4.379113237014873761e+00 7.902446837635126453e-01 -1.970924327093397155e+00 -4.475237739375462098e+00 -2.903689571499207478e+00
-3.580693209060300752e+00 -4.376125730782319145e+00 7.906243906567310686e-01 -1.968387370952369153e+00 -4.474428819181629713e+00 -2.900566348857035237e+00
-3.577210503556027543e+00 -4.373116837699927650e+00 7.909587712509615898e-01 -1.965813287796931874e+00 -4.473600988855617189e+00 -2.897428756272117045e+00
-3.573705073221675299e+00 -4.370086744829600356e+00 7.912495872644939032e-01 -1.963202028395718335e+00 -4.472753936351434589e+00 -2.894276930435760509e+00
-3.570176851218521463e+00 -4.367035636198579596e+00 7.914985667258093160e-01 -1.960553549425710251e+00 -4.471887348267787665e+00 -2.891111007766917762e+00
-3.566625773200982952e+00 -4.363963692760503221e+00 7.917074037248422735e-01 -1.957867813507639276e+00 -4.471000909923536604e+00 -2.887931124411222239e+00
-3.563051777383186458e+00 -4.360871092360544488e+00 7.918777582101163004e-01 -1.955144789240661929e+00 -4.470094305434312076e+00 -2.884737416240024999e+00
-3.559454804598949806e+00 -4.357758009704513213e+00 7.920112558299365890e-01 -1.952384451235832596e+00 -4.469167217790146474e+00 -2.881530018849427055e+00
-3.555834798355389292e+00 -4.354624616331834730e+00 7.921094878158603247e-01 -1.949586780148629961e+00 -4.468219328934186052e+00 -2.878309067559311263e+00
-3.552191704880355072e+00 -4.351471080592291152e+00 7.921740109065972257e-01 -1.946751762203852820e+00 -4.467250319705891926e+00 -2.875074697412371094e+00
-3.548525473163911759e+00 -4.348297567626439708e+00 7.922063473107374687e-01 -1.943879389229785870e+00 -4.466259869915782055e+00 -2.871827043173138527e+00
-3.544836054994071173e+00 -4.345104239349596220e+00 7.922079847066342273e-01 -1.940969658691645172e+00 -4.465247658421239052e+00 -2.868566239327009715e+00
-3.541123404986987744e+00 -4.341891254439299352e+00 7.921803762777508418e-01 -1.938022573464206033e+00 -4.464213363130538959e+00 -2.865292420079270652e+00
-3.537387480611836832e+00 -4.338658768326161486e+00 7.921249407819339616e-01 -1.935038141865258021e+00 -4.463156661077484877e+00 -2.862005719354118849e+00
-3.533628242210576698e+00 -4.335406933187999634e+00 7.920430626530498008e-01 -1.932016377688187347e+00 -4.462077228497017600e+00 -2.858706270793686777e+00
-3.529845653012812168e+00 -4.332135897947163805e+00 7.919360921334605008e-01 -1.928957300233593131e+00 -4.460974740901756164e+00 -2.855394207757061764e+00
-3.526039679145964723e+00 -4.328845808270966877e+00 7.918053454358545684e-01 -1.925860934340200670e+00 -4.459848873159541149e+00 -2.852069663319307669e+00
-3.522210289640956837e+00 -4.325536806575117410e+00 7.916521049329796611e-01 -1.922727310414729107e+00 -4.458699299571863506e+00 -2.848732770270481662e+00
-3.518357456433615305e+00 -4.322209032030077225e+00 7.914776193738624066e-01 -1.919556464460704381e+00 -4.457525693953183321e+00 -2.845383661114655460e+00
-3.514481154361997373e+00 -4.318862620570231847e+00 7.912831041251385811e-01 -1.916348438106224350e+00 -4.456327729711101249e+00 -2.842022468068930774e+00
-3.510581361159834657e+00 -4.315497704905798315e+00 7.910697414361488322e-01 -1.913103278630822857e+00 -4.455105079927447420e+00 -2.838649323062458762e+00
-3.506658057446373711e+00 -4.312114414537440155e+00 7.908386807262260954e-01 -1.909821038550800321e+00 -4.453857417302521604e+00 -2.835264357735454599e+00
-3.502711226712647452e+00 -4.308712875773360373e+00 7.905910388931686184e-01 -1.906501775647389652e+00 -4.452584414232379828e+00 -2.831867703438215145e+00
-3.498740855304441677e+00 -4.305293211748851157e+00 7.903279006416584762e-01 -1.903145552993837475e+00 -4.451285742886891050e+00 -2.828459491230133516e+00
-3.494746932402144513e+00 -4.301855542448208780e+00 7.900503188304268676e-01 -1.899752438981491931e+00 -4.449961075288594969e+00 -2.825039851878715869e+00
-3.490729449997759914e+00 -4.298399984729006640e+00 7.897593148366603977e-01 -1.896322506824396514e+00 -4.448610083221852030e+00 -2.821608915858595967e+00
-3.486688402869063452e+00 -4.294926652348466156e+00 7.894558789368453233e-01 -1.892855834587539032e+00 -4.447232438306722990e+00 -2.818166813350549749e+00
-3.482623788551168609e+00 -4.291435655991920228e+00 7.891409707029529708e-01 -1.889352505214277889e+00 -4.445827812073636309e+00 -2.814713674240511221e+00
-3.478535607305679456e+00 -4.287927103303273313e+00 7.888155194128987358e-01 -1.885812606552619952e+00 -4.444395876038738535e+00 -2.811249628118587029e+00
-3.474423862793603046e+00 -4.284401099970896354e+00 7.884804245874269535e-01 -1.882236258573882104e+00 -4.442936309951164731e+00 -2.807774804308738048e+00
-3.470288561438839015e+00 -4.280857748767036064e+00 7.881365564141793456e-01 -1.878623580327310805e+00 -4.441448791995384227e+00 -2.804289331867503510e+00
-3.466129712391522677e+00 -4.277297149583067615e+00 7.877847561828913436e-01 -1.874974690006980138e+00 -4.439932998796077612e+00 -2.800793339582703378e+00
-3.461947327490793036e+00 -4.273719399467532654e+00 7.874258367275144277e-01 -1.871289702268873922e+00 -4.438388604448596730e+00 -2.797286955972095868e+00
-3.457741421224814982e+00 -4.270124592664847896e+00 7.870605828768433287e-01 -1.867568727275419338e+00 -4.436815280115132154e+00 -2.793770309282006981e+00
-3.453512010689069101e+00 -4.266512820655377070e+00 7.866897519132302063e-01 -1.863811870535490689e+00 -4.435212693889085678e+00 -2.790243527485932074e+00
-3.449259115543198639e+00 -4.262884172196931942e+00 7.863140740387847272e-01 -1.860019232981400261e+00 -4.433580510741684577e+00 -2.786706738283112994e+00
-3.444982757966667197e+00 -4.259238733367723739e+00 7.859342528478384660e-01 -1.856190910491917423e+00 -4.431918392263395567e+00 -2.783160069097085465e+00
-3.440682962616664842e+00 -4.255576587612511119e+00 7.855509658046635479e-01 -1.852326993554952228e+00 -4.430225996447396675e+00 -2.779603647074172734e+00
-3.436359756581429892e+00 -4.251897815787918589e+00 7.851648647263302916e-01 -1.848427567381596193e+00 -4.428502977634725113e+00 -2.776037599081949026e+00
-3.432013169332626568e+00 -4.248202496208877577e+00 7.847765762699719927e-01 -1.844492712021042591e+00 -4.426748986460427027e+00 -2.772462051707674568e+00
-3.427643232676891305e+00 -4.244490704696097794e+00 7.843867024237558550e-01 -1.840522502475900435e+00 -4.424963669800574984e+00 -2.768877131256702206e+00
-3.423249980706656537e+00 -4.240762514624499602e+00 7.839958210008806105e-01 -1.836517008818497221e+00 -4.423146670720416118e+00 -2.765282963750851586e+00
-3.418833449750348752e+00 -4.237017996972524791e+00 7.836044861359556801e-01 -1.832476296307790076e+00 -4.421297628423561221e+00 -2.761679674926752703e+00
-3.414393678322057202e+00 -4.233257220372249385e+00 7.832132287831344852e-01 -1.828400425507108462e+00 -4.419416178202330237e+00 -2.758067390234160587e+00
-3.409930707070774503e+00 -4.229480251160222970e+00 7.828225572154007272e-01 -1.824289452402516165e+00 -4.417501951389231962e+00 -2.754446234834234453e+00
-3.405444578729286409e+00 -4.225687153428957288e+00 7.824329575244496349e-01 -1.820143428521503903e+00 -4.415554575309484697e+00 -2.750816333597787988e+00
-3.400935338062805791e+00 -4.221877989079001026e+00 7.820448941206019633e-01 -1.815962401052600983e+00 -4.413573673234873596e+00 -2.747177811103504563e+00
-3.396403031817423646e+00 -4.218052817871515536e+00 7.816588102322258313e-01 -1.811746412965499431e+00 -4.411558864338809727e+00 -2.743530791636118682e+00
-3.391847708668456196e+00 -4.214211697481291985e+00 7.812751284041697941e-01 -1.807495503131713699e+00 -4.409509763652646797e+00 -2.739875399184565019e+00
-3.387269419168764450e+00 -4.210354683550134425e+00 7.808942509947258692e-01 -1.803209706445682015e+00 -4.407425982023256417e+00 -2.736211757440091041e+00
-3.382668215697110181e+00 -4.206481829740548406e+00 7.805165606706678805e-01 -1.798889053946529870e+00 -4.405307126071993373e+00 -2.732539989794335877e+00
-3.378044152406614042e+00 -4.202593187789668505e+00 7.801424208999291343e-01 -1.794533572940124166e+00 -4.403152798154932768e+00 -2.728860219337372772e+00
-3.373397285173381110e+00 -4.198688807563350167e+00 7.797721764415059820e-01 -1.790143287121470639e+00 -4.400962596324435872e+00 -2.725172568855716015e+00
-3.368727671545348468e+00 -4.194768737110382339e+00 7.794061538321939153e-01 -1.785718216697629757e+00 -4.398736114292163712e+00 -2.721477160830289677e+00
-3.364035370691410343e+00 -4.190833022716750733e+00 7.790446618697861592e-01 -1.781258378511034968e+00 -4.396472941393521516e+00 -2.717774117434359926e+00
-3.359320443350875429e+00 -4.186881708959889536e+00 7.786879920923794884e-01 -1.776763786163311654e+00 -4.394172662553613051e+00 -2.714063560531429609e+00
-3.354582951783297240e+00 -4.182914838762878951e+00 7.783364192534568682e-01 -1.772234450139225759e+00 -4.391834858254590301e+00 -2.710345611673093291e+00
-3.349822959718733006e+00 -4.178932453448515716e+00 7.779902017924220647e-01 -1.767670377931283454e+00 -4.389459104504651599e+00 -2.706620392096854566e+00
-3.345040532308461323e+00 -4.174934592793223764e+00 7.776495823002974594e-01 -1.763071574164017052e+00 -4.387044972808299192e+00 -2.702888022723902939e+00
-3.340235736076211381e+00 -4.170921295080742830e+00 7.773147879803106175e-01 -1.758438040718798057e+00 -4.384592030138263041e+00 -2.699148624156850307e+00
-3.335408638869924225e+00 -4.166892597155541722e+00 7.769860311030966082e-01 -1.753769776858956408e+00 -4.382099838909031320e+00 -2.695402316677427024e+00
-3.330559309814096203e+00 -4.162848534475930506e+00 7.766635094562751584e-01 -1.749066779354974566e+00 -4.379567956951911256e+00 -2.691649220244137108e+00
-3.325687819262723721e+00 -4.158789141166797876e+00 7.763474067881662721e-01 -1.744329042609692015e+00 -4.376995937491621191e+00 -2.687889454489870822e+00
-3.320794238752881267e+00 -4.154714450071962162e+00 7.760378932454511380e-01 -1.739556558783822870e+00 -4.374383329124587050e+00 -2.684123138719475055e+00
-3.315878640958962009e+00 -4.150624492806067600e+00 7.757351258045580567e-01 -1.734749317921498779e+00 -4.371729675798852632e+00 -2.680350391907280194e+00
-3.310941099647601860e+00 -4.146519299806008974e+00 7.754392486965948628e-01 -1.729907308075836037e+00 -4.369034516795605505e+00 -2.676571332694584804e+00
-3.305981689633306964e+00 -4.142398900381834004e+00 7.751503938256673054e-01 -1.725030515434486489e+00 -4.366297386712362005e+00 -2.672786079387094560e+00
-3.301000486734806838e+00 -4.138263322767091523e+00 7.748686811804149643e-01 -1.720118924445160236e+00 -4.363517815447801595e+00 -2.668994749952316337e+00
-3.295997567732150912e+00 -4.134112594168605881e+00 7.745942192386302549e-01 -1.715172517941166319e+00 -4.360695328188333164e+00 -2.665197462016909213e+00
-3.290973010324560022e+00 -4.129946740815624295e+00 7.743271053648291824e-01 -1.710191277266815524e+00 -4.357829445396316004e+00 -2.661394332863986190e+00
-3.285926893089051504e+00 -4.125765788008328272e+00 7.740674262006533857e-01 -1.705175182402763445e+00 -4.354919682800022507e+00 -2.657585479430372821e+00
-3.280859295439842782e+00 -4.121569760165671781e+00 7.738152580480029963e-01 -1.700124212091025822e+00 -4.351965551385222675e+00 -2.653771018303815676e+00
-3.275770297588549873e+00 -4.117358680872526655e+00 7.735706672448057208e-01 -1.695038343960030947e+00 -4.348966557388600940e+00 -2.649951065720145493e+00
-3.270659980505185693e+00 -4.113132572926105013e+00 7.733337105333399908e-01 -1.689917554649440490e+00 -4.345922202292903158e+00 -2.646125737560390156e+00
-3.265528425879963947e+00 -4.108891458381652484e+00 7.731044354210405700e-01 -1.684761819934540661e+00 -4.342831982823719628e+00 -2.642295149347841487e+00
-3.260375716085914366e+00 -4.104635358597367834e+00 7.728828805337252250e-01 -1.679571114850537672e+00 -4.339695390948119069e+00 -2.638459416245068745e+00
-3.255201934142299081e+00 -4.100364294278549870e+00 7.726690759613812354e-01 -1.674345413762964085e+00 -4.336511913845542132e+00 -2.634618653050885939e+00
-3.250007163674144550e+00 -4.096078285518052198e+00 7.724630436013891766e-01 -1.669084693387348439e+00 -4.333281035515917701e+00 -2.630772974197365333e+00
-3.244791488877138086e+00 -4.091777351838655541e+00 7.722647974950233030e-01 -1.663788933722834429e+00 -4.330002237294992007e+00 -2.626922493746812748e+00
-3.239554994483456962e+00 -4.087461512234659367e+00 7.720743441568186372e-01 -1.658458118593089337e+00 -4.326674998170933151e+00 -2.623067325388696247e+00
-3.234297765728548324e+00 -4.083130785212694569e+00 7.718916828962429921e-01 -1.653092235703666368e+00 -4.323298794838752457e+00 -2.619207582436528181e+00
-3.229019888318761744e+00 -4.078785188831671071e+00 7.717168061316742600e-01 -1.647691276698225238e+00 -4.319873101755614897e+00 -2.615343377824696613e+00
-3.223721448399818001e+00 -4.074424740741833695e+00 7.715496996966876297e-01 -1.642255237214003794e+00 -4.316397391197268618e+00 -2.611474824105248782e+00
-3.218402532526120297e+00 -4.070049458222928962e+00 7.713903431386512910e-01 -1.636784116935903644e+00 -4.312871133315208105e+00 -2.607602033444622602e+00
-3.213063227630897689e+00 -4.065659358221477504e+00 7.712387100096579351e-01 -1.631277919649798624e+00 -4.309293796194926252e+00 -2.603725117620330654e+00
-3.207703620997176319e+00 -4.061254457387144967e+00 7.710947681498064865e-01 -1.625736653294403089e+00 -4.305664845914845884e+00 -2.599844188017591318e+00
-3.202323800229570860e+00 -4.056834772108206977e+00 7.709584799628655949e-01 -1.620160330012131444e+00 -4.301983746606182990e+00 -2.595959355625911069e+00
-3.196923853226890877e+00 -4.052400318546116154e+00 7.708298026843549700e-01 -1.614548966198788849e+00 -4.298249960513635948e+00 -2.592070731035614362e+00
-3.191503868155549206e+00 -4.047951112669160523e+00 7.707086886420890792e-01 -1.608902582552131699e+00 -4.294462948056899876e+00 -2.588178424434322000e+00
-3.186063933322496489e+00 -4.043487170231474082e+00 7.705950855259328103e-01 -1.603221208163880140e+00 -4.290622170353231901e+00 -2.584282545605108616e+00
-3.180604137150306876e+00 -4.039008506804885101e+00 7.704889366502309933e-01 -1.597504880498614277e+00 -4.286727089325180984e+00 -2.580383203924649926e+00
-3.175124568153126603e+00 -4.034515137809767005e+00 7.703901812089636314e-01 -1.591753645371139836e+00 -4.282777167808300867e+00 -2.576480508361363331e+00
-3.169625314913374847e+00 -4.030007078544810994e+00 7.702987545241570810e-01 -1.585967557302416786e+00 -4.278771869899811620e+00 -2.572574567473546292e+00
-3.164106466059300793e+00 -4.025484344215819021e+00 7.702145882875358618e-01 -1.580146679803553500e+00 -4.274710661272596468e+00 -2.568665489407511604e+00
-3.158568110243454186e+00 -4.020946949963579264e+00 7.701376107950991257e-01 -1.574291085336889884e+00 -4.270593009290425179e+00 -2.564753381895714224e+00
-3.153010336121973012e+00 -4.016394910890744185e+00 7.700677471747094938e-01 -1.568400855275346784e+00 -4.266418383122805302e+00 -2.560838352254875439e+00
-3.147433232334685638e+00 -4.011828242087740470e+00 7.700049196067689783e-01 -1.562476079860502853e+00 -4.262186253859707286e+00 -2.556920507384097707e+00
-3.141836887486008756e+00 -4.007246958657699309e+00 7.699490475380585952e-01 -1.556516858159002314e+00 -4.257896094625877481e+00 -2.552999953762976837e+00
-3.136221390126636699e+00 -4.002651075740426556e+00 7.699000478888382570e-01 -1.550523298017723484e+00 -4.253547380694984170e+00 -2.549076797449707499e+00
-3.130586828736003913e+00 -3.998040608535422979e+00 7.698578352532767788e-01 -1.544495516017170722e+00 -4.249139589603215583e+00 -2.545151144079182526e+00
-3.124933291705509486e+00 -3.993415572323950613e+00 7.698223220933151367e-01 -1.538433637423627154e+00 -4.244672201262635447e+00 -2.541223098861089547e+00
-3.119260867322494413e+00 -3.988775982490175842e+00 7.697934189260597915e-01 -1.532337796139453978e+00 -4.240144698073859963e+00 -2.537292766578001846e+00
-3.113569643754954264e+00 -3.984121854541387009e+00 7.697710345047954483e-01 -1.526208134652283110e+00 -4.235556565038517185e+00 -2.533360251583465228e+00
-3.107859709036976170e+00 -3.979453204127301635e+00 7.697550759937139553e-01 -1.520044803982604664e+00 -4.230907289871121080e+00 -2.529425657800081328e+00
-3.102131151054886793e+00 -3.974770047058479694e+00 7.697454491364661422e-01 -1.513847963629982640e+00 -4.226196363110478416e+00 -2.525489088717586039e+00
-3.096384057534094403e+00 -3.970072399323852252e+00 7.697420584186281944e-01 -1.507617781517588851e+00 -4.221423278230380660e+00 -2.521550647390925715e+00
-3.090618516026617524e+00 -3.965360277107382814e+00 7.697448072241933614e-01 -1.501354433935737198e+00 -4.216587531750015216e+00 -2.517610436438329380e+00
-3.084834613899280154e+00 -3.960633696803871118e+00 7.697535979861910294e-01 -1.495058105483711319e+00 -4.211688623343578186e+00 -2.513668558039378276e+00
-3.079032438322561127e+00 -3.955892675033923389e+00 7.697683323315391846e-01 -1.488728989010376313e+00 -4.206726055949378207e+00 -2.509725113933073182e+00
-3.073212076260086523e+00 -3.951137228658089917e+00 7.697889112202426221e-01 -1.482367285553449321e+00 -4.201699335878332775e+00 -2.505780205415897299e+00
-3.067373614458742459e+00 -3.946367374790204607e+00 7.698152350791230836e-01 -1.475973204454714915e+00 -4.196607973052645768e+00 -2.501833933339880911e+00
-3.061517139439408286e+00 -3.941583130809921620e+00 7.698472039302617365e-01 -1.469546963598946654e+00 -4.191451481342277852e+00 -2.497886398110660711e+00
-3.055642737488278637e+00 -3.936784514374485511e+00 7.698847175141096955e-01 -1.463088789339761941e+00 -4.186229378676157964e+00 -2.493937699685539133e+00
-3.049750494648777455e+00 -3.931971543429731319e+00 7.699276754073743900e-01 -1.456598916424326262e+00 -4.180941187152675376e+00 -2.489987937571541465e+00
-3.043840496714035559e+00 -3.927144236220348805e+00 7.699759771357976845e-01 -1.450077587916504873e+00 -4.175586433149098831e+00 -2.486037210823473842e+00
-3.037912829219926003e+00 -3.922302611299419706e+00 7.700295222819755203e-01 -1.443525055145508773e+00 -4.170164647450693707e+00 -2.482085618041979469e+00
-3.031967577438638095e+00 -3.917446687537242234e+00 7.700882105882914663e-01 -1.436941577624719635e+00 -4.164675365357604520e+00 -2.478133257371594400e+00
-3.026004826372780343e+00 -3.912576484129470344e+00 7.701519420550705375e-01 -1.430327422969412954e+00 -4.159118126790862568e+00 -2.474180226498802870e+00
-3.020024660749988765e+00 -3.907692020604574878e+00 7.702206170340635261e-01 -1.423682866813130499e+00 -4.153492476397272704e+00 -2.470226622650094850e+00
-3.014027165018038801e+00 -3.902793316830652781e+00 7.702941363173761991e-01 -1.417008192722660098e+00 -4.147797963653110820e+00 -2.466272542590021821e+00
-3.008012423340435948e+00 -3.897880393021598167e+00 7.703724012219252959e-01 -1.410303692111910978e+00 -4.142034142966814159e+00 -2.462318082619256110e+00
-3.001980519592474916e+00 -3.892953269742651212e+00 7.704553136695810878e-01 -1.403569664154662444e+00 -4.136200573780609346e+00 -2.458363338572647994e+00
-2.995931537357753971e+00 -3.888011967915351530e+00 7.705427762630732147e-01 -1.396806415696162373e+00 -4.130296820671028435e+00 -2.454408405817288141e+00
-2.989865559925127148e+00 -3.883056508821901343e+00 7.706346923581420816e-01 -1.390014261795962991e+00 -4.124322453967208979e+00 -2.450453379250568720e+00
-2.983782670286086791e+00 -3.878086914108966887e+00 7.707309661316756877e-01 -1.383193525623936715e+00 -4.118277049854866867e+00 -2.446498353298249384e+00
-2.977682951132555544e+00 -3.873103205790926928e+00 7.708315026459466868e-01 -1.376344538355114056e+00 -4.112160190478834743e+00 -2.442543421912523716e+00
-2.971566484855084234e+00 -3.868105406252592360e+00 7.709362079090638087e-01 -1.369467639063289166e+00 -4.105971464044091412e+00 -2.438588678570090096e+00
-2.965433353541430339e+00 -3.863093538251409775e+00 7.710449889317233518e-01 -1.362563174613344641e+00 -4.099710464915173880e+00 -2.434634216270223916e+00
-2.959283638975511277e+00 -3.858067624919172101e+00 7.711577537803635529e-01 -1.355631499552760300e+00 -4.093376793714337047e+00 -2.430680127532855561e+00
-2.953117422636719169e+00 -3.853027689763245611e+00 7.712744116268370753e-01 -1.348672976002089019e+00 -4.086970057418224833e+00 -2.426726504396650608e+00
-2.946934785699578008e+00 -3.847973756667342204e+00 7.713948727946957629e-01 -1.341687973544384960e+00 -4.080489869453004736e+00 -2.422773438417095360e+00
-2.940735809033735659e+00 -3.842905849891844916e+00 7.715190488021927973e-01 -1.334676869113419428e+00 -4.073935849787782892e+00 -2.418821020664585486e+00
-2.934520573204275173e+00 -3.837823994073706668e+00 7.716468524021148356e-01 -1.327640046881211511e+00 -4.067307625026692186e+00 -2.414869341722520879e+00
-2.928289158472332510e+00 -3.832728214225942676e+00 7.717781976185141835e-01 -1.320577898144437157e+00 -4.060604828499263519e+00 -2.410918491685406284e+00
-2.922041644796011362e+00 -3.827618535736728056e+00 7.719129997804548005e-01 -1.313490821209764903e+00 -4.053827100349041146e+00 -2.406968560156955483e+00
-2.915778111831577757e+00 -3.822494984368119297e+00 7.720511755528812747e-01 -1.306379221278657798e+00 -4.046974087620909266e+00 -2.403019636248202584e+00
-2.909498638934924220e+00 -3.817357586254420010e+00 7.721926429646847057e-01 -1.299243510331298923e+00 -4.040045444346763936e+00 -2.399071808575620413e+00
-2.903203305163292836e+00 -3.812206367900199844e+00 7.723373214340610859e-01 -1.292084107009626948e+00 -4.033040831629495671e+00 -2.395125165259244238e+00
-2.896892189277243013e+00 -3.807041356177988334e+00 7.724851317912718729e-01 -1.284901436499893634e+00 -4.025959917725605131e+00 -2.391179793920802599e+00
-2.890565369742855939e+00 -3.801862578325655662e+00 7.726359962988675889e-01 -1.277695930413950576e+00 -4.018802378125692520e+00 -2.387235781681856128e+00
-2.884222924734156202e+00 -3.796670061943500318e+00 7.727898386694969091e-01 -1.270468026670090289e+00 -4.011567895633527669e+00 -2.383293215161943035e+00
-2.877864932135751896e+00 -3.791463834991054327e+00 7.729465840813637412e-01 -1.263218169373233835e+00 -4.004256160443478763e+00 -2.379352180476733469e+00
-2.871491469545668362e+00 -3.786243925783622011e+00 7.731061591914186737e-01 -1.255946808694426320e+00 -3.996866870216225109e+00 -2.375412763236190550e+00
-2.865102614278374205e+00 -3.781010362988569184e+00 7.732684921463903738e-01 -1.248654400749710014e+00 -3.989399730152770385e+00 -2.371475048542742048e+00
-2.858698443367987174e+00 -3.775763175621375645e+00 7.734335125917215503e-01 -1.241341407478351755e+00 -3.981854453066713262e+00 -2.367539120989458734e+00
-2.852279033571644362e+00 -3.770502393041465172e+00 7.736011516784823128e-01 -1.234008296520712866e+00 -3.974230759454992601e+00 -2.363605064658244270e+00
-2.845844461373033152e+00 -3.765228044947826813e+00 7.737713420683812737e-01 -1.226655541095298840e+00 -3.966528377566640895e+00 -2.359672963118031763e+00
-2.839394802986070943e+00 -3.759940161374439427e+00 7.739440179369148076e-01 -1.219283619875638713e+00 -3.958747043470131288e+00 -2.355742899422992753e+00
-2.832930134358717655e+00 -3.754638772685519044e+00 7.741191149747236322e-01 -1.211893016866580908e+00 -3.950886501118882066e+00 -2.351814956110755972e+00
-2.826450531176922354e+00 -3.749323909570590363e+00 7.742965703872700667e-01 -1.204484221280057721e+00 -3.942946502414930610e+00 -2.347889215200634094e+00
-2.819956068868685328e+00 -3.743995603039408593e+00 7.744763228928748244e-01 -1.197057727410515415e+00 -3.934926807270937577e+00 -2.343965758191864701e+00
-2.813446822608230313e+00 -3.738653884416733852e+00 7.746583127192157026e-01 -1.189614034510026119e+00 -3.926827183670496435e+00 -2.340044666061860124e+00
-2.806922867320278847e+00 -3.733298785336973236e+00 7.748424815983273595e-01 -1.182153646663006707e+00 -3.918647407726650655e+00 -2.336126019264469278e+00
-2.800384277684414336e+00 -3.727930337738705191e+00 7.750287727601933296e-01 -1.174677072660787136e+00 -3.910387263738821506e+00 -2.332209897728251047e+00
-2.793831128139532716e+00 -3.722548573859094212e+00 7.752171309249930031e-01 -1.167184825875625442e+00 -3.902046544247699700e+00 -2.328296380854760539e+00
-2.787263492888365946e+00 -3.717153526228204719e+00 7.754075022940587480e-01 -1.159677424134791579e+00 -3.893625050088716399e+00 -2.324385547516845119e+00
-2.780681445902070781e+00 -3.711745227663231894e+00 7.755998345396044602e-01 -1.152155389591279722e+00 -3.885122590440400092e+00 -2.320477476056956423e+00
-2.774085060924882828e+00 -3.706323711262654363e+00 7.757940767933169113e-01 -1.144619248597328998e+00 -3.876538982874072836e+00 -2.316572244285473481e+00
-2.767474411478815455e+00 -3.700889010400321144e+00 7.759901796338475322e-01 -1.137069531577993953e+00 -3.867874053402006851e+00 -2.312669929479036934e+00
-2.760849570868407543e+00 -3.695441158719479535e+00 7.761880950732622519e-01 -1.129506772904523837e+00 -3.859127636523767002e+00 -2.308770608378900580e+00
-2.754210612185505003e+00 -3.689980190126759929e+00 7.763877765425231114e-01 -1.121931510767526508e+00 -3.850299575270663688e+00 -2.304874357189294010e+00
-2.747557608314075139e+00 -3.684506138786119323e+00 7.765891788760305170e-01 -1.114344287050170079e+00 -3.841389721248574585e+00 -2.300981251575800801e+00
-2.740890631935041455e+00 -3.679019039112758183e+00 7.767922582953135091e-01 -1.106745647201353488e+00 -3.832397934679017570e+00 -2.297091366663748246e+00
-2.734209755531139763e+00 -3.673518925767015553e+00 7.769969723919091242e-01 -1.099136140108995185e+00 -3.823324084438622261e+00 -2.293204777036615738e+00
-2.727515051391776524e+00 -3.668005833648253500e+00 7.772032801094574950e-01 -1.091516317973122430e+00 -3.814168048096612917e+00 -2.289321556734455143e+00
-2.720806591617901393e+00 -3.662479797888735344e+00 7.774111417251022838e-01 -1.083886736179216381e+00 -3.804929711950779669e+00 -2.285441779252325833e+00
-2.714084448126869553e+00 -3.656940853847510553e+00 7.776205188302255378e-01 -1.076247953171640681e+00 -3.795608971061728898e+00 -2.281565517538748367e+00
-2.707348692657301825e+00 -3.651389037104308954e+00 7.778313743105658151e-01 -1.068600530327064035e+00 -3.786205729285266663e+00 -2.277692843994169714e+00
-2.700599396773930572e+00 -3.645824383453452722e+00 7.780436723257664333e-01 -1.060945031828172347e+00 -3.776719899303245143e+00 -2.273823830469446250e+00
-2.693836631872426501e+00 -3.640246928897793666e+00 7.782573782884132374e-01 -1.053282024537496087e+00 -3.767151402652629599e+00 -2.269958548264344067e+00
-2.687060469184202383e+00 -3.634656709642684280e+00 7.784724588425699920e-01 -1.045612077871402423e+00 -3.757500169752827190e+00 -2.266097068126054381e+00
-2.680270979781190555e+00 -3.629053762089982982e+00 7.786888818418913338e-01 -1.037935763674510348e+00 -3.747766139931552942e+00 -2.262239460247724931e+00
-2.673468234580588021e+00 -3.623438122832105979e+00 7.789066163273280496e-01 -1.030253656094200609e+00 -3.737949261448826554e+00 -2.258385794267010027e+00
-2.666652304349558911e+00 -3.617809828646128878e+00 7.791256325044847442e-01 -1.022566331452414268e+00 -3.728049491515641023e+00 -2.254536139264637029e+00
-2.659823259709902299e+00 -3.612168916487939363e+00 7.793459017206614270e-01 -1.014874368121009951e+00 -3.718066796314814404e+00 -2.250690563762990148e+00
-2.652981171142672068e+00 -3.606515423486456040e+00 7.795673964416131030e-01 -1.007178346397192614e+00 -3.708001151019856501e+00 -2.246849135724711122e+00
-2.646126108992745696e+00 -3.600849386937907237e+00 7.797900902280657798e-01 -9.994788483795871148e-01 -3.697852539812542361e+00 -2.243011922551319426e+00
-2.639258143473342422e+00 -3.595170844300181301e+00 7.800139577120042134e-01 -9.917764578444128176e-01 -3.687620955898490926e+00 -2.239178991081849812e+00
-2.632377344670482788e+00 -3.589479833187251945e+00 7.802389745728071091e-01 -9.840717601223625266e-01 -3.677306401521484247e+00 -2.235350407591507604e+00
-2.625483782547391787e+00 -3.583776391363680425e+00 7.804651175132100160e-01 -9.763653419757227780e-01 -3.666908887975920628e+00 -2.231526237790343536e+00
-2.618577526948834056e+00 -3.578060556739201203e+00 7.806923642351765169e-01 -9.686577914760154950e-01 -3.656428435617742778e+00 -2.227706546821946798e+00
-2.611658647605388239e+00 -3.572332367363390659e+00 7.809206934157051361e-01 -9.609496978822693602e-01 -3.645865073873954199e+00 -2.223891399262156732e+00
-2.604727214137647628e+00 -3.566591861420429943e+00 7.811500846825476518e-01 -9.532416515198021134e-01 -3.635218841250562161e+00 -2.220080859117794958e+00
-2.597783296060355518e+00 -3.560839077223953542e+00 7.813805185899194150e-01 -9.455342436593145994e-01 -3.624489785338666614e+00 -2.216274989825416153e+00
-2.590826962786459742e+00 -3.555074053211999541e+00 7.816119765942162179e-01 -9.378280663968787678e-01 -3.613677962819432210e+00 -2.212473854250078364e+00
-2.583858283631099262e+00 -3.549296827942054477e+00 7.818444410297609171e-01 -9.301237125344421486e-01 -3.602783439467447835e+00 -2.208677514684133758e+00
-2.576877327815506380e+00 -3.543507440086197224e+00 7.820778950846098976e-01 -9.224217754607662023e-01 -3.591806290152332881e+00 -2.204886032846039789e+00
-2.569884164470831234e+00 -3.537705928426351676e+00 7.823123227764294807e-01 -9.147228490313250582e-01 -3.580746598836569206e+00 -2.201099469879190362e+00
-2.562878862641885913e+00 -3.531892331849635802e+00 7.825477089285031163e-01 -9.070275274505303909e-01 -3.569604458574036521e+00 -2.197317886350766525e+00
-2.555861491290804199e+00 -3.526066689343824834e+00 7.827840391458305014e-01 -8.993364051536534287e-01 -3.558379971505722494e+00 -2.193541342250609372e+00
-2.548832119300616927e+00 -3.520229039992918807e+00 7.830212997914026696e-01 -8.916500766900794517e-01 -3.547073248854796912e+00 -2.189769896990115150e+00
-2.541790815478745635e+00 -3.514379422972826461e+00 7.832594779626563808e-01 -8.839691366022315311e-01 -3.535684410913132680e+00 -2.186003609401213854e+00
-2.534737648560406065e+00 -3.508517877547152608e+00 7.834985614681323485e-01 -8.762941793110292643e-01 -3.524213587034293216e+00 -2.182242537735306076e+00
-2.527672687211922842e+00 -3.502644443063101853e+00 7.837385388043403012e-01 -8.686257990020329611e-01 -3.512660915625017033e+00 -2.178486739662219396e+00
-2.520596000033954454e+00 -3.496759158947490231e+00 7.839793991328493084e-01 -8.609645895124329318e-01 -3.501026544135413587e+00 -2.174736272269187420e+00
-2.513507655564635179e+00 -3.490862064702874967e+00 7.842211322576426724e-01 -8.533111442159342364e-01 -3.489310629043584022e+00 -2.170991192059865682e+00
-2.506407722282875561e+00 -3.484953199904194499e+00 7.844637286028338652e-01 -8.456660558989324006e-01 -3.477513335824629515e+00 -2.167251554955587078e+00
-2.499296268611330696e+00 -3.479032604195137601e+00 7.847071791906461424e-01 -8.380299166493010432e-01 -3.465634838935166329e+00 -2.163517416294489237e+00
-2.492173362919265056e+00 -3.473100317284609773e+00 7.849514756197166765e-01 -8.304033177470979687e-01 -3.453675321798066911e+00 -2.159788830830592588e+00
-2.485039073525330711e+00 -3.467156378943313300e+00 7.851966100437122176e-01 -8.227868495563377405e-01 -3.441634976786211997e+00 -2.156065852732899302e+00
-2.477893468700252289e+00 -3.461200829000445900e+00 7.854425751502698283e-01 -8.151811014167276159e-01 -3.429514005203591509e+00 -2.152348535584517109e+00
-2.470736616669425345e+00 -3.455233707340501947e+00 7.856893641403133177e-01 -8.075866615363977985e-01 -3.417312617265255703e+00 -2.148636932381804421e+00
-2.463568585615424134e+00 -3.449255053900198043e+00 7.859369707077074052e-01 -8.000041168853422313e-01 -3.405031032075674702e+00 -2.144931095533538556e+00
-2.456389443680421891e+00 -3.443264908665501167e+00 7.861853890193006844e-01 -7.924340530901168300e-01 -3.392669477606333750e+00 -2.141231076860109273e+00
-2.449199258968520976e+00 -3.437263311668772303e+00 7.864346136953518362e-01 -7.848770543293790425e-01 -3.380228190671934918e+00 -2.137536927592731839e+00
-2.441998099547996848e+00 -3.431250302986017076e+00 7.866846397903548560e-01 -7.773337032304428185e-01 -3.367707416905461049e+00 -2.133848698372688091e+00
-2.434786033453455900e+00 -3.425225922734250084e+00 7.869354627742947139e-01 -7.698045807668096874e-01 -3.355107410732045103e+00 -2.130166439250587462e+00
-2.427563128687907135e+00 -3.419190211068957819e+00 7.871870785143135762e-01 -7.622902661568868865e-01 -3.342428435341974868e+00 -2.126490199685654225e+00
-2.420329453224747240e+00 -3.413143208181676158e+00 7.874394832568223368e-01 -7.547913367635168402e-01 -3.329670762662239270e+00 -2.122820028545037374e+00
-2.413085075009667513e+00 -3.407084954297667334e+00 7.876926736100656745e-01 -7.473083679946435076e-01 -3.316834673327131000e+00 -2.119155974103144935e+00
-2.405830061962470623e+00 -3.401015489673699044e+00 7.879466465271349751e-01 -7.398419332049737118e-01 -3.303920456647678527e+00 -2.115498084041002702e+00
-2.398564481978817220e+00 -3.394934854595926588e+00 7.882013992894773002e-01 -7.323926035988881367e-01 -3.290928410580327146e+00 -2.111846405445636066e+00
-2.391288402931882828e+00 -3.388843089377872708e+00 7.884569294908654324e-01 -7.249609481343577411e-01 -3.277858841694470726e+00 -2.108200984809478484e+00
-2.384001892673945022e+00 -3.382740234358502907e+00 7.887132350218513110e-01 -7.175475334279508566e-01 -3.264712065138990038e+00 -2.104561868029803051e+00
-2.376705019037892441e+00 -3.376626329900394019e+00 7.889703140547316140e-01 -7.101529236483827834e-01 -3.251488404586548864e+00 -2.100929100408178485e+00
-2.369397849838657422e+00 -3.370501416387996940e+00 7.892281650290171591e-01 -7.027776804241565589e-01 -3.238188192198198312e+00 -2.097302726649950433e+00
-2.362080452874580683e+00 -3.364365534225988164e+00 7.894867866374173371e-01 -6.954223627522244655e-01 -3.224811768586875349e+00 -2.093682790863748533e+00
-2.354752895928705403e+00 -3.358218723837705255e+00 7.897461778123593401e-01 -6.880875269079900214e-01 -3.211359482780355989e+00 -2.090069336561015678e+00
-2.347415246770002017e+00 -3.352061025663669369e+00 7.900063377130392972e-01 -6.807737263562070318e-01 -3.197831692182909080e+00 -2.086462406655566149e+00
-2.340067573154528624e+00 -3.345892480160185478e+00 7.902672657130244138e-01 -6.734815116633625642e-01 -3.184228762536674751e+00 -2.082862043463165502e+00
-2.332709942826530991e+00 -3.339713127798022541e+00 7.905289613884044497e-01 -6.662114304109847396e-01 -3.170551067881806961e+00 -2.079268288701138001e+00
-2.325342423519476398e+00 -3.333523009061168274e+00 7.907914245065152947e-01 -6.589640271101839808e-01 -3.156798990515926384e+00 -2.075681183487998460e+00
-2.317965082957036849e+00 -3.327322164445653208e+00 7.910546550152287582e-01 -6.517398431172600759e-01 -3.142972920952593618e+00 -2.072100768343108967e+00
-2.310577988854014997e+00 -3.321110634458444899e+00 7.913186530328163437e-01 -6.445394165506603823e-01 -3.129073257879326331e+00 -2.068527083186363136e+00
-2.303181208917211897e+00 -3.314888459616403882e+00 7.915834188384099912e-01 -6.373632822090957717e-01 -3.115100408114832575e+00 -2.064960167337893449e+00
-2.295774810846258340e+00 -3.308655680445305780e+00 7.918489528630525687e-01 -6.302119714907639114e-01 -3.101054786565373256e+00 -2.061400059517805694e+00
-2.288358862334385346e+00 -3.302412337478913607e+00 7.921152556813475520e-01 -6.230860123133268313e-01 -3.086936816179598253e+00 -2.057846797845939602e+00
-2.280933431069164907e+00 -3.296158471258107792e+00 7.923823280037136652e-01 -6.159859290355418349e-01 -3.072746927903532654e+00 -2.054300419841653902e+00
-2.273498584733201433e+00 -3.289894122330064619e+00 7.926501706692797855e-01 -6.089122423799837591e-01 -3.058485560634689904e+00 -2.050760962423638478e+00
-2.266054391004791668e+00 -3.283619331247479067e+00 7.929187846393802586e-01 -6.018654693571341419e-01 -3.044153161175849664e+00 -2.047228461909751385e+00
-2.258600917558551302e+00 -3.277334138567830735e+00 7.931881709916859258e-01 -5.948461231906942981e-01 -3.029750184188255702e+00 -2.043702954016883844e+00
-2.251138232066010048e+00 -3.271038584852683506e+00 7.934583309149874086e-01 -5.878547132441391820e-01 -3.015277092144286186e+00 -2.040184473860848779e+00
-2.243666402196180965e+00 -3.264732710667020310e+00 7.937292657046109978e-01 -5.808917449484551909e-01 -3.000734355279499610e+00 -2.036673055956297329e+00
-2.236185495616112462e+00 -3.258416556578604961e+00 7.940009767584909062e-01 -5.739577197310068435e-01 -2.986122451543966605e+00 -2.033168734216660667e+00
-2.228695579991415876e+00 -3.252090163157368430e+00 7.942734655739012162e-01 -5.670531349457064163e-01 -2.971441866553245159e+00 -2.029671541954118474e+00
-2.221196722986780614e+00 -3.245753570974811097e+00 7.945467337448505196e-01 -5.601784838044250314e-01 -2.956693093538900641e+00 -2.026181511879594055e+00
-2.213688992266481748e+00 -3.239406820603422776e+00 7.948207829601581231e-01 -5.533342553095714766e-01 -2.941876633298448507e+00 -2.022698676102775206e+00
-2.206172455494876061e+00 -3.233049952616109834e+00 7.950956150022139290e-01 -5.465209341879242455e-01 -2.926992994144906213e+00 -2.019223066132160849e+00
-2.198647180336902984e+00 -3.226683007585625429e+00 7.953712317464216586e-01 -5.397390008256257588e-01 -2.912042691855791787e+00 -2.015754712875135635e+00
-2.191113234458580195e+00 -3.220306026084002404e+00 7.956476351613389619e-01 -5.329889312043971650e-01 -2.897026249621708072e+00 -2.012293646638069422e+00
-2.183570685527511657e+00 -3.213919048681975976e+00 7.959248273095157478e-01 -5.262711968390245687e-01 -2.881944197994644519e+00 -2.008839897126445617e+00
-2.176019601213403654e+00 -3.207522115948398422e+00 7.962028103490452757e-01 -5.195862647159885661e-01 -2.866797074835750969e+00 -2.005393493445012165e+00
-2.168460049188598138e+00 -3.201115268449634677e+00 7.964815865358314539e-01 -5.129345972333649861e-01 -2.851585425262875617e+00 -2.001954464097963626e+00
-2.160892097128624734e+00 -3.194698546748938828e+00 7.967611582265751169e-01 -5.063166521411375243e-01 -2.836309801596033076e+00 -1.998522836989146123e+00
-2.153315812712780719e+00 -3.188271991405798644e+00 7.970415278824825034e-01 -4.997328824835212124e-01 -2.820970763304234019e+00 -1.995098639422291154e+00
-2.145731263624735874e+00 -3.181835642975252121e+00 7.973226980737351255e-01 -4.931837365424827091e-01 -2.805568876952006185e+00 -1.991681898101274495e+00
-2.138138517553178630e+00 -3.175389542007160060e+00 7.976046714846769525e-01 -4.866696577823905745e-01 -2.790104716145472175e+00 -1.988272639130402863e+00
-2.130537642192498193e+00 -3.168933729045439573e+00 7.978874509197666498e-01 -4.801910847959349748e-01 -2.774578861478322445e+00 -1.984870888014726775e+00
-2.122928705243511072e+00 -3.162468244627238967e+00 7.981710393102834367e-01 -4.737484512511991319e-01 -2.758991900477452575e+00 -1.981476669660380052e+00
-2.115311774414240453e+00 -3.155993129282065546e+00 7.984554397217951127e-01 -4.673421858399957607e-01 -2.743344427548548126e+00 -1.978090008374946196e+00
-2.107686917420751094e+00 -3.149508423530841039e+00 7.987406553623876970e-01 -4.609727122272591071e-01 -2.727637043921169901e+00 -1.974710927867851407e+00
-2.100054201988041491e+00 -3.143014167884897958e+00 7.990266895916947609e-01 -4.546404490017141864e-01 -2.711870357593876513e+00 -1.971339451250784025e+00
-2.092413695851007560e+00 -3.136510402844892464e+00 7.993135459306922597e-01 -4.483458096276831117e-01 -2.696044983279088036e+00 -1.967975601038140621e+00
-2.084765466755475138e+00 -3.129997168899640414e+00 7.996012280722802901e-01 -4.420892023980171892e-01 -2.680161542347697434e+00 -1.964619399147499612e+00
-2.077109582459311987e+00 -3.123474506524865024e+00 7.998897398926719804e-01 -4.358710303882091797e-01 -2.664220662773587378e+00 -1.961270866900120202e+00
-2.069446110733620614e+00 -3.116942456181849508e+00 8.001790854635808525e-01 -4.296916914116277741e-01 -2.648222979077940575e+00 -1.957930025021469289e+00
-2.061775119364024800e+00 -3.110401058315989342e+00 8.004692690652194242e-01 -4.235515779759537747e-01 -2.632169132273577183e+00 -1.954596893641774136e+00
-2.054096676152045831e+00 -3.103850353355237068e+00 8.007602952001057206e-01 -4.174510772406849757e-01 -2.616059769809014668e+00 -1.951271492296602572e+00
-2.046410848916584868e+00 -3.097290381708432960e+00 8.010521686076981229e-01 -4.113905709757972318e-01 -2.599895545512517003e+00 -1.947953839927469399e+00
-2.038717705495511012e+00 -3.090721183763514901e+00 8.013448942798530039e-01 -4.053704355215481669e-01 -2.583677119536108346e+00 -1.944643954882468995e+00
-2.031017313747359943e+00 -3.084142799885602138e+00 8.016384774771166954e-01 -3.993910417493440335e-01 -2.567405158299415291e+00 -1.941341854916935228e+00
-2.023309741553158680e+00 -3.077555270414940480e+00 8.019329237458551196e-01 -3.934527550237747473e-01 -2.551080334433609487e+00 -1.938047557194127801e+00
-2.015595056818368480e+00 -3.070958635664708503e+00 8.022282389362281885e-01 -3.875559351656969742e-01 -2.534703326725205486e+00 -1.934761078285945235e+00
-2.007873327474967162e+00 -3.064352935918678078e+00 8.025244292210126362e-01 -3.817009364163697072e-01 -2.518274820059737351e+00 -1.931482434173664053e+00
-2.000144621483666452e+00 -3.057738211428713271e+00 8.028215011152780578e-01 -3.758881074027171643e-01 -2.501795505365556060e+00 -1.928211640248705283e+00
-1.992409006836274754e+00 -3.051114502412110241e+00 8.031194614969197065e-01 -3.701177911036623858e-01 -2.485266079557630903e+00 -1.924948711313426486e+00
-1.984666551558214920e+00 -3.044481849048766176e+00 8.034183176280592642e-01 -3.643903248175026643e-01 -2.468687245481324233e+00 -1.921693661581941104e+00
-1.976917323711197438e+00 -3.037840291478172805e+00 8.037180771773100307e-01 -3.587060401303605595e-01 -2.452059711856255930e+00 -1.918446504680964004e+00
-1.969161391396060834e+00 -3.031189869796222069e+00 8.040187482429139720e-01 -3.530652628856336683e-01 -2.435384193220099025e+00 -1.915207253650683450e+00
-1.961398822755784366e+00 -3.024530624051821714e+00 8.043203393767535125e-01 -3.474683131545015513e-01 -2.418661409872494339e+00 -1.911975920945659269e+00
-1.953629685978679253e+00 -3.017862594243314156e+00 8.046228596092412921e-01 -3.419155052074278611e-01 -2.401892087818953136e+00 -1.908752518435747447e+00
-1.945854049301766420e+00 -3.011185820314683070e+00 8.049263184750916622e-01 -3.364071474866991984e-01 -2.385076958714908990e+00 -1.905537057407051815e+00
-1.938071981014347855e+00 -3.004500342151551706e+00 8.052307260399763633e-01 -3.309435425799445163e-01 -2.368216759809792737e+00 -1.902329548562901040e+00
-1.930283549461776493e+00 -2.997806199576957376e+00 8.055360929280644955e-01 -3.255249871946268581e-01 -2.351312233891148296e+00 -1.899130002024851605e+00
-1.922488823049435025e+00 -2.991103432346896795e+00 8.058424303504497788e-01 -3.201517721335842559e-01 -2.334364129229055340e+00 -1.895938427333718757e+00
-1.914687870246928103e+00 -2.984392080145635617e+00 8.061497501344681016e-01 -3.148241822714341609e-01 -2.317373199520357918e+00 -1.892754833450631446e+00
-1.906880759592496144e+00 -2.977672182580772819e+00 8.064580647539071334e-01 -3.095424965319721888e-01 -2.300340203833116437e+00 -1.889579228758114793e+00
-1.899067559697658281e+00 -2.970943779178057298e+00 8.067673873601021173e-01 -3.043069878665032313e-01 -2.283265906551144031e+00 -1.886411621061198085e+00
-1.891248339252090460e+00 -2.964206909375942445e+00 8.070777318139208401e-01 -2.991179232331160343e-01 -2.266151077318700136e+00 -1.883252017588549210e+00
-1.883423167028747125e+00 -2.957461612519875160e+00 8.073891127186386685e-01 -2.939755635769019104e-01 -2.248996490985392782e+00 -1.880100424993634611e+00
-1.875592111889233360e+00 -2.950707927856310420e+00 8.077015454536999872e-01 -2.888801638110254366e-01 -2.231802927551041371e+00 -1.876956849355904566e+00
-1.867755242789434833e+00 -2.943945894526449614e+00 8.080150462093637076e-01 -2.838319727987546059e-01 -2.214571172110879616e+00 -1.873821296182006213e+00
-1.859912628785412858e+00 -2.937175551559681352e+00 8.083296320222302933e-01 -2.788312333363254236e-01 -2.197302014800745162e+00 -1.870693770407020118e+00
-1.852064339039571017e+00 -2.930396937866735385e+00 8.086453208116479718e-01 -2.738781821367231029e-01 -2.179996250742570751e+00 -1.867574276395724597e+00
-1.844210442827102447e+00 -2.923610092232528324e+00 8.089621314169931354e-01 -2.689730498142965942e-01 -2.162654679989938877e+00 -1.864462817943883799e+00
-1.836351009542724011e+00 -2.916815053308699390e+00 8.092800836358177152e-01 -2.641160608702355361e-01 -2.145278107473848728e+00 -1.861359398279563315e+00
-1.828486108707703561e+00 -2.910011859605829976e+00 8.095991982628606420e-01 -2.593074336788594447e-01 -2.127867342948572382e+00 -1.858264020064469113e+00
-1.820615809977190747e+00 -2.903200549485337678e+00 8.099194971299130685e-01 -2.545473804747704349e-01 -2.110423200937804555e+00 -1.855176685395314440e+00
-1.812740183147854900e+00 -2.896381161151037276e+00 8.102410031465326901e-01 -2.498361073408323918e-01 -2.092946500681046818e+00 -1.852097395805209823e+00
-1.804859298165839121e+00 -2.889553732640366857e+00 8.105637403415967279e-01 -2.451738141969039830e-01 -2.075438066080014021e+00 -1.849026152265080158e+00
-1.796973225135038099e+00 -2.882718301815261785e+00 8.108877339056845823e-01 -2.405606947893914604e-01 -2.057898725645329829e+00 -1.845962955185106003e+00
-1.789082034325707227e+00 -2.875874906352683613e+00 8.112130102342786087e-01 -2.359969366815735103e-01 -2.040329312443401655e+00 -1.842907804416190620e+00
-1.781185796183406111e+00 -2.869023583734784388e+00 8.115395969717741353e-01 -2.314827212446854965e-01 -2.022730664043467463e+00 -1.839860699251451903e+00
-1.773284581338290256e+00 -2.862164371238708149e+00 8.118675230562799605e-01 -2.270182236497699790e-01 -2.005103622464891711e+00 -1.836821638427739600e+00
-1.765378460614750900e+00 -2.855297305926021600e+00 8.121968187652574001e-01 -2.226036128206683173e-01 -1.987449033979332924e+00 -1.833790620127176751e+00
-1.757467505041415468e+00 -2.848422424631761096e+00 8.125275157619242794e-01 -2.182390514290462047e-01 -1.969767749057758532e+00 -1.830767641978727323e+00
-1.749551785861512165e+00 -2.841539763953104369e+00 8.128596471424073266e-01 -2.139246958901124263e-01 -1.952060622317614236e+00 -1.827752701059787599e+00
-1.741631374543607169e+00 -2.834649360237642135e+00 8.131932474836229829e-01 -2.096606963590557093e-01 -1.934328512470283812e+00 -1.824745793897802892e+00
-1.733706342792720623e+00 -2.827751249571260228e+00 8.135283528918688667e-01 -2.054471967281754630e-01 -1.916572282268807825e+00 -1.821746916471908007e+00
-1.725776762561827660e+00 -2.820845467765617620e+00 8.138650010521111255e-01 -2.012843346247090714e-01 -1.898792798455911868e+00 -1.818756064214593682e+00
-1.717842706063749780e+00 -2.813932050345219871e+00 8.142032312779350356e-01 -1.971722414093308728e-01 -1.880990931712313241e+00 -1.815773232013396132e+00
-1.709904245783444576e+00 -2.807011032534079575e+00 8.145430845621420834e-01 -1.931110421752582074e-01 -1.863167556605092923e+00 -1.812798414212611897e+00
-1.701961454490699133e+00 -2.800082449241959814e+00 8.148846036279679961e-01 -1.891008557480522434e-01 -1.845323551536527162e+00 -1.809831604615036227e+00
-1.694014405253232880e+00 -2.793146335050201490e+00 8.152278329808924084e-01 -1.851417946860571817e-01 -1.827459798693221948e+00 -1.806872796483726562e+00
-1.686063171450214337e+00 -2.786202724197118563e+00 8.155728189610134127e-01 -1.812339652814425328e-01 -1.809577183995446426e+00 -1.803921982543789326e+00
-1.678107826786200185e+00 -2.779251650562973630e+00 8.159196097959563465e-01 -1.773774675618677854e-01 -1.791676597046812258e+00 -1.800979154984191144e+00
-1.670148445305498885e+00 -2.772293147654512069e+00 8.162682556542839585e-01 -1.735723952927354929e-01 -1.773758931084193691e+00 -1.798044305459593817e+00
-1.662185101406964627e+00 -2.765327248589069420e+00 8.166188086993781958e-01 -1.698188359800276714e-01 -1.755825082927939373e+00 -1.795117425092212615e+00
-1.654217869859230028e+00 -2.758353986078236453e+00 8.169713231437532031e-01 -1.661168708737126298e-01 -1.737875952932355084e+00 -1.792198504473699439e+00
-1.646246825816375825e+00 -2.751373392411083252e+00 8.173258553037638929e-01 -1.624665749717082441e-01 -1.719912444936471552e+00 -1.789287533667048180e+00
-1.638272044834045982e+00 -2.744385499436942322e+00 8.176824636546715652e-01 -1.588680170244005652e-01 -1.701935466215128034e+00 -1.786384502208524960e+00
-1.630293602886014437e+00 -2.737390338547749380e+00 8.180412088860236075e-01 -1.553212595396946671e-01 -1.683945927430345879e+00 -1.783489399109620788e+00
-1.622311576381199938e+00 -2.730387940659935175e+00 8.184021539573053117e-01 -1.518263587885821941e-01 -1.665944742582956550e+00 -1.780602212859027533e+00
-1.614326042181140508e+00 -2.723378336195874105e+00 8.187653641538154003e-01 -1.483833648112180548e-01 -1.647932828964525420e+00 -1.777722931424637665e+00
-1.606337077617925768e+00 -2.716361555064885636e+00 8.191309071427209654e-01 -1.449923214235164792e-01 -1.629911107109665025e+00 -1.774851542255566628e+00
-1.598344760512591556e+00 -2.709337626643790742e+00 8.194988530292386386e-01 -1.416532662242029339e-01 -1.611880500748497091e+00 -1.771988032284198766e+00
-1.590349169193979062e+00 -2.702306579757023375e+00 8.198692744128904808e-01 -1.383662306023794031e-01 -1.593841936759605726e+00 -1.769132387928255223e+00
-1.582350382518061149e+00 -2.695268442656297836e+00 8.202422464437815197e-01 -1.351312397455204373e-01 -1.575796345123141151e+00 -1.766284595092885157e+00
-1.574348479887736740e+00 -2.688223242999833396e+00 8.206178468788387637e-01 -1.319483126479257251e-01 -1.557744658874244070e+00 -1.763444639172780048e+00
-1.566343541273095941e+00 -2.681171007831143704e+00 8.209961561379520711e-01 -1.288174621196396252e-01 -1.539687814056920789e+00 -1.760612505054309329e+00
-1.558335647232155008e+00 -2.674111763557385224e+00 8.213772573599589233e-01 -1.257386947957563894e-01 -1.521626749678020030e+00 -1.757788177117679540e+00
-1.550324878932062944e+00 -2.667045535927278443e+00 8.217612364584034879e-01 -1.227120111461657004e-01 -1.503562407661637845e+00 -1.754971639239115699e+00
-1.542311318170781043e+00 -2.659972350008596997e+00 8.221481821770036946e-01 -1.197374054857092140e-01 -1.485495732803875590e+00 -1.752162874793063763e+00
-1.534295047399231393e+00 -2.652892230165239340e+00 8.225381861447557119e-01 -1.168148659847303428e-01 -1.467427672727925181e+00 -1.749361866654416842e+00
-1.526276149743917454e+00 -2.645805200033879423e+00 8.229313429306065464e-01 -1.139443746799733148e-01 -1.449359177839298241e+00 -1.746568597200762074e+00
-1.518254709030011806e+00 -2.638711282500211475e+00 8.233277500976151630e-01 -1.111259074858810258e-01 -1.431291201281535308e+00 -1.743783048314650141e+00
-1.510230809804911978e+00 -2.631610499674788883e+00 8.237275082565221895e-01 -1.083594342062466076e-01 -1.413224698892219244e+00 -1.741005201385885437e+00
-1.502204537362260783e+00 -2.624502872868473169e+00 8.241307211186533754e-01 -1.056449185462080553e-01 -1.395160629159298171e+00 -1.738235037313839548e+00
-1.494175977766427632e+00 -2.617388422567496598e+00 8.245374955480677670e-01 -1.029823181245765884e-01 -1.377099953177734371e+00 -1.735472536509784947e+00
-1.486145217877447688e+00 -2.610267168408146432e+00 8.249479416128595588e-01 -1.003715844864745410e-01 -1.359043634606400097e+00 -1.732717678899249991e+00
-1.478112345376414893e+00 -2.603139129151093467e+00 8.253621726355286903e-01 -9.781266311631142685e-02 -1.340992639625466332e+00 -1.729970443924396140e+00
-1.470077448791323516e+00 -2.596004322655359964e+00 8.257803052423270396e-01 -9.530549345104089021e-02 -1.322947936894012688e+00 -1.727230810546415585e+00
-1.462040617523352903e+00 -2.588862765851955405e+00 8.262024594114767417e-01 -9.285000889372696520e-02 -1.304910497508106282e+00 -1.724498757247949987e+00
-1.454001941873590553e+00 -2.581714474717180963e+00 8.266287585201682608e-01 -9.044613682737323579e-02 -1.286881294959141275e+00 -1.721774262035529635e+00
-1.445961513070182836e+00 -2.574559464245628870e+00 8.270593293902296361e-01 -8.809379862902089187e-02 -1.268861305092541247e+00 -1.719057302442034807e+00
-1.437919423295910271e+00 -2.567397748422883375e+00 8.274943023323646507e-01 -8.579290968404218454e-02 -1.250851506066421592e+00 -1.716347855529175792e+00
-1.429875765716176694e+00 -2.560229340197945014e+00 8.279338111888456808e-01 -8.354337940075118318e-02 -1.232852878311076594e+00 -1.713645897889994885e+00
-1.421830634507402102e+00 -2.553054251455396884e+00 8.283779933745505364e-01 -8.134511122523724325e-02 -1.214866404488772922e+00 -1.710951405651388368e+00
-1.413784124885813398e+00 -2.545872492987327540e+00 8.288269899162261645e-01 -7.919800265640031256e-02 -1.196893069453775382e+00 -1.708264354476648261e+00
-1.405736333136616611e+00 -2.538684074465036300e+00 8.292809454898589783e-01 -7.710194526122160497e-02 -1.178933860212925566e+00 -1.705584719568024710e+00
-1.397687356643543488e+00 -2.531489004410538701e+00 8.297400084560285771e-01 -7.505682469013841285e-02 -1.160989765885911407e+00 -1.702912475669307701e+00
-1.389637293918758232e+00 -2.524287290167897435e+00 8.302043308931172927e-01 -7.306252069269847382e-02 -1.143061777666559475e+00 -1.700247597068429428e+00
-1.381586244633110638e+00 -2.517078937874400957e+00 8.306740686282449992e-01 -7.111890713339130699e-02 -1.125150888784523406e+00 -1.697590057600085967e+00
-1.373534309646723184e+00 -2.509863952431615530e+00 8.311493812657946290e-01 -6.922585200763387014e-02 -1.107258094467302723e+00 -1.694939830648378054e+00
-1.365481591039893861e+00 -2.502642337476339573e+00 8.316304322133916127e-01 -6.738321745790853967e-02 -1.089384391902657345e+00 -1.692296889149472072e+00
-1.357428192144301438e+00 -2.495414095351485173e+00 8.321173887051955820e-01 -6.559085979006473721e-02 -1.071530780201609190e+00 -1.689661205594279680e+00
-1.349374217574493606e+00 -2.488179227076917410e+00 8.326104218223576714e-01 -6.384862948972536145e-02 -1.053698260361674688e+00 -1.687032752031156768e+00
-1.341319773259642023e+00 -2.480937732320284805e+00 8.331097065104949850e-01 -6.215637123882267190e-02 -1.035887835230596909e+00 -1.684411500068621947e+00
-1.333264966475542490e+00 -2.473689609367869302e+00 8.336154215940303480e-01 -6.051392393223586907e-02 -1.018100509470494242e+00 -1.681797420878092586e+00
-1.325209905876842065e+00 -2.466434855095491763e+00 8.341277497872434665e-01 -5.892112069452748457e-02 -1.000337289522454487e+00 -1.679190485196640825e+00
-1.317154701529469119e+00 -2.459173464939508058e+00 8.346468777018710705e-01 -5.737778889675171357e-02 -9.825991835715122136e-01 -1.676590663329767805e+00
-1.309099464943245028e+00 -2.451905432867933499e+00 8.351729958510937246e-01 -5.588375017334090700e-02 -9.648872015121017220e-01 -1.673997925154195654e+00
-1.301044309104653962e+00 -2.444630751351731135e+00 8.357062986496449630e-01 -5.443882043562497941e-02 -9.472023548809112015e-01 -1.671412240120678350e+00
-1.292989348509745007e+00 -2.437349411336307892e+00 8.362469844099732486e-01 -5.304280988921084017e-02 -9.295456568236808437e-01 -1.668833577256830791e+00
-1.284934699197136432e+00 -2.430061402213258948e+00 8.367952553342820066e-01 -5.169552305141245085e-02 -9.119181220627146089e-01 -1.666261905169975410e+00
-1.276880478781100781e+00 -2.422766711792402106e+00 8.373513175022724297e-01 -5.039675876869997850e-02 -8.943207668649506559e-01 -1.663697192050006324e+00
-1.268826806484694814e+00 -2.415465326274148339e+00 8.379153808544017590e-01 -4.914631023415294564e-02 -8.767546090105708956e-01 -1.661139405672272362e+00
-1.260773803172911212e+00 -2.408157230222256473e+00 8.384876591704774063e-01 -4.794396500490494262e-02 -8.592206677621683220e-01 -1.658588513400475861e+00
-1.252721591385811628e+00 -2.400842406537016416e+00 8.390683700433938519e-01 -4.678950501957279684e-02 -8.417199638345560508e-01 -1.656044482189590550e+00
-1.244670295371615776e+00 -2.393520836428914222e+00 8.396577348478220237e-01 -4.568270661565332347e-02 -8.242535193651669978e-01 -1.653507278588795204e+00
-1.236620041119707025e+00 -2.386192499392828292e+00 8.402559787036569805e-01 -4.462334054686989404e-02 -8.068223578850277633e-01 -1.650976868744424841e+00
-1.228570956393518987e+00 -2.378857373182811763e+00 8.408633304340200620e-01 -4.361117200045505626e-02 -7.894275042903160511e-01 -1.648453218402939235e+00
-1.220523170763266219e+00 -2.371515433787515725e+00 8.414800225176182202e-01 -4.264596061436387586e-02 -7.720699848145731181e-01 -1.645936292913907639e+00
-1.212476815638478644e+00 -2.364166655406307882e+00 8.421062910352499209e-01 -4.172746049439624016e-02 -7.547508270015175214e-01 -1.643426057233009940e+00
-1.204432024300297943e+00 -2.356811010426149267e+00 8.427423756102524477e-01 -4.085542023121568889e-02 -7.374710596784610495e-01 -1.640922475925054691e+00
-1.196388931933494160e+00 -2.349448469399283645e+00 8.433885193425519899e-01 -4.002958300220926802e-02 -7.202317141398597578e-01 -1.638425513167012681e+00
-1.188347675658156355e+00 -2.342079001021809770e+00 8.440449687362214792e-01 -3.924968657650129700e-02 -7.030338241275830846e-01 -1.635935132751067611e+00
-1.180308394561010665e+00 -2.334702572113194208e+00 8.447119736203252405e-01 -3.851546331983257687e-02 -6.858784258116634724e-01 -1.633451298087682080e+00
-1.172271229726319586e+00 -2.327319147596794480e+00 8.453897870628345190e-01 -3.782664019930237487e-02 -6.687665577716721543e-01 -1.630973972208679568e+00
-1.164236324266308298e+00 -2.319928690481456890e+00 8.460786652773859551e-01 -3.718293878794476370e-02 -6.516992609785430268e-01 -1.628503117770341735e+00
-1.156203823351069193e+00 -2.312531161844260996e+00 8.467788675226600725e-01 -3.658407526913842744e-02 -6.346775787769591837e-01 -1.626038697056521043e+00
-1.148173874237889081e+00 -2.305126520814478219e+00 8.474906559941470796e-01 -3.602976044082550899e-02 -6.177025568682470436e-01 -1.623580671981769807e+00
-1.140146626299942678e+00 -2.297714724558819643e+00 8.482142957080707202e-01 -3.551969971953861105e-02 -6.007752432938873177e-01 -1.621129004094482795e+00
-1.132122231054294659e+00 -2.290295728268046282e+00 8.489500543772408037e-01 -3.505359314420575245e-02 -5.838966884194425333e-01 -1.618683654580056031e+00
-1.124100842189150740e+00 -2.282869485145018196e+00 8.496982022785865007e-01 -3.463113537973105949e-02 -5.670679449189912624e-01 -1.616244584264059370e+00
-1.116082615590292093e+00 -2.275435946394258391e+00 8.504590121121462509e-01 -3.425201572033298447e-02 -5.502900677600806034e-01 -1.613811753615425060e+00
-1.108067709366631348e+00 -2.267995061213111008e+00 8.512327588512670351e-01 -3.391591809263605484e-02 -5.335641141893194828e-01 -1.611385122749649401e+00
-1.100056283874823126e+00 -2.260546776784577272e+00 8.520197195837746484e-01 -3.362252105848861916e-02 -5.168911437183787427e-01 -1.608964651432009285e+00
-1.092048501742855393e+00 -2.253091038271906488e+00 8.528201733438716126e-01 -3.337149781750481381e-02 -5.002722181105587751e-01 -1.606550299080793165e+00
-1.084044527892555454e+00 -2.245627788815028669e+00 8.536344009345196993e-01 -3.316251620930898980e-02 -4.837084013678252248e-01 -1.604142024770545349e+00
-1.076044529560931107e+00 -2.238156969528914075e+00 8.544626847400622616e-01 -3.299523871547416221e-02 -4.672007597183345240e-01 -1.601739787235324508e+00
-1.068048676320272783e+00 -2.230678519503942692e+00 8.553053085288407908e-01 -3.286932246114160350e-02 -4.507503616044923334e-01 -1.599343544871975276e+00
-1.060057140096936745e+00 -2.223192375808375143e+00 8.561625572455612287e-01 -3.278441921630470546e-02 -4.343582776714089988e-01 -1.596953255743413624e+00
-1.052070095188726295e+00 -2.215698473493012077e+00 8.570347167931660071e-01 -3.274017539675000421e-02 -4.180255807558879155e-01 -1.594568877581924893e+00
-1.044087718280784838e+00 -2.208196745598129951e+00 8.579220738039582406e-01 -3.273623206463893709e-02 -4.017533458758677511e-01 -1.592190367792475358e+00
-1.036110188459916870e+00 -2.200687123162787806e+00 8.588249153997385976e-01 -3.277222492871789683e-02 -3.855426502202856653e-01 -1.589817683456036024e+00
-1.028137687227241415e+00 -2.193169535236593415e+00 8.597435289407049375e-01 -3.284778434414681314e-02 -3.693945731393899479e-01 -1.587450781332919281e+00
-1.020170398509088194e+00 -2.185643908894025156e+00 8.606782017628739068e-01 -3.296253531193160669e-02 -3.533101961353475318e-01 -1.585089617866127787e+00
-1.012208508666037510e+00 -2.178110169251398887e+00 8.616292209037506034e-01 -3.311609747839217022e-02 -3.372906028842397319e-01 -1.582734149184714889e+00
-1.004252206500004796e+00 -2.170568239486578399e+00 8.625968728160336996e-01 -3.330808513348948452e-02 -3.213368792281432462e-01 -1.580384331107157925e+00
-9.963016832592668237e-01 -2.163018040861520941e+00 8.635814430691099997e-01 -3.353810720871619466e-02 -3.054501131675051440e-01 -1.578040119144741738e+00
-9.883571326413251867e-01 -2.155459492747753725e+00 8.645832160381046183e-01 -3.380576727454442931e-02 -2.896313948538971061e-01 -1.575701468504955072e+00
-9.804187507934942758e-01 -2.147892512654879571e+00 8.656024745802644027e-01 -3.411066353741887269e-02 -2.738818165829473017e-01 -1.573368334094896737e+00
-9.724867363111071583e-01 -2.140317016262201832e+00 8.666394996984173593e-01 -3.445238883628443105e-02 -2.582024727875174008e-01 -1.571040670524693539e+00
-9.645612902328535299e-01 -2.132732917453132870e+00 8.676945701900886654e-01 -3.483053063928931437e-02 -2.425944625930753773e-01 -1.568718432110946637e+00
-9.566426159218108793e-01 -2.125140128205828649e+00 8.687679622700397175e-01 -3.524467102405193231e-02 -2.270588970376756777e-01 -1.566401572883021842e+00
-9.487309190560941907e-01 -2.117538558633905499e+00 8.698599491790373062e-01 -3.569438658195434044e-02 -2.115968991046495162e-01 -1.564090046589332150e+00
-9.408264076148804556e-01 -2.109928117028721406e+00 8.709708007750296410e-01 -3.617924829584806545e-02 -1.962096076628085939e-01 -1.561783806703692656e+00
-9.329292918630063269e-01 -2.102308709907405593e+00 8.721007831100867635e-01 -3.669882140721680841e-02 -1.808981775126401459e-01 -1.559482806431664592e+00
-9.250397843323248104e-01 -2.094680242064705489e+00 8.732501579927478552e-01 -3.725266527560311403e-02 -1.656637800756168843e-01 -1.557186998716888038e+00
-9.171580997996784390e-01 -2.087042616628747904e+00 8.744191825357289227e-01 -3.784033323892677103e-02 -1.505076034406220842e-01 -1.554896336247402866e+00
-9.092844552613512654e-01 -2.079395735120801447e+00 8.756081086887979037e-01 -3.846137247335246201e-02 -1.354308524092129318e-01 -1.552610771461956141e+00
-9.014190699038477916e-01 -2.071739497519136997e+00 8.768171827566323406e-01 -3.911532385270932721e-02 -1.204347485395009798e-01 -1.550330256556294861e+00
-8.935621650708536201e-01 -2.064073802327067941e+00 8.780466449015004171e-01 -3.980172180745311650e-02 -1.055205301889259317e-01 -1.548054743489443164e+00
-8.857139642262228385e-01 -2.056398546645260783e+00 8.792967286305753971e-01 -4.052009418317759071e-02 -9.068945255549198947e-02 -1.545784183989962424e+00
-8.778746929128322662e-01 -2.048713626248398700e+00 8.805676602677328102e-01 -4.126996209867028753e-02 -7.594278771751650225e-02 -1.543518529562194264e+00
-8.700445787071449111e-01 -2.041018935666281564e+00 8.818596584096806135e-01 -4.205083980352375406e-02 -6.128182467163245661e-02 -1.541257731492482907e+00
-8.622238511693143259e-01 -2.033314368269442340e+00 8.831729333662876602e-01 -4.286223453529780514e-02 -4.670786936909365750e-02 -1.539001740855378886e+00
-8.544127417886633324e-01 -2.025599816359353156e+00 8.845076865848381376e-01 -4.370364636239587597e-02 -3.222224518564953399e-02 -1.536750508519819425e+00
-8.466114839243612522e-01 -2.017875171263301404e+00 8.858641100582294037e-01 -4.457456803635562181e-02 -1.782629295622673027e-02 -1.534503985155286410e+00
-8.388203127411246740e-01 -2.010140323434003395e+00 8.872423857170101957e-01 -4.547448484371896527e-02 -3.521371007367157802e-03 -1.532262121237939256e+00
-8.310394651397587928e-01 -2.002395162554023944e+00 8.886426848051636185e-01 -4.640287445749491368e-02 1.069114481283328644e-02 -1.530024867056722693e+00
-8.232691796823603525e-01 -1.994639577645064055e+00 8.900651672395563097e-01 -4.735920678823291041e-02 2.480986110735994288e-02 -1.527792172719445896e+00
-8.155096965119859043e-01 -1.986873457182177116e+00 8.915099809529882791e-01 -4.834294383472448331e-02 3.883336690569727523e-02 -1.525563988158833206e+00
-8.077612572666046376e-01 -1.979096689212970883e+00 8.929772612207883542e-01 -4.935353953434029606e-02 5.276023364182158559e-02 -1.523340263138544648e+00
-8.000241049871297250e-01 -1.971309161481841432e+00 8.944671299709181511e-01 -5.039043961305900154e-02 6.658901513571180431e-02 -1.521120947259163136e+00
-7.922984840193403322e-01 -1.963510761559291495e+00 8.959796950775639202e-01 -5.145308143520299637e-02 8.031824757826200312e-02 -1.518905989964148606e+00
-7.845846399094851265e-01 -1.955701376976367811e+00 8.975150496382124921e-01 -5.254089385291704772e-02 9.394644951979991276e-02 -1.516695340545755943e+00
-7.768828192933656673e-01 -1.947880895364259235e+00 8.990732712342209831e-01 -5.365329705541599381e-02 1.074721218622736174e-01 -1.514488948150915615e+00
-7.691932697786927342e-01 -1.940049204599083588e+00 9.006544211749156759e-01 -5.478970241804459462e-02 1.208937478554386047e-01 -1.512286761787074996e+00
-7.615162398205033156e-01 -1.932206192951887669e+00 9.022585437252631513e-01 -5.594951235093459374e-02 1.342097930928858318e-01 -1.510088730327998396e+00
-7.538519785894268743e-01 -1.924351749243881304e+00 9.038856653171907229e-01 -5.713212014778523695e-02 1.474187055169657867e-01 -1.507894802519523569e+00
-7.462007358325837281e-01 -1.916485763006917864e+00 9.055357937446486538e-01 -5.833690983459316470e-02 1.605189154283817032e-01 -1.505704926985273806e+00
-7.385627617268988310e-01 -1.908608124649226578e+00 9.072089173425219588e-01 -5.956325601838674544e-02 1.735088355007672334e-01 -1.503519052232321629e+00
-7.309383067246124632e-01 -1.900718725626400207e+00 9.089050041495371213e-01 -6.081052373602613415e-02 1.863868608004750627e-01 -1.501337126656803189e+00
-7.233276213907635643e-01 -1.892817458617626514e+00 9.106240010553151576e-01 -6.207806830312900814e-02 1.991513688118775605e-01 -1.499159098549481595e+00
-7.157309562324285501e-01 -1.884904217707155105e+00 9.123658329317637650e-01 -6.336523516320458072e-02 2.118007194686439831e-01 -1.496984916101255614e+00
-7.081485615194877958e-01 -1.876978898570975662e+00 9.141304017490236022e-01 -6.467135973703763696e-02 2.243332551908547856e-01 -1.494814527408611537e+00
-7.005806870966972966e-01 -1.869041398668681353e+00 9.159175856762051815e-01 -6.599576727241851515e-02 2.367473009285259167e-01 -1.492647880479017308e+00
-6.930275821868439046e-01 -1.861091617440482793e+00 9.177272381671878199e-01 -6.733777269430363255e-02 2.490411642118974811e-01 -1.490484923236253811e+00
-6.854894951847576579e-01 -1.853129456509326811e+00 9.195591870317799676e-01 -6.869668045549803814e-02 2.612131352088464809e-01 -1.488325603525683105e+00
-6.779666734419609320e-01 -1.845154819888075171e+00 9.214132334925758672e-01 -7.007178438792682762e-02 2.732614867894263000e-01 -1.486169869119449816e+00
-6.704593630417314820e-01 -1.837167614191680176e+00 9.232891512278706969e-01 -7.146236755461421453e-02 2.851844745981368945e-01 -1.484017667721612366e+00
-6.629678085643635477e-01 -1.829167748854294118e+00 9.251866854010348806e-01 -7.286770210244619683e-02 2.969803371339612141e-01 -1.481868946973202483e+00
-6.554922528424032002e-01 -1.821155136351240600e+00 9.271055516767844340e-01 -7.428704911585448656e-02 3.086472958388650767e-01 -1.479723654457208770e+00
-6.480329367056549827e-01 -1.813129692425763384e+00 9.290454352248151970e-01 -7.571965847149497719e-02 3.201835551946645708e-01 -1.477581737703482334e+00
-6.405900987157386872e-01 -1.805091336320467033e+00 9.310059897109979055e-01 -7.716476859946652667e-02 3.315873018170263364e-01 -1.475443144193560485e+00
-6.331639748899977604e-01 -1.797039991013354321e+00 9.329868362769959678e-01 -7.862160633190229397e-02 3.428567045733128538e-01 -1.473307821365405612e+00
-6.257547984145559461e-01 -1.788975583458356500e+00 9.349875625089016928e-01 -8.008938675298682419e-02 3.539899147099996313e-01 -1.471175716618055906e+00
-6.183627993463285399e-01 -1.780898044830248050e+00 9.370077213955256834e-01 -8.156731305055786585e-02 3.649850659902913463e-01 -1.469046777316184604e+00
-6.109882043038012966e-01 -1.772807310773823364e+00 9.390468302770120790e-01 -8.305457636943769373e-02 3.758402748423490536e-01 -1.466920950794562639e+00
-6.036312361464006848e-01 -1.764703321657214552e+00 9.411043697845038469e-01 -8.455035566660051849e-02 3.865536405181284607e-01 -1.464798184362424038e+00
-5.962921136422836277e-01 -1.756586022829217164e+00 9.431797827716260629e-01 -8.605381756834873386e-02 3.971232452634216870e-01 -1.462678425307726293e+00
-5.889710511243864133e-01 -1.748455364880485696e+00 9.452724732386013073e-01 -8.756411622960524888e-02 4.075471544990545425e-01 -1.460561620901305480e+00
-5.816682581345857805e-01 -1.740311303908456786e+00 9.473818052498620412e-01 -8.908039319505101084e-02 4.178234170097416822e-01 -1.458447718400919246e+00
-5.743839390558327374e-01 -1.732153801785848657e+00 9.495071018460737866e-01 -9.060177726310270074e-02 4.279500651488090668e-01 -1.456336665055174784e+00
-5.671182927321360978e-01 -1.723982826432589377e+00 9.516476439515340058e-01 -9.212738435244727242e-02 4.379251150548055804e-01 -1.454228408107336445e+00
-5.598715120762842723e-01 -1.715798352091008283e+00 9.538026692779677518e-01 -9.365631737136159707e-02 4.477465668809035293e-01 -1.452122894799010799e+00
-5.526437836652142721e-01 -1.707600359604133811e+00 9.559713712257895679e-01 -9.518766608991779954e-02 4.574124050367922578e-01 -1.450020072373700453e+00
-5.454352873229431076e-01 -1.699388836696935634e+00 9.581528977839576244e-01 -9.672050701522039162e-02 4.669205984431883394e-01 -1.447919888080225759e+00
-5.382461956910087331e-01 -1.691163778260338368e+00 9.603463504296140263e-01 -9.825390326982419431e-02 4.762691007991222136e-01 -1.445822289176007303e+00
-5.310766737863747977e-01 -1.682925186637846071e+00 9.625507830287403088e-01 -9.978690447345961445e-02 4.854558508619071233e-01 -1.443727222930204501e+00
-5.239268785467792178e-01 -1.674673071914605682e+00 9.647652007391426254e-01 -1.013185466282540137e-01 4.944787727402388811e-01 -1.441634636626704991e+00
-5.167969583635305675e-01 -1.666407452208744200e+00 9.669885589171191009e-01 -1.028478520075057911e-01 5.033357761998029645e-01 -1.439544477566959468e+00
-5.096870526017736047e-01 -1.658128353964813950e+00 9.692197620292450910e-01 -1.043738290481646125e-01 5.120247569815390420e-01 -1.437456693072656444e+00
-5.025972911082776662e-01 -1.649835812249185185e+00 9.714576625707654900e-01 -1.058954722470919485e-01 5.205435971321312749e-01 -1.435371230488231564e+00
-4.955277937068207628e-01 -1.641529871047223477e+00 9.737010599921418486e-01 -1.074117620612076163e-01 5.288901653465671870e-01 -1.433288037183204411e+00
-4.884786696812768447e-01 -1.633210583562104912e+00 9.759486996353907706e-01 -1.089216648115773900e-01 5.370623173222481839e-01 -1.431207060554337884e+00
-4.814500172465363548e-01 -1.624878012515119874e+00 9.781992716818965761e-01 -1.104241325915389371e-01 5.450578961244838538e-01 -1.429128248027613957e+00
-4.744419230074301552e-01 -1.616532230447327745e+00 9.804514101134650383e-01 -1.119181031788312186e-01 5.528747325623166731e-01 -1.427051547060018466e+00
-4.674544614058500080e-01 -1.608173320022434183e+00 9.827036916884503981e-01 -1.134024999518317145e-01 5.605106455746655669e-01 -1.424976905141129624e+00
-4.604876941563031956e-01 -1.599801374330776849e+00 9.849546349348715646e-01 -1.148762318098821567e-01 5.679634426259401181e-01 -1.422904269794502907e+00
-4.535416696701641825e-01 -1.591416497194311663e+00 9.872026991624945902e-01 -1.163381930976705725e-01 5.752309201102745462e-01 -1.420833588578845674e+00
-4.466164224689377349e-01 -1.583018803472511671e+00 9.894462834959494302e-01 -1.177872635335788232e-01 5.823108637632374851e-01 -1.418764809088974843e+00
-4.397119725868732232e-01 -1.574608419369107004e+00 9.916837259310155028e-01 -1.192223081421566189e-01 5.892010490815877688e-01 -1.416697878956551193e+00
-4.328283249633249063e-01 -1.566185482739606449e+00 9.939133024162966068e-01 -1.206421771907084661e-01 5.958992417505157846e-01 -1.414632745850582518e+00
-4.259654688252867416e-01 -1.557750143399568188e+00 9.961332259625830243e-01 -1.220457061296691403e-01 6.024031980758337568e-01 -1.412569357477688081e+00
-4.191233770605786724e-01 -1.549302563433604618e+00 9.983416457822895662e-01 -1.234317155368533925e-01 6.087106654214187174e-01 -1.410507661582117711e+00
-4.123020055822110841e-01 -1.540842917505130139e+00 1.000536646461422485e+00 -1.247990110655714524e-01 6.148193826515813143e-01 -1.408447605945519543e+00
-4.055012926845007470e-01 -1.532371393166887419e+00 1.002716247166600461e+00 -1.261463833964902026e-01 6.207270805773781319e-01 -1.406389138386446414e+00
-3.987211583915590829e-01 -1.523888191172313444e+00 1.004878400889735790e+00 -1.274726081932329169e-01 6.264314824066614662e-01 -1.404332206759595802e+00
