-3.844675639208723350e+00 -4.558612137613934578e+00 1.437368062945322267e-01 -2.022553153246140489e+00 -4.479938721895885045e+00 3.114002752935827623e+00
-3.844675639208723350e+00 -4.558612137613934578e+00 1.437368062945322267e-01 -2.022553153246140489e+00 -4.479938721895885045e+00 3.114002752935827623e+00
-3.844633560654275861e+00 -4.558580791551312572e+00 3.731375185807533912e-01 -2.022509517065934403e+00 -4.479925248730056708e+00 3.113913607235934577e+00
-3.844534329540824746e+00 -4.558499134601158964e+00 6.249502139731102357e-01 -2.022422904857052561e+00 -4.479898284569103772e+00 3.113735925069399002e+00
-3.844395144000491538e+00 -4.558337483748612584e+00 8.146002603964127564e-01 -2.022293972383392813e+00 -4.479857822886695651e+00 3.113470314629781743e+00
-3.844236194735439760e+00 -4.558083815797766114e+00 9.275367601661859140e-01 -2.022123371056710361e+00 -4.479803868012254497e+00 3.113117383067420807e+00
-3.844063396947905442e+00 -4.557739498045102700e+00 9.797748442554724546e-01 -2.021911747976862017e+00 -4.479736434690172686e+00 3.112677736485975011e+00
-3.843870790285041750e+00 -4.557309468479062708e+00 9.943978614943727035e-01 -2.021659745976428724e+00 -4.479655547645371882e+00 3.112151979939052016e+00
-3.843648752928427115e+00 -4.556798307171611384e+00 9.906873457566152119e-01 -2.021368003669361979e+00 -4.479561241155146867e+00 3.111540717426916736e+00
-3.843389527893346092e+00 -4.556209344681934503e+00 9.810782136861532221e-01 -2.021037155503307314e+00 -4.479453558627206178e+00 3.110844551893281906e+00
-3.843089008144494390e+00 -4.555544483441162029e+00 9.719277115600103434e-01 -2.020667831815264659e+00 -4.479332552183842964e+00 3.110064085222183028e+00
-3.842746226969143031e+00 -4.554804363592104721e+00 9.655110970707604379e-01 -2.020260658890255634e+00 -4.479198282252149887e+00 3.109199918234935023e+00
-3.842362063401070227e+00 -4.553988800494097156e+00 9.619214874369452772e-01 -2.019816259022678473e+00 -4.479050817160213249e+00 3.108252650687175933e+00
-3.841938056288827230e+00 -4.553097274785817383e+00 9.604005359289171651e-01 -2.019335250580045482e+00 -4.478890232739187738e+00 3.107222881265992331e+00
-3.841475651332192154e+00 -4.552129287175943340e+00 9.600805691905296424e-01 -2.018818248068799281e+00 -4.478716611931197633e+00 3.106111207587129108e+00
-3.840975874919251076e+00 -4.551084525828902549e+00 9.602959503525543283e-01 -2.018265862201916949e+00 -4.478530044402962318e+00 3.104918226192287189e+00
-3.840439298968927329e+00 -4.549962890618477473e+00 9.606441733893744672e-01 -2.017678699968024958e+00 -4.478330626165085704e+00 3.103644532546502965e+00
-3.839866148864871764e+00 -4.548764444366914184e+00 9.609351619513147869e-01 -2.017057364701745570e+00 -4.478118459196918089e+00 3.102290721035614318e+00
-3.839256446002754952e+00 -4.547489345840696195e+00 9.611125058287709466e-01 -2.016402456155015344e+00 -4.477893651076929160e+00 3.100857384963811025e+00
-3.838610126237646636e+00 -4.546137793902079061e+00 9.611861767017444436e-01 -2.015714570569118180e+00 -4.477656314618497113e+00 3.099345116551271762e+00
-3.837927114920057559e+00 -4.544709992208127325e+00 9.611884589286161518e-01 -2.014994300747185996e+00 -4.477406567511058810e+00 3.097754506931883256e+00
-3.837207362253277410e+00 -4.543206132619799220e+00 9.611510223663601860e-01 -2.014242236126927210e+00 -4.477144531966528618e+00 3.096086146151046936e+00
-3.836450851725724309e+00 -4.541626391269183216e+00 9.610964228175786772e-01 -2.013458962853354794e+00 -4.476870334370929960e+00 3.094340623163568171e+00
-3.835657594643860691e+00 -4.539970931158264555e+00 9.610374435911679392e-01 -2.012645063851288274e+00 -4.476584104941163211e+00 3.092518525831629894e+00
-3.834827620215813138e+00 -4.538239906851884164e+00 9.609795875341328175e-01 -2.011801118897412977e+00 -4.476285977386834425e+00 3.090620440922851930e+00
-3.833960966446758878e+00 -4.536433468789335066e+00 9.609240617161881604e-01 -2.010927704691694462e+00 -4.475976088577094281e+00 3.088646954108430265e+00
-3.833057673854183278e+00 -4.534551766265066064e+00 9.608701112409743228e-01 -2.010025394927938969e+00 -4.475654578212410861e+00 3.086598649961362906e+00
-3.832117782076021051e+00 -4.532594949041007126e+00 9.608164522955063847e-01 -2.009094760363314247e+00 -4.475321588501211423e+00 3.084476111954755684e+00
-3.831141328609866559e+00 -4.530563167949045678e+00 9.607619624982925988e-01 -2.008136368886645151e+00 -4.474977263841353192e+00 3.082279922460211541e+00
-3.830128348781959957e+00 -4.528456574909859533e+00 9.607058967231689728e-01 -2.007150785585298358e+00 -4.474621750506336149e+00 3.080010662746300198e+00
-3.829078876235050721e+00 -4.526275322705147097e+00 9.606478629243716538e-01 -2.006138572810487464e+00 -4.474255196336235585e+00 3.077668912977108651e+00
-3.827992943499048728e+00 -4.524019564710412666e+00 9.605877139316203461e-01 -2.005100290240839467e+00 -4.473877750433270961e+00 3.075255252210872037e+00
-3.826870582441887603e+00 -4.521689454684782561e+00 9.605254377875223071e-01 -2.004036494944059221e+00 -4.473489562861986180e+00 3.072770258398683119e+00
-3.825711824549994589e+00 -4.519285146642042506e+00 9.604610783493784387e-01 -2.002947741436536422e+00 -4.473090784353982663e+00 3.070214508383281249e+00
-3.824516701064312851e+00 -4.516806794790658941e+00 9.603946895639396963e-01 -2.001834581740760122e+00 -4.472681566017158161e+00 3.067588577897916835e+00
-3.823285243021835811e+00 -4.514254553519009505e+00 9.603263153549936870e-01 -2.000697565440382242e+00 -4.472262059049421978e+00 3.064893041565294407e+00
-3.822017481248958237e+00 -4.511628577403766549e+00 9.602559847780144375e-01 -1.999537239732827265e+00 -4.471832414456834215e+00 3.062128472896591180e+00
-3.820713446338469765e+00 -4.508929021226222744e+00 9.601837143430733690e-01 -1.998354149479296016e+00 -4.471392782776140606e+00 3.059295444290550225e+00
-3.819373168627663517e+00 -4.506156039988227668e+00 9.601095124143919080e-01 -1.997148837252052278e+00 -4.470943313801678087e+00 3.056394527032646025e+00
-3.817996678184373938e+00 -4.503309788924442003e+00 9.600333831040901433e-01 -1.995921843378880789e+00 -4.470484156316596014e+00 3.053426291294325523e+00
-3.816584004801371499e+00 -4.500390423510719273e+00 9.599553289356843599e-01 -1.994673705984603806e+00 -4.470015457828398375e+00 3.050391306132318014e+00
-3.815135177997169169e+00 -4.497398099469524624e+00 9.598753522753797895e-01 -1.993404961029552780e+00 -4.469537364308753702e+00 3.047290139488016525e+00
-3.813650227020647154e+00 -4.494332972773637636e+00 9.597934559020617762e-01 -1.992116142344906082e+00 -4.469050019937574447e+00 3.044123358186929806e+00
-3.812129180857444233e+00 -4.491195199649117953e+00 9.597096431231998404e-01 -1.990807781664793108e+00 -4.468553566851325876e+00 3.040891527938200944e+00
-3.810572068236933507e+00 -4.487984936578104822e+00 9.596239175620190354e-01 -1.989480408655082577e+00 -4.468048144895569784e+00 3.037595213334194355e+00
-3.808978917638740747e+00 -4.484702340301944368e+00 9.595362830403486587e-01 -1.988134550938763123e+00 -4.467533891381713751e+00 3.034234977850144954e+00
-3.807349757299055781e+00 -4.481347567824520262e+00 9.594467434153043373e-01 -1.986770734117855985e+00 -4.467010940847963241e+00 3.030811383843874829e+00
-3.805684615216517130e+00 -4.477920776415907689e+00 9.593553025038595861e-01 -1.985389481791794086e+00 -4.466479424824470357e+00 3.027324992555572969e+00
-3.803983519157908777e+00 -4.474422123616209390e+00 9.592619640674090453e-01 -1.983991315572194214e+00 -4.465939471602668576e+00 3.023776364107636283e+00
-3.802246496663848951e+00 -4.470851767239514274e+00 9.591667317949748028e-01 -1.982576755093961252e+00 -4.465391206008796132e+00 3.020166057504569235e+00
-3.800473575054459818e+00 -4.467209865377953726e+00 9.590696093085164797e-01 -1.981146318022676045e+00 -4.464834749181607165e+00 3.016494630632944762e+00
-3.798664781435089566e+00 -4.463496576405841409e+00 9.589706001181550477e-01 -1.979700520058208735e+00 -4.464270218354273290e+00 3.012762640261419378e+00
-3.796820142701900380e+00 -4.459712058983978267e+00 9.588697076521218721e-01 -1.978239874934524467e+00 -4.463697726640485364e+00 3.008970642040807331e+00
-3.794939685547588315e+00 -4.455856472063985052e+00 9.587669352726199135e-01 -1.976764894415639962e+00 -4.463117382824756341e+00 3.005119190504204951e+00
-3.793023436467194198e+00 -4.451929974892692599e+00 9.586622862775446841e-01 -1.975276088287697629e+00 -4.462529291156934974e+00 3.001208839067172285e+00
-3.791071421763957172e+00 -4.447932727016607579e+00 9.585557638719471862e-01 -1.973773964347135035e+00 -4.461933551150957022e+00 2.997240140027961353e+00
-3.789083667555083412e+00 -4.443864888286509718e+00 9.584473712330308093e-01 -1.972259028384904411e+00 -4.461330257387830400e+00 2.993213644567796816e+00
-3.787060199777807501e+00 -4.439726618862001040e+00 9.583371115006343866e-01 -1.970731784166740885e+00 -4.460719499322879145e+00 2.989129902751203716e+00
-3.785001044195460462e+00 -4.435518079216134169e+00 9.582249877013606643e-01 -1.969192733409459217e+00 -4.460101361097276396e+00 2.984989463526380504e+00
-3.782906226403254912e+00 -4.431239430140282209e+00 9.581110027178939559e-01 -1.967642375753277273e+00 -4.459475921353857508e+00 2.980792874725620045e+00
-3.780775771833948973e+00 -4.426890832749138305e+00 9.579951594779851920e-01 -1.966081208730154684e+00 -4.458843253057277245e+00 2.976540683065768800e+00
-3.778609705764349957e+00 -4.422472448485403440e+00 9.578774608281293013e-01 -1.964509727728141364e+00 -4.458203423318491510e+00 2.972233434148728648e+00
-3.776408053321322011e+00 -4.417984439124791329e+00 9.577579095617244631e-01 -1.962928425951741440e+00 -4.457556493223631122e+00 2.967871672461998234e+00
-3.774170839487946516e+00 -4.413426966781051064e+00 9.576365084072777645e-01 -1.961337794378308574e+00 -4.456902517667261421e+00 2.963455941379253389e+00
-3.771898089109661623e+00 -4.408800193911069698e+00 9.575132599833704461e-01 -1.959738321710477793e+00 -4.456241545190082753e+00 2.958986783160959977e+00
-3.769589826900219709e+00 -4.404104283320154245e+00 9.573881668007698797e-01 -1.958130494324646032e+00 -4.455573617821085186e+00 2.954464738955023595e+00
-3.767246077447667485e+00 -4.399339398167375847e+00 9.572612314086710317e-01 -1.956514796215540253e+00 -4.454898770924200946e+00 2.949890348797466366e+00
-3.764866865221047298e+00 -4.394505701970633282e+00 9.571324563064544932e-01 -1.954891708936886685e+00 -4.454217033049477692e+00 2.945264151613137482e+00
-3.762452214576731180e+00 -4.389603358611979367e+00 9.570018438767301516e-01 -1.953261711538200274e+00 -4.453528425788821465e+00 2.940586685216449059e+00
-3.760002149764452906e+00 -4.384632532343158751e+00 9.568693964309503697e-01 -1.951625280497763848e+00 -4.452832963636326191e+00 2.935858486312140858e+00
-3.757516694933579871e+00 -4.379593387791105741e+00 9.567351162435736578e-01 -1.949982889651794338e+00 -4.452130653853240361e+00 2.931080090496066770e+00
-3.754995874139582579e+00 -4.374486089963413704e+00 9.565990055013009474e-01 -1.948335010119872202e+00 -4.451421496337602868e+00 2.926252032256005720e+00
-3.752439711350281648e+00 -4.369310804253986547e+00 9.564610663658578149e-01 -1.946682110226652718e+00 -4.450705483498579973e+00 2.921374844972490337e+00
-3.749848230452435871e+00 -4.364067696448581835e+00 9.563213008380284652e-01 -1.945024655419936632e+00 -4.449982600135556687e+00 2.916449060919655167e+00
-3.747221455257649936e+00 -4.358756932730763367e+00 9.561797108907154064e-01 -1.943363108185135690e+00 -4.449252823321999450e+00 2.911475211266098650e+00
-3.744559409508989134e+00 -4.353378679687565977e+00 9.560362984931584096e-01 -1.941697927956191450e+00 -4.448516122294153163e+00 2.906453826075763303e+00
-3.741862116887764600e+00 -4.347933104315132802e+00 9.558910655315489002e-01 -1.940029571023009769e+00 -4.447772458344588564e+00 2.901385434308824784e+00
-3.739129601019923310e+00 -4.342420374024617225e+00 9.557440138072459401e-01 -1.938358490435501347e+00 -4.447021784720656790e+00 2.896270563822591626e+00
-3.736361885482449630e+00 -4.336840656648130121e+00 9.555951450654912582e-01 -1.936685135904261612e+00 -4.446264046527880431e+00 2.891109741372410280e+00
-3.733558993809943605e+00 -4.331194120444663120e+00 9.554444610346509714e-01 -1.935009953697969465e+00 -4.445499180638325498e+00 2.885903492612580834e+00
-3.730720949501451056e+00 -4.325480934105940811e+00 9.552919633446244063e-01 -1.933333386537619880e+00 -4.444727115603983592e+00 2.880652342097272722e+00
-3.727847776026859350e+00 -4.319701266762547398e+00 9.551376535117708233e-01 -1.931655873487612141e+00 -4.443947771575218475e+00 2.875356813281442658e+00
-3.724939496833218566e+00 -4.313855287990140397e+00 9.549815330806933344e-01 -1.929977849843829807e+00 -4.443161060224293912e+00 2.870017428521749903e+00
-3.721996135351902879e+00 -4.307943167815300178e+00 9.548236035069688210e-01 -1.928299747018772603e+00 -4.442366884674038729e+00 2.864634709077471530e+00
-3.719017715005124902e+00 -4.301965076721742776e+00 9.546638661180149033e-01 -1.926621992423826368e+00 -4.441565139431675746e+00 2.859209175111408374e+00
-3.716004259212228433e+00 -4.295921185656711216e+00 9.545023220157716759e-01 -1.924945009348788760e+00 -4.440755710327847439e+00 2.853741345690789633e+00
-3.712955791395383454e+00 -4.289811666037691928e+00 9.543389721941500925e-01 -1.923269216838711104e+00 -4.439938474460883633e+00 2.848231738788162382e+00
-3.709872334985977016e+00 -4.283636689758839822e+00 9.541738174992078214e-01 -1.921595029568186952e+00 -4.439113300146337870e+00 2.842680871282270871e+00
-3.706753913430771874e+00 -4.277396429197567684e+00 9.540068583617677955e-01 -1.919922857713191044e+00 -4.438280046871816431e+00 2.837089258958924276e+00
-3.703600550196378460e+00 -4.271091057222008658e+00 9.538380951669485075e-01 -1.918253106820559495e+00 -4.437438565257147083e+00 2.831457416511847569e+00
-3.700412268776008151e+00 -4.264720747197389805e+00 9.536675285424837112e-01 -1.916586177675212666e+00 -4.436588697019908878e+00 2.825785857543509305e+00
-3.697189092698135671e+00 -4.258285672991473980e+00 9.534951602922494551e-01 -1.914922466165268400e+00 -4.435730274946339868e+00 2.820075094565933860e+00
-3.693931045543908720e+00 -4.251786008982689324e+00 9.533209939874154326e-01 -1.913262363149508261e+00 -4.434863122863800022e+00 2.814325639001474144e+00
-3.690638150966390807e+00 -4.245221930060384175e+00 9.531450327851761495e-01 -1.911606254318782394e+00 -4.433987055622319318e+00 2.808538001183564781e+00
-3.687310432695948048e+00 -4.238593611632069269e+00 9.529672774894648590e-01 -1.909954520055706650e+00 -4.433101879081580599e+00 2.802712690357441971e+00
-3.683947914532499368e+00 -4.231901229637258233e+00 9.527877279284855394e-01 -1.908307535292507184e+00 -4.432207390103429567e+00 2.796850214680841162e+00
-3.680550620346303869e+00 -4.225144960557083884e+00 9.526063835868214813e-01 -1.906665669367302307e+00 -4.431303376549897699e+00 2.790951081224654295e+00
-3.677118574082760993e+00 -4.218324981421937458e+00 9.524232440142594847e-01 -1.905029285879020096e+00 -4.430389617286713211e+00 2.785015795973562192e+00
-3.673651799769928061e+00 -4.211441469817778227e+00 9.522383094415540761e-01 -1.903398742541013933e+00 -4.429465882192339166e+00 2.779044863826625189e+00
-3.670150321530385895e+00 -4.204494603890289284e+00 9.520515801756557206e-01 -1.901774391033563827e+00 -4.428531932172540486e+00 2.773038788597833815e+00
-3.666614163589098752e+00 -4.197484562351049497e+00 9.518630566061647702e-01 -1.900156576855266177e+00 -4.427587519180519848e+00 2.766998073016623927e+00
-3.663043350281403487e+00 -4.190411524483690364e+00 9.516727392200160507e-01 -1.898545639173670807e+00 -4.426632386242558503e+00 2.760923218728341677e+00
-3.659437906061146606e+00 -4.183275670149977365e+00 9.514806282411808480e-01 -1.896941910675050691e+00 -4.425666267489250849e+00 2.754814726294667615e+00
-3.655797855506306426e+00 -4.176077179797195171e+00 9.512867236570080598e-01 -1.895345717413614128e+00 -4.424688888192277680e+00 2.748673095193990612e+00
-3.652123223324750256e+00 -4.168816234465481330e+00 9.510910257370246423e-01 -1.893757378660159141e+00 -4.423699964806764307e+00 2.742498823821734266e+00
-3.648414034363757885e+00 -4.161493015793274353e+00 9.508935346936882027e-01 -1.892177206750479401e+00 -4.422699205019156032e+00 2.736292409490627353e+00
-3.644670313617156321e+00 -4.154107706023983937e+00 9.506942506662662273e-01 -1.890605506933525248e+00 -4.421686307800660742e+00 2.730054348430924538e+00
-3.640892086232350611e+00 -4.146660488012727797e+00 9.504931734833608203e-01 -1.889042577219575803e+00 -4.420660963466198190e+00 2.723785135790562695e+00
-3.637079377515581857e+00 -4.139151545233985097e+00 9.502903028257615459e-01 -1.887488708228416412e+00 -4.419622853738910173e+00 2.717485265635266156e+00
-3.633232212938346972e+00 -4.131581061788674347e+00 9.500856388245303430e-01 -1.885944183037767008e+00 -4.418571651820159651e+00 2.711155230948590678e+00
-3.629350618148373453e+00 -4.123949222408930915e+00 9.498791813395435213e-01 -1.884409277032156327e+00 -4.417507022465004596e+00 2.704795523631901677e+00
-3.625434618975205137e+00 -4.116256212465618347e+00 9.496709300517196528e-01 -1.882884257752248658e+00 -4.416428622063150122e+00 2.698406634504287194e+00
-3.621484241436460305e+00 -4.108502217975531501e+00 9.494608843571896717e-01 -1.881369384744930429e+00 -4.415336098725314962e+00 2.691989053302404233e+00
-3.617499511743220708e+00 -4.100687425609032211e+00 9.492490437628725575e-01 -1.879864909414111995e+00 -4.414229092375041574e+00 2.685543268680256279e+00
-3.613480456308490574e+00 -4.092812022696145746e+00 9.490354079173434210e-01 -1.878371074872615676e+00 -4.413107234845839777e+00 2.679069768208897973e+00
-3.609427101755942946e+00 -4.084876197232479633e+00 9.488199761804877452e-01 -1.876888115795096734e+00 -4.411970149983695855e+00 2.672569038376066963e+00
-3.605339474925309595e+00 -4.076880137886881528e+00 9.486027479099072846e-01 -1.875416258272220471e+00 -4.410817453754894757e+00 2.666041564585742485e+00
-3.601217602880016244e+00 -4.068824034007946011e+00 9.483837224458399051e-01 -1.873955719666271946e+00 -4.409648754359089651e+00 2.659487831157613780e+00
-3.597061512914722758e+00 -4.060708075630572900e+00 9.481628990696444603e-01 -1.872506708468315795e+00 -4.408463652347590411e+00 2.652908321326478358e+00
-3.592871232562544925e+00 -4.052532453482694308e+00 9.479402769934142103e-01 -1.871069424157106642e+00 -4.407261740746781342e+00 2.646303517241557213e+00
-3.588646789602200737e+00 -4.044297358992025693e+00 9.477158553432397659e-01 -1.869644057059760334e+00 -4.406042605186707206e+00 2.639673899965723436e+00
-3.584388212065020340e+00 -4.036002984292900386e+00 9.474896330679475343e-01 -1.868230788214539029e+00 -4.404805824034635719e+00 2.633019949474645127e+00
-3.580095528241182379e+00 -4.027649522233468282e+00 9.472616092702786927e-01 -1.866829789235741277e+00 -4.403550968533638255e+00 2.626342144655843924e+00
-3.575768766688713018e+00 -4.019237166381478765e+00 9.470317828909793345e-01 -1.865441222180856284e+00 -4.402277602946115920e+00 2.619640963307664272e+00
-3.571407956239877723e+00 -4.010766111031397685e+00 9.468001527205213153e-01 -1.864065239420094722e+00 -4.400985284702200850e+00 2.612916882138141883e+00
-3.567013126007648083e+00 -4.002236551211473703e+00 9.465667175319664173e-01 -1.862701983508575854e+00 -4.399673564552911031e+00 2.606170376763791374e+00
-3.562584305393288631e+00 -3.993648682690232210e+00 9.463314759043833790e-01 -1.861351587061198964e+00 -4.398341986728023123e+00 2.599401921708284657e+00
-3.558121524092427101e+00 -3.985002701983717532e+00 9.460944264068630316e-01 -1.860014172630328755e+00 -4.396990089098605559e+00 2.592611990401039179e+00
-3.553624812102692765e+00 -3.976298806361918903e+00 9.458555677511221171e-01 -1.858689852586483005e+00 -4.395617403344103558e+00 2.585801055175704910e+00
-3.549094199732719890e+00 -3.967537193854491218e+00 9.456148984567085414e-01 -1.857378729002269191e+00 -4.394223455123825062e+00 2.578969587268552743e+00
-3.544529717608246422e+00 -3.958718063257921305e+00 9.453724169245395492e-01 -1.856080893539417298e+00 -4.392807764252891545e+00 2.572118056816758092e+00
-3.539931396678845932e+00 -3.949841614142385104e+00 9.451281215320764817e-01 -1.854796427339305609e+00 -4.391369844882420992e+00 2.565246932856582340e+00
-3.535299268225487790e+00 -3.940908046858145219e+00 9.448820107856986672e-01 -1.853525400916964605e+00 -4.389909205683931503e+00 2.558356683321448610e+00
-3.530633363869472241e+00 -3.931917562541198397e+00 9.446340827513424188e-01 -1.852267874058733943e+00 -4.388425350037826966e+00 2.551447775039906496e+00
-3.525933715576282435e+00 -3.922870363121559123e+00 9.443843356353434082e-01 -1.851023895723696855e+00 -4.386917776225883969e+00 2.544520673733492444e+00
-3.521200355664602988e+00 -3.913766651328827173e+00 9.441327675180034573e-01 -1.849793503949049400e+00 -4.385385977627604959e+00 2.537575844014470672e+00
-3.516433316812963561e+00 -3.904606630698962189e+00 9.438793766113505734e-01 -1.848576725759471850e+00 -4.383829442920352371e+00 2.530613749383470612e+00
-3.511632632068741433e+00 -3.895390505579822360e+00 9.436241606190821640e-01 -1.847373577080665186e+00 -4.382247656283124293e+00 2.523634852227002678e+00
-3.506798334851285226e+00 -3.886118481139737568e+00 9.433671172764733770e-01 -1.846184062657145963e+00 -4.380640097603889060e+00 2.516639613814863452e+00
-3.501930458959932047e+00 -3.876790763373481052e+00 9.431082443941085636e-01 -1.845008175974339082e+00 -4.379006242690391737e+00 2.509628494297426293e+00
-3.497029038582484262e+00 -3.867407559108000825e+00 9.428475401959910407e-01 -1.843845899185180270e+00 -4.377345563484266400e+00 2.502601952702816046e+00
-3.492094108306899702e+00 -3.857969076006420917e+00 9.425850022744000078e-01 -1.842697203041332887e+00 -4.375657528278299679e+00 2.495560446933957177e+00
-3.487125703123189258e+00 -3.848475522577123442e+00 9.423206278554006055e-01 -1.841562046829073651e+00 -4.373941601936770063e+00 2.488504433765510893e+00
-3.482123858427687235e+00 -3.838927108181571235e+00 9.420544141810465177e-01 -1.840440378310018943e+00 -4.372197246118682656e+00 2.481434368840680360e+00
-3.477088610030905080e+00 -3.829324043040222669e+00 9.417863589768288302e-01 -1.839332133666701674e+00 -4.370423919503818588e+00 2.474350706667902688e+00
-3.472019994169930346e+00 -3.819666538236030640e+00 9.415164598123839657e-01 -1.838237237453112405e+00 -4.368621078021460491e+00 2.467253900617404572e+00
-3.466918047514749635e+00 -3.809954805721060822e+00 9.412447140526858380e-01 -1.837155602550307520e+00 -4.366788175081654622e+00 2.460144402917650908e+00
-3.461782807174070609e+00 -3.800189058323342195e+00 9.409711190734045827e-01 -1.836087130127206368e+00 -4.364924661808823991e+00 2.453022664651656193e+00
-3.456614310703225001e+00 -3.790369509752616217e+00 9.406956720652727144e-01 -1.835031709606541384e+00 -4.363029987277703192e+00 2.445889135753169796e+00
-3.451412596110136288e+00 -3.780496374607031917e+00 9.404183697495669403e-01 -1.833989218636262963e+00 -4.361103598751258303e+00 2.438744265002730227e+00
-3.446177701858412767e+00 -3.770569868381314471e+00 9.401392089185646173e-01 -1.832959523066211238e+00 -4.359144941920646943e+00 2.431588500023602162e+00
-3.440909666875747952e+00 -3.760590207472134239e+00 9.398581860822126099e-01 -1.831942476930311647e+00 -4.357153461146950235e+00 2.424422287277578469e+00
-3.435608530558788232e+00 -3.750557609185269037e+00 9.395752983340388553e-01 -1.830937922434268561e+00 -4.355128599704577219e+00 2.417246072060652118e+00
-3.430274332786686919e+00 -3.740472291738150989e+00 9.392905430733433647e-01 -1.829945689948920151e+00 -4.353069800026127645e+00 2.410060298498562403e+00
-3.424907113932015079e+00 -3.730334474263745648e+00 9.390039170992665607e-01 -1.828965598009144822e+00 -4.350976503948674079e+00 2.402865409542204844e+00
-3.419506914862505909e+00 -3.720144376819215726e+00 9.387154168627236395e-01 -1.827997453318525256e+00 -4.348848152961187097e+00 2.395661846962914510e+00
-3.414073776945247829e+00 -3.709902220393271222e+00 9.384250387078535427e-01 -1.827041050759801832e+00 -4.346684188452972109e+00 2.388450051347614345e+00
-3.408607742053266332e+00 -3.699608226912205478e+00 9.381327788574231885e-01 -1.826096173411028811e+00 -4.344484051963062754e+00 2.381230462093829381e+00
-3.403108852571935738e+00 -3.689262619245972097e+00 9.378386332583747986e-01 -1.825162592567552533e+00 -4.342247185430375467e+00 2.374003517404575270e+00
-3.397577151403761597e+00 -3.678865621215079873e+00 9.375425981239922102e-01 -1.824240067769934415e+00 -4.339973031444355200e+00 2.366769654283110924e+00
-3.392012681978784361e+00 -3.668417457594456366e+00 9.372446702623449255e-01 -1.823328346837783664e+00 -4.337661033496000407e+00 2.359529308527554381e+00
-3.386415488268507357e+00 -3.657918354115371251e+00 9.369448459005793595e-01 -1.822427165909446201e+00 -4.335310636229228187e+00 2.352282914725371210e+00
-3.380785614787578552e+00 -3.647368537473805183e+00 9.366431211477193042e-01 -1.821536249487714088e+00 -4.332921285692250102e+00 2.345030906247723479e+00
-3.375123106600233402e+00 -3.636768235336248711e+00 9.363394921806263982e-01 -1.820655310491486878e+00 -4.330492429588857384e+00 2.337773715243691264e+00
-3.369428009328695683e+00 -3.626117676344402074e+00 9.360339544568133663e-01 -1.819784050313336232e+00 -4.328023517529580921e+00 2.330511772634361378e+00
-3.363700369153169056e+00 -3.615417090124310562e+00 9.357265032295867258e-01 -1.818922158883090612e+00 -4.325514001282393828e+00 2.323245508106776214e+00
-3.357940232817183013e+00 -3.604666707292582650e+00 9.354171341535224560e-01 -1.818069314737404518e+00 -4.322963335022873110e+00 2.315975350107757347e+00
-3.352147647639460715e+00 -3.593866759459093618e+00 9.351058430621542739e-01 -1.817225185095333595e+00 -4.320370975583614381e+00 2.308701725837593255e+00
-3.346322661523474462e+00 -3.583017479230835356e+00 9.347926258708036951e-01 -1.816389425939927804e+00 -4.317736382702726416e+00 2.301425061243597803e+00
-3.340465322965995743e+00 -3.572119100216247123e+00 9.344774778847666497e-01 -1.815561682105739205e+00 -4.315059019271335394e+00 2.294145781013527952e+00
-3.334575681058084662e+00 -3.561171857033535115e+00 9.341603943370753171e-01 -1.814741587372390885e+00 -4.312338351579760420e+00 2.286864308568872239e+00
-3.328653785491861861e+00 -3.550175985315847882e+00 9.338413704366234080e-01 -1.813928764563958795e+00 -4.309573849562473136e+00 2.279581066058011807e+00
-3.322699686567805788e+00 -3.539131721716130663e+00 9.335204011808624358e-01 -1.813122825654277515e+00 -4.306764987041510118e+00 2.272296474349249085e+00
-3.316713435199933002e+00 -3.528039303912996694e+00 9.331974817062174132e-01 -1.812323371878201028e+00 -4.303911241968108037e+00 2.265010953023712581e+00
-3.310695082924872690e+00 -3.516898970614484643e+00 9.328726071227017025e-01 -1.811529993848568720e+00 -4.301012096662665485e+00 2.257724920368124888e+00
-3.304644681909121307e+00 -3.505710961562721106e+00 9.325457721028032054e-01 -1.810742271678980053e+00 -4.298067038052727717e+00 2.250438793367449897e+00
-3.298562284951668921e+00 -3.494475517541018483e+00 9.322169716224184555e-01 -1.809959775112407243e+00 -4.295075557908701214e+00 2.243152987697413447e+00
-3.292447945494894057e+00 -3.483192880376452472e+00 9.318862000201416640e-01 -1.809182063655510930e+00 -4.292037153077294498e+00 2.235867917716898745e+00
-3.286301717624868779e+00 -3.471863292948095481e+00 9.315534519553874127e-01 -1.808408686718654179e+00 -4.288951325712475615e+00 2.228583996460205885e+00
-3.280123656082431616e+00 -3.460486999189368973e+00 9.312187222824552801e-01 -1.807639183761484247e+00 -4.285817583503869876e+00 2.221301635629193250e+00
-3.273913816272886024e+00 -3.449064244091043285e+00 9.308820052390023303e-01 -1.806873084444019284e+00 -4.282635439902446883e+00 2.214021245585295006e+00
-3.267672254266457799e+00 -3.437595273709228572e+00 9.305432950361479660e-01 -1.806109908783281037e+00 -4.279404414343232155e+00 2.206743235341412923e+00
-3.261399026805393397e+00 -3.426080335169681135e+00 9.302025855186641934e-01 -1.805349167315263958e+00 -4.276124032465090430e+00 2.199468012553693619e+00
-3.255094191307121854e+00 -3.414519676674166782e+00 9.298598712899364127e-01 -1.804590361262227161e+00 -4.272793826327307087e+00 2.192195983513187230e+00
-3.248757805880433835e+00 -3.402913547499732072e+00 9.295151458208755768e-01 -1.803832982705231958e+00 -4.269413334622905509e+00 2.184927553137387513e+00
-3.242389929319753783e+00 -3.391262198009767470e+00 9.291684029577212955e-01 -1.803076514761926541e+00 -4.265982102888391303e+00 2.177663124961656038e+00
-3.235990621116823007e+00 -3.379565879655554994e+00 9.288196363299027203e-01 -1.802320431769349085e+00 -4.262499683710023746e+00 2.170403101130524703e+00
-3.229559941465518058e+00 -3.367824844981484045e+00 9.284688399802498715e-01 -1.801564199471738403e+00 -4.258965636926340004e+00 2.163147882388896548e+00
-3.223097951274075612e+00 -3.356039347626163405e+00 9.281160079176516975e-01 -1.800807275213190284e+00 -4.255379529826927687e+00 2.155897868073124890e+00
-3.216604712172098868e+00 -3.344209642326279042e+00 9.277611335566561257e-01 -1.800049108135139964e+00 -4.251740937347221916e+00 2.148653456101988102e+00
-3.210080286510919034e+00 -3.332335984924059247e+00 9.274042101347418354e-01 -1.799289139378562385e+00 -4.248049442259182129e+00 2.141415042967563576e+00
-3.203524737368786734e+00 -3.320418632372022394e+00 9.270452306852795532e-01 -1.798526802290752569e+00 -4.244304635357786459e+00 2.134183023725976458e+00
-3.196938128555724568e+00 -3.308457842737888122e+00 9.266841884101328919e-01 -1.797761522636605491e+00 -4.240506115643235319e+00 2.126957791988054680e+00
-3.190320524622797915e+00 -3.296453875206947437e+00 9.263210760842268687e-01 -1.796992718814231615e+00 -4.236653490498770047e+00 2.119739739909886733e+00
-3.183671990864239021e+00 -3.284406990088292844e+00 9.259558867794582815e-01 -1.796219802074834782e+00 -4.232746375863959187e+00 2.112529258183272418e+00
-3.176992593328269887e+00 -3.272317448816228769e+00 9.255886129627642900e-01 -1.795442176746701701e+00 -4.228784396403404422e+00 2.105326736026082557e+00
-3.170282398817021008e+00 -3.260185513957591041e+00 9.252192474898738306e-01 -1.794659240463345240e+00 -4.224767185670482483e+00 2.098132561172524113e+00
-3.163541474898467598e+00 -3.248011449212406809e+00 9.248477827874835855e-01 -1.793870384395379602e+00 -4.220694386266560905e+00 2.090947119863299619e+00
-3.156769889908422666e+00 -3.235795519419913724e+00 9.244742114605449812e-01 -1.793074993486209801e+00 -4.216565649995226650e+00 2.083770796835681782e+00
-3.149967712959926835e+00 -3.223537990560489064e+00 9.240985259372785920e-01 -1.792272446691338672e+00 -4.212380638011547163e+00 2.076603975313507267e+00
-3.143135013948292755e+00 -3.211239129759859701e+00 9.237207184784241853e-01 -1.791462117221260586e+00 -4.208139020966084942e+00 2.069447036997080769e+00
-3.136271863556243655e+00 -3.198899205293207260e+00 9.233407811190759151e-01 -1.790643372787596554e+00 -4.203840479144018261e+00 2.062300362052985392e+00
-3.129378333258318712e+00 -3.186518486589651644e+00 9.229587061043265095e-01 -1.789815575852491403e+00 -4.199484702598954122e+00 2.055164329103811305e+00
-3.122454495330633240e+00 -3.174097244233652138e+00 9.225744849615290510e-01 -1.788978083881131331e+00 -4.195071391281437911e+00 2.048039315217811129e+00
-3.115500422849142748e+00 -3.161635749972784737e+00 9.221881096962557534e-01 -1.788130249597196242e+00 -4.190600255162116206e+00 2.040925695898486492e+00
-3.108516189702726695e+00 -3.149134276717196812e+00 9.217995715561515535e-01 -1.787271421241127367e+00 -4.186071014349446173e+00 2.033823845074099967e+00
-3.101501870590853027e+00 -3.136593098547577618e+00 9.214088618544473697e-01 -1.786400942831127381e+00 -4.181483399201781026e+00 2.026734135087102207e+00
-3.094457541031470083e+00 -3.124012490717364976e+00 9.210159723731989878e-01 -1.785518154426629422e+00 -4.176837150434033141e+00 2.019656936683508430e+00
-3.087383277373998425e+00 -3.111392729652003197e+00 9.206208937143753879e-01 -1.784622392394078716e+00 -4.172132019218885546e+00 2.012592619002201655e+00
-3.080279156791565942e+00 -3.098734092959784192e+00 9.202236168160545793e-01 -1.783712989675030558e+00 -4.167367767282184943e+00 2.005541549564175963e+00
-3.073145257292284604e+00 -3.086036859431982027e+00 9.198241328224219249e-01 -1.782789276056281791e+00 -4.162544166992753425e+00 1.998504094261720709e+00
-3.065981657728968024e+00 -3.073301309043793950e+00 9.194224327076039316e-01 -1.781850578441879662e+00 -4.157661001446610882e+00 1.991480617347547444e+00
-3.058788437804102589e+00 -3.060527722957877561e+00 9.190185077292651883e-01 -1.780896221126956114e+00 -4.152718064545347865e+00 1.984471481423849326e+00
-3.051565678080597532e+00 -3.047716383524552874e+00 9.186123482608894442e-01 -1.779925526073121933e+00 -4.147715161068863843e+00 1.977477047431324575e+00
-3.044313459977577629e+00 -3.034867574290333714e+00 9.182039444885896629e-01 -1.778937813185370587e+00 -4.142652106742251483e+00 1.970497674638163055e+00
-3.037031865775018602e+00 -3.021981580001483536e+00 9.177932864481503916e-01 -1.777932400590300110e+00 -4.137528728296896219e+00 1.963533720628962032e+00
-3.029720978618835936e+00 -3.009058686607243516e+00 9.173803641493313288e-01 -1.776908604915497847e+00 -4.132344863525688083e+00 1.956585541293624830e+00
-3.022380882527577750e+00 -2.996099181262100952e+00 9.169651675742229724e-01 -1.775865741569917278e+00 -4.127100361332544765e+00 1.949653490816203538e+00
-3.015011662399116776e+00 -2.983103352327993729e+00 9.165476867356890933e-01 -1.774803125025118611e+00 -4.121795081776052250e+00 1.942737921663718170e+00
-3.007613404018110614e+00 -2.970071489375999185e+00 9.161279113453663081e-01 -1.773720069097182606e+00 -4.116428896107310997e+00 1.935839184574949190e+00
-3.000186194059150768e+00 -2.957003883190425064e+00 9.157058309676242569e-01 -1.772615887229174625e+00 -4.111001686802001842e+00 1.928957628549192505e+00
-2.992730120091910528e+00 -2.943900825771733842e+00 9.152814349379316816e-01 -1.771489892774027020e+00 -4.105513347586621897e+00 1.922093600834991811e+00
-2.985245270585195954e+00 -2.930762610340015506e+00 9.148547124932020491e-01 -1.770341399277675087e+00 -4.099963783458809630e+00 1.915247446918845853e+00
-2.977731734912719030e+00 -2.917589531337466902e+00 9.144256527207238472e-01 -1.769169720762195475e+00 -4.094352910702196091e+00 1.908419510513903461e+00
-2.970189603358183827e+00 -2.904381884431177063e+00 9.139942442725483840e-01 -1.767974172008865752e+00 -4.088680656895509635e+00 1.901610133548642612e+00
-2.962618967116575242e+00 -2.891139966518011306e+00 9.135604760013538161e-01 -1.766754068841121850e+00 -4.082946960915669443e+00 1.894819656155532162e+00
-2.955019918303844140e+00 -2.877864075724651194e+00 9.131243363416167158e-01 -1.765508728407054750e+00 -4.077151772935456719e+00 1.888048416659679818e+00
-2.947392549958439911e+00 -2.864554511412282345e+00 9.126858137696861606e-01 -1.764237469461416685e+00 -4.071295054415472237e+00 1.881296751567487879e+00
-2.939736956048945693e+00 -2.851211574177744623e+00 9.122448963108774622e-01 -1.762939612646937437e+00 -4.065376778090561416e+00 1.874564995555298763e+00
-2.932053231475156174e+00 -2.837835565858383369e+00 9.118015722710870463e-01 -1.761614480774844393e+00 -4.059396927950686518e+00 1.867853481458035647e+00
-2.924341472078912041e+00 -2.824426789531246484e+00 9.113558299687756215e-01 -1.760261399104412483e+00 -4.053355499216320545e+00 1.861162540257865983e+00
-2.916601774651432333e+00 -2.810985549514245285e+00 9.109076573889742789e-01 -1.758879695621434092e+00 -4.047252498308295365e+00 1.854492501072857680e+00
-2.908834236936012729e+00 -2.797512151369925260e+00 9.104570423165238013e-01 -1.757468701315448634e+00 -4.041087942812230160e+00 1.847843691145651057e+00
-2.901038957632465998e+00 -2.784006901908159470e+00 9.100039718285828361e-01 -1.756027750455533498e+00 -4.034861861437843977e+00 1.841216435832153886e+00
-2.893216036394737234e+00 -2.770470109192827657e+00 9.095484333825093470e-01 -1.754556180864654369e+00 -4.028574293972801534e+00 1.834611058590245092e+00
-2.885365573843187370e+00 -2.756902082539967047e+00 9.090904133331609849e-01 -1.753053334192317347e+00 -4.022225291231394273e+00 1.828027880968508878e+00
-2.877487671556789195e+00 -2.743303132527482369e+00 9.086298979952084354e-01 -1.751518556185413633e+00 -4.015814914998215635e+00 1.821467222594969293e+00
-2.869582432079648804e+00 -2.729673570996492771e+00 9.081668743684867540e-01 -1.749951196957231669e+00 -4.009343237966368712e+00 1.814929401165870759e+00
-2.861649958937547922e+00 -2.716013711046926460e+00 9.077013295975251417e-01 -1.748350611254328335e+00 -4.002810343671078464e+00 1.808414732434504568e+00
-2.853690356647197834e+00 -2.702323867037190297e+00 9.072332502622847406e-01 -1.746716158721190126e+00 -3.996216326418522424e+00 1.801923530200047363e+00
-2.845703730715848589e+00 -2.688604354589448686e+00 9.067626223165758947e-01 -1.745047204162654575e+00 -3.989561291209554827e+00 1.795456106296439147e+00
-2.837690187640009576e+00 -2.674855490595400731e+00 9.062894317164411628e-01 -1.743343117803871412e+00 -3.982845353658860610e+00 1.789012770581304146e+00
-2.829649834912769890e+00 -2.661077593217024528e+00 9.058136641504167530e-01 -1.741603275547707996e+00 -3.976068639909483338e+00 1.782593830924912970e+00
-2.821582781027434095e+00 -2.647270981889404240e+00 9.053353049304447842e-01 -1.739827059229489548e+00 -3.969231286542849180e+00 1.776199593199216498e+00
-2.813489135479676939e+00 -2.633435977324433352e+00 9.048543394715843347e-01 -1.738013856868982909e+00 -3.962333440484145264e+00 1.769830361266906182e+00
-2.805369008776354089e+00 -2.619572901510603735e+00 9.043707529614272156e-01 -1.736163062919451994e+00 -3.955375258903569780e+00 1.763486436970533200e+00
-2.797222512439766717e+00 -2.605682077715370859e+00 9.038845308047787075e-01 -1.734274078513720063e+00 -3.948356909113228230e+00 1.757168120121669563e+00
-2.789049759018162877e+00 -2.591763830483881037e+00 9.033956578737816212e-01 -1.732346311707102959e+00 -3.941278568460090614e+00 1.750875708490143845e+00
-2.780850862085859632e+00 -2.577818485643728508e+00 9.029041183032678886e-01 -1.730379177717130679e+00 -3.934140424214752851e+00 1.744609497793333075e+00
-2.772625936240478595e+00 -2.563846370311403611e+00 9.024098961031034039e-01 -1.728372099159973363e+00 -3.926942673456264910e+00 1.738369781685525917e+00
-2.764375097108718649e+00 -2.549847812893732524e+00 9.019129753864475463e-01 -1.726324506283445581e+00 -3.919685522953114010e+00 1.732156851747342463e+00
-2.756098461355381612e+00 -2.535823143087352349e+00 9.014133398192973878e-01 -1.724235837196482546e+00 -3.912369189040692863e+00 1.725970997475238633e+00
-2.747796146684731600e+00 -2.521772691882656847e+00 9.009109734188228691e-01 -1.722105538095056732e+00 -3.904993897494836830e+00 1.719812506271068742e+00
-2.739468271853147563e+00 -2.507696791561116356e+00 9.004058604227223039e-01 -1.719933063484347491e+00 -3.897559883402178293e+00 1.713681663431744440e+00
-2.731114956680039452e+00 -2.493595775693556948e+00 8.998979841027779925e-01 -1.717717876397142129e+00 -3.890067391027164589e+00 1.707578752138965594e+00
-2.722736322042066170e+00 -2.479469979148257952e+00 8.993873272912964456e-01 -1.715459448608429138e+00 -3.882516673675411312e+00 1.701504053449033105e+00
-2.714332489874758725e+00 -2.465319738094706725e+00 8.988738721967507450e-01 -1.713157260846000840e+00 -3.874907993554292496e+00 1.695457846282727221e+00
-2.705903583171534343e+00 -2.451145390008881986e+00 8.983576011102057945e-01 -1.710810802997027258e+00 -3.867241621630595816e+00 1.689440407415278900e+00
-2.697449725992756342e+00 -2.436947273672583680e+00 8.978384964478430819e-01 -1.708419574310569455e+00 -3.859517837485177072e+00 1.683452011466422871e+00
-2.688971043475485878e+00 -2.422725729172312992e+00 8.973165403519259842e-01 -1.705983083595932870e+00 -3.851736929164764067e+00 1.677492930890555067e+00
-2.680467661837667936e+00 -2.408481097901457701e+00 8.967917145490471587e-01 -1.703500849416771157e+00 -3.843899193031254935e+00 1.671563435966989308e+00
-2.671939708380337120e+00 -2.394213722563634406e+00 8.962640007667410647e-01 -1.700972400280896579e+00 -3.836004933608532674e+00 1.665663794790295471e+00
-2.663387311495794663e+00 -2.379923947172425169e+00 8.957333803743872114e-01 -1.698397274825737657e+00 -3.828054463426915799e+00 1.659794273260746023e+00
-2.654810600670754805e+00 -2.365612117054127772e+00 8.951998344077812808e-01 -1.695775021999394117e+00 -3.820048102865282846e+00 1.653955135074850924e+00
-2.646209706489877078e+00 -2.351278578850250600e+00 8.946633437655386878e-01 -1.693105201237205204e+00 -3.811986179991019519e+00 1.648146641715996452e+00
-2.637584760642197601e+00 -2.336923680518297353e+00 8.941238891714632375e-01 -1.690387382633803615e+00 -3.803869030398259188e+00 1.642369052445192157e+00
-2.628935895927080324e+00 -2.322547771332807542e+00 8.935814505167620769e-01 -1.687621147110619280e+00 -3.795696997043867427e+00 1.636622624291917738e+00
-2.620263246250784661e+00 -2.308151201892047144e+00 8.930360082434308788e-01 -1.684806086578773510e+00 -3.787470430081774531e+00 1.630907612045063182e+00
-2.611566946642977172e+00 -2.293734324112682188e+00 8.924875415920711097e-01 -1.681941804097287552e+00 -3.779189686695886508e+00 1.625224268243993242e+00
-2.602847133248077593e+00 -2.279297491239568263e+00 8.919360302896077730e-01 -1.679027914026619328e+00 -3.770855130931189070e+00 1.619572843169702070e+00
-2.594103943341017349e+00 -2.264841057840860206e+00 8.913814531222126192e-01 -1.676064042177438207e+00 -3.762467133523802243e+00 1.613953584836091304e+00
-2.585337515322444268e+00 -2.250365379815451039e+00 8.908237887337870919e-01 -1.673049825954678660e+00 -3.754026071729194669e+00 1.608366738981354516e+00
-2.576547988725543803e+00 -2.235870814393432049e+00 8.902630163476975556e-01 -1.669984914496760453e+00 -3.745532329149713568e+00 1.602812549059468017e+00
-2.567735504233441546e+00 -2.221357720130110902e+00 8.896991144429797771e-01 -1.666868968809978924e+00 -3.736986295561212756e+00 1.597291256231816448e+00
-2.558900203677530349e+00 -2.206826456911581857e+00 8.891320608652264479e-01 -1.663701661898067341e+00 -3.728388366738678350e+00 1.591803099358902074e+00
-2.550042230037456115e+00 -2.192277385959310099e+00 8.885618330213738147e-01 -1.660482678886874730e+00 -3.719738944281163029e+00 1.586348314992194419e+00
-2.541161727443951079e+00 -2.177710869832929053e+00 8.879884078789351820e-01 -1.657211717144151164e+00 -3.711038435435779714e+00 1.580927137366093804e+00
-2.532258841181754594e+00 -2.163127272433001291e+00 8.874117625343048710e-01 -1.653888486394421431e+00 -3.702287252921518057e+00 1.575539798389987700e+00
-2.523333717700942280e+00 -2.148526958998683511e+00 8.868318743146099692e-01 -1.650512708828944186e+00 -3.693485814752254903e+00 1.570186527640448748e+00
-2.514386504629857466e+00 -2.133910296104309712e+00 8.862487197416690776e-01 -1.647084119210713959e+00 -3.684634544060057415e+00 1.564867552353540248e+00
-2.505417350773027518e+00 -2.119277651665155027e+00 8.856622753260774417e-01 -1.643602464974523114e+00 -3.675733868917848479e+00 1.559583097417230668e+00
-2.496426406120763275e+00 -2.104629394936039954e+00 8.850725160790892110e-01 -1.640067506322069102e+00 -3.666784222162150719e+00 1.554333385363946940e+00
-2.487413821837062500e+00 -2.089965896523255484e+00 8.844794173509169521e-01 -1.636479016312123003e+00 -3.657786041215997486e+00 1.549118636363204793e+00
-2.478379750274513516e+00 -2.075287528379918811e+00 8.838829544415530703e-01 -1.632836780945716271e+00 -3.648739767911960641e+00 1.543939068214377874e+00
-2.469324344983599318e+00 -2.060594663804635296e+00 8.832831020888456397e-01 -1.629140599246360788e+00 -3.639645848315456789e+00 1.538794896339607421e+00
-2.460247760714644016e+00 -2.045887677444747421e+00 8.826798349657291043e-01 -1.625390283335337527e+00 -3.630504732548736513e+00 1.533686333776807853e+00
-2.451150153427159140e+00 -2.031166945294986537e+00 8.820731271756986347e-01 -1.621585658502040506e+00 -3.621316874615083670e+00 1.528613591172789166e+00
-2.442031680291897988e+00 -2.016432844700603688e+00 8.814629521401898815e-01 -1.617726563269360041e+00 -3.612082732223813153e+00 1.523576876776512989e+00
-2.432892499691314825e+00 -2.001685754361432590e+00 8.808492831473307971e-01 -1.613812849454116183e+00 -3.602802766615749164e+00 1.518576396432440800e+00
-2.423732771228252147e+00 -1.986926054330897529e+00 8.802320931843718999e-01 -1.609844382222596515e+00 -3.593477442389781729e+00 1.513612353573997815e+00
-2.414552655732251196e+00 -1.972154126016380626e+00 8.796113543387910072e-01 -1.605821040141165001e+00 -3.584107227330373124e+00 1.508684949217167892e+00
-2.405352315257164086e+00 -1.957370352185025641e+00 8.789870391538167071e-01 -1.601742715221975422e+00 -3.574692592235696686e+00 1.503794381954187465e+00
-2.396131913098902722e+00 -1.942575116956943404e+00 8.783591194747892850e-01 -1.597609312963828243e+00 -3.565234010747466264e+00 1.498940847947343613e+00
-2.386891613796268352e+00 -1.927768805808858232e+00 8.777275671593364192e-01 -1.593420752388138295e+00 -3.555731959181545498e+00 1.494124540922900701e+00
-2.377631583142446381e+00 -1.912951805571125874e+00 8.770923533872120315e-01 -1.589176966070069197e+00 -3.546186916360020813e+00 1.489345652165125600e+00
-2.368351988186375046e+00 -1.898124504430948267e+00 8.764534481464006932e-01 -1.584877900164863851e+00 -3.536599363444914879e+00 1.484604370510445026e+00
-2.359052997226631199e+00 -1.883287291940323627e+00 8.758108211738396820e-01 -1.580523514429393650e+00 -3.526969783773265643e+00 1.479900882341671275e+00
-2.349734779819345754e+00 -1.868440559015124514e+00 8.751644426181210967e-01 -1.576113782238921068e+00 -3.517298662693668199e+00 1.475235371582356736e+00
-2.340397506796096039e+00 -1.853584697927803671e+00 8.745142813921331637e-01 -1.571648690599125597e+00 -3.507586487404710240e+00 1.470608019691246326e+00
-2.331041350257532230e+00 -1.838720102315324567e+00 8.738603069091669395e-01 -1.567128240153421004e+00 -3.497833746794902776e+00 1.466019005656835406e+00
-2.321666483592895958e+00 -1.823847167170695283e+00 8.732024876429450577e-01 -1.562552445185610539e+00 -3.488040931284778878e+00 1.461468505992037148e+00
-2.312273081478325221e+00 -1.808966288847811743e+00 8.725407915278236004e-01 -1.557921333617884763e+00 -3.478208532670692854e+00 1.456956694728930968e+00
-2.302861319881213120e+00 -1.794077865062408517e+00 8.718751861386806468e-01 -1.553234947004175304e+00 -3.468337043970491251e+00 1.452483743413624406e+00
-2.293431376067375016e+00 -1.779182294891127558e+00 8.712056378674194468e-01 -1.548493340518968475e+00 -3.458426959271555745e+00 1.448049821101195178e+00
-2.283983428596066290e+00 -1.764279978778173330e+00 8.705321138227561928e-01 -1.543696582941531670e+00 -3.448478773580649914e+00 1.443655094350728030e+00
-2.274517657343491983e+00 -1.749371318523877505e+00 8.698545801693662316e-01 -1.538844756635719957e+00 -3.438492982676590426e+00 1.439299727220445302e+00
-2.265034243501726330e+00 -1.734456717288713534e+00 8.691730021569253894e-01 -1.533937957525261631e+00 -3.428470082964873988e+00 1.434983881262938077e+00
-2.255533369578188285e+00 -1.719536579596874226e+00 8.684873448981881294e-01 -1.528976295064577107e+00 -3.418410571334372872e+00 1.430707715520482814e+00
-2.246015219406871211e+00 -1.704611311332256296e+00 8.677975728435969316e-01 -1.523959892205267730e+00 -3.408314945016893915e+00 1.426471386520423490e+00
-2.236479978151893810e+00 -1.689681319739213095e+00 8.671036500301767536e-01 -1.518888885358240515e+00 -3.398183701449064564e+00 1.422275048270655429e+00
-2.226927832314906652e+00 -1.674747013420688102e+00 8.664055401983449256e-01 -1.513763424351534770e+00 -3.388017338136749323e+00 1.418118852255173978e+00
-2.217358969744426034e+00 -1.659808802334999278e+00 8.657032063855931714e-01 -1.508583672383924768e+00 -3.377816352522312826e+00 1.414002947429697787e+00
-2.207773579639240147e+00 -1.644867097796238298e+00 8.649966109423051774e-01 -1.503349805974311781e+00 -3.367581241854502583e+00 1.409927480217391782e+00
-2.198171852552202488e+00 -1.629922312474273216e+00 8.642857158595267375e-01 -1.498062014906878847e+00 -3.357312503060637887e+00 1.405892594504640991e+00
-2.188553980399093213e+00 -1.614974860391360512e+00 8.635704825332152224e-01 -1.492720502172233399e+00 -3.347010632622255955e+00 1.401898431636909637e+00
-2.178920156464096536e+00 -1.600025156920708458e+00 8.628508717352625368e-01 -1.487325483904407220e+00 -3.336676126453100188e+00 1.397945130414655068e+00
-2.169270575405002788e+00 -1.585073618785066696e+00 8.621268436175340000e-01 -1.481877189313858256e+00 -3.326309479780090950e+00 1.394032827089312532e+00
-2.159605433258652063e+00 -1.570120664054992510e+00 8.613983569111353100e-01 -1.476375860616537583e+00 -3.315911187027416496e+00 1.390161655359346105e+00
-2.149924927434559319e+00 -1.555166712154574249e+00 8.606653709141286468e-01 -1.470821752959032613e+00 -3.305481741703566012e+00 1.386331746366350481e+00
-2.140229256738429342e+00 -1.540212183847611271e+00 8.599278442965582192e-01 -1.465215134339822534e+00 -3.295021636291234124e+00 1.382543228691236026e+00
-2.130518621377983646e+00 -1.525257501234980939e+00 8.591857344480953174e-01 -1.459556285526802943e+00 -3.284531362140673316e+00 1.378796228350458453e+00
-2.120793222959163060e+00 -1.510303087757988383e+00 8.584389984538333129e-01 -1.453845499970920940e+00 -3.274011409365527037e+00 1.375090868792291587e+00
-2.111053264497142035e+00 -1.495349368191941863e+00 8.576875931494489791e-01 -1.448083083716249497e+00 -3.263462266742485518e+00 1.371427270893173400e+00
-2.101298950428280854e+00 -1.480396768638764460e+00 8.569314742597928802e-01 -1.442269355306398992e+00 -3.252884421613981836e+00 1.367805552954104220e+00
-2.091530486609399553e+00 -1.465445716527656650e+00 8.561705963264349961e-01 -1.436404645687392900e+00 -3.242278359794374509e+00 1.364225830697071817e+00
-2.081748080316112137e+00 -1.450496640616109723e+00 8.554049136116683716e-01 -1.430489298106968343e+00 -3.231644565479125930e+00 1.360688217261535771e+00
-2.071951940254850300e+00 -1.435549970981682577e+00 8.546343796641282520e-01 -1.424523668010433397e+00 -3.220983521157460228e+00 1.357192823200964904e+00
-2.062142276568549093e+00 -1.420606139017596359e+00 8.538589476589357741e-01 -1.418508122933128224e+00 -3.210295707528316278e+00 1.353739756479430678e+00
-2.052319300847608829e+00 -1.405665577424560997e+00 8.530785693322054941e-01 -1.412443042389565306e+00 -3.199581603419778819e+00 1.350329122468229226e+00
-2.042483226125103357e+00 -1.390728720212627501e+00 8.522931966108721058e-01 -1.406328817759293193e+00 -3.188841685711978791e+00 1.346961023942534474e+00
-2.032634266896524267e+00 -1.375796002686573427e+00 8.515027805923479631e-01 -1.400165852169614311e+00 -3.178076429263676062e+00 1.343635561078113660e+00
-2.022772639124444272e+00 -1.360867861440825166e+00 8.507072704656087891e-01 -1.393954560375197493e+00 -3.167286306842507670e+00 1.340352831448085480e+00
-2.012898560227206701e+00 -1.345944734364554307e+00 8.499066148535443510e-01 -1.387695368634557003e+00 -3.156471789058493904e+00 1.337112930019706436e+00
-2.003012249087854357e+00 -1.331027060633078740e+00 8.491007620726970240e-01 -1.381388714583571264e+00 -3.145633344301319134e+00 1.333915949151199154e+00
-1.993113926067113795e+00 -1.316115280696160461e+00 8.482896598159063162e-01 -1.375035047106105690e+00 -3.134771438681364764e+00 1.330761978588621774e+00
-1.983203813011822358e+00 -1.301209836268884423e+00 8.474732543900589388e-01 -1.368634826201841292e+00 -3.123886535974698120e+00 1.327651105462789305e+00
-1.973282133252145742e+00 -1.286311170329520248e+00 8.466514919924160720e-01 -1.362188522851282446e+00 -3.112979097571562548e+00 1.324583414286213179e+00
-1.963349111618018394e+00 -1.271419727104202035e+00 8.458243176393650531e-01 -1.355696618878092341e+00 -3.102049582428772379e+00 1.321558986950100545e+00
-1.953404974439769237e+00 -1.256535952061633488e+00 8.449916747262052885e-01 -1.349159606808887801e+00 -3.091098447026180196e+00 1.318577902721386641e+00
-1.943449949542365385e+00 -1.241660291911602432e+00 8.441535061901229708e-01 -1.342577989730374455e+00 -3.080126145326635978e+00 1.315640238239818460e+00
-1.933484266257176731e+00 -1.226793194591357938e+00 8.433097537829418178e-01 -1.335952281144069165e+00 -3.069133128739995442e+00 1.312746067515084158e+00
-1.923508155423082844e+00 -1.211935109258584831e+00 8.424603589028208939e-01 -1.329283004818808012e+00 -3.058119846091717609e+00 1.309895461923986870e+00
-1.913521849400074748e+00 -1.197086486275381390e+00 8.416052618150231535e-01 -1.322570694640838429e+00 -3.047086743595004421e+00 1.307088490207662046e+00
-1.903525582071500688e+00 -1.182247777199400662e+00 8.407444015323825015e-01 -1.315815894461766611e+00 -3.036034264827221829e+00 1.304325218468865399e+00
-1.893519588844697177e+00 -1.167419434775496256e+00 8.398777153243788263e-01 -1.309019157944371514e+00 -3.024962850710373630e+00 1.301605710169291275e+00
-1.883504106644494636e+00 -1.152601912931568773e+00 8.390051404526056578e-01 -1.302181048406356290e+00 -3.013872939495637837e+00 1.298930026126970061e+00
-1.873479373932715575e+00 -1.137795666756390212e+00 8.381266129282710642e-01 -1.295302138662349334e+00 -3.002764966752742737e+00 1.296298224513708242e+00
-1.863445630709348322e+00 -1.123001152489033316e+00 8.372420675842677795e-01 -1.288383010863994649e+00 -2.991639365363440106e+00 1.293710360852608376e+00
-1.853403118515003500e+00 -1.108218827506857629e+00 8.363514379424058509e-01 -1.281424256338291379e+00 -2.980496565519259455e+00 1.291166488015653036e+00
-1.843352080431623019e+00 -1.093449150314079521e+00 8.354546567332309381e-01 -1.274426475424402128e+00 -2.969336994724065537e+00 1.288666656221372220e+00
-1.833292761091005474e+00 -1.078692580524256428e+00 8.345516560294077291e-01 -1.267390277308809043e+00 -2.958161077800785410e+00 1.286210913032589165e+00
-1.823225406685471395e+00 -1.063949578840623023e+00 8.336423655506530750e-01 -1.260316279859229116e+00 -2.946969236903384193e+00 1.283799303354258958e+00
-1.813150264953706792e+00 -1.049220607052678389e+00 8.327267136522182867e-01 -1.253205109456966504e+00 -2.935761891532701284e+00 1.281431869431410409e+00
-1.803067585181394872e+00 -1.034506128022017357e+00 8.318046276775592496e-01 -1.246057400828214146e+00 -2.924539458557592120e+00 1.279108650847173623e+00
-1.792977618207229451e+00 -1.019806605663696519e+00 8.308760341996557219e-01 -1.238873796874183641e+00 -2.913302352240735082e+00 1.276829684520911057e+00
-1.782880616432661824e+00 -1.005122504924250482e+00 8.299408586218718353e-01 -1.231654948500287450e+00 -2.902050984269572531e+00 1.274595004706470247e+00
-1.772776833825951748e+00 -9.904542917628020859e-01 8.289990252306008722e-01 -1.224401514444396266e+00 -2.890785763792129259e+00 1.272404642990581314e+00
-1.762666525927148786e+00 -9.758024331306733856e-01 8.280504562427107862e-01 -1.217114161104372538e+00 -2.879507097458128051e+00 1.270258628291371039e+00
-1.752549949839307342e+00 -9.611673969597043232e-01 8.270950715805950315e-01 -1.209793562365046871e+00 -2.868215389465611942e+00 1.268156986857014390e+00
-1.742427364216646790e+00 -9.465496521519072282e-01 8.261327901876616142e-01 -1.202440399424521855e+00 -2.856911041612482993e+00 1.266099742264553241e+00
-1.732299029272208912e+00 -9.319496685547967729e-01 8.251635304693487605e-01 -1.195055360620119078e+00 -2.845594453353689435e+00 1.264086915418881407e+00
-1.722165206792100278e+00 -9.173679169311785842e-01 8.241872094209903299e-01 -1.187639141254065223e+00 -2.834266021864036311e+00 1.262118524551904208e+00
-1.712026160137174458e+00 -9.028048689366965363e-01 8.232037418519395633e-01 -1.180192443418968118e+00 -2.822926142106558789e+00 1.260194585221898089e+00
-1.701882154233617328e+00 -8.882609971041821595e-01 8.222130407433635435e-01 -1.172715975823218182e+00 -2.811575206906622881e+00 1.258315110313061203e+00
-1.691733455569011557e+00 -8.737367748233206832e-01 8.212150173934179564e-01 -1.165210453616587483e+00 -2.800213607032309149e+00 1.256480110035275155e+00
-1.681580332190739657e+00 -8.592326763177178250e-01 8.202095815493563036e-01 -1.157676598215891861e+00 -2.788841731280390146e+00 1.254689591924096348e+00
-1.671423053706512896e+00 -8.447491766194668017e-01 8.191966418991650789e-01 -1.150115137131176857e+00 -2.777459966569078009e+00 1.252943560840996229e+00
-1.661261891292273418e+00 -8.302867515375416119e-01 8.181761048360823851e-01 -1.142526803792219603e+00 -2.766068698036711737e+00 1.251242018973868442e+00
-1.651097117682373661e+00 -8.158458776375350219e-01 8.171478746899075718e-01 -1.134912337375671765e+00 -2.754668309147001004e+00 1.249584965837794215e+00
-1.640929007163421716e+00 -8.014270322178704831e-01 8.161118542139043086e-01 -1.127272482632935890e+00 -2.743259181800966395e+00 1.247972398276113282e+00
-1.630757835575438630e+00 -7.870306932798776245e-01 8.150679442739252600e-01 -1.119607989718970353e+00 -2.731841696455833635e+00 1.246404310461788123e+00
-1.620583880308715585e+00 -7.726573394996649746e-01 8.140160436202454886e-01 -1.111919614021993130e+00 -2.720416232250664201e+00 1.244880693899120816e+00
-1.610407420297715664e+00 -7.583074502011069029e-01 8.129560493248381148e-01 -1.104208115994291362e+00 -2.708983167139045189e+00 1.243401537425786740e+00
-1.600228736021481524e+00 -7.439815053230409703e-01 8.118878559603363021e-01 -1.096474260984446447e+00 -2.697542878029555613e+00 1.241966827215239100e+00
-1.590048109492584238e+00 -7.296799853935320712e-01 8.108113557793721338e-01 -1.088718819070891408e+00 -2.686095740933505560e+00 1.240576546779494915e+00
-1.579865824248980477e+00 -7.154033715009555650e-01 8.097264389453063815e-01 -1.080942564896932634e+00 -2.674642131120258615e+00 1.239230676972329359e+00
-1.569682165349448599e+00 -7.011521452613167504e-01 8.086329936224911918e-01 -1.073146277507472934e+00 -2.663182423280516353e+00 1.237929195992891751e+00
-1.559497419370668769e+00 -6.869267887832739561e-01 8.075309059198793049e-01 -1.065330740187499847e+00 -2.651716991697636860e+00 1.236672079389761869e+00
-1.549311874403832778e+00 -6.727277846322827770e-01 8.064200595951486195e-01 -1.057496740302592775e+00 -2.640246210427539708e+00 1.235459300065472110e+00
-1.539125820047337445e+00 -6.585556157962808577e-01 8.053003355845763656e-01 -1.049645069141350584e+00 -2.628770453486703573e+00 1.234290828281506602e+00
-1.528939547393221687e+00 -6.444107656547362062e-01 8.041716121618532886e-01 -1.041776521759937957e+00 -2.617290095048744103e+00 1.233166631663834112e+00
-1.518753349016276566e+00 -6.302937179445522453e-01 8.030337653137745724e-01 -1.033891896828880386e+00 -2.605805509649810503e+00 1.232086675208963200e+00
-1.508567518968895627e+00 -6.162049567206748790e-01 8.018866683221891334e-01 -1.025991996482328528e+00 -2.594317072403228508e+00 1.231050921290557376e+00
-1.498382352770416315e+00 -6.021449663193880752e-01 8.007301915466471520e-01 -1.018077626169749061e+00 -2.582825159223309353e+00 1.230059329666624235e+00
-1.488198147393851922e+00 -5.881142313222276208e-01 7.995642028561852355e-01 -1.010149594510223681e+00 -2.571330147058662696e+00 1.229111857487314330e+00
-1.478015201259176958e+00 -5.741132365139232085e-01 7.983885673245273429e-01 -1.002208713149548736e+00 -2.559832414135431389e+00 1.228208459303361977e+00
-1.467833814222823108e+00 -5.601424668418286679e-01 7.972031467782881853e-01 -9.942557966199834230e-01 -2.548332340210063940e+00 1.227349087075189082e+00
-1.457654287561335416e+00 -5.462024073783355860e-01 7.960077995360295144e-01 -9.862916622030113434e-01 -2.536830306832579041e+00 1.226533690182661562e+00
-1.447476923951987793e+00 -5.322935432842488268e-01 7.948023811385803716e-01 -9.783171297950432610e-01 -2.525326697620116967e+00 1.225762215435570290e+00
-1.437302027464190779e+00 -5.184163597630577769e-01 7.935867437114341172e-01 -9.703330217761700904e-01 -2.513821898540980815e+00 1.225034607084835692e+00
-1.427129903542651235e+00 -5.045713420200241828e-01 7.923607365493959831e-01 -9.623401628820451581e-01 -2.502316298209474876e+00 1.224350806834482608e+00
-1.416960858999261497e+00 -4.907589752135068650e-01 7.911242059103442692e-01 -9.543393800790060943e-01 -2.490810288192021993e+00 1.223710753854407418e+00
-1.406795202002750766e+00 -4.769797444066377068e-01 7.898769940319231297e-01 -9.463315024424838739e-01 -2.479304263324559887e+00 1.223114384793961618e+00
-1.396633242055473900e+00 -4.632341345272825706e-01 7.886189394484502957e-01 -9.383173610385158181e-01 -2.467798622040800804e+00 1.222561633796358960e+00
-1.386475289975300118e+00 -4.495226303229360454e-01 7.873498762197130851e-01 -9.302977888087731184e-01 -2.456293766712817739e+00 1.222052432513966336e+00
-1.376321657867739745e+00 -4.358457163216655772e-01 7.860696347751242596e-01 -9.222736204588628528e-01 -2.444790104003159215e+00 1.221586710124435093e+00
-1.366172659110549858e+00 -4.222038767826523653e-01 7.847780414557364859e-01 -9.142456923500417165e-01 -2.433288045229147656e+00 1.221164393347808019e+00
-1.356028608332946472e+00 -4.085975956495202510e-01 7.834749184833789126e-01 -9.062148423942402164e-01 -2.421788006739335586e+00 1.220785406464568235e+00
-1.345889821395331865e+00 -3.950273565020783195e-01 7.821600833523717489e-01 -8.981819099525316652e-01 -2.410290410302550423e+00 1.220449671334603803e+00
-1.335756615361786359e+00 -3.814936425122859021e-01 7.808333496560968534e-01 -8.901477357368527965e-01 -2.398795683509356458e+00 1.220157107417215503e+00
-1.325629308484916891e+00 -3.679969363898969448e-01 7.794945265306927329e-01 -8.821131617150157478e-01 -2.387304260186303484e+00 1.219907631792123359e+00
-1.315508220184211652e+00 -3.545377203316224524e-01 7.781434203036127206e-01 -8.740790310188975010e-01 -2.375816580822950552e+00 1.219701159181548755e+00
-1.305393671047776927e+00 -3.411164759516323031e-01 7.767798331327165906e-01 -8.660461878559884141e-01 -2.364333093012326525e+00 1.219537601973335494e+00
-1.295285982816672732e+00 -3.277336842238787185e-01 7.754035621634550735e-01 -8.580154774238804016e-01 -2.352854251904217264e+00 1.219416870245165319e+00
-1.285185478359071265e+00 -3.143898254309869245e-01 7.740143937978797295e-01 -8.499877458277780296e-01 -2.341380520671815901e+00 1.219338871789916290e+00
-1.275092481569380709e+00 -3.010853791692387205e-01 7.726121092571239801e-01 -8.419638400006297374e-01 -2.329912370990928405e+00 1.219303512142128065e+00
-1.265007317343549875e+00 -2.878208242952107199e-01 7.711964855313370171e-01 -8.339446076262431173e-01 -2.318450283533466383e+00 1.219310694605614254e+00
-1.254930311568479784e+00 -2.745966388607135045e-01 7.697672951936274099e-01 -8.259308970648768788e-01 -2.306994748474051171e+00 1.219360320282270704e+00
-1.244861791110410731e+00 -2.614133000474128110e-01 7.683243054177251175e-01 -8.179235572810767962e-01 -2.295546266009659497e+00 1.219452288102034876e+00
-1.234802083791971317e+00 -2.482712841090908285e-01 7.668672775172639122e-01 -8.099234377738333546e-01 -2.284105346893183786e+00 1.219586494854085545e+00
-1.224751518364947334e+00 -2.351710663162558390e-01 7.653959663967933036e-01 -8.019313885087411276e-01 -2.272672512980415505e+00 1.219762835219311281e+00
-1.214710424477854822e+00 -2.221131209040816401e-01 7.639101204380832622e-01 -7.939482598516538481e-01 -2.261248297789715700e+00 1.219981201803961302e+00
-1.204679132644094430e+00 -2.090979210190999638e-01 7.624094815308162243e-01 -7.859749025039401982e-01 -2.249833247075275100e+00 1.220241485174555551e+00
-1.194657974212629092e+00 -1.961259386632274726e-01 7.608937839534924974e-01 -7.780121674386644148e-01 -2.238427919412896205e+00 1.220543573894055767e+00
-1.184647281326502100e+00 -1.831976446468193132e-01 7.593627550044932395e-01 -7.700609058376519656e-01 -2.227032886798552713e+00 1.220887354559303750e+00
-1.174647386891859657e+00 -1.703135085328648657e-01 7.578161154366362950e-01 -7.621219690290781390e-01 -2.215648735259802216e+00 1.221272711839709979e+00
-1.164658624555070965e+00 -1.574739985745852167e-01 7.562535796945767386e-01 -7.541962084250235510e-01 -2.204276065479022328e+00 1.221699528517347311e+00
-1.154681328685186248e+00 -1.446795816483037456e-01 7.546748555982302209e-01 -7.462844754588464635e-01 -2.192915493428945428e+00 1.222167685528234848e+00
-1.144715834354617989e+00 -1.319307231873212416e-01 7.530796440026361616e-01 -7.383876215217040073e-01 -2.181567651019257426e+00 1.222677062004885240e+00
-1.134762477317745599e+00 -1.192278871172796073e-01 7.514676391568010372e-01 -7.305064978977648948e-01 -2.170233186753923071e+00 1.223227535320166703e+00
-1.124821593996063296e+00 -1.065715357861112267e-01 7.498385283294465298e-01 -7.226419556978109782e-01 -2.158912766399178285e+00 1.223818981132390959e+00
-1.114893521460401438e+00 -9.396212989640861935e-02 7.481919905764808920e-01 -7.147948457907884467e-01 -2.147607073661845334e+00 1.224451273431785170e+00
-1.104978597399106643e+00 -8.140012844913879775e-02 7.465276955009688686e-01 -7.069660187324957601e-01 -2.136316810876591088e+00 1.225124284588162471e+00
-1.095077160072059019e+00 -6.888598869939688285e-02 7.448453009388537049e-01 -6.991563246910161844e-01 -2.125042699701769955e+00 1.225837885399839733e+00
-1.085189548236797474e+00 -5.642016613497524702e-02 7.431444509471346604e-01 -6.913666133683102899e-01 -2.113785481823280410e+00 1.226591945143785667e+00
-1.075316101051166484e+00 -4.400311447573024282e-02 7.414247710827260862e-01 -6.835977339171506184e-01 -2.102545919664583707e+00 1.227386331626912463e+00
-1.065457160062772246e+00 -3.163529268051146204e-02 7.396858724645106742e-01 -6.758505246951358458e-01 -2.091324762724582342e+00 1.228220911120005532e+00
-1.055613069136348781e+00 -1.931716493306190330e-02 7.379273543628935839e-01 -6.681258132429532814e-01 -2.080122748172873681e+00 1.229095548293305695e+00
-1.045784174416022339e+00 -7.049200602552652128e-03 7.361488061516376913e-01 -6.604244162625616532e-01 -2.068940601428947534e+00 1.230010106153904603e+00
-1.035970824314891292e+00 5.168125814674517926e-03 7.343498095733943520e-01 -6.527471395945865229e-01 -2.057779036723625943e+00 1.230964445984924716e+00
-1.026173369535304580e+00 1.733433477610191176e-02 7.325299382474405041e-01 -6.450947781946398951e-01 -2.046638757642387230e+00 1.231958427286317992e+00
-1.016392163086531131e+00 2.944894176978163358e-02 7.306887571377912449e-01 -6.374681161080424374e-01 -2.035520457649866000e+00 1.232991907717358560e+00
-1.006627560299907298e+00 4.151145738701966792e-02 7.288258228418448281e-01 -6.298679264424422719e-01 -2.024424820594643126e+00 1.234064743040913292e+00
-9.968799188516030974e-01 5.352138739947864821e-02 7.269406823813393537e-01 -6.222949713381389358e-01 -2.013352521193741307e+00 1.235176787069239834e+00
-9.871495987759582036e-01 6.547823282571663128e-02 7.250328731537759586e-01 -6.147500019352853950e-01 -2.002304225494746071e+00 1.236327891611469054e+00
-9.774369624831620307e-01 7.738148999972604969e-02 7.231019224769259512e-01 -6.072337583382370063e-01 -1.991280591317063919e+00 1.237517906422750391e+00
-9.677423747769764439e-01 8.923065063719981538e-02 7.211473463997786215e-01 -5.997469695764625630e-01 -1.980282268670249923e+00 1.238746679154797636e+00
-9.580662028643875949e-01 1.010252018925221762e-01 7.191686484511859989e-01 -5.922903535619048476e-01 -1.969309900149350590e+00 1.240014055308029883e+00
-9.484088163566841700e-01 1.127646264063288939e-01 7.171653206840242767e-01 -5.848646170425875201e-01 -1.958364121306872985e+00 1.241319878185187742e+00
-9.387705872891571879e-01 1.244484023661112104e-01 7.151368421325819957e-01 -5.774704555524263760e-01 -1.947445561001168279e+00 1.242663988846387291e+00
-9.291518901295234834e-01 1.360760035546553226e-01 7.130826782992677471e-01 -5.701085533566880859e-01 -1.936554841719369424e+00 1.244046226065501859e+00
-9.195531017873168622e-01 1.476468993967001708e-01 7.110022809516501896e-01 -5.627795833935873571e-01 -1.925692579876370658e+00 1.245466426287973771e+00
-9.099746016284968597e-01 1.591605550063830421e-01 7.088950871003180110e-01 -5.554842072113346241e-01 -1.914859386087339743e+00 1.246924423589938824e+00
-9.004167714853319460e-01 1.706164312285896045e-01 7.067605188109986614e-01 -5.482230749012728666e-01 -1.904055865415810622e+00 1.248420049638695906e+00
-8.908799956721344948e-01 1.820139846817090401e-01 7.045979829829194241e-01 -5.409968250264838296e-01 -1.893282617594697292e+00 1.249953133654333470e+00
-8.813646610062924047e-01 1.933526678020305312e-01 7.024068702070349612e-01 -5.338060845463949988e-01 -1.882540237221306700e+00 1.251523502372448915e+00
-8.718711568245205434e-01 2.046319288809561598e-01 7.001865541734425546e-01 -5.266514687370427161e-01 -1.871829313925380767e+00 1.253130980008002826e+00
-8.623998750010102299e-01 2.158512121005840001e-01 6.979363913249814200e-01 -5.195335811073569232e-01 -1.861150432510351838e+00 1.254775388220435106e+00
-8.529512099704024131e-01 2.270099575703508066e-01 6.956557203298355807e-01 -5.124530133115976493e-01 -1.850504173067718305e+00 1.256456546079657288e+00
-8.435255587541958811e-01 2.381076013627518861e-01 6.933438613617008972e-01 -5.054103450577123180e-01 -1.839891111063151286e+00 1.258174270033206810e+00
-8.341233209884988398e-01 2.491435755471345104e-01 6.910001159943798266e-01 -4.984061440122180553e-01 -1.829311817395017581e+00 1.259928373874174445e+00
-8.247448989603554104e-01 2.601173082273771087e-01 6.886237662309575569e-01 -4.914409657015685884e-01 -1.818766858424913480e+00 1.261718668710210878e+00
-8.153906976434033282e-01 2.710282235755379077e-01 6.862140736028489174e-01 -4.845153534103303627e-01 -1.808256795979985565e+00 1.263544962933225824e+00
-8.060611247339601881e-01 2.818757418626249844e-01 6.837702777777239227e-01 -4.776298380762526996e-01 -1.797782187326558034e+00 1.265407062189979115e+00
-7.967565906829472411e-01 2.926592794819953269e-01 6.812915967938568684e-01 -4.707849381827429180e-01 -1.787343585115509281e+00 1.267304769353350791e+00
-7.874775087412104746e-01 3.033782489813647842e-01 6.787772253475143902e-01 -4.639811596491849599e-01 -1.776941537299857377e+00 1.269237884494414548e+00
-7.782242949982891567e-01 3.140320590849485782e-01 6.762263348797900031e-01 -4.572189957187702269e-01 -1.766576587022206102e+00 1.271206204855282351e+00
-7.689973684340269955e-01 3.246201147233902518e-01 6.736380720418151391e-01 -4.504989268450707574e-01 -1.756249272474740053e+00 1.273209524822410676e+00
-7.597971509659875444e-01 3.351418170567663779e-01 6.710115579372463168e-01 -4.438214205771140453e-01 -1.745960126729748207e+00 1.275247635900670806e+00
-7.506240675019779651e-01 3.455965634979172307e-01 6.683458873660502730e-01 -4.371869314432923481e-01 -1.735709677540469897e+00 1.277320326687709784e+00
-7.414785459977912829e-01 3.559837477369001135e-01 6.656401275926927541e-01 -4.305959008348820838e-01 -1.725498447113272160e+00 1.279427382849070316e+00
-7.323610175158217217e-01 3.663027597626866694e-01 6.628933173090078013e-01 -4.240487568897988169e-01 -1.715326951852069293e+00 1.281568587093539380e+00
-7.232719162875977936e-01 3.765529858837473043e-01 6.601044654531122990e-01 -4.175459143763091685e-01 -1.705195702072198394e+00 1.283743719149164964e+00
-7.142116797785265092e-01 3.867338087476497321e-01 6.572725503466623209e-01 -4.110877745777961056e-01 -1.695105201686009089e+00 1.285952555739503955e+00
-7.051807487592718360e-01 3.968446073624782855e-01 6.543965179176826075e-01 -4.046747251788933575e-01 -1.685055947859686043e+00 1.288194870560396499e+00
-6.961795673748478741e-01 4.068847571125777662e-01 6.514752810160046037e-01 -3.983071401535582812e-01 -1.675048430641594255e+00 1.290470434256973276e+00
-6.872085832233865155e-01 4.168536297789984246e-01 6.485077178094702521e-01 -3.919853796558820935e-01 -1.665083132562645396e+00 1.292779014400960769e+00
-6.782682474359598146e-01 4.267505935567852404e-01 6.454926703686969525e-01 -3.857097899135830676e-01 -1.655160528207271220e+00 1.295120375468171936e+00
-6.693590147597894280e-01 4.365750130717742650e-01 6.424289430738775453e-01 -3.794807031253317753e-01 -1.645281083757008656e+00 1.297494278816300195e+00
-6.604813436444070263e-01 4.463262493955326704e-01 6.393153012705582450e-01 -3.732984373622709739e-01 -1.635445256506037559e+00 1.299900482662834866e+00
-6.516356963336371599e-01 4.560036600617314306e-01 6.361504691614217055e-01 -3.671632964742352900e-01 -1.625653494348866968e+00 1.302338742063300803e+00
-6.428225389566484260e-01 4.656065990780948738e-01 6.329331281468384418e-01 -3.610755700018186687e-01 -1.615906235242355216e+00 1.304808808889576177e+00
-6.340423416237461751e-01 4.751344169383013849e-01 6.296619149911448776e-01 -3.550355330944696686e-01 -1.606203906640354617e+00 1.307310431808273998e+00
-6.252955785262854782e-01 4.845864606333414315e-01 6.263354202375694957e-01 -3.490434464354403854e-01 -1.596546924902171316e+00 1.309843356259300151e+00
-6.165827280437676805e-01 4.939620736658127953e-01 6.229521857062356727e-01 -3.430995561743235278e-01 -1.586935694675640551e+00 1.312407324434373468e+00
-6.079042728511039329e-01 5.032605960598113271e-01 6.195107019157102268e-01 -3.372040938677076660e-01 -1.577370608255111772e+00 1.315002075255758074e+00
-5.992607000264276174e-01 5.124813643673391539e-01 6.160094059969057900e-01 -3.313572764290115824e-01 -1.567852044915951204e+00 1.317627344355124519e+00
-5.906525011658358970e-01 5.216237116771100801e-01 6.124466794960188309e-01 -3.255593060878392286e-01 -1.558380370224957900e+00 1.320282864052397143e+00
-5.820801725057171971e-01 5.306869676261047886e-01 6.088208462578893476e-01 -3.198103703596137937e-01 -1.548955935327192446e+00 1.322968363334581232e+00
-5.735442150548126783e-01 5.396704584171239105e-01 6.051301703029792201e-01 -3.141106420264434540e-01 -1.539579076211722963e+00 1.325683567834692544e+00
-5.650451347380531786e-01 5.485735068442103568e-01 6.013728541023664054e-01 -3.084602791300463664e-01 -1.530250112957043829e+00 1.328428199810721022e+00
-5.565834425576552391e-01 5.573954323316741011e-01 5.975470377709666270e-01 -3.028594249770923952e-01 -1.520969348955843348e+00 1.331201978124556984e+00
-5.481596547813669673e-01 5.661355509969272504e-01 5.936507982206653544e-01 -2.973082081579294655e-01 -1.511737070120843018e+00 1.334004618221023897e+00
-5.397742907878706475e-01 5.747931819826801458e-01 5.896821415158944868e-01 -2.918067503398114049e-01 -1.502553582177269753e+00 1.336835832188161266e+00
-5.314278732198109978e-01 5.833676474462050621e-01 5.856389966346196019e-01 -2.863551659300846985e-01 -1.493419210000932029e+00 1.339695328815946995e+00
-5.231209281210422724e-01 5.918582725317129700e-01 5.815192091130384489e-01 -2.809535617473419844e-01 -1.484334296957380950e+00 1.342582813653533158e+00
-5.148539850598958800e-01 6.002643853266222962e-01 5.773205356025785662e-01 -2.756020367009808236e-01 -1.475299204242923601e+00 1.345497989065046918e+00
-5.066275772489481355e-01 6.085853168110437750e-01 5.730406385206231468e-01 -2.703006814797779267e-01 -1.466314310229129614e+00 1.348440554283927950e+00
-4.984422416643798925e-01 6.168204008029167795e-01 5.686770811902702727e-01 -2.650495782497901409e-01 -1.457380009810952171e+00 1.351410205465796599e+00
-4.902985191712687651e-01 6.249689739044903547e-01 5.642273227446577000e-01 -2.598488003619157105e-01 -1.448496713759813037e+00 1.354406635739943576e+00
-4.821969546550501917e-01 6.330303754501311886e-01 5.596887130198161531e-01 -2.546984120692925568e-01 -1.439664848081429582e+00 1.357429535259429443e+00
-4.741380971615609674e-01 6.410039474575075502e-01 5.550584869891729278e-01 -2.495984682551171119e-01 -1.430884853380598898e+00 1.360478591249793645e+00
-4.661225000447113409e-01 6.488890345805415905e-01 5.503337589512832251e-01 -2.445490141708042131e-01 -1.422157184231860327e+00 1.363553488056465479e+00
-4.581507211224891130e-01 6.566849840650448300e-01 5.455115165035009372e-01 -2.395500851849139412e-01 -1.413482308557902023e+00 1.366653907190886530e+00
-4.502233228428904610e-01 6.643911457079987315e-01 5.405886139063558193e-01 -2.346017065429399917e-01 -1.404860707015799903e+00 1.369779527375301953e+00
-4.423408724579749318e-01 6.720068718190344015e-01 5.355617647670806170e-01 -2.297038931381747418e-01 -1.396292872391908357e+00 1.372930024586342057e+00
-4.345039422048002642e-01 6.795315171818554489e-01 5.304275343842458357e-01 -2.248566492936705519e-01 -1.387779309005681139e+00 1.376105072097464799e+00
-4.267131094943157343e-01 6.869644390168732073e-01 5.251823309432429587e-01 -2.200599685554840423e-01 -1.379320532122885634e+00 1.379304340520200567e+00
-4.189689571040196014e-01 6.943049969400014731e-01 5.198223967868663697e-01 -2.153138334970854384e-01 -1.370917067377894760e+00 1.382527497844179720e+00
-4.112720733795307559e-01 7.015525529229336144e-01 5.143437991986635760e-01 -2.106182155352014362e-01 -1.362569450206782218e+00 1.385774209476180463e+00
-4.036230524465498348e-01 7.087064712559660862e-01 5.087424221189111861e-01 -2.059730747569596954e-01 -1.354278225290762361e+00 1.389044138278067830e+00
-3.960224944448951234e-01 7.157661185258978875e-01 5.030139587035077353e-01 -2.013783597583358453e-01 -1.346043946009950698e+00 1.392336944603751014e+00
-3.884710057948814743e-01 7.227308636206597470e-01 4.971538962689902585e-01 -1.968340074939325390e-01 -1.337867173908433127e+00 1.395652286335133274e+00
-3.809691994473487497e-01 7.296000777079232336e-01 4.911575033452492134e-01 -1.923399431379806401e-01 -1.329748478170460046e+00 1.398989818917123484e+00
-3.735176951394034717e-01 7.363731342102131094e-01 4.850198169706298468e-01 -1.878960799564459716e-01 -1.321688435107594373e+00 1.402349195391782377e+00
-3.661171196639538827e-01 7.430494087850236795e-01 4.787356296490510865e-01 -1.835023191903020212e-01 -1.313687627657954327e+00 1.405730066431560621e+00
-3.587681071574393421e-01 7.496282793143107526e-01 4.722994751481147113e-01 -1.791585499496435308e-01 -1.305746644896587316e+00 1.409132080371738427e+00
-3.514712994047552996e-01 7.561091259022321154e-01 4.657056129668985522e-01 -1.748646491187122454e-01 -1.297866081557816020e+00 1.412554883242044701e+00
-3.442273461600544593e-01 7.624913308795244760e-01 4.589480118267716402e-01 -1.706204812716294317e-01 -1.290046537569579765e+00 1.415998118797571648e+00
-3.370369054849553514e-01 7.687742788161768814e-01 4.520203322364441667e-01 -1.664258985986668549e-01 -1.282288617599626868e+00 1.419461428548977944e+00
-3.299006441065439610e-01 7.749573565451486346e-01 4.449159074953183968e-01 -1.622807408429360887e-01 -1.274592930613889674e+00 1.422944451791982257e+00
-3.228192377940519719e-01 7.810399531959024699e-01 4.376277235420831802e-01 -1.581848352473305130e-01 -1.266960089447287885e+00 1.426446825636250804e+00
-3.157933717564804788e-01 7.870214602401537363e-01 4.301483971337204393e-01 -1.541379965114808570e-01 -1.259390710386520507e+00 1.429968185033676509e+00
-3.088237410605989552e-01 7.929012715495682428e-01 4.224701526377928062e-01 -1.501400267585282222e-01 -1.251885412764939254e+00 1.433508162806105490e+00
-3.019110510715190543e-01 7.986787834679516251e-01 4.145847976112510547e-01 -1.461907155115971246e-01 -1.244444818569969247e+00 1.437066389672518429e+00
-2.950560179192658339e-01 8.043533949027095176e-01 4.064836962080962124e-01 -1.422898396796807852e-01 -1.237069552062717293e+00 1.440642494275732766e+00
-2.882593689901886691e-01 8.099245074345260420e-01 3.981577411493665841e-01 -1.384371635527481548e-01 -1.229760239409987133e+00 1.444236103208640598e+00
-2.815218434466464359e-01 8.153915254506269861e-01 3.895973236625707159e-01 -1.346324388058646182e-01 -1.222517508328734070e+00 1.447846841040025589e+00
-2.748441927761398063e-01 8.207538563038214718e-01 3.807923013678140567e-01 -1.308754045120701370e-01 -1.215341987742911467e+00 1.451474330339968200e+00
-2.682271813713801301e-01 8.260109105007877872e-01 3.717319641467016211e-01 -1.271657871637563719e-01 -1.208234307452489720e+00 1.455118191704911412e+00
-2.616715871435721930e-01 8.311621019245789554e-01 3.624049976785246874e-01 -1.235033007023793594e-01 -1.201195097815181079e+00 1.458778043782394063e+00
-2.551782021703958847e-01 8.362068480954230054e-01 3.527994444826293985e-01 -1.198876465561595772e-01 -1.194224989440333395e+00 1.462453503295485513e+00
-2.487478333797610297e-01 8.411445704743414353e-01 3.429026624079901109e-01 -1.163185136855759971e-01 -1.187324612895360509e+00 1.466144185066958761e+00
-2.423813032709483117e-01 8.459746948151716239e-01 3.327012810121378616e-01 -1.127955786363705748e-01 -1.180494598424471242e+00 1.469849702043211082e+00
-2.360794506770762524e-01 8.506966515748981550e-01 3.221811547580084034e-01 -1.093185055998018296e-01 -1.173735575679942134e+00 1.473569665317978616e+00
-2.298431315680886655e-01 8.553098763866495702e-01 3.113273134847762136e-01 -1.058869464799168103e-01 -1.167048173466046279e+00 1.477303684155872432e+00
-2.236732198957431805e-01 8.598138106042716444e-01 3.001239102910584489e-01 -1.025005409674908385e-01 -1.160433019495278550e+00 1.481051366015750714e+00
-2.175706084831356968e-01 8.642079019295296760e-01 2.885541663410139401e-01 -9.915891662042075616e-02 -1.153890740157271999e+00 1.484812316573975943e+00
-2.115362099581363786e-01 8.684916051314184315e-01 2.766003132136377607e-01 -9.586168895026658809e-02 -1.147421960300329058e+00 1.488586139747549275e+00
-2.055709577328808102e-01 8.726643828719407026e-01 2.642435322797956898e-01 -9.260846151465029763e-02 -1.141027303025692330e+00 1.492372437717176759e+00
-1.996758070279121000e-01 8.767257066506264351e-01 2.514638918044860838e-01 -8.939882601526982775e-02 -1.134707389494934215e+00 1.496170810950274488e+00
-1.938517359414944075e-01 8.806750578849165123e-01 2.382402818894404917e-01 -8.623236240114962037e-02 -1.128462838750091457e+00 1.499980858223947999e+00
-1.880997465623805986e-01 8.845119291446250642e-01 2.245503475813248051e-01 -8.310863897687736923e-02 -1.122294267547051305e+00 1.503802176647955458e+00
-1.824208661234592022e-01 8.882358255599527297e-01 2.103704201693851195e-01 -8.002721251551170312e-02 -1.116202290202231495e+00 1.507634361687695712e+00
-1.768161481900487608e-01 8.918462664218838043e-01 1.956754485474688776e-01 -7.698762837580908069e-02 -1.110187518452525168e+00 1.511477007187217003e+00
-1.712866738793787924e-01 8.953427870026660074e-01 1.804389312717495919e-01 -7.398942062349322946e-02 -1.104250561329190639e+00 1.515329705392283399e+00
-1.658335531040822097e-01 8.987249406244810501e-01 1.646328503013139155e-01 -7.103211215620031105e-02 -1.098392025045701104e+00 1.519192046973525834e+00
-1.604579258288154620e-01 9.019923010053032542e-01 1.482276082268249862e-01 -6.811521483178117897e-02 -1.092612512899954869e+00 1.523063621049672189e+00
-1.551609633267521104e-01 9.051444649145992116e-01 1.311919712253864778e-01 -6.523822959957792378e-02 -1.086912625191002846e+00 1.526944015210894401e+00
-1.499438694193497845e-01 9.081810551750679750e-01 1.134930205038840872e-01 -6.240064663433408931e-02 -1.081292959151058941e+00 1.530832815542292780e+00
-1.448078816789455381e-01 9.111017240502050640e-01 9.509611562208514224e-02 -5.960194547233865769e-02 -1.075754108892829297e+00 1.534729606647527334e+00
-1.397542725688620813e-01 9.139061570609579022e-01 7.596487352045803998e-02 -5.684159514941855562e-02 -1.070296665373053457e+00 1.538633971672619394e+00
-1.347843504891148569e-01 9.165940772763550015e-01 5.606116864534077537e-02 -5.411905434035091389e-02 -1.064921216372567425e+00 1.542545492329935986e+00
-1.298994606900834015e-01 9.191652501281426524e-01 3.534516020628711286e-02 -5.143377149927053082e-02 -1.059628346493721729e+00 1.546463748922377146e+00
-1.251009860085217085e-01 9.216194888022561926e-01 1.377535398118024529e-02 -4.878518500060669005e-02 -1.054418637175877027e+00 1.550388320367785067e+00
-1.203903473716518846e-01 9.239566602632631742e-01 -8.691292656326225774e-03 -4.617272328007371307e-02 -1.049292666729925383e+00 1.554318784223585936e+00
-1.157690040043739543e-01 9.261766919703013912e-01 -3.209921243291679466e-02 -4.359580497518411590e-02 -1.044251010392816870e+00 1.558254716711688692e+00
-1.112384532625267930e-01 9.282795793438864962e-01 -5.649400430479779162e-02 -4.105383906472859223e-02 -1.039294240403112912e+00 1.562195692743650888e+00
-1.068002300026758000e-01 9.302653940454144177e-01 -8.192213134496562077e-02 -3.854622500663729134e-02 -1.034422926098868434e+00 1.566141285946144102e+00
-1.024559053820000010e-01 9.321342931252525332e-01 -1.084305251178755009e-01 -3.607235287357823950e-02 -1.029637634039386462e+00 1.570091068686716440e+00
-9.820708496578989255e-02 9.338865290905067340e-01 -1.360660803783873551e-01 -3.363160348559368629e-02 -1.024938928152328455e+00 1.574044612099886553e+00
-9.405540600212836111e-02 9.355224609307448702e-01 -1.648750238405565782e-01 -3.122334853901831409e-02 -1.020327369908195170e+00 1.578001486113572938e+00
-9.000253370390387531e-02 9.370425661148695795e-01 -1.949021401882470028e-01 -2.884695073084531103e-02 -1.015803518524033944e+00 1.581961259475894721e+00
-8.605015636279178537e-02 9.384474535365763259e-01 -2.261898404757155534e-01 -2.650176387763569785e-02 -1.011367931199266046e+00 1.585923499782353252e+00
-8.219997910839405009e-02 9.397378773287092812e-01 -2.587770605860953976e-01 -2.418713302795572062e-02 -1.007021163386092155e+00 1.589887773503423585e+00
-7.845371612665141825e-02 9.409147513879219105e-01 -2.926979816779820553e-01 -2.190239456720810551e-02 -1.002763769097724023e+00 1.593853646012573622e+00
-7.481308117203511188e-02 9.419791643469652698e-01 -3.279805724165685277e-01 -1.964687631359218756e-02 -9.985963012580607590e-01 1.597820681614747995e+00
-7.127977625794823524e-02 9.429323945956218367e-01 -3.646449612038971666e-01 -1.741989760379025753e-02 -9.945193120973438994e-01 1.601788443575326903e+00
-6.785547850351614230e-02 9.437759247938002360e-01 -4.027016584910810826e-01 -1.522076936675986758e-02 -9.905333535984008897e-01 1.605756494149604530e+00
-6.454182526410301435e-02 9.445114551476336828e-01 -4.421496620766757757e-01 -1.304879418381466039e-02 -9.866389779993580689e-01 1.609724394612819909e+00
-6.134039788850698116e-02 9.451409145576059601e-01 -4.829744907765374240e-01 -1.090326633288141167e-02 -9.828367383596701146e-01 1.613691705290782652e+00
-5.825270472871224570e-02 9.456664686359577132e-01 -5.251462043512584721e-01 -8.783471814526322419e-03 -9.791271891971717878e-01 1.617657985591131942e+00
-5.528016436119553845e-02 9.460905235747167907e-01 -5.686174724354776666e-01 -6.688688356929262113e-03 -9.755108872055817670e-01 1.621622794035281867e+00
-5.242409031694528210e-02 9.464157249955276185e-01 -6.133217503801128290e-01 -4.618185398674423681e-03 -9.719883920632126362e-01 1.625585688291083075e+00
-4.968567891587083452e-02 9.466449512943553302e-01 -6.591716320738015833e-01 -2.571224041116426662e-03 -9.685602673467350598e-01 1.629546225206303101e+00
-4.706600191351517637e-02 9.467813015212769301e-01 -7.060574065226919993e-01 -5.470569679379977401e-04 -9.652270815657315595e-01 1.633503960843005087e+00
-4.456600557930245898e-02 9.468280786163880691e-01 -7.538458282752454886e-01 1.455071673614138916e-03 -9.619894093374075084e-01 1.637458450512908836e+00
-4.218651748088042552e-02 9.467887695600882836e-01 -8.023790911521081481e-01 3.435926436493375036e-03 -9.588478327251870326e-01 1.641409248813861854e+00
-3.992826184086695207e-02 9.466670243692325570e-01 -8.514739998128207921e-01 5.396280790783247738e-03 -9.558029427704308745e-01 1.645355909667546968e+00
-3.779188435296987336e-02 9.464666353921886710e-01 -9.009213902273763841e-01 7.336917403890641509e-03 -9.528553412538034451e-01 1.649297986358589707e+00
-3.577798861359626770e-02 9.461915165839727138e-01 -9.504859867797990081e-01 9.258628496654708329e-03 -9.500056427323859687e-01 1.653235031575277736e+00
-3.388718963446857302e-02 9.458456793849485678e-01 -9.999070892214864115e-01 1.116221629144620309e-02 -9.472544769114792373e-01 1.657166597452140788e+00
-3.212019481006134214e-02 9.454331986666399956e-01 -1.048900654644006281e+00 1.304849357302906299e-02 -9.446024914275805706e-01 1.661092235614717527e+00
-3.047792490694911649e-02 9.449581621425009459e-01 -1.097163182339621734e+00 1.491828438948550328e-02 -9.420503551433889733e-01 1.665011497226927206e+00
-2.896167464722143592e-02 9.444246052699245553e-01 -1.144376735421022362e+00 1.677242492989217126e-02 -9.395987620903354376e-01 1.668923933041584151e+00
-2.757325919203568176e-02 9.438364576633775371e-01 -1.190211541135783646e+00 1.861176462922964348e-02 -9.372484362444897243e-01 1.672829093454796023e+00
-2.631496278195966099e-02 9.431975693208309863e-01 -1.234317035625861703e+00 2.043716757198810186e-02 -9.350001373967029572e-01 1.676726528565247065e+00
-2.518887200223041134e-02 9.425119350927850803e-01 -1.276284261535001852e+00 2.224951429903621047e-02 -9.328546684925935750e-01 1.680615788239808950e+00
-2.419488801773228559e-02 9.417842575243211556e-01 -1.315556183639490451e+00 2.404970417676199901e-02 -9.308128849971826213e-01 1.684496422187595766e+00
-2.332664258485950270e-02 9.410209120923767045e-01 -1.351269404574058086e+00 2.583865858113965075e-02 -9.288757071205551163e-01 1.688367980045763828e+00
-2.256543311198599966e-02 9.402311110172325570e-01 -1.382054271732055861e+00 2.761732531660943124e-02 -9.270441361556271964e-01 1.692230011482504404e+00
-2.187561811801419509e-02 9.394275087212644593e-01 -1.405936725580571700e+00 2.938668498244378924e-02 -9.253192765375048978e-01 1.696082066326946469e+00
-2.121281130593422048e-02 9.386246478218813749e-01 -1.420718422058563579e+00 3.114776028589449908e-02 -9.237023632036076570e-01 1.699923694744647884e+00
