-1.089437610086850389e-01 9.254320875657748857e-01 -1.396460598657008001e+00 2.859559118500028946e-02 -8.989172643372947968e-01 1.598565318768117693e+00
-1.089437610086850389e-01 9.254320875657748857e-01 -1.396460598657008001e+00 2.859559118500028946e-02 -8.989172643372947968e-01 1.598565318768117693e+00
-1.089408855120459207e-01 9.253902036091795624e-01 -1.440472963548753205e+00 2.860416877015967141e-02 -8.989392060533222262e-01 1.598528467647043927e+00
-1.089345097478903734e-01 9.253050649243029779e-01 -1.488785457354869113e+00 2.862133408720040836e-02 -8.989832102808322789e-01 1.598455155739556988e+00
-1.089272806673979993e-01 9.251760163908171464e-01 -1.525171947116596316e+00 2.864709474489054303e-02 -8.990493987268161069e-01 1.598345771792290204e+00
-1.089210958391334250e-01 9.250029676024326131e-01 -1.546840847872612557e+00 2.868145582220388290e-02 -8.991378939946773619e-01 1.598200702963615605e+00
-1.089163013184799855e-01 9.247860202046880307e-01 -1.556864840670839412e+00 2.872441987662020108e-02 -8.992488195686878516e-01 1.598020334823443855e+00
-1.089122469077161565e-01 9.245252786984196058e-01 -1.559672644118000662e+00 2.877598695257141403e-02 -8.993822997980321921e-01 1.597805051353056616e+00
-1.089080222387489721e-01 9.242208251726752311e-01 -1.558963535185566185e+00 2.883615459003903078e-02 -8.995384598804531118e-01 1.597555234944970204e+00
-1.089029192542721736e-01 9.238727334384438938e-01 -1.557123202445980681e+00 2.890491783330831344e-02 -8.997174258455086227e-01 1.597271266402832346e+00
-1.088965808935550283e-01 9.234810750709673277e-01 -1.555371290336671208e+00 2.898226923988433262e-02 -8.999193245374519368e-01 1.596953524941349567e+00
-1.088889505977495009e-01 9.230459189171991152e-01 -1.554144293699306179e+00 2.906819888957517389e-02 -9.001442835977445656e-01 1.596602388186246779e+00
-1.088801483040096052e-01 9.225673309708759540e-01 -1.553460059284874184e+00 2.916269439374743686e-02 -9.003924314472134816e-01 1.596218232174257290e+00
-1.088703545569428000e-01 9.220453757492950153e-01 -1.553173083591542936e+00 2.926574090475905429e-02 -9.006638972678649990e-01 1.595801431353143673e+00
-1.088597360935980862e-01 9.214801178130505033e-01 -1.553116893755996042e+00 2.937732112557435785e-02 -9.009588109843629233e-01 1.595352358581749730e+00
-1.088484140192978317e-01 9.208716225686928158e-01 -1.553163781538975385e+00 2.949741531956636895e-02 -9.012773032451841804e-01 1.594871385130081531e+00
-1.088364614080022663e-01 9.202199563730931731e-01 -1.553236522451640900e+00 2.962600132051111668e-02 -9.016195054034624734e-01 1.594358880679419332e+00
-1.088239152420416855e-01 9.195251862862237058e-01 -1.553298647210831884e+00 2.976305454277868717e-02 -9.019855494975291821e-01 1.593815213322458790e+00
-1.088107915519078150e-01 9.187873797585173197e-01 -1.553339330076097147e+00 2.990854799172557726e-02 -9.023755682311644932e-01 1.593240749563480829e+00
-1.087970977964504010e-01 9.180066043888843730e-01 -1.553360480064284177e+00 3.006245227429307776e-02 -9.027896949535662019e-01 1.592635854318551702e+00
-1.087828406055024177e-01 9.171829277832210803e-01 -1.553368286323278280e+00 3.022473560981588786e-02 -9.032280636390500606e-01 1.592000890915750810e+00
-1.087680293594548708e-01 9.163164174947617813e-01 -1.553368819751685947e+00 3.039536384104546754e-02 -9.036908088664893368e-01 1.591336221095427383e+00
-1.087526769758914852e-01 9.154071410152779809e-01 -1.553366402558700843e+00 3.057430044539231201e-02 -9.041780657985061254e-01 1.590642205010484922e+00
-1.087367992737329897e-01 9.144551657902025843e-01 -1.553363482098774950e+00 3.076150654639127000e-02 -9.046899701604235178e-01 1.589919201226694279e+00
-1.087204138990488372e-01 9.134605592398794549e-01 -1.553361109038976284e+00 3.095694092539389916e-02 -9.052266582189896216e-01 1.589167566723033387e+00
-1.087035393549629081e-01 9.124233887778036012e-01 -1.553359509995228427e+00 3.116056003349184506e-02 -9.057882667608830873e-01 1.588387656892054967e+00
-1.086861943382403245e-01 9.113437218228720438e-01 -1.553358535270253693e+00 3.137231800367493162e-02 -9.063749330710121344e-01 1.587579825540281542e+00
-1.086683973844977391e-01 9.102216258060645826e-01 -1.553357933756986942e+00 3.159216666322775535e-02 -9.069867949106141802e-01 1.586744424888625549e+00
-1.086501667386016862e-01 9.090571681732722009e-01 -1.553357485373834557e+00 3.182005554636822137e-02 -9.076239904951701742e-01 1.585881805572838310e+00
-1.086315203539032909e-01 9.078504163860521281e-01 -1.553357042456388504e+00 3.205593190713160179e-02 -9.082866584721397407e-01 1.584992316643983434e+00
-1.086124759450106808e-01 9.066014379216136287e-01 -1.553356525106870611e+00 3.229974073250329453e-02 -9.089749378985300110e-01 1.584076305568936416e+00
-1.085930510482584904e-01 9.053103002727864723e-01 -1.553355900421744540e+00 3.255142475580348471e-02 -9.096889682183064707e-01 1.583134118230910659e+00
-1.085732630688108075e-01 9.039770709482858324e-01 -1.553355161467943057e+00 3.281092447032690762e-02 -9.104288892396574795e-01 1.582166098930008147e+00
-1.085531293093898314e-01 9.026018174733284605e-01 -1.553354312033766949e+00 3.307817814324042621e-02 -9.111948411121199021e-01 1.581172590383795429e+00
-1.085326669835460084e-01 9.011846073905301902e-01 -1.553353357868285878e+00 3.335312182974141393e-02 -9.119869643035780626e-01 1.580153933727904692e+00
-1.085118932189140933e-01 8.997255082609896260e-01 -1.553352302826455533e+00 3.363568938747954484e-02 -9.128053995771441276e-01 1.579110468516659482e+00
-1.084908250554011272e-01 8.982245876654755268e-01 -1.553351147945643218e+00 3.392581249124449611e-02 -9.136502879679309075e-01 1.578042532723724189e+00
-1.084694794416951463e-01 8.966819132056640385e-01 -1.553349891880515310e+00 3.422342064792204680e-02 -9.145217707597249612e-01 1.576950462742777948e+00
-1.084478732319136829e-01 8.950975525054000181e-01 -1.553348531747805739e+00 3.452844121172071734e-02 -9.154199894615723254e-01 1.575834593388212967e+00
-1.084260231831190996e-01 8.934715732119730136e-01 -1.553347063870207156e+00 3.484079939967121842e-02 -9.163450857842827535e-01 1.574695257895855738e+00
-1.084039459537284034e-01 8.918040429974077865e-01 -1.553345484292365741e+00 3.516041830740057605e-02 -9.172972016168647880e-01 1.573532787923710874e+00
-1.083816581026160603e-01 8.900950295597727102e-01 -1.553343789045869006e+00 3.548721892518281323e-02 -9.182764790028989932e-01 1.572347513552729836e+00
-1.083591760886065403e-01 8.883446006245118154e-01 -1.553341974266614134e+00 3.582112015426801299e-02 -9.192830601168607840e-01 1.571139763287600521e+00
-1.083365162701658696e-01 8.865528239458017046e-01 -1.553340036203756824e+00 3.616203882349114385e-02 -9.203170872403992897e-01 1.569909864057561499e+00
-1.083136949051288073e-01 8.847197673079361113e-01 -1.553337971216099067e+00 3.650988970616222962e-02 -9.213787027385842432e-01 1.568658141217236235e+00
-1.082907281504430358e-01 8.828454985267376598e-01 -1.553335775719986378e+00 3.686458553723907794e-02 -9.224680490361283347e-01 1.567384918547491512e+00
-1.082676320618385229e-01 8.809300854509980461e-01 -1.553333446152659336e+00 3.722603703078376791e-02 -9.235852685935932449e-01 1.566090518256316733e+00
-1.082444225934390547e-01 8.789735959639458640e-01 -1.553330978970694831e+00 3.759415289770383362e-02 -9.247305038835892388e-01 1.564775260979724303e+00
-1.082211155973774458e-01 8.769760979847408544e-01 -1.553328370641331446e+00 3.796883986377906639e-02 -9.259038973669769801e-01 1.563439465782673121e+00
-1.081977268233989403e-01 8.749376594699949106e-01 -1.553325617646618584e+00 3.835000268797457423e-02 -9.271055914690816691e-01 1.562083450160011155e+00
-1.081742719184773799e-01 8.728583484153195071e-01 -1.553322716477590237e+00 3.873754418104075753e-02 -9.283357285559261651e-01 1.560707530037440893e+00
-1.081507664264234891e-01 8.707382328568979979e-01 -1.553319663606007595e+00 3.913136522440051335e-02 -9.295944509104921982e-01 1.559312019772503888e+00
-1.081272257874352494e-01 8.685773808730853363e-01 -1.553316455524694328e+00 3.953136478932409853e-02 -9.308819007090168851e-01 1.557897232155586842e+00
-1.081036653377344253e-01 8.663758605860315543e-01 -1.553313088736390624e+00 3.993743995639166544e-02 -9.321982199973370964e-01 1.556463478410947898e+00
-1.080801003091840934e-01 8.641337401633308879e-01 -1.553309559759366687e+00 4.034948593524351895e-02 -9.335435506672843387e-01 1.555011068197761803e+00
-1.080565458289222402e-01 8.618510878196954383e-01 -1.553305865110440109e+00 4.076739608461793507e-02 -9.349180344331433634e-01 1.553540309611186387e+00
-1.080330169189605283e-01 8.595279718186537021e-01 -1.553302001297132140e+00 4.119106193267630528e-02 -9.363218128081762792e-01 1.552051509183448141e+00
-1.080095284957653251e-01 8.571644604742740814e-01 -1.553297964852078605e+00 4.162037319761514864e-02 -9.377550270812268218e-01 1.550544971884946888e+00
-1.079860953699214865e-01 8.547606221529108206e-01 -1.553293752324339083e+00 4.205521780856436020e-02 -9.392178182934105557e-01 1.549021001125380215e+00
-1.079627322457814981e-01 8.523165252749750342e-01 -1.553289360254307860e+00 4.249548192677112673e-02 -9.407103272148967799e-01 1.547479898754886785e+00
-1.079394537210573296e-01 8.498322383167287164e-01 -1.553284785199951612e+00 4.294104996706844118e-02 -9.422326943217897988e-01 1.545921965065208292e+00
-1.079162742864783892e-01 8.473078298121020646e-01 -1.553280023710168267e+00 4.339180461962741792e-02 -9.437850597731194391e-01 1.544347498790869855e+00
-1.078932083253865276e-01 8.447433683545348959e-01 -1.553275072352305219e+00 4.384762687199218745e-02 -9.453675633879456974e-01 1.542756797110379496e+00
-1.078702701134028608e-01 8.421389225988386018e-01 -1.553269927730770217e+00 4.430839603139612171e-02 -9.469803446225872889e-01 1.541150155647444953e+00
-1.078474738181495751e-01 8.394945612630824172e-01 -1.553264586447678175e+00 4.477398974735793957e-02 -9.486235425479827565e-01 1.539527868472209571e+00
-1.078248334988749640e-01 8.368103531305006726e-01 -1.553259045089649737e+00 4.524428403455623554e-02 -9.502972958271846959e-01 1.537890228102505086e+00
-1.078023631060429921e-01 8.340863670514240269e-01 -1.553253300228508715e+00 4.571915329598066902e-02 -9.520017426930008630e-01 1.536237525505122825e+00
-1.077800764809228595e-01 8.313226719452315727e-01 -1.553247348444858345e+00 4.619847034635812810e-02 -9.537370209257838294e-01 1.534570050097101790e+00
-1.077579873552432788e-01 8.285193368023240357e-01 -1.553241186338215618e+00 4.668210643585186254e-02 -9.555032678313769567e-01 1.532888089747034499e+00
-1.077361093508795442e-01 8.256764306861181790e-01 -1.553234810523794973e+00 4.716993127403143471e-02 -9.573006202192276826e-01 1.531191930776390153e+00
-1.077144559795371465e-01 8.227940227350620805e-01 -1.553228217617941942e+00 4.766181305411135161e-02 -9.591292143806704473e-01 1.529481857960853786e+00
-1.076930406423984021e-01 8.198721821646717256e-01 -1.553221404263086747e+00 4.815761847745606006e-02 -9.609891860673877018e-01 1.527758154531684065e+00
-1.076718766298452590e-01 8.169109782695870292e-01 -1.553214367099381210e+00 4.865721277834882119e-02 -9.628806704700542118e-01 1.526021102177085309e+00
-1.076509771211041772e-01 8.139104804256492853e-01 -1.553207102778860316e+00 4.916045974902187587e-02 -9.648038021971703238e-01 1.524270981043598372e+00
-1.076303551839351141e-01 8.108707580919976010e-01 -1.553199607890287659e+00 4.966722176494531987e-02 -9.667587152540900730e-01 1.522508069737506187e+00
-1.076100237740927751e-01 8.077918808131878681e-01 -1.553191879056591285e+00 5.017735981037156623e-02 -9.687455430222519093e-01 1.520732645326256627e+00
-1.075899957350815450e-01 8.046739182213270558e-01 -1.553183912952468937e+00 5.069073350413300094e-02 -9.707644182386127030e-01 1.518944983339900023e+00
-1.075702837979756188e-01 8.015169400382287090e-01 -1.553175706281274548e+00 5.120720112568912658e-02 -9.728154729752983565e-01 1.517145357772543779e+00
-1.075509005811775692e-01 7.983210160775859876e-01 -1.553167255666436652e+00 5.172661964142041824e-02 -9.748988386194702427e-01 1.515334041083822303e+00
-1.075318585898322743e-01 7.950862162471665773e-01 -1.553158557774057869e+00 5.224884473116546413e-02 -9.770146458534155753e-01 1.513511304200382046e+00
-1.075131702156285340e-01 7.918126105510234769e-01 -1.553149609255034314e+00 5.277373081499803220e-02 -9.791630246348665967e-01 1.511677416517382744e+00
-1.074948477364189858e-01 7.885002690917251034e-01 -1.553140406776059468e+00 5.330113108024060048e-02 -9.813441041775521345e-01 1.509832645900013537e+00
-1.074769033159430620e-01 7.851492620726023830e-01 -1.553130947001535977e+00 5.383089750871049989e-02 -9.835580129319891896e-01 1.507977258685024191e+00
-1.074593490034937843e-01 7.817596598000141617e-01 -1.553121226581271719e+00 5.436288090419508223e-02 -9.858048785665194380e-01 1.506111519682271638e+00
-1.074421967335442152e-01 7.783315326856303784e-01 -1.553111242193750297e+00 5.489693092015222181e-02 -9.880848279485900942e-01 1.504235692176280947e+00
-1.074254583255239565e-01 7.748649512487315594e-01 -1.553100990523016867e+00 5.543289608763209142e-02 -9.903979871262872381e-01 1.502350037927821624e+00
-1.074091454835229692e-01 7.713599861185250761e-01 -1.553090468273412794e+00 5.597062384341609798e-02 -9.927444813101283794e-01 1.500454817175498112e+00
-1.073932697960516131e-01 7.678167080364791675e-01 -1.553079672171655323e+00 5.650996055836889076e-02 -9.951244348551142593e-01 1.498550288637354733e+00
-1.073778427358142717e-01 7.642351878586718383e-01 -1.553068598901866437e+00 5.705075156599941077e-02 -9.975379712430449963e-01 1.496636709512495056e+00
-1.073628756592536482e-01 7.606154965581581884e-01 -1.553057245118017349e+00 5.759284119122631135e-02 -9.999852130651071258e-01 1.494714335482716594e+00
-1.073483798061340283e-01 7.569577052273526174e-01 -1.553045607534426109e+00 5.813607277934359358e-02 -1.002466282004731202e+00 1.492783420714157927e+00
-1.073343662994557801e-01 7.532618850804262411e-01 -1.553033682813202754e+00 5.868028872518191164e-02 -1.004981298820726954e+00 1.490844217858961152e+00
-1.073208461449631224e-01 7.495281074557198497e-01 -1.553021467679613243e+00 5.922533050246084341e-02 -1.007530383330698998e+00 1.488896978056947207e+00
-1.073078302310800647e-01 7.457564438181720767e-01 -1.553008958824585450e+00 5.977103869332786590e-02 -1.010113654394741101e+00 1.486941950937306522e+00
-1.072953293284891613e-01 7.419469657617632219e-01 -1.552996152989040812e+00 6.031725301807867173e-02 -1.012731229899421104e+00 1.484979384620302323e+00
-1.072833540900306748e-01 7.380997450119719527e-01 -1.552983046816747148e+00 6.086381236505439968e-02 -1.015383226742053058e+00 1.483009525718987698e+00
-1.072719150500412305e-01 7.342148534282493255e-01 -1.552969637000155556e+00 6.141055482071098442e-02 -1.018069760815260905e+00 1.481032619340936884e+00
-1.072610226242491360e-01 7.302923630065049077e-01 -1.552955920256809286e+00 6.195731769985508841e-02 -1.020790946991839254e+00 1.479048909089988539e+00
-1.072506871095888492e-01 7.263323458816067779e-01 -1.552941893268820150e+00 6.250393757604225109e-02 -1.023546899109909258e+00 1.477058637068004554e+00
-1.072409186837813139e-01 7.223348743298960706e-01 -1.552927552752529472e+00 6.305025031213135067e-02 -1.026337729958378464e+00 1.475062043876639972e+00
-1.072317274051924341e-01 7.183000207717147312e-01 -1.552912895493021139e+00 6.359609109099145785e-02 -1.029163551262695098e+00 1.473059368619127563e+00
-1.072231232128418865e-01 7.142278577739450407e-01 -1.552897918209315442e+00 6.414129444635438548e-02 -1.032024473670912768e+00 1.471050848902074604e+00
-1.072151159258726838e-01 7.101184580525645718e-01 -1.552882617566332391e+00 6.468569429380875702e-02 -1.034920606740056703e+00 1.469036720837273435e+00
-1.072077152430595814e-01 7.059718944752126912e-01 -1.552866990301877248e+00 6.522912396192964701e-02 -1.037852058922800857e+00 1.467017219043524667e+00
-1.072009307428411218e-01 7.017882400637692752e-01 -1.552851033122266022e+00 6.577141622353827044e-02 -1.040818937554453205e+00 1.464992576648473044e+00
-1.071947718829269203e-01 6.975675679969459697e-01 -1.552834742725730965e+00 6.631240332708623897e-02 -1.043821348840259011e+00 1.462963025290456187e+00
-1.071892480000007086e-01 6.933099516128892192e-01 -1.552818115776652075e+00 6.685191702815962422e-02 -1.046859397843008521e+00 1.460928795120366885e+00
-1.071843683093138683e-01 6.890154644117959526e-01 -1.552801148921576502e+00 6.738978862109666623e-02 -1.049933188470959733e+00 1.458890114803526483e+00
-1.071801419043453135e-01 6.846841800585394822e-01 -1.552783838886056866e+00 6.792584897071388128e-02 -1.053042823466072919e+00 1.456847211521572483e+00
-1.071765777568863404e-01 6.803161723853068388e-01 -1.552766182447866239e+00 6.845992854413437967e-02 -1.056188404392565339e+00 1.454800310974357469e+00
-1.071736847170265544e-01 6.759115153942472087e-01 -1.552748176384388223e+00 6.899185744271266185e-02 -1.059370031625782138e+00 1.452749637381861803e+00
-1.071714715129186979e-01 6.714702832601313620e-01 -1.552729817382044519e+00 6.952146543405031409e-02 -1.062587804341385889e+00 1.450695413486117191e+00
-1.071699467501393555e-01 6.669925503330221828e-01 -1.552711102130522658e+00 7.004858198409781578e-02 -1.065841820504858095e+00 1.448637860553143808e+00
-1.071691189114603177e-01 6.624783911409544146e-01 -1.552692027257148721e+00 7.057303628933528361e-02 -1.069132176861321337e+00 1.446577198374899842e+00
-1.071689963563243198e-01 6.579278803926252861e-01 -1.552672589432245509e+00 7.109465730902700398e-02 -1.072458968925678269e+00 1.444513645271242597e+00
-1.071695873207967331e-01 6.533410929800942402e-01 -1.552652785391330115e+00 7.161327379754423017e-02 -1.075822290973065698e+00 1.442447418091902689e+00
-1.071708999176329419e-01 6.487181039814924333e-01 -1.552632611931930029e+00 7.212871433674897248e-02 -1.079222236029632853e+00 1.440378732218470015e+00
-1.071729421363466356e-01 6.440589886637420047e-01 -1.552612065762754900e+00 7.264080736843434027e-02 -1.082658895863633619e+00 1.438307801566391042e+00
-1.071757218425831576e-01 6.393638224852836727e-01 -1.552591143578101240e+00 7.314938122681535759e-02 -1.086132360976832301e+00 1.436234838586980533e+00
-1.071792467778305558e-01 6.346326810988140998e-01 -1.552569841967542663e+00 7.365426417106332724e-02 -1.089642720596230685e+00 1.434160054269443485e+00
-1.071835245586993252e-01 6.298656403540305870e-01 -1.552548157577971821e+00 7.415528441787944125e-02 -1.093190062666104856e+00 1.432083658142909499e+00
-1.071885626769658317e-01 6.250627763003850923e-01 -1.552526087129685317e+00 7.465227017409915844e-02 -1.096774473840365083e+00 1.430005858278479813e+00
-1.071943684997092305e-01 6.202241651898466879e-01 -1.552503627374908657e+00 7.514504966932462893e-02 -1.100396039475219467e+00 1.427926861291285432e+00
-1.072009492692639759e-01 6.153498834796715666e-01 -1.552480775003972857e+00 7.563345118857653371e-02 -1.104054843622156223e+00 1.425846872342558580e+00
-1.072083121027205405e-01 6.104400078351801540e-01 -1.552457526712952118e+00 7.611730310496009344e-02 -1.107750969021237486e+00 1.423766095141714816e+00
-1.072164639917524004e-01 6.054946151325426573e-01 -1.552433879140348916e+00 7.659643391233995902e-02 -1.111484497094701540e+00 1.421684731948448466e+00
-1.072254118021314234e-01 6.005137824615708331e-01 -1.552409828949480763e+00 7.707067225801714216e-02 -1.115255507940874136e+00 1.419602983574838717e+00
-1.072351622736497645e-01 5.954975871285167477e-01 -1.552385372802771668e+00 7.753984697540289295e-02 -1.119064080328382893e+00 1.417521049387468590e+00
-1.072457220199203032e-01 5.904461066588795326e-01 -1.552360507351977281e+00 7.800378711668282117e-02 -1.122910291690679241e+00 1.415439127309555900e+00
-1.072570975281311872e-01 5.853594188002172460e-01 -1.552335229285780827e+00 7.846232198546576608e-02 -1.126794218120861446e+00 1.413357413823095543e+00
-1.072692951590468874e-01 5.802376015249663954e-01 -1.552309535242078153e+00 7.891528116941083637e-02 -1.130715934366798958e+00 1.411276103971013995e+00
-1.072823211465671750e-01 5.750807330332659006e-01 -1.552283421940531261e+00 7.936249457282808228e-02 -1.134675513826550741e+00 1.409195391359336247e+00
-1.072961815979700390e-01 5.698888917557889400e-01 -1.552256886073993591e+00 7.980379244924568072e-02 -1.138673028544080257e+00 1.407115468159364058e+00
-1.073108824936041122e-01 5.646621563565790147e-01 -1.552229924228271774e+00 8.023900543393686080e-02 -1.142708549205270430e+00 1.405036525109866208e+00
-1.073264296861563272e-01 5.594006057358904549e-01 -1.552202532980698102e+00 8.066796457640228180e-02 -1.146782145134225495e+00 1.402958751519281400e+00
-1.073428289004264846e-01 5.541043190330342538e-01 -1.552174708952726023e+00 8.109050137280220116e-02 -1.150893884289857283e+00 1.400882335267932488e+00
-1.073600857333858460e-01 5.487733756292307863e-01 -1.552146448768985998e+00 8.150644779833041143e-02 -1.155043833262764830e+00 1.398807462810253366e+00
-1.073782056540291963e-01 5.434078551504661903e-01 -1.552117749078082642e+00 8.191563633952650414e-02 -1.159232057272390426e+00 1.396734319177027173e+00
-1.073971940033455336e-01 5.380078374703538557e-01 -1.552088606570637852e+00 8.231790002652063232e-02 -1.163458620164449453e+00 1.394663087977636939e+00
-1.074170559943960768e-01 5.325734027130004655e-01 -1.552059017894071191e+00 8.271307246520301359e-02 -1.167723584408641546e+00 1.392593951402327335e+00
-1.074377967119370531e-01 5.271046312558741453e-01 -1.552028979663003350e+00 8.310098786931298387e-02 -1.172027011096638205e+00 1.390527090224479956e+00
-1.074594211120952908e-01 5.216016037326769439e-01 -1.551998488427256406e+00 8.348148109244268866e-02 -1.176368959940337966e+00 1.388462683802900388e+00
-1.074819340218638591e-01 5.160644010362203105e-01 -1.551967540878351759e+00 8.385438765995063826e-02 -1.180749489270379371e+00 1.386400910084116145e+00
-1.075053401397413483e-01 5.104931043213083441e-01 -1.551936133512648919e+00 8.421954380077886770e-02 -1.185168656034913948e+00 1.384341945604687929e+00
-1.075296440345091808e-01 5.048877950076160470e-01 -1.551904262892053632e+00 8.457678647916638814e-02 -1.189626515798642759e+00 1.382285965493533553e+00
-1.075548501454504785e-01 4.992485547825779579e-01 -1.551871925567270605e+00 8.492595342625378074e-02 -1.194123122742112963e+00 1.380233143474262736e+00
-1.075809627821496667e-01 4.935754656042752320e-01 -1.551839118116121519e+00 8.526688317157518626e-02 -1.198658529661256855e+00 1.378183651867524784e+00
-1.076079861245148733e-01 4.878686097043284375e-01 -1.551805837038744196e+00 8.559941507443248609e-02 -1.203232787967171369e+00 1.376137661593368477e+00
-1.076359242222091755e-01 4.821280695907891323e-01 -1.551772078953997713e+00 8.592338935514250153e-02 -1.207845947686152943e+00 1.374095342173614842e+00
-1.076647809952104018e-01 4.763539280510384333e-01 -1.551737840535433843e+00 8.623864712615779415e-02 -1.212498057459950651e+00 1.372056861734241462e+00
-1.076945602340251412e-01 4.705462681546864201e-01 -1.551703118391444480e+00 8.654503042304775851e-02 -1.217189164546275348e+00 1.370022387007779674e+00
-1.077252655992151920e-01 4.647051732564696502e-01 -1.551667908991782863e+00 8.684238223534369860e-02 -1.221919314819516877e+00 1.367992083335724418e+00
-1.077569006204832647e-01 4.588307269991478421e-01 -1.551632208925120882e+00 8.713054653723763254e-02 -1.226688552771685758e+00 1.365966114670955855e+00
-1.077894686972606375e-01 4.529230133164095506e-01 -1.551596014585924665e+00 8.740936831812753938e-02 -1.231496921513587584e+00 1.363944643580174310e+00
-1.078229730974566286e-01 4.469821164357687948e-01 -1.551559322447899181e+00 8.767869361300788256e-02 -1.236344462776206798e+00 1.361927831246347642e+00
-1.078574169578148390e-01 4.410081208814710663e-01 -1.551522129062059996e+00 8.793836953269959511e-02 -1.241231216912296098e+00 1.359915837471171063e+00
-1.078928032842773749e-01 4.350011114774003373e-01 -1.551484430872640541e+00 8.818824429391447506e-02 -1.246157222898168104e+00 1.357908820677540263e+00
-1.079291349512555287e-01 4.289611733499802404e-01 -1.551446224302979182e+00 8.842816724914856485e-02 -1.251122518335687328e+00 1.355906937912036314e+00
-1.079664147014112313e-01 4.228883919310781891e-01 -1.551407505936434950e+00 8.865798891639900536e-02 -1.256127139454458863e+00 1.353910344847423897e+00
-1.080046451465483670e-01 4.167828529609161059e-01 -1.551368272340503340e+00 8.887756100870014553e-02 -1.261171121114205373e+00 1.351919195785162842e+00
-1.080438287674568287e-01 4.106446424909750981e-01 -1.551328520069449546e+00 8.908673646347473052e-02 -1.266254496807326380e+00 1.349933643657932114e+00
-1.080839679137739900e-01 4.044738468868995795e-01 -1.551288245525954013e+00 8.928536947169589399e-02 -1.271377298661630739e+00 1.347953840032167339e+00
-1.081250648029873362e-01 3.982705528313952303e-01 -1.551247445101463063e+00 8.947331550685200252e-02 -1.276539557443251871e+00 1.345979935110610981e+00
-1.081671215202906905e-01 3.920348473271314527e-01 -1.551206115199563307e+00 8.965043135371189575e-02 -1.281741302559732176e+00 1.344012077734876520e+00
-1.082101400185894319e-01 3.857668176996440490e-01 -1.551164252151861156e+00 8.981657513688642847e-02 -1.286982562063267110e+00 1.342050415388024609e+00
-1.082541221179831037e-01 3.794665516002325711e-01 -1.551121852282887792e+00 8.997160634918416333e-02 -1.292263362654093362e+00 1.340095094197153669e+00
-1.082990695056550295e-01 3.731341370088591125e-01 -1.551078912197623616e+00 9.011538587975234660e-02 -1.297583729684037790e+00 1.338146258936003141e+00
-1.083449837376008473e-01 3.667696622370585358e-01 -1.551035428331519084e+00 9.024777604200073799e-02 -1.302943687160209585e+00 1.336204053027570282e+00
-1.083918662375286390e-01 3.603732159308274952e-01 -1.550991397005357264e+00 9.036864060130192500e-02 -1.308343257748841193e+00 1.334268618546741170e+00
-1.084397182960887968e-01 3.539448870735130148e-01 -1.550946814562877307e+00 9.047784480246781613e-02 -1.313782462779254256e+00 1.332340096222934589e+00
-1.084885410709805487e-01 3.474847649887057299e-01 -1.550901677323915928e+00 9.057525539699394501e-02 -1.319261322247962998e+00 1.330418625442760128e+00
-1.085383355867642896e-01 3.409929393431279099e-01 -1.550855981758806790e+00 9.066074067007229287e-02 -1.324779854822889291e+00 1.328504344252689817e+00
-1.085891027358158456e-01 3.344695001495279207e-01 -1.550809724214871732e+00 9.073417046736506619e-02 -1.330338077847698308e+00 1.326597389361742874e+00
-1.086408432775162886e-01 3.279145377695587005e-01 -1.550762901089651979e+00 9.079541622153616820e-02 -1.335936007346246068e+00 1.324697896144185760e+00
-1.086935578385680029e-01 3.213281429166615633e-01 -1.550715508603403237e+00 9.084435097853454932e-02 -1.341573658027139349e+00 1.322805998642246017e+00
-1.087472469118161839e-01 3.147104066589356819e-01 -1.550667543043762864e+00 9.088084942363183760e-02 -1.347251043288379302e+00 1.320921829568838968e+00
-1.088019108566747328e-01 3.080614204220162300e-01 -1.550619000576658912e+00 9.090478790720540880e-02 -1.352968175222100333e+00 1.319045520310310637e+00
-1.088575498983056639e-01 3.013812759919393125e-01 -1.550569877561935206e+00 9.091604447026435665e-02 -1.358725064619397571e+00 1.317177200929193104e+00
-1.089141641289071705e-01 2.946700655180206629e-01 -1.550520170334541703e+00 9.091449886971417205e-02 -1.364521720975235386e+00 1.315317000166974504e+00
-1.089717535075638011e-01 2.879278815157181315e-01 -1.550469875089090399e+00 9.090003260335681456e-02 -1.370358152493431625e+00 1.313465045446884583e+00
-1.090303178593166888e-01 2.811548168694841809e-01 -1.550418988067314041e+00 9.087252893462288705e-02 -1.376234366091711347e+00 1.311621462876693789e+00
-1.090898568754948422e-01 2.743509648356242669e-01 -1.550367505445108041e+00 9.083187291703487265e-02 -1.382150367406813851e+00 1.309786377251527245e+00
-1.091503701132890275e-01 2.675164190451443380e-01 -1.550315423588877417e+00 9.077795141839556381e-02 -1.388106160799655875e+00 1.307959912056693819e+00
-1.092118569970844388e-01 2.606512735066094377e-01 -1.550262738834762066e+00 9.071065314469903273e-02 -1.394101749360546538e+00 1.306142189470529402e+00
-1.092743168183048785e-01 2.537556226089839884e-01 -1.550209447312572042e+00 9.062986866375842554e-02 -1.400137134914450465e+00 1.304333330367255961e+00
-1.093377487340344706e-01 2.468295611244570864e-01 -1.550155544948734310e+00 9.053549042855192630e-02 -1.406212318026283770e+00 1.302533454319854345e+00
-1.094021517656318110e-01 2.398731842112614698e-01 -1.550101027931509723e+00 9.042741280027977169e-02 -1.412327298006245790e+00 1.300742679602953533e+00
-1.094675248005730905e-01 2.328865874165169103e-01 -1.550045892373279166e+00 9.030553207113148351e-02 -1.418482072915175918e+00 1.298961123195734313e+00
-1.095338665919741439e-01 2.258698666790467380e-01 -1.549990134529423802e+00 9.016974648676326365e-02 -1.424676639569916414e+00 1.297188900784848276e+00
-1.096011757596534048e-01 2.188231183322034701e-01 -1.549933750563946333e+00 9.001995626847178467e-02 -1.430910993548717869e+00 1.295426126767352359e+00
-1.096694507895644433e-01 2.117464391066735674e-01 -1.549876736555783507e+00 8.985606363507811500e-02 -1.437185129196618005e+00 1.293672914253658046e+00
-1.097386900332649046e-01 2.046399261332760844e-01 -1.549819088511194876e+00 8.967797282450248875e-02 -1.443499039630848912e+00 1.291929375070497654e+00
-1.098088917074672849e-01 1.975036769457556574e-01 -1.549760802495466994e+00 8.948559011503942617e-02 -1.449852716746223180e+00 1.290195619763905066e+00
-1.098800538945308158e-01 1.903377894835787121e-01 -1.549701874507039445e+00 8.927882384632820911e-02 -1.456246151220502050e+00 1.288471757602212220e+00
-1.099521745420648094e-01 1.831423620947144615e-01 -1.549642300759011215e+00 8.905758444001238283e-02 -1.462679332519749575e+00 1.286757896579062477e+00
-1.100252514645658208e-01 1.759174935384296701e-01 -1.549582077334437313e+00 8.882178442008673014e-02 -1.469152248903670355e+00 1.285054143416438421e+00
-1.100992823425910039e-01 1.686632829880517770e-01 -1.549521200177608193e+00 8.857133843292988584e-02 -1.475664887430914174e+00 1.283360603567706759e+00
-1.101742647218524884e-01 1.613798300337245806e-01 -1.549459665171977862e+00 8.830616326702148133e-02 -1.482217233964343572e+00 1.281677381220679646e+00
-1.102501960128663971e-01 1.540672346851618135e-01 -1.549397468175807813e+00 8.802617787233943392e-02 -1.488809273176264991e+00 1.280004579300691114e+00
-1.103270734908630146e-01 1.467255973743967212e-01 -1.549334605260596742e+00 8.773130337943746415e-02 -1.495440988553604189e+00 1.278342299473690602e+00
-1.104048942974615588e-01 1.393550189585422983e-01 -1.549271072314126085e+00 8.742146311819623539e-02 -1.502112362403044354e+00 1.276690642149352017e+00
-1.104836554394466042e-01 1.319556007225136662e-01 -1.549206865218256013e+00 8.709658263625755237e-02 -1.508823375856071181e+00 1.275049706484200351e+00
-1.105633537888480178e-01 1.245274443817570020e-01 -1.549141979966958349e+00 8.675658971712221779e-02 -1.515574008873988854e+00 1.273419590384754718e+00
-1.106439860839103367e-01 1.170706520849787990e-01 -1.549076412542010672e+00 8.640141439792164979e-02 -1.522364240252851886e+00 1.271800390510687384e+00
-1.107255489291553568e-01 1.095853264168585861e-01 -1.549010158815668392e+00 8.603098898685704321e-02 -1.529194047628323450e+00 1.270192202277999893e+00
-1.108080387947168177e-01 1.020715704007454372e-01 -1.548943214562384263e+00 8.564524808030764269e-02 -1.536063407480448006e+00 1.268595119862216736e+00
-1.108914520157525258e-01 9.452948750134648748e-02 -1.548875575432143048e+00 8.524412857960692036e-02 -1.542972295138321570e+00 1.267009236201594335e+00
-1.109757847916476442e-01 8.695918162740512436e-02 -1.548807237247972202e+00 8.482756970748020486e-02 -1.549920684784680258e+00 1.265434643000348469e+00
-1.110610331874722773e-01 7.936075713439483259e-02 -1.548738195919182825e+00 8.439551302414026457e-02 -1.556908549460397806e+00 1.263871430731898338e+00
-1.111471931348128883e-01 7.173431882719827346e-02 -1.548668447274521132e+00 8.394790244304853322e-02 -1.563935861068862510e+00 1.262319688642127291e+00
-1.112342604313461547e-01 6.407997196276282725e-02 -1.548597987000208676e+00 8.348468424632968232e-02 -1.571002590380258912e+00 1.260779504752661540e+00
-1.113222307399313882e-01 5.639782225274225791e-02 -1.548526810755241012e+00 8.300580709984660410e-02 -1.578108707035724034e+00 1.259250965864166405e+00
-1.114110995885793653e-01 4.868797586613848871e-02 -1.548454914309759678e+00 8.251122206793309877e-02 -1.585254179551375264e+00 1.257734157559659227e+00
-1.115008623714974778e-01 4.095053943194648660e-02 -1.548382293238507401e+00 8.200088262777457948e-02 -1.592438975322230776e+00 1.256229164207840254e+00
-1.115915143477773791e-01 3.318562004176295321e-02 -1.548308943174707686e+00 8.147474468344857723e-02 -1.599663060625975852e+00 1.254736068966440632e+00
-1.116830506420442848e-01 2.539332525240700633e-02 -1.548234859784565876e+00 8.093276657961009923e-02 -1.606926400626614182e+00 1.253254953785589043e+00
-1.117754662449262359e-01 1.757376308853020319e-02 -1.548160038891121859e+00 8.037490911482782219e-02 -1.614228959377971950e+00 1.251785899411195002e+00
-1.118687560145100041e-01 9.727042045227674016e-03 -1.548084476017962841e+00 7.980113555457524210e-02 -1.621570699827040274e+00 1.250328985388350578e+00
-1.119629146742304321e-01 1.853271090598185289e-03 -1.548008166586022138e+00 7.921141164386698297e-02 -1.628951583817170867e+00 1.248884290064750102e+00
-1.120579368122803648e-01 -6.047440331689024617e-03 -1.547931106154666114e+00 7.860570561953947322e-02 -1.636371572091122051e+00 1.247451890594127422e+00
-1.121538168829292609e-01 -1.397498229981430917e-02 -1.547853290285812422e+00 7.798398822217700310e-02 -1.643830624293943998e+00 1.246031862939711354e+00
-1.122505492067898819e-01 -2.192924441125088109e-02 -1.547774714575842703e+00 7.734623270768048453e-02 -1.651328698975701670e+00 1.244624281877699357e+00
-1.123481279713497288e-01 -2.991011578021540718e-02 -1.547695374376029553e+00 7.669241485848143913e-02 -1.658865753594023218e+00 1.243229221000749396e+00
-1.124465472292751761e-01 -3.791748503515612878e-02 -1.547615265173126753e+00 7.602251299440379584e-02 -1.666441744516452994e+00 1.241846752721488922e+00
-1.125458008997511083e-01 -4.595124031621489191e-02 -1.547534382433013667e+00 7.533650798315974506e-02 -1.674056627022651789e+00 1.240476948276044045e+00
-1.126458827685878350e-01 -5.401126927271526768e-02 -1.547452721425547129e+00 7.463438325048905864e-02 -1.681710355306399229e+00 1.239119877727585139e+00
-1.127467864869173553e-01 -6.209745906067898336e-02 -1.547370277702601271e+00 7.391612478993511703e-02 -1.689402882477420764e+00 1.237775609969892665e+00
-1.128485055737542264e-01 -7.020969634030560513e-02 -1.547287046649202802e+00 7.318172117226312556e-02 -1.697134160563006811e+00 1.236444212730940295e+00
-1.129510334149479434e-01 -7.834786727350806501e-02 -1.547203023552405243e+00 7.243116355451678645e-02 -1.704904140509440058e+00 1.235125752576496705e+00
-1.130543632626819783e-01 -8.651185752145273966e-02 -1.547118203575388984e+00 7.166444568870905529e-02 -1.712712772183225596e+00 1.233820294913745785e+00
-1.131584882347559939e-01 -9.470155224211374012e-02 -1.547032581997743073e+00 7.088156393015448975e-02 -1.720560004372105434e+00 1.232527903994925733e+00
-1.132634013158376335e-01 -1.029168360878141009e-01 -1.546946154095768078e+00 7.008251724543454464e-02 -1.728445784785870298e+00 1.231248642920985903e+00
-1.133690953577541072e-01 -1.111575932027908387e-01 -1.546858915079064145e+00 6.926730721999475870e-02 -1.736370060056970921e+00 1.229982573645264310e+00
-1.134755630792697867e-01 -1.194237072207791073e-01 -1.546770860128918290e+00 6.843593806537613677e-02 -1.744332775740911723e+00 1.228729756977181786e+00
-1.135827970661846126e-01 -1.277150612626034576e-01 -1.546681984423773137e+00 6.758841662608969236e-02 -1.752333876316401806e+00 1.227490252585956565e+00
-1.136907897716519927e-01 -1.360315379337782016e-01 -1.546592283203478635e+00 6.672475238611642878e-02 -1.760373305185303661e+00 1.226264119004336628e+00
-1.137995335170431388e-01 -1.443730193221133273e-01 -1.546501751519505197e+00 6.584495747504351404e-02 -1.768451004672345617e+00 1.225051413632350705e+00
-1.139090204907369369e-01 -1.527393869953603822e-01 -1.546410384450436437e+00 6.494904667383266661e-02 -1.776566916024607146e+00 1.223852192741078371e+00
-1.140192427487044247e-01 -1.611305219988454773e-01 -1.546318177071876798e+00 6.403703742021657486e-02 -1.784720979410780339e+00 1.222666511476439677e+00
-1.141301922148524189e-01 -1.695463048531202777e-01 -1.546225124249869465e+00 6.310894981373772750e-02 -1.792913133920166935e+00 1.221494423863002554e+00
-1.142418606796321429e-01 -1.779866155516462989e-01 -1.546131221068062001e+00 6.216480662040855393e-02 -1.801143317561461732e+00 1.220335982807809749e+00
-1.143542398022512480e-01 -1.864513335584461196e-01 -1.546036462541376721e+00 6.120463327699905698e-02 -1.809411467261303530e+00 1.219191240104224194e+00
-1.144673211104920568e-01 -1.949403378057978919e-01 -1.545940843499143513e+00 6.022845789496718977e-02 -1.817717518862547177e+00 1.218060246435794580e+00
-1.145810959995351014e-01 -2.034535066919571644e-01 -1.545844358971754540e+00 5.923631126401145836e-02 -1.826061407122311797e+00 1.216943051380138252e+00
-1.146955557340729043e-01 -2.119907180788467294e-01 -1.545747003672544917e+00 5.822822685525359809e-02 -1.834443065709774112e+00 1.215839703412844974e+00
-1.148106914460200190e-01 -2.205518492898195237e-01 -1.545648772401949866e+00 5.720424082404586275e-02 -1.842862427203726172e+00 1.214750249911397795e+00
-1.149264941356666764e-01 -2.291367771073886672e-01 -1.545549660060870023e+00 5.616439201241851809e-02 -1.851319423089845539e+00 1.213674737159113892e+00
-1.150429546729710012e-01 -2.377453777709683802e-01 -1.545449661479866732e+00 5.510872195114632777e-02 -1.859813983757737210e+00 1.212613210349103410e+00
-1.151600637973987928e-01 -2.463775269746490970e-01 -1.545348771229848817e+00 5.403727486145127462e-02 -1.868346038497693762e+00 1.211565713588248494e+00
-1.152778121161244923e-01 -2.550330998650067738e-01 -1.545246984036813265e+00 5.295009765632416321e-02 -1.876915515497222575e+00 1.210532289901200986e+00
-1.153961901058141448e-01 -2.637119710388786675e-01 -1.545144294546938912e+00 5.184723994148694726e-02 -1.885522341837274851e+00 1.209512981234397655e+00
-1.155151881123943902e-01 -2.724140145411801939e-01 -1.545040697446654621e+00 5.072875401597454204e-02 -1.894166443488233487e+00 1.208507828460095412e+00
-1.156347963518724875e-01 -2.811391038627215622e-01 -1.544936187456125598e+00 4.959469487234524632e-02 -1.902847745305630500e+00 1.207516871380424739e+00
-1.157550049111149698e-01 -2.898871119380386219e-01 -1.544830759028154699e+00 4.844512019651409096e-02 -1.911566171025613770e+00 1.206540148731462647e+00
-1.158758037459964862e-01 -2.986579111432738909e-01 -1.544724406612051570e+00 4.728009036722097963e-02 -1.920321643260118449e+00 1.205577698187325630e+00
-1.159971826818488733e-01 -3.074513732940411526e-01 -1.544617124629627636e+00 4.609966845512224881e-02 -1.929114083491785703e+00 1.204629556364279042e+00
-1.161191314137109687e-01 -3.162673696433051518e-01 -1.544508907501076056e+00 4.490392022150804796e-02 -1.937943412068606985e+00 1.203695758824866235e+00
-1.162416395068186781e-01 -3.251057708792750578e-01 -1.544399749939852073e+00 4.369291411664543573e-02 -1.946809548198301432e+00 1.202776340082057249e+00
-1.163646963997232164e-01 -3.339664471232757226e-01 -1.544289646204447530e+00 4.246672127775646954e-02 -1.955712409942401919e+00 1.201871333603415470e+00
-1.164882914008020659e-01 -3.428492679277235222e-01 -1.544178590647290905e+00 4.122541552662023490e-02 -1.964651914210069350e+00 1.200980771815281845e+00
-1.166124136896169450e-01 -3.517541022740526824e-01 -1.544066577503143245e+00 3.996907336679669104e-02 -1.973627976751647140e+00 1.200104686106979512e+00
-1.167370523164027729e-01 -3.606808185706793513e-01 -1.543953601007880705e+00 3.869777398048065975e-02 -1.982640512151933709e+00 1.199243106835035100e+00
-1.168621962026179517e-01 -3.696292846509676711e-01 -1.543839655329184879e+00 3.741159922498221019e-02 -1.991689433823174316e+00 1.198396063327419325e+00
-1.169878341408851496e-01 -3.785993677712196082e-01 -1.543724734662281550e+00 3.611063362883260019e-02 -2.000774653997784203e+00 1.197563583887805594e+00
-1.171139547957988081e-01 -3.875909346086672258e-01 -1.543608833152550819e+00 3.479496438752140153e-02 -2.009896083720781768e+00 1.196745695799847908e+00
-1.172405467040513322e-01 -3.966038512594907139e-01 -1.543491944958127471e+00 3.346468135885165979e-02 -2.019053632841965928e+00 1.195942425331476766e+00
-1.173675982751318514e-01 -4.056379832368437466e-01 -1.543374064148188785e+00 3.211987705792512804e-02 -2.028247210007809720e+00 1.195153797739212820e+00
-1.174950977911164152e-01 -4.146931954689072608e-01 -1.543255184636705746e+00 3.076064665175784821e-02 -2.037476722653066119e+00 1.194379837272498079e+00
-1.176230334058574190e-01 -4.237693522969681048e-01 -1.543135300360596096e+00 2.938708795351545680e-02 -2.046742076992116299e+00 1.193620567178045322e+00
-1.177513931457910834e-01 -4.328663174734901364e-01 -1.543014405268142486e+00 2.799930141637956005e-02 -2.056043178010031447e+00 1.192876009704206375e+00
-1.178801649106559490e-01 -4.419839541602030852e-01 -1.542892493274160781e+00 2.659739012703505809e-02 -2.065379929453370789e+00 1.192146186105357275e+00
-1.180093364738166173e-01 -4.511221249262129529e-01 -1.542769558315228995e+00 2.518145979878982574e-02 -2.074752233820693181e+00 1.191431116646301636e+00
-1.181388954831025517e-01 -4.602806917461217395e-01 -1.542645594153492894e+00 2.375161876431942584e-02 -2.084159992352798696e+00 1.190730820606691776e+00
-1.182688294598574635e-01 -4.694595159981878041e-01 -1.542520594555350844e+00 2.230797796803960995e-02 -2.093603105022693978e+00 1.190045316285466281e+00
-1.183991257996249019e-01 -4.786584584624815619e-01 -1.542394553082390818e+00 2.085065095810283153e-02 -2.103081470525291152e+00 1.189374621005306443e+00
-1.185297717709168086e-01 -4.878773793190835928e-01 -1.542267463371704173e+00 1.937975387802197413e-02 -2.112594986266839836e+00 1.188718751117108452e+00
-1.186607545165657696e-01 -4.971161381462632090e-01 -1.542139319078305704e+00 1.789540545791852219e-02 -2.122143548354089582e+00 1.188077722004474257e+00
-1.187920610545661199e-01 -5.063745939186814482e-01 -1.542010113879076938e+00 1.639772700539845682e-02 -2.131727051583188537e+00 1.187451548088218400e+00
-1.189236782789664243e-01 -5.156526050056120525e-01 -1.541879841222885350e+00 1.488684239606742794e-02 -2.141345389428279677e+00 1.186840242830891956e+00
-1.190555929584501821e-01 -5.249500291692097420e-01 -1.541748494524131319e+00 1.336287806365333598e-02 -2.150998454029884321e+00 1.186243818741323564e+00
-1.191877917367087092e-01 -5.342667235627727162e-01 -1.541616067039998983e+00 1.182596298976440127e-02 -2.160686136183001871e+00 1.185662287379178004e+00
-1.193202611316778600e-01 -5.436025447290377954e-01 -1.541482552089872948e+00 1.027622869328109062e-02 -2.170408325324930221e+00 1.185095659359527875e+00
-1.194529875368299521e-01 -5.529573485984640158e-01 -1.541347943239826268e+00 8.713809219366187853e-03 -2.180164909522853467e+00 1.184543944357445699e+00
-1.195859572242203989e-01 -5.623309904875106735e-01 -1.541212233803933351e+00 7.138841128107073497e-03 -2.189955775461156051e+00 1.184007151112609568e+00
-1.197191563428845751e-01 -5.717233250969984137e-01 -1.541075417029840189e+00 5.551463482788222131e-03 -2.199780808428481116e+00 1.183485287433926780e+00
-1.198525709189660754e-01 -5.811342065104649901e-01 -1.540937485957336373e+00 3.951817837787949955e-03 -2.209639892304541942e+00 1.182978360204171686e+00
-1.199861868545132604e-01 -5.905634881925567736e-01 -1.540798433652271315e+00 2.340048226102696416e-03 -2.219532909546686472e+00 1.182486375384640853e+00
-1.201199899284779993e-01 -6.000110229874082712e-01 -1.540658253193344374e+00 7.163011464991590749e-04 -2.229459741176213150e+00 1.182009338019822442e+00
-1.202539657976043341e-01 -6.094766631170418503e-01 -1.540516937426253730e+00 -9.192744497058709385e-04 -2.239420266764445167e+00 1.181547252242081791e+00
-1.203880999949984570e-01 -6.189602601798200876e-01 -1.540374479357256465e+00 -2.566527172233573628e-03 -2.249414364418554246e+00 1.181100121276361659e+00
-1.205223779324334221e-01 -6.284616651488634798e-01 -1.540230871742143126e+00 -4.225303205798981721e-03 -2.259441910767136630e+00 1.180667947444897559e+00
-1.206567848987699088e-01 -6.379807283705432042e-01 -1.540086107565547646e+00 -5.895446324451700248e-03 -2.269502780945585219e+00 1.180250732171949535e+00
-1.207913060629443175e-01 -6.475172995629285833e-01 -1.539940179765929784e+00 -7.576797906276584726e-03 -2.279596848581205926e+00 1.179848475988547030e+00
-1.209259264743623719e-01 -6.570712278142911700e-01 -1.539793080937865488e+00 -9.269196948462066210e-03 -2.289723985778093773e+00 1.179461178537248855e+00
-1.210606310604462471e-01 -6.666423615816692294e-01 -1.539644803538613882e+00 -1.097248008274569198e-02 -2.299884063101803378e+00 1.179088838576917153e+00
-1.211954046261438239e-01 -6.762305486894237827e-01 -1.539495340375946597e+00 -1.268648159122783003e-02 -2.310076949563788951e+00 1.178731453987506228e+00
-1.213302318581298139e-01 -6.858356363277491319e-01 -1.539344684031960897e+00 -1.441103342255491138e-02 -2.320302512605627587e+00 1.178389021774864043e+00
-1.214650973235027603e-01 -6.954574710512821945e-01 -1.539192826733578601e+00 -1.614596520846624944e-02 -2.330560618083010294e+00 1.178061538075548809e+00
-1.215999854672231151e-01 -7.050958987777498077e-01 -1.539039760816804270e+00 -1.789110428071812031e-02 -2.340851130249543388e+00 1.177748998161658678e+00
-1.217348806140215040e-01 -7.147507647865736224e-01 -1.538885478849991717e+00 -1.964627568837110094e-02 -2.351173911740328304e+00 1.177451396445674980e+00
-1.218697669715273491e-01 -7.244219137174814360e-01 -1.538729973138041940e+00 -2.141130221544914475e-02 -2.361528823555345991e+00 1.177168726485318340e+00
-1.220046286286252113e-01 -7.341091895692049007e-01 -1.538573235792292326e+00 -2.318600439896237320e-02 -2.371915725042632150e+00 1.176900980988416778e+00
-1.221394495544786130e-01 -7.438124356981914431e-01 -1.538415259061390650e+00 -2.497020054729445770e-02 -2.382334473881246861e+00 1.176648151817788479e+00
-1.222742136007693436e-01 -7.535314948172917582e-01 -1.538256034916031467e+00 -2.676370675896112133e-02 -2.392784926064067896e+00 1.176410229996134316e+00
-1.224089044999162601e-01 -7.632662089945261297e-01 -1.538095555466523878e+00 -2.856633694173665861e-02 -2.403266935880396193e+00 1.176187205710945261e+00
-1.225435058673593758e-01 -7.730164196518181097e-01 -1.537933812705395420e+00 -3.037790283215157511e-02 -2.413780355898393015e+00 1.175979068319420451e+00
-1.226780012013537480e-01 -7.827819675637843755e-01 -1.537770798455305732e+00 -3.219821401534241068e-02 -2.424325036947306611e+00 1.175785806353397467e+00
-1.228123738822560901e-01 -7.925626928565547846e-01 -1.537606504539170915e+00 -3.402707794527861512e-02 -2.434900828099555437e+00 1.175607407524293269e+00
-1.229466071734783839e-01 -8.023584350065933180e-01 -1.537440922632340667e+00 -3.586429996534986481e-02 -2.445507576652632853e+00 1.175443858728057123e+00
-1.230806842210047936e-01 -8.121690328395620995e-01 -1.537274044476398593e+00 -3.770968332931195349e-02 -2.456145128110833298e+00 1.175295146050134409e+00
-1.232145880550146733e-01 -8.219943245291807532e-01 -1.537105861788809591e+00 -3.956302922260530180e-02 -2.466813326166846121e+00 1.175161254770440200e+00
-1.233483015906350760e-01 -8.318341475961226195e-01 -1.536936366245302388e+00 -4.142413678403124994e-02 -2.477512012683181997e+00 1.175042169368345268e+00
-1.234818076285278676e-01 -8.416883389069385046e-01 -1.536765549123306318e+00 -4.329280312779302392e-02 -2.488241027673456784e+00 1.174937873527670984e+00
-1.236150888519600977e-01 -8.515567346730508191e-01 -1.536593401672968984e+00 -4.516882336589474883e-02 -2.499000209283527063e+00 1.174848350141694864e+00
-1.237481278275244789e-01 -8.614391704497248448e-01 -1.536419915055440732e+00 -4.705199063090585027e-02 -2.509789393772496879e+00 1.174773581318164783e+00
-1.238809070052642319e-01 -8.713354811350721985e-01 -1.536245080763401383e+00 -4.894209609907466257e-02 -2.520608415493566845e+00 1.174713548384323847e+00
-1.240134087229816107e-01 -8.812455009690274288e-01 -1.536068889927973524e+00 -5.083892901381096424e-02 -2.531457106874782870e+00 1.174668231891944359e+00
-1.241456152037049426e-01 -8.911690635324405196e-01 -1.535891333674056725e+00 -5.274227670952177233e-02 -2.542335298399649002e+00 1.174637611622370459e+00
-1.242775085566764498e-01 -9.011060017461509641e-01 -1.535712402990786485e+00 -5.465192463580872267e-02 -2.553242818587635465e+00 1.174621666591568969e+00
-1.244090707770643539e-01 -9.110561478701046934e-01 -1.535532088813509333e+00 -5.656765638201891738e-02 -2.564179493974571233e+00 1.174620375055188903e+00
-1.245402837464965468e-01 -9.210193335024878802e-01 -1.535350382204671016e+00 -5.848925370216007807e-02 -2.575145149092950891e+00 1.174633714513628746e+00
-1.246711292354091560e-01 -9.309953895788656286e-01 -1.535167273826655077e+00 -6.041649654016314347e-02 -2.586139606452128259e+00 1.174661661717111949e+00
-1.248015889001438394e-01 -9.409841463714174736e-01 -1.534982754313316544e+00 -6.234916305549909749e-02 -2.597162686518419417e+00 1.174704192670769975e+00
-1.249316442837449526e-01 -9.509854334881535642e-01 -1.534796814293005074e+00 -6.428702964914700946e-02 -2.608214207695116471e+00 1.174761282639732896e+00
-1.250612768169980793e-01 -9.609990798721550487e-01 -1.534609443992881239e+00 -6.622987098991026111e-02 -2.619293986302412502e+00 1.174832906154224865e+00
-1.251904678155121298e-01 -9.710249138008961722e-01 -1.534420634090831292e+00 -6.817746004109501157e-02 -2.630401836557282991e+00 1.174919037014668710e+00
-1.253191984853506968e-01 -9.810627628854866611e-01 -1.534230375006473635e+00 -7.012956808752565663e-02 -2.641537570553270875e+00 1.175019648296795616e+00
-1.254474499215786631e-01 -9.911124540700357866e-01 -1.534038656974929360e+00 -7.208596476291700972e-02 -2.652700998240228536e+00 1.175134712356760813e+00
-1.255752031075460240e-01 -1.001173813631038634e+00 -1.533845470106366626e+00 -7.404641807758460814e-02 -2.663891927403989612e+00 1.175264200836265038e+00
-1.257024389147725352e-01 -1.011246667176784575e+00 -1.533650804545743318e+00 -7.601069444651217810e-02 -2.675110163646016836e+00 1.175408084667682207e+00
-1.258291381044504276e-01 -1.021330839646777733e+00 -1.533454650252183304e+00 -7.797855871775680181e-02 -2.686355510362993471e+00 1.175566334079191533e+00
-1.259552813267336979e-01 -1.031426155311218507e+00 -1.533256997103244368e+00 -7.994977420119328548e-02 -2.697627768726376107e+00 1.175738918599914973e+00
-1.260808491210846927e-01 -1.041532437770503750e+00 -1.533057835122311419e+00 -8.192410269759867192e-02 -2.708926737661908390e+00 1.175925807065058892e+00
-1.262058219189315100e-01 -1.051649509954732276e+00 -1.532857153814641604e+00 -8.390130452808899908e-02 -2.720252213829152943e+00 1.176126967621060615e+00
-1.263301800396153807e-01 -1.061777194123327384e+00 -1.532654942831411349e+00 -8.588113856388326917e-02 -2.731603991600973114e+00 1.176342367730737859e+00
-1.264539036930581728e-01 -1.071915311864609865e+00 -1.532451191770401344e+00 -8.786336225640722919e-02 -2.742981863043021828e+00 1.176571974178441504e+00
-1.265769729804293586e-01 -1.082063684095431189e+00 -1.532245890026930013e+00 -8.984773166773193931e-02 -2.754385617893224225e+00 1.176815753075212134e+00
-1.266993678933073242e-01 -1.092222131060861301e+00 -1.532039027029582279e+00 -9.183400150134043982e-02 -2.765815043541257623e+00 1.177073669863939465e+00
-1.268210683152412310e-01 -1.102390472333881988e+00 -1.531830592005657188e+00 -9.382192513324083549e-02 -2.777269925008076790e+00 1.177345689324523104e+00
-1.269420540209370285e-01 -1.112568526815147951e+00 -1.531620573960746690e+00 -9.581125464340209397e-02 -2.788750044925444982e+00 1.177631775579037088e+00
-1.270623046752366037e-01 -1.122756112732783862e+00 -1.531408961994771500e+00 -9.780174084750903329e-02 -2.800255183515471202e+00 1.177931892096896416e+00
-1.271817998353247936e-01 -1.132953047642183186e+00 -1.531195744974495287e+00 -9.979313332905534462e-02 -2.811785118570210518e+00 1.178246001700025802e+00
-1.273005189496127232e-01 -1.143159148425882954e+00 -1.530980911874215922e+00 -1.017851804717534725e-01 -2.823339625431289690e+00 1.178574066568029099e+00
-1.274184413601071597e-01 -1.153374231293438079e+00 -1.530764451566737128e+00 -1.037776294922709563e-01 -2.834918476969590984e+00 1.178916048243360493e+00
-1.275355463026588976e-01 -1.163598111781360966e+00 -1.530546352656608544e+00 -1.057702264732902631e-01 -2.846521443565004805e+00 1.179271907636496142e+00
-1.276518129055058959e-01 -1.173830604753118845e+00 -1.530326603596885215e+00 -1.077627163968772062e-01 -2.858148293086218317e+00 1.179641605031104268e+00
-1.277672201890070192e-01 -1.184071524399158193e+00 -1.530105192764826150e+00 -1.097548431781601719e-01 -2.869798790870569327e+00 1.180025100089218126e+00
-1.278817470661545164e-01 -1.194320684236960251e+00 -1.529882108403664898e+00 -1.117463496993314209e-01 -2.881472699703996110e+00 1.180422351856406538e+00
-1.279953723424967771e-01 -1.204577897111147156e+00 -1.529657338661421617e+00 -1.137369778439613621e-01 -2.893169779801081809e+00 1.180833318766945528e+00
-1.281080747164678735e-01 -1.214842975193624053e+00 -1.529430871701603190e+00 -1.157264685316194974e-01 -2.904889788785183224e+00 1.181257958648989304e+00
-1.282198327808656835e-01 -1.225115729983753177e+00 -1.529202695367643194e+00 -1.177145617527931010e-01 -2.916632481668645305e+00 1.181696228729737452e+00
-1.283306250208933186e-01 -1.235395972308608314e+00 -1.528972797680447471e+00 -1.197009966041187312e-01 -2.928397610833143982e+00 1.182148085640603252e+00
-1.284404298173242587e-01 -1.245683512323219500e+00 -1.528741166386522465e+00 -1.216855113239212471e-01 -2.940184926010162680e+00 1.182613485422379762e+00
-1.285492254450330829e-01 -1.255978159510911851e+00 -1.528507789230788338e+00 -1.236678433280331280e-01 -2.951994174261546977e+00 1.183092383530402802e+00
-1.286569900743369244e-01 -1.266279722683661291e+00 -1.528272653758995236e+00 -1.256477292459245165e-01 -2.963825099960231135e+00 1.183584734839712826e+00
-1.287637017703056885e-01 -1.276588009982518201e+00 -1.528035747073565487e+00 -1.276249049571159810e-01 -2.975677444771076097e+00 1.184090493650214349e+00
-1.288693384895508720e-01 -1.286902828878099925e+00 -1.527797056470465931e+00 -1.295991056278769926e-01 -2.987550947631846920e+00 1.184609613691829155e+00
-1.289738780835891774e-01 -1.297223986171065935e+00 -1.527556569251957264e+00 -1.315700657482191949e-01 -2.999445344734361196e+00 1.185142048129650405e+00
-1.290772983002940189e-01 -1.307551287992661404e+00 -1.527314272258131433e+00 -1.335375191691786645e-01 -3.011360369505814649e+00 1.185687749569090954e+00
-1.291795767805143658e-01 -1.317884539805358912e+00 -1.527070152634084410e+00 -1.355011991403676785e-01 -3.023295752590248409e+00 1.186246670061027464e+00
-1.292806910626286276e-01 -1.328223546403468180e+00 -1.526824197177632403e+00 -1.374608383478095330e-01 -3.035251221830206347e+00 1.186818761106940068e+00
-1.293806185803652309e-01 -1.338568111913867487e+00 -1.526576392518091962e+00 -1.394161689520453384e-01 -3.047226502248573610e+00 1.187403973664049595e+00
-1.294793366624690245e-01 -1.348918039796763058e+00 -1.526326725030606513e+00 -1.413669226265168166e-01 -3.059221316030618532e+00 1.188002258150448132e+00
-1.295768225314815614e-01 -1.359273132846508858e+00 -1.526075181126904212e+00 -1.433128305962022564e-01 -3.071235382506201539e+00 1.188613564450224480e+00
-1.296730533055392987e-01 -1.369633193192449916e+00 -1.525821747207213308e+00 -1.452536236765252509e-01 -3.083268418132212307e+00 1.189237841918584282e+00
-1.297680059996860202e-01 -1.379998022299826044e+00 -1.525566409365738396e+00 -1.471890323125254196e-01 -3.095320136475228079e+00 1.189875039386965039e+00
-1.298616575241356708e-01 -1.390367420970753720e+00 -1.525309153544016194e+00 -1.491187866182933641e-01 -3.107390248194413118e+00 1.190525105168145581e+00
-1.299539846841256396e-01 -1.400741189345248827e+00 -1.525049965474259306e+00 -1.510426164166433494e-01 -3.119478461024611793e+00 1.191187987061347986e+00
-1.300449641791879829e-01 -1.411119126902308452e+00 -1.524788831085035268e+00 -1.529602512790450564e-01 -3.131584479759704109e+00 1.191863632357333724e+00
-1.301345726066431563e-01 -1.421501032461011782e+00 -1.524525735830776441e+00 -1.548714205657968357e-01 -3.143708006236200170e+00 1.192551987843492922e+00
-1.302227864581391170e-01 -1.431886704181738246e+00 -1.524260665253747815e+00 -1.567758534664358550e-01 -3.155848739317074880e+00 1.193252999808926962e+00
-1.303095821220320305e-01 -1.442275939567390530e+00 -1.523993604644887645e+00 -1.586732790403898308e-01 -3.168006374875877551e+00 1.193966614049523312e+00
-1.303949358822508731e-01 -1.452668535464706423e+00 -1.523724539212902185e+00 -1.605634262578617688e-01 -3.180180605781108838e+00 1.194692775873022361e+00
-1.304788239189236254e-01 -1.463064288065611063e+00 -1.523453453942179570e+00 -1.624460240409408007e-01 -3.192371121880868134e+00 1.195431430104076043e+00
-1.305612223075304223e-01 -1.473462992908642466e+00 -1.523180333650439033e+00 -1.643208013049383964e-01 -3.204577609987786957e+00 1.196182521089300232e+00
-1.306421070186606082e-01 -1.483864444880428568e+00 -1.522905163241440762e+00 -1.661874869999472037e-01 -3.216799753864259426e+00 1.196945992702316941e+00
-1.307214539204072101e-01 -1.494268438217203343e+00 -1.522627927215153720e+00 -1.680458101526158543e-01 -3.229037234207974727e+00 1.197721788348787841e+00
-1.307992387756668762e-01 -1.504674766506424177e+00 -1.522348609982117962e+00 -1.698954999081339623e-01 -3.241289728637752443e+00 1.198509850971440471e+00
-1.308754372427130275e-01 -1.515083222688422104e+00 -1.522067195803198825e+00 -1.717362855724207660e-01 -3.253556911679685193e+00 1.199310123055084665e+00
-1.309500248751475637e-01 -1.525493599058119099e+00 -1.521783668767723530e+00 -1.735678966545173563e-01 -3.265838454753606346e+00 1.200122546631618992e+00
-1.310229771216315231e-01 -1.535905687266807984e+00 -1.521498013113570469e+00 -1.753900629091802166e-01 -3.278134026159899683e+00 1.200947063285028760e+00
-1.310942693289574301e-01 -1.546319278323970980e+00 -1.521210212650718097e+00 -1.772025143796634450e-01 -3.290443291066635023e+00 1.201783614156373581e+00
-1.311638767391160032e-01 -1.556734162599203053e+00 -1.520920250856647948e+00 -1.790049814406837470e-01 -3.302765911497036022e+00 1.202632139948764944e+00
-1.312317744873509884e-01 -1.567150129824188554e+00 -1.520628111108945246e+00 -1.807971948415628971e-01 -3.315101546317289039e+00 1.203492580932334244e+00
-1.312979376026418565e-01 -1.577566969094723603e+00 -1.520333776813583615e+00 -1.825788857495623807e-01 -3.327449851224745903e+00 1.204364876949189478e+00
-1.313623410095356436e-01 -1.587984468872794874e+00 -1.520037231295384483e+00 -1.843497857933874828e-01 -3.339810478736489063e+00 1.205248967418362405e+00
-1.314249595288473349e-01 -1.598402416988731645e+00 -1.519738457684892241e+00 -1.861096271068490571e-01 -3.352183078178244457e+00 1.206144791340744593e+00
-1.314857678771846339e-01 -1.608820600643428023e+00 -1.519437438710924848e+00 -1.878581423726939648e-01 -3.364567295673695391e+00 1.207052287304011928e+00
-1.315447406643084349e-01 -1.619238806410641551e+00 -1.519134157095873183e+00 -1.895950648665912508e-01 -3.376962774134181888e+00 1.207971393487538680e+00
-1.316018523946156649e-01 -1.629656820239331338e+00 -1.518828595313683083e+00 -1.913201285012718633e-01 -3.389369153248803723e+00 1.208902047667300916e+00
-1.316570774661034449e-01 -1.640074427456076123e+00 -1.518520735740557459e+00 -1.930330678707979919e-01 -3.401786069474884933e+00 1.209844187220767253e+00
-1.317103901709086033e-01 -1.650491412767547406e+00 -1.518210560517189389e+00 -1.947336182949836181e-01 -3.414213156028877982e+00 1.210797749131779177e+00
-1.317617646944169718e-01 -1.660907560263056304e+00 -1.517898051916631852e+00 -1.964215158639480430e-01 -3.426650042877683155e+00 1.211762669995418928e+00
-1.318111751182113045e-01 -1.671322653417146142e+00 -1.517583191726556535e+00 -1.980964974827961189e-01 -3.439096356730388493e+00 1.212738886022865170e+00
-1.318585954165792662e-01 -1.681736475092282301e+00 -1.517265961536451879e+00 -1.997583009164193291e-01 -3.451551721030436504e+00 1.213726333046235339e+00
-1.319039994560103346e-01 -1.692148807541590028e+00 -1.516946342773853429e+00 -2.014066648344054744e-01 -3.464015755948207875e+00 1.214724946523419780e+00
-1.319473609950717607e-01 -1.702559432411656637e+00 -1.516624316677451345e+00 -2.030413288560641294e-01 -3.476488078374065260e+00 1.215734661542900996e+00
-1.319886536840099434e-01 -1.712968130745397666e+00 -1.516299864418018117e+00 -2.046620335955601777e-01 -3.488968301911858916e+00 1.216755412828561589e+00
-1.320278510656199278e-01 -1.723374682984985640e+00 -1.515972967134759486e+00 -2.062685207071353610e-01 -3.501456036872862221e+00 1.217787134744477751e+00
-1.320649265764999858e-01 -1.733778868974842791e+00 -1.515643605755983669e+00 -2.078605329304262228e-01 -3.513950890270187255e+00 1.218829761299702330e+00
-1.320998535464378287e-01 -1.744180467964703052e+00 -1.515311760750298831e+00 -2.094378141358609058e-01 -3.526452465813652459e+00 1.219883226153034794e+00
-1.321326051952002034e-01 -1.754579258612749548e+00 -1.514977412359783226e+00 -2.110001093701403263e-01 -3.538960363905144124e+00 1.220947462617777202e+00
-1.321631546317481865e-01 -1.764975018988802269e+00 -1.514640540812003389e+00 -2.125471649017919296e-01 -3.551474181634461047e+00 1.222022403666479295e+00
-1.321914748556631547e-01 -1.775367526577563027e+00 -1.514301126223995153e+00 -2.140787282667821478e-01 -3.563993512775633921e+00 1.223107981935670274e+00
-1.322175387575800498e-01 -1.785756558281929252e+00 -1.513959148467675986e+00 -2.155945483141953056e-01 -3.576517947783758089e+00 1.224204129730577240e+00
-1.322413191182242875e-01 -1.796141890426372623e+00 -1.513614587217813279e+00 -2.170943752519632064e-01 -3.589047073792328568e+00 1.225310779029830988e+00
-1.322627886079498494e-01 -1.806523298760378093e+00 -1.513267422104715543e+00 -2.185779606926289975e-01 -3.601580474611051130e+00 1.226427861490159588e+00
-1.322819197878634112e-01 -1.816900558461940651e+00 -1.512917632338686369e+00 -2.200450576991564156e-01 -3.614117730724188071e+00 1.227555308451067750e+00
-1.322986851070429015e-01 -1.827273444141130465e+00 -1.512565197143367346e+00 -2.214954208307670924e-01 -3.626658419289416013e+00 1.228693050939503761e+00
-1.323130569042509919e-01 -1.837641729843706440e+00 -1.512210095315725367e+00 -2.229288061888066441e-01 -3.639202114137220168e+00 1.229841019674513092e+00
-1.323250074050726088e-01 -1.848005189054796826e+00 -1.511852305297907595e+00 -2.243449714626248592e-01 -3.651748385770815730e+00 1.230999145071879575e+00
-1.323345087197972392e-01 -1.858363594702634014e+00 -1.511491805624578300e+00 -2.257436759754612166e-01 -3.664296801366591083e+00 1.232167357248751705e+00
-1.323415328459460749e-01 -1.868716719162340389e+00 -1.511128574652117029e+00 -2.271246807303406723e-01 -3.676846924775116321e+00 1.233345586028259389e+00
-1.323460516679976495e-01 -1.879064334259775926e+00 -1.510762590399852057e+00 -2.284877484559617311e-01 -3.689398316522694010e+00 1.234533760944115377e+00
-1.323480369554760894e-01 -1.889406211275437730e+00 -1.510393830987553532e+00 -2.298326436525658656e-01 -3.701950533813442856e+00 1.235731811245204925e+00
-1.323474603655757642e-01 -1.899742120948417323e+00 -1.510022274259165798e+00 -2.311591326377940014e-01 -3.714503130531962238e+00 1.236939665900161245e+00
-1.323442934418885553e-01 -1.910071833480407211e+00 -1.509647897793554794e+00 -2.324669835925144701e-01 -3.727055657246555853e+00 1.238157253601930297e+00
-1.323385076132349014e-01 -1.920395118539758972e+00 -1.509270678684839551e+00 -2.337559666066182651e-01 -3.739607661213030898e+00 1.239384502772321150e+00
-1.323300741902164457e-01 -1.930711745265587975e+00 -1.508890594011345287e+00 -2.350258537247738866e-01 -3.752158686379079011e+00 1.240621341566544800e+00
-1.323189643666119464e-01 -1.941021482271924281e+00 -1.508507620776297742e+00 -2.362764189921272850e-01 -3.764708273389223869e+00 1.241867697877739873e+00
-1.323051492201555712e-01 -1.951324097651913725e+00 -1.508121735667576457e+00 -2.375074384999446286e-01 -3.777255959590353651e+00 1.243123499341486804e+00
-1.322885997108317335e-01 -1.961619358982058081e+00 -1.507732915227703252e+00 -2.387186904311871249e-01 -3.789801279037838810e+00 1.244388673340308227e+00
-1.322692866809164758e-01 -1.971907033326502301e+00 -1.507341135675072552e+00 -2.399099551060179525e-01 -3.802343762502258695e+00 1.245663147008157168e+00
-1.322471808531702764e-01 -1.982186887241355056e+00 -1.506946372978111626e+00 -2.410810150272218177e-01 -3.814882937476712588e+00 1.246946847234895683e+00
-1.322222528297921917e-01 -1.992458686779052357e+00 -1.506548602854955732e+00 -2.422316549255420781e-01 -3.827418328184753360e+00 1.248239700670759511e+00
-1.321944730913746646e-01 -2.002722197492754042e+00 -1.506147801061071823e+00 -2.433616618049159463e-01 -3.839949455588917093e+00 1.249541633730811618e+00
-1.321638119988218507e-01 -2.012977184440784661e+00 -1.505743943152421327e+00 -2.444708249876066108e-01 -3.852475837399873093e+00 1.250852572599383539e+00
-1.321302397928374728e-01 -2.023223412191103687e+00 -1.505337004500625353e+00 -2.455589361592322717e-01 -3.864996988086221386e+00 1.252172443234506272e+00
-1.320937265935681337e-01 -2.033460644825807684e+00 -1.504926960248492263e+00 -2.466257894136650586e-01 -3.877512418884889289e+00 1.253501171372329415e+00
-1.320542423997843051e-01 -2.043688645945655580e+00 -1.504513785390007685e+00 -2.476711812978048266e-01 -3.890021637812167032e+00 1.254838682531529637e+00
-1.320117570888664493e-01 -2.053907178674625023e+00 -1.504097454562944858e+00 -2.486949108562103994e-01 -3.902524149675359766e+00 1.256184902017707827e+00
-1.319662404146482448e-01 -2.064116005664481612e+00 -1.503677941842178178e+00 -2.496967796755925340e-01 -3.915019456085101268e+00 1.257539754927776698e+00
-1.319176620031352332e-01 -2.074314889099353021e+00 -1.503255221359162119e+00 -2.506765919291505385e-01 -3.927507055468297814e+00 1.258903166154336173e+00
-1.318659913545519313e-01 -2.084503590700349740e+00 -1.502829267181131190e+00 -2.516341544207451042e-01 -3.939986443081715528e+00 1.260275060390039448e+00
-1.318111978441516841e-01 -2.094681871730197376e+00 -1.502400053196142782e+00 -2.525692766289066027e-01 -3.952457111026232539e+00 1.261655362131950842e+00
-1.317532507218516502e-01 -2.104849492997878269e+00 -1.501967553162990576e+00 -2.534817707506616946e-01 -3.964918548261737730e+00 1.263043995685891430e+00
-1.316921191123700541e-01 -2.115006214863285994e+00 -1.501531740407777260e+00 -2.543714517451760027e-01 -3.977370240622695174e+00 1.264440885170777795e+00
-1.316277720122670802e-01 -2.125151797241867424e+00 -1.501092587993647642e+00 -2.552381373772003026e-01 -3.989811670834368051e+00 1.265845954522949679e+00
-1.315601782887099447e-01 -2.135285999609275898e+00 -1.500650069019087374e+00 -2.560816482603074928e-01 -4.002242318529691367e+00 1.267259127500489635e+00
-1.314893066812620748e-01 -2.145408581006046145e+00 -1.500204156343744932e+00 -2.569018078999324994e-01 -4.014661660266859222e+00 1.268680327687533138e+00
-1.314151258008808276e-01 -2.155519300042250119e+00 -1.499754822649809416e+00 -2.576984427361842522e-01 -4.027069169547563554e+00 1.270109478498572031e+00
-1.313376041295271357e-01 -2.165617914902150609e+00 -1.499302040366461863e+00 -2.584713821864338401e-01 -4.039464316835930546e+00 1.271546503182748644e+00
-1.312567100189966363e-01 -2.175704183348839749e+00 -1.498845781623451501e+00 -2.592204586876651340e-01 -4.051846569578131607e+00 1.272991324828143700e+00
-1.311724116892691028e-01 -2.185777862728860654e+00 -1.498386018374354256e+00 -2.599455077385712243e-01 -4.064215392222657819e+00 1.274443866366055556e+00
-1.310846772280928330e-01 -2.195838709976821956e+00 -1.497922722399169126e+00 -2.606463679414051104e-01 -4.076570246241306705e+00 1.275904050575273230e+00
-1.309934745905873554e-01 -2.205886481619993233e+00 -1.497455865489432991e+00 -2.613228810435724858e-01 -4.088910590150878654e+00 1.277371800086343434e+00
-1.308987716006989599e-01 -2.215920933782898672e+00 -1.496985419156464658e+00 -2.619748919789520181e-01 -4.101235879535565232e+00 1.278847037385830276e+00
-1.308005359497051434e-01 -2.225941822191857433e+00 -1.496511354687617201e+00 -2.626022489089389067e-01 -4.113545567070050701e+00 1.280329684820570302e+00
-1.306987351952703102e-01 -2.235948902179499598e+00 -1.496033643131843949e+00 -2.632048032631983947e-01 -4.125839102543300996e+00 1.281819664601920872e+00
-1.305933367603407391e-01 -2.245941928689247025e+00 -1.495552255376243700e+00 -2.637824097801225176e-01 -4.138115932883071224e+00 1.283316898810004103e+00
-1.304843079327920874e-01 -2.255920656279764458e+00 -1.495067162277300854e+00 -2.643349265469849274e-01 -4.150375502181124610e+00 1.284821309397944589e+00
-1.303716158663705826e-01 -2.265884839129386652e+00 -1.494578334386533980e+00 -2.648622150397819675e-01 -4.162617251719168188e+00 1.286332818196105121e+00
-1.302552275788734226e-01 -2.275834231040471778e+00 -1.494085742042744691e+00 -2.653641401627547802e-01 -4.174840619995518587e+00 1.287851346916316864e+00
-1.301351099512371712e-01 -2.285768585443717971e+00 -1.493589355558086806e+00 -2.658405702875911159e-01 -4.187045042752515656e+00 1.289376817156106636e+00
-1.300112297284635732e-01 -2.295687655402450122e+00 -1.493089145010241703e+00 -2.662913772922755329e-01 -4.199229953004627980e+00 1.290909150402920647e+00
-1.298835535184615364e-01 -2.305591193616831625e+00 -1.492585080491676930e+00 -2.667164365996023134e-01 -4.211394781067308912e+00 1.292448268038345116e+00
-1.297520477933473138e-01 -2.315478952428048576e+00 -1.492077131870849227e+00 -2.671156272153283329e-01 -4.223538954586577354e+00 1.293994091342324237e+00
-1.296166788883522103e-01 -2.325350683822404729e+00 -1.491565268926624999e+00 -2.674888317659714354e-01 -4.235661898569362371e+00 1.295546541497377691e+00
-1.294774130020357461e-01 -2.335206139435370698e+00 -1.491049461218993510e+00 -2.678359365362350530e-01 -4.247763035414583221e+00 1.297105539592816603e+00
-1.293342161951901437e-01 -2.345045070555543454e+00 -1.490529678132922919e+00 -2.681568315060585128e-01 -4.259841784944993215e+00 1.298671006628957736e+00
-1.291870543901500468e-01 -2.354867228128543655e+00 -1.490005888939327061e+00 -2.684514103872716051e-01 -4.271897564439747441e+00 1.300242863521338332e+00
-1.290358933706761413e-01 -2.364672362760844138e+00 -1.489478062777231271e+00 -2.687195706598651812e-01 -4.283929788667761862e+00 1.301821031104928972e+00
-1.288806987816401850e-01 -2.374460224723518920e+00 -1.488946168863033437e+00 -2.689612136078466942e-01 -4.295937869921797159e+00 1.303405430138347754e+00
-1.287214361307401356e-01 -2.384230563955946902e+00 -1.488410176438345056e+00 -2.691762443546894534e-01 -4.307921218053322399e+00 1.304995981308075370e+00
-1.285580707896671337e-01 -2.393983130069425869e+00 -1.487870054433352740e+00 -2.693645718983654347e-01 -4.319879240508156748e+00 1.306592605232671511e+00
-1.283905679919446763e-01 -2.403717672350647927e+00 -1.487325771623657644e+00 -2.695261091459547620e-01 -4.331811342362906991e+00 1.308195222466991936e+00
-1.282188928322742227e-01 -2.413433939765104785e+00 -1.486777296886775623e+00 -2.696607729478107673e-01 -4.343716926362141351e+00 1.309803753506409318e+00
-1.280430102683476901e-01 -2.423131680960446399e+00 -1.486224599201961594e+00 -2.697684841312881776e-01 -4.355595392956373324e+00 1.311418118791034981e+00
-1.278628851226122354e-01 -2.432810644269748579e+00 -1.485667647454786744e+00 -2.698491675340174423e-01 -4.367446140340826233e+00 1.313038238709944627e+00
-1.276784820820851540e-01 -2.442470577714650481e+00 -1.485106410352527551e+00 -2.699027520367229260e-01 -4.379268564494990912e+00 1.314664033605407178e+00
-1.274897656973000559e-01 -2.452111229008372639e+00 -1.484540856534960263e+00 -2.699291705955764731e-01 -4.391062059223000524e+00 1.316295423777118501e+00
-1.272967003822773058e-01 -2.461732345558652391e+00 -1.483970954640872586e+00 -2.699283602740755184e-01 -4.402826016194788750e+00 1.317932329486439125e+00
-1.270992504150899038e-01 -2.471333674470586050e+00 -1.483396673407627153e+00 -2.699002622744403057e-01 -4.414559824988074865e+00 1.319574670960636409e+00
-1.268973799393442181e-01 -2.480914962549385372e+00 -1.482817981736854973e+00 -2.698448219685223859e-01 -4.426262873131151743e+00 1.321222368397132252e+00
-1.266910529662430562e-01 -2.490475956303044747e+00 -1.482234848734630406e+00 -2.697619889282146799e-01 -4.437934546146496295e+00 1.322875341967757024e+00
-1.264802333769731169e-01 -2.500016401944911593e+00 -1.481647243492135502e+00 -2.696517169553566684e-01 -4.449574227595195275e+00 1.324533511823009713e+00
-1.262648849229197900e-01 -2.509536045396099535e+00 -1.481055134962078856e+00 -2.695139641111349293e-01 -4.461181299122234378e+00 1.326196798096324736e+00
-1.260449712246329290e-01 -2.519034632287761699e+00 -1.480458492109775648e+00 -2.693486927449629253e-01 -4.472755140502616023e+00 1.327865120908346075e+00
-1.258204557721702699e-01 -2.528511907963278738e+00 -1.479857284246927529e+00 -2.691558695228299936e-01 -4.484295129688299575e+00 1.329538400371209628e+00
-1.255913019285453958e-01 -2.537967617480406446e+00 -1.479251480793360329e+00 -2.689354654551225909e-01 -4.495800642856018214e+00 1.331216556592832667e+00
-1.253574729308381541e-01 -2.547401505613263062e+00 -1.478641051497119330e+00 -2.686874559239039173e-01 -4.507271054455944004e+00 1.332899509681211514e+00
-1.251189318933157157e-01 -2.556813316854251728e+00 -1.478025966295357430e+00 -2.684118207096484188e-01 -4.518705737261228705e+00 1.334587179748729646e+00
-1.248756418091516440e-01 -2.566202795415841287e+00 -1.477406195291399493e+00 -2.681085440174212353e-01 -4.530104062418413235e+00 1.336279486916473802e+00
-1.246275655518393338e-01 -2.575569685232225403e+00 -1.476781708800219528e+00 -2.677776145024997057e-01 -4.541465399498727962e+00 1.337976351318559631e+00
-1.243746658769387808e-01 -2.584913729960879536e+00 -1.476152477507615357e+00 -2.674190252954297131e-01 -4.552789116550291837e+00 1.339677693106470002e+00
-1.241169054252112547e-01 -2.594234672984042422e+00 -1.475518472250602509e+00 -2.670327740265073801e-01 -4.564074580151213922e+00 1.341383432453401303e+00
-1.238542467235907441e-01 -2.603532257410032358e+00 -1.474879664406856250e+00 -2.666188628496848900e-01 -4.575321155463612399e+00 1.343093489558622178e+00
-1.235866521896800269e-01 -2.612806226074550153e+00 -1.474236025735780720e+00 -2.661772984658863361e-01 -4.586528206288547516e+00 1.344807784651842475e+00
-1.233140841346344746e-01 -2.622056321541838209e+00 -1.473587528401347324e+00 -2.657080921457351530e-01 -4.597695095121894227e+00 1.346526237997595521e+00
-1.230365047661228228e-01 -2.631282286105733004e+00 -1.472934144695583925e+00 -2.652112597516829706e-01 -4.608821183211168737e+00 1.348248769899631938e+00
-1.227538761885984819e-01 -2.640483861790536846e+00 -1.472275847745917243e+00 -2.646868217595348405e-01 -4.619905830613300957e+00 1.349975300705325898e+00
-1.224661604099763212e-01 -2.649660790351977990e+00 -1.471612611113439106e+00 -2.641348032793618406e-01 -4.630948396253372401e+00 1.351705750810094031e+00
-1.221733193444509702e-01 -2.658812813277966924e+00 -1.470944408993064556e+00 -2.635552340758056666e-01 -4.641948237984364845e+00 1.353440040661827215e+00
-1.218753148170109574e-01 -2.667939671789309575e+00 -1.470271216318832508e+00 -2.629481485877516178e-01 -4.652904712647862873e+00 1.355178090765336130e+00
-1.215721085687514608e-01 -2.677041106840360118e+00 -1.469593008417670932e+00 -2.623135859473811338e-01 -4.663817176135791165e+00 1.356919821686810801e+00
-1.212636622588550428e-01 -2.686116859119481948e+00 -1.468909761584771267e+00 -2.616515899985901727e-01 -4.674684983453169629e+00 1.358665154058293023e+00
-1.209499374716482001e-01 -2.695166669049591235e+00 -1.468221452892972234e+00 -2.609622093147693778e-01 -4.685507488781907703e+00 1.360414008582164547e+00
-1.206308957217209488e-01 -2.704190276788566827e+00 -1.467528060261389822e+00 -2.602454972159429225e-01 -4.696284045545658259e+00 1.362166306035648811e+00
-1.203064984594587050e-01 -2.713187422229599299e+00 -1.466829562369852402e+00 -2.595015117852563780e-01 -4.707014006475737311e+00 1.363921967275327773e+00
-1.199767070755793363e-01 -2.722157845001438758e+00 -1.466125938880239454e+00 -2.587303158848159867e-01 -4.717696723678154846e+00 1.365680913241673622e+00
-1.196414829074345237e-01 -2.731101284468639978e+00 -1.465417170513341860e+00 -2.579319771708649678e-01 -4.728331548701728337e+00 1.367443064963596022e+00
-1.193007872457506058e-01 -2.740017479731769345e+00 -1.464703238944311758e+00 -2.571065681082997934e-01 -4.738917832607348224e+00 1.369208343563003361e+00
-1.189545813401778757e-01 -2.748906169627514551e+00 -1.463984127021826565e+00 -2.562541659845196662e-01 -4.749454926038391811e+00 1.370976670259380636e+00
-1.186028264065448895e-01 -2.757767092728812042e+00 -1.463259818999372852e+00 -2.553748529226020914e-01 -4.759942179292305120e+00 1.372747966374382678e+00
-1.182454836358989014e-01 -2.766599987345012224e+00 -1.462530300528933402e+00 -2.544687158938030436e-01 -4.770378942393384669e+00 1.374522153336442232e+00
-1.178825142031926509e-01 -2.775404591522002029e+00 -1.461795558561709063e+00 -2.535358467293716278e-01 -4.780764565166760960e+00 1.376299152685395155e+00
-1.175138792747842803e-01 -2.784180643042257763e+00 -1.461055581614600918e+00 -2.525763421316864488e-01 -4.791098397313657387e+00 1.378078886077119813e+00
-1.171395400179612162e-01 -2.792927879424958792e+00 -1.460310359670825342e+00 -2.515903036846976470e-01 -4.801379788487902367e+00 1.379861275288193356e+00
-1.167594576092383374e-01 -2.801646037926040389e+00 -1.459559884435889021e+00 -2.505778378636757675e-01 -4.811608088373734660e+00 1.381646242220563314e+00
-1.163735932445362775e-01 -2.810334855538320742e+00 -1.458804149320133581e+00 -2.495390560442617700e-01 -4.821782646764943614e+00 1.383433708906235848e+00
-1.159819081488236286e-01 -2.818994068991604873e+00 -1.458043149656008231e+00 -2.484740745108180160e-01 -4.831902813645365669e+00 1.385223597511977989e+00
-1.155843635872604996e-01 -2.827623414752868047e+00 -1.457276882953698838e+00 -2.473830144640734308e-01 -4.841967939270782395e+00 1.387015830344036749e+00
-1.151809208781405802e-01 -2.836222629026542208e+00 -1.456505348857185078e+00 -2.462660020280582895e-01 -4.851977374252229858e+00 1.388810329852874004e+00
-1.147715414050043681e-01 -2.844791447754792202e+00 -1.455728549239211578e+00 -2.451231682563293768e-01 -4.861930469640782349e+00 1.390607018637916026e+00
-1.143561866291043366e-01 -2.853329606617843961e+00 -1.454946488253269221e+00 -2.439546491374787462e-01 -4.871826577013839810e+00 1.392405819452318116e+00
-1.139348181018298434e-01 -2.861836841034345547e+00 -1.454159172612187634e+00 -2.427605855999207807e-01 -4.881665048562932263e+00 1.394206655207745005e+00
-1.135073974790103135e-01 -2.870312886161868526e+00 -1.453366611871887315e+00 -2.415411235159582726e-01 -4.891445237183120298e+00 1.396009448979165901e+00
-1.130738865370957413e-01 -2.878757476897560785e+00 -1.452568818492481206e+00 -2.402964137051210869e-01 -4.901166496564007602e+00 1.397814124009663095e+00
-1.126342471892735203e-01 -2.887170347878861953e+00 -1.451765807741286940e+00 -2.390266119367757958e-01 -4.910828181282415272e+00 1.399620603715255429e+00
-1.121884415001636465e-01 -2.895551233484215281e+00 -1.450957598036294982e+00 -2.377318789320011228e-01 -4.920429646896774756e+00 1.401428811689736209e+00
-1.117364317027963183e-01 -2.903899867833968251e+00 -1.450144211375325565e+00 -2.364123803647305289e-01 -4.929970250043290037e+00 1.403238671709523766e+00
-1.112781802185331542e-01 -2.912215984791516998e+00 -1.449325673257096270e+00 -2.350682868621546684e-01 -4.939449348533911710e+00 1.405050107738525123e+00
-1.108136496756270406e-01 -2.920499317964471153e+00 -1.448502012921270676e+00 -2.336997740043856020e-01 -4.948866301456206429e+00 1.406863043933012536e+00
-1.103428029290643847e-01 -2.928749600705980782e+00 -1.447673263626403362e+00 -2.323070223233694998e-01 -4.958220469275117281e+00 1.408677404646512032e+00
-1.098656030819572249e-01 -2.936966566116253397e+00 -1.446839462776866148e+00 -2.308902173010554948e-01 -4.967511213936736780e+00 1.410493114434704154e+00
-1.093820135071936345e-01 -2.945149947044191752e+00 -1.446000652355271754e+00 -2.294495493668111397e-01 -4.976737898974120000e+00 1.412310098060334917e+00
-1.088919978718237841e-01 -2.953299476089302988e+00 -1.445156879131407113e+00 -2.279852138940860196e-01 -4.985899889615230229e+00 1.414128280498137435e+00
-1.083955201622762016e-01 -2.961414885603776082e+00 -1.444308194634531084e+00 -2.264974111963154180e-01 -4.994996552893062436e+00 1.415947586939763969e+00
-1.078925447084353589e-01 -2.969495907694607695e+00 -1.443454655715124879e+00 -2.249863465220654779e-01 -5.004027257758039582e+00 1.417767942798726200e+00
-1.073830362113512987e-01 -2.977542274226069985e+00 -1.442596324835707433e+00 -2.234522300494131419e-01 -5.012991375192738630e+00 1.419589273715345046e+00
-1.068669597723101022e-01 -2.985553716822388903e+00 -1.441733270612342466e+00 -2.218952768795619812e-01 -5.021888278329059041e+00 1.421411505561707367e+00
-1.063442809252149318e-01 -2.993529966870766224e+00 -1.440865567652037438e+00 -2.203157070296856701e-01 -5.030717342567883499e+00 1.423234564446630213e+00
-1.058149656665399868e-01 -3.001470755524374034e+00 -1.439993297082879042e+00 -2.187137454249968305e-01 -5.039477945701332118e+00 1.425058376720630182e+00
-1.052789804883722813e-01 -3.009375813705670311e+00 -1.439116547030184989e+00 -2.170896218900404406e-01 -5.048169468037714935e+00 1.426882868980898778e+00
-1.047362924140194107e-01 -3.017244872110009357e+00 -1.438235412765485499e+00 -2.154435711392062303e-01 -5.056791292529281279e+00 1.428707968076281309e+00
-1.041868690335257946e-01 -3.025077661209365054e+00 -1.437349997447960881e+00 -2.137758327664526226e-01 -5.065342804902837948e+00 1.430533601112260689e+00
-1.036306785437272338e-01 -3.032873911256485755e+00 -1.436460412463929526e+00 -2.120866512342447496e-01 -5.073823393793387204e+00 1.432359695455941662e+00
-1.030676897895874550e-01 -3.040633352289258795e+00 -1.435566777775169500e+00 -2.103762758616986861e-01 -5.082232450880887598e+00 1.434186178741037265e+00
-1.024978723068314945e-01 -3.048355714135279726e+00 -1.434669222810140754e+00 -2.086449608119257115e-01 -5.090569371030234436e+00 1.436012978872855506e+00
-1.019211963700110690e-01 -3.056040726416923370e+00 -1.433767886497963495e+00 -2.068929650785723828e-01 -5.098833552434602012e+00 1.437840024033284481e+00
-1.013376330392350283e-01 -3.063688118556417095e+00 -1.432862917918005685e+00 -2.051205524715543349e-01 -5.107024396762289697e+00 1.439667242685776172e+00
-1.007471542102627571e-01 -3.071297619781245825e+00 -1.431954477039594220e+00 -2.033279916019750944e-01 -5.115141309307206896e+00 1.441494563580326682e+00
-1.001497326685369393e-01 -3.078868959129931859e+00 -1.431042735242537889e+00 -2.015155558662257707e-01 -5.123183699143141645e+00 1.443321915758451590e+00
-9.954534214536650549e-02 -3.086401865458042515e+00 -1.430127875826745942e+00 -1.996835234292568817e-01 -5.131150979281962954e+00 1.445149228558156418e+00
-9.893395737610118090e-02 -3.093896067444402043e+00 -1.429210095062582786e+00 -1.978321772070157081e-01 -5.139042566835911430e+00 1.446976431618898440e+00
-9.831555416429188510e-02 -3.101351293597814696e+00 -1.428289602811882553e+00 -1.959618048480437080e-01 -5.146857883184170035e+00 1.448803454886541164e+00
-9.769010944846331923e-02 -3.108767272264026715e+00 -1.427366623189598727e+00 -1.940726987142238347e-01 -5.154596354143879289e+00 1.450630228618299267e+00
-9.705760137170266200e-02 -3.116143731632918801e+00 -1.426441395625281050e+00 -1.921651558606697341e-01 -5.162257410145785208e+00 1.452456683387670866e+00
-9.641800935691235974e-02 -3.123480399746155101e+00 -1.425514175267651007e+00 -1.902394780147489695e-01 -5.169840486414741143e+00 1.454282750089358256e+00
-9.577131418272430419e-02 -3.130777004504839311e+00 -1.424585234344755591e+00 -1.882959715542265045e-01 -5.177345023155234038e+00 1.456108359944174202e+00
-9.511749806703370669e-02 -3.138033273677759638e+00 -1.423654863229671719e+00 -1.863349474845212572e-01 -5.184770465742195356e+00 1.457933444503931586e+00
-9.445654475580977927e-02 -3.145248934910010341e+00 -1.422723371364541745e+00 -1.843567214150622080e-01 -5.192116264917308044e+00 1.459757935656317285e+00
-9.378843961599295231e-02 -3.152423715731863751e+00 -1.421791088393257851e+00 -1.823616135347312095e-01 -5.199381876991060025e+00 1.461581765629746066e+00
-9.311316973382942341e-02 -3.159557343567983345e+00 -1.420858365176226545e+00 -1.803499485863788721e-01 -5.206566764050804430e+00 1.463404866998194498e+00
-9.243072401761975865e-02 -3.166649545746852645e+00 -1.419925574992115580e+00 -1.783220558403961764e-01 -5.213670394175076162e+00 1.465227172686012880e+00
-9.174109330608680446e-02 -3.173700049510494559e+00 -1.418993115167330288e+00 -1.762782690673285468e-01 -5.220692241654476540e+00 1.467048615972712966e+00
-9.104427048526941846e-02 -3.180708582024740494e+00 -1.418061408624018860e+00 -1.742189265095138717e-01 -5.227631787219425341e+00 1.468869130497730824e+00
-9.034025061318583238e-02 -3.187674870389956006e+00 -1.417130905446535527e+00 -1.721443708517248206e-01 -5.234488518275091096e+00 1.470688650265162378e+00
-8.962903105221238509e-02 -3.194598641652197202e+00 -1.416202084498122016e+00 -1.700549491907956956e-01 -5.241261929143842480e+00 1.472507109648471202e+00
-8.891061160931455765e-02 -3.201479622814771275e+00 -1.415275454787168652e+00 -1.679510130042103644e-01 -5.247951521315573409e+00 1.474324443395165662e+00
-8.818499468218365944e-02 -3.208317540849951577e+00 -1.414351557608193755e+00 -1.658329181176276534e-01 -5.254556803706271317e+00 1.476140586631444096e+00
-8.745218541645818910e-02 -3.215112122711338394e+00 -1.413430968537811472e+00 -1.637010246713187234e-01 -5.261077292925242510e+00 1.477955474866807117e+00
-8.671219187279012586e-02 -3.221863095346701122e+00 -1.412514299344218571e+00 -1.615556970854867547e-01 -5.267512513551388054e+00 1.479769043998633959e+00
-8.596502520297866212e-02 -3.228570185711165941e+00 -1.411602200719261901e+00 -1.593973040244389960e-01 -5.273861998418991170e+00 1.481581230316723730e+00
-8.521069984057400015e-02 -3.235233120781301430e+00 -1.410695364654174444e+00 -1.572262183595786733e-01 -5.280125288913477988e+00 1.483391970507797142e+00
-8.444923370327303558e-02 -3.241851627569765526e+00 -1.409794526592764941e+00 -1.550428171311800107e-01 -5.286301935277639252e+00 1.485201201659960279e+00
-8.368064840541399041e-02 -3.248425433140252672e+00 -1.408900468853675703e+00 -1.528474815089093664e-01 -5.292391496928864569e+00 1.487008861267125726e+00
-8.290496948881422024e-02 -3.254954264623624027e+00 -1.408014023204591902e+00 -1.506405967510492383e-01 -5.298393542787907862e+00 1.488814887233393724e+00
-8.212222666602733701e-02 -3.261437849234481767e+00 -1.407136073919115216e+00 -1.484225521623819544e-01 -5.304307651619808439e+00 1.490619217877387381e+00
-8.133245407900813184e-02 -3.267875914288438821e+00 -1.406267561651281861e+00 -1.461937410506821688e-01 -5.310133412387558316e+00 1.492421791936545672e+00
-8.053569057829909617e-02 -3.274268187220633841e+00 -1.405409486842875921e+00 -1.439545606817678736e-01 -5.315870424619200563e+00 1.494222548571368936e+00
-7.973198001945093483e-02 -3.280614395605016220e+00 -1.404562913836121751e+00 -1.417054122330522747e-01 -5.321518298789050583e+00 1.496021427369619516e+00
-7.892137158103423866e-02 -3.286914267174828375e+00 -1.403728975095549725e+00 -1.394467007455355012e-01 -5.327076656713789937e+00 1.497818368350474216e+00
-7.810392010471446655e-02 -3.293167529844257757e+00 -1.402908875513364961e+00 -1.371788350741701967e-01 -5.332545131964213425e+00 1.499613311968629459e+00
-7.727968645775695755e-02 -3.299373911731163567e+00 -1.402103897830414780e+00 -1.349022278365311911e-01 -5.337923370293504277e+00 1.501406199118358487e+00
-7.644873792485523678e-02 -3.305533141181653534e+00 -1.401315407479849506e+00 -1.326172953597105353e-01 -5.343211030082892776e+00 1.503196971137520599e+00
-7.561114862550069593e-02 -3.311644946795861522e+00 -1.400544858547905669e+00 -1.303244576253563547e-01 -5.348407782805680633e+00 1.504985569811521540e+00
-7.476699996378638469e-02 -3.317709057455664912e+00 -1.399793799924809568e+00 -1.280241382127662864e-01 -5.353513313510648075e+00 1.506771937377228143e+00
-7.391638111172724179e-02 -3.323725202354306241e+00 -1.399063881804200493e+00 -1.257167642399387442e-01 -5.358527321325925463e+00 1.508556016526834354e+00
-7.305938952820759114e-02 -3.329693111027969721e+00 -1.398356862737091477e+00 -1.234027663024777621e-01 -5.363449519984477831e+00 1.510337750411683500e+00
-7.219613151698671405e-02 -3.335612513389516920e+00 -1.397674617437298483e+00 -1.210825784102392833e-01 -5.368279638372456475e+00 1.512117082646045052e+00
-7.132672282843458000e-02 -3.341483139764737764e+00 -1.397019145082444291e+00 -1.187566379215981294e-01 -5.373017421101736524e+00 1.513893957310850524e+00
-7.045128930819732904e-02 -3.347304720931219890e+00 -1.396392578118973438e+00 -1.164253854752047013e-01 -5.377662629108068693e+00 1.515668318957389848e+00
-6.956996759618720716e-02 -3.353076988159894967e+00 -1.395797192353755989e+00 -1.140892649190899943e-01 -5.382215040276358664e+00 1.517440112610971559e+00
-6.868290588404005192e-02 -3.358799673259984964e+00 -1.395235417312959747e+00 -1.117487232369667738e-01 -5.386674450094714572e+00 1.519209283774550334e+00
-6.779026473329979874e-02 -3.364472508627108560e+00 -1.394709847534979064e+00 -1.094042104715613750e-01 -5.391040672339013184e+00 1.520975778432326786e+00
-6.689221796071354031e-02 -3.370095227294815921e+00 -1.394223255136543438e+00 -1.070561796447987990e-01 -5.395313539789887258e+00 1.522739543053326150e+00
-6.598895359916723269e-02 -3.375667562990059878e+00 -1.393778602848557702e+00 -1.047050866746479791e-01 -5.399492904984160013e+00 1.524500524594958994e+00
-6.508067493847277674e-02 -3.381189250192286444e+00 -1.393379058987444186e+00 -1.023513902884188032e-01 -5.403578641002943606e+00 1.526258670506574378e+00
-6.416760165889084933e-02 -3.386660024197046148e+00 -1.393028012797077775e+00 -9.999555193228540362e-02 -5.407570642298766828e+00 1.528013928733012783e+00
-6.324997106181765028e-02 -3.392079621183463622e+00 -1.392729091598394753e+00 -9.763803567679099626e-02 -5.411468825564328178e+00 1.529766247718167937e+00
-6.232803941068297549e-02 -3.397447778286048603e+00 -1.392486179346083430e+00 -9.527930811806950562e-02 -5.415273130645669397e+00 1.531515576408570167e+00
-6.140208339349826488e-02 -3.402764233670803051e+00 -1.392303436874260170e+00 -9.291983827449562527e-02 -5.418983521502821255e+00 1.533261864257003060e+00
-6.047240172083418602e-02 -3.408028726615594195e+00 -1.392185323791059970e+00 -9.056009747845122915e-02 -5.422599987221240703e+00 1.535005061226167866e+00
-5.953931687373051340e-02 -3.413240997594486181e+00 -1.392136622218218323e+00 -8.820055926286710091e-02 -5.426122543077673832e+00 1.536745117792413629e+00
-5.860317701826261300e-02 -3.418400788365559606e+00 -1.392162462656143518e+00 -8.584169924217011083e-02 -5.429551231664428990e+00 1.538481984949551018e+00
-5.766435810640153925e-02 -3.423507842061632722e+00 -1.392268352145054733e+00 -8.348399498723102496e-02 -5.432886124076422796e+00 1.540215614212771422e+00
-5.672326618540515092e-02 -3.428561903283010359e+00 -1.392460204550824310e+00 -8.112792589387060604e-02 -5.436127321165831638e+00 1.541945957622695929e+00
-5.578033993918835726e-02 -3.433562718190644070e+00 -1.392744373370795818e+00 -7.877397304443983783e-02 -5.439274954869653733e+00 1.543672967749581293e+00
-5.483605348984180866e-02 -3.438510034597815235e+00 -1.393127687782623081e+00 -7.642261906194183774e-02 -5.442329189616079255e+00 1.545396597697715757e+00
-5.389091949443209489e-02 -3.443403602058366708e+00 -1.393617491021395649e+00 -7.407434795611034239e-02 -5.445290223816236619e+00 1.547116801110037798e+00
-5.294549257155997668e-02 -3.448243171947686037e+00 -1.394221681755829723e+00 -7.172964496079770047e-02 -5.448158291448616630e+00 1.548833532173020000e+00
-5.200037310062077117e-02 -3.453028497532157459e+00 -1.394948758968411084e+00 -6.938899636195616782e-02 -5.450933663744379487e+00 1.550546745621862454e+00
-5.105621144550830104e-02 -3.457759334021957898e+00 -1.395807869827657699e+00 -6.705288931541658615e-02 -5.453616650982761271e+00 1.552256396746047429e+00
-5.011371265971095723e-02 -3.462435438599966275e+00 -1.396808860687521081e+00 -6.472181165357443478e-02 -5.456207604406976053e+00 1.553962441395313698e+00
-4.917364173990741716e-02 -3.467056570417704542e+00 -1.397962331263970626e+00 -6.239625167998726768e-02 -5.458706918272415720e+00 1.555664835986116712e+00
-4.823682950684652498e-02 -3.471622490546836026e+00 -1.399279691488700683e+00 -6.007669795075893521e-02 -5.461115032040589234e+00 1.557363537508650086e+00
-4.730417920335586862e-02 -3.476132961871166493e+00 -1.400773220513795714e+00 -5.776363904143714395e-02 -5.463432432734194322e+00 1.559058503534514584e+00
-4.637667391213866341e-02 -3.480587748899582223e+00 -1.402456125609187199e+00 -5.545756329797160017e-02 -5.465659657471021227e+00 1.560749692225131824e+00
-4.545538490226702644e-02 -3.484986617472944914e+00 -1.404342597803566628e+00 -5.315895857006461972e-02 -5.467797296197184131e+00 1.562437062341015093e+00
-4.454148101702766482e-02 -3.489329334328140853e+00 -1.406447858848226096e+00 -5.086831192498387361e-02 -5.469845994643510956e+00 1.564120573252025581e+00
-4.363623921177565979e-02 -3.493615666468823377e+00 -1.408788190302544541e+00 -4.858610933958588257e-02 -5.471806457532999879e+00 1.565800184948761276e+00
-4.274105633606932464e-02 -3.497845380273866489e+00 -1.411380932632144702e+00 -4.631283536789940897e-02 -5.473679452072213181e+00 1.567475858055250137e+00
-4.185746224403692761e-02 -3.502018240253440773e+00 -1.414244439626277217e+00 -4.404897278111716968e-02 -5.475465811765586110e+00 1.569147553843143195e+00
-4.098713433275663620e-02 -3.506134007342274650e+00 -1.417397974716206877e+00 -4.179500217620758101e-02 -5.477166440599227748e+00 1.570815234247639358e+00
-4.013191370158354643e-02 -3.510192436608360111e+00 -1.420861541404009776e+00 -3.955140154853816620e-02 -5.478782317650241929e+00 1.572478861885409529e+00
-3.929382336050310509e-02 -3.514193274262281008e+00 -1.424655656413408522e+00 -3.731864582283083570e-02 -5.480314502189541415e+00 1.574138400074836630e+00
-3.847508937987709210e-02 -3.518136253888981102e+00 -1.428801096813415272e+00 -3.509720633534822026e-02 -5.481764139361292365e+00 1.575793812858948151e+00
-3.767816657921789492e-02 -3.522021091885086719e+00 -1.433318672180815989e+00 -3.288755025829114692e-02 -5.483132466541539074e+00 1.577445065031486848e+00
-3.690577110486170653e-02 -3.525847482130433974e+00 -1.438229062125197411e+00 -3.069013995475100565e-02 -5.484420820503612681e+00 1.579092122166660062e+00
-3.616092235459474058e-02 -3.529615089840249631e+00 -1.443552659242610670e+00 -2.850543224886094990e-02 -5.485630645550506834e+00 1.580734950653221782e+00
-3.544699450037393229e-02 -3.533323544108484704e+00 -1.449309075523652179e+00 -2.633387759048474303e-02 -5.486763502816803140e+00 1.582373517733690838e+00
-3.476777005004533239e-02 -3.536972427505948424e+00 -1.455515376838483199e+00 -2.417591908598668016e-02 -5.487821080997942857e+00 1.584007791549703947e+00
-3.412746889107358406e-02 -3.540561258804244993e+00 -1.462181089374906762e+00 -2.203199135486981486e-02 -5.488805208835307425e+00 1.585637741194753758e+00
-3.353068818192443679e-02 -3.544089461183644651e+00 -1.469296578960523014e+00 -1.990251915384463888e-02 -5.489717869772193559e+00 1.587263336775907474e+00
-3.298212343451233097e-02 -3.547556303572321212e+00 -1.476809920235949924e+00 -1.778791568085517916e-02 -5.490561219289030070e+00 1.588884549486548448e+00
-3.248585059744699133e-02 -3.550960799096788634e+00 -1.484587047452089914e+00 -1.568858042426520688e-02 -5.491337605484068796e+00 1.590501351692781284e+00
-3.204387158350550935e-02 -3.554301546911526444e+00 -1.492353474412396741e+00 -1.360489634479251919e-02 -5.492049593339701552e+00 1.592113717036871323e+00
-3.165371610852468764e-02 -3.557576521743278875e+00 -1.499628066919945990e+00 -1.153722605665957052e-02 -5.492699992308762269e+00 1.593721620561817431e+00
-3.130564574107867759e-02 -3.560782871861756682e+00 -1.505688282211140816e+00 -9.485906534607513318e-03 -5.493291883739757075e+00 1.595325038861137079e+00
-3.098293102854648984e-02 -3.563916947612648656e+00 -1.509666174404276084e+00 -7.451242028847497589e-03 -5.493828634245830678e+00 1.596923950254655056e+00
