-6.134596879526774127e-02 9.620195637526849364e-01 -1.410046942818022675e+00 3.588610120614502130e-02 -8.287518531157347379e-01 1.573780843956704922e+00
-6.134596879526774127e-02 9.620195637526849364e-01 -1.410046942818022675e+00 3.588610120614502130e-02 -8.287518531157347379e-01 1.573780843956704922e+00
-6.133861132524202897e-02 9.619985078571021697e-01 -1.406347869362895242e+00 3.591125975873278586e-02 -8.287396805639903885e-01 1.573740455250500103e+00
-6.132390240398133407e-02 9.619560117809435873e-01 -1.402287962469133564e+00 3.596152642517096154e-02 -8.287160681754749403e-01 1.573660042276287419e+00
-6.130166061139732947e-02 9.618917322192260810e-01 -1.399231207919723552e+00 3.603685191750004985e-02 -8.286817514744917457e-01 1.573539967813414542e+00
-6.127170292409764990e-02 9.618053122886794926e-01 -1.397412275130667014e+00 3.613718790902206018e-02 -8.286374687679892714e-01 1.573380592984707338e+00
-6.123389530953678855e-02 9.616963715230567589e-01 -1.396572878813163943e+00 3.626248684702866598e-02 -8.285839611179954822e-01 1.573182277258679207e+00
-6.118814214023730880e-02 9.615645143755686686e-01 -1.396340744030073688e+00 3.641270176776768841e-02 -8.285219723131117542e-01 1.572945378451628518e+00
-6.113436144254944665e-02 9.614093413153258494e-01 -1.396404913731918107e+00 3.658778611364245370e-02 -8.284522488390073658e-01 1.572670252729627238e+00
-6.107246678774115589e-02 9.612304559023598927e-01 -1.396564852863874995e+00 3.678769355263970114e-02 -8.283755398478590548e-01 1.572357254610406541e+00
-6.100236010519470564e-02 9.610274671236285204e-01 -1.396718045514417694e+00 3.701237779998223926e-02 -8.282925971266842380e-01 1.572006736965144924e+00
-6.092393238910467912e-02 9.607999886706088954e-01 -1.396827808106113844e+00 3.726179244200382434e-02 -8.282041750645174893e-01 1.571619051020162638e+00
-6.083706783444249588e-02 9.605476370557668453e-01 -1.396892648748776500e+00 3.753589076224454063e-02 -8.281110306183864234e-01 1.571194546358526622e+00
-6.074164813971247301e-02 9.602700298180821825e-01 -1.396924806525492224e+00 3.783462556976568969e-02 -8.280139232780168168e-01 1.570733570921567734e+00
-6.063755544777811590e-02 9.599667843446100246e-01 -1.396938282833128264e+00 3.815794902968413366e-02 -8.279136150292588647e-01 1.570236471010322266e+00
-6.052467369237733708e-02 9.596375173445390594e-01 -1.396943820233996547e+00 3.850581249592675143e-02 -8.278108703161709547e-01 1.569703591286895517e+00
-6.040288876623857439e-02 9.592818447867842435e-01 -1.396947917484625989e+00 3.887816634620687439e-02 -8.277064560017363126e-01 1.569135274775753208e+00
-6.027208807571474147e-02 9.588993820734114104e-01 -1.396953647460818626e+00 3.927495981922511648e-02 -8.276011413271504580e-01 1.568531862864942505e+00
-6.013215993143017357e-02 9.584897442749791274e-01 -1.396961927529637659e+00 3.969614085409739479e-02 -8.274956978696647036e-01 1.567893695307247093e+00
-5.998299303190401249e-02 9.580525463308490197e-01 -1.396972604691020914e+00 4.014165593201425575e-02 -8.273908994989592758e-01 1.567221110221288738e+00
-5.982447613202331038e-02 9.575874031807020126e-01 -1.396985166264337330e+00 4.061144992013712707e-02 -8.272875223319283711e-01 1.566514444092550029e+00
-5.965649788644220713e-02 9.570939298315302990e-01 -1.396999109600350897e+00 4.110546591773621417e-02 -8.271863446859734070e-01 1.565774031774360697e+00
-5.947894681500138364e-02 9.565717413800187696e-01 -1.397014079102911754e+00 4.162364510457614020e-02 -8.270881470307231975e-01 1.565000206488828427e+00
-5.929171133302545832e-02 9.560204530114547739e-01 -1.397029876816971772e+00 4.216592659155629641e-02 -8.269937119381447488e-01 1.564193299827717043e+00
-5.909467980351899852e-02 9.554396799909271598e-01 -1.397046422230401097e+00 4.273224727361291109e-02 -8.269038240310495613e-01 1.563353641753297163e+00
-5.888774058648785920e-02 9.548290376558941084e-01 -1.397063704099400283e+00 4.332254168489282214e-02 -8.268192699298690940e-01 1.562481560599129571e+00
-5.867078207537185924e-02 9.541881414137349804e-01 -1.397081742836949969e+00 4.393674185620771028e-02 -8.267408381977754406e-01 1.561577383070808844e+00
-5.844369271981827985e-02 9.535166067445632887e-01 -1.397100567393751991e+00 4.457477717477688339e-02 -8.266693192841162441e-01 1.560641434246681003e+00
-5.820636103817468376e-02 9.528140492081151880e-01 -1.397120204163398549e+00 4.523657424626903456e-02 -8.266055054661454182e-01 1.559674037578522965e+00
-5.795867562398253348e-02 9.520800844531487339e-01 -1.397140673436905844e+00 4.592205675915268098e-02 -8.265501907891188438e-01 1.558675514892206015e+00
-5.770052514988774361e-02 9.513143282281647517e-01 -1.397161989840821184e+00 4.663114535136783645e-02 -8.265041710045163414e-01 1.557646186388303100e+00
-5.743179837122922016e-02 9.505163963926078763e-01 -1.397184164102966752e+00 4.736375747933215669e-02 -8.264682435065532351e-01 1.556586370642689676e+00
-5.715238413036367177e-02 9.496859049282181386e-01 -1.397207204827097371e+00 4.811980728929085571e-02 -8.264432072669324336e-01 1.555496384607099714e+00
-5.686217136199255007e-02 9.488224699503751136e-01 -1.397231119685495626e+00 4.889920549102666492e-02 -8.264298627676531783e-01 1.554376543609652161e+00
-5.656104909931145008e-02 9.479257077195610837e-01 -1.397255916257397867e+00 4.970185923393614924e-02 -8.264290119322735828e-01 1.553227161355383634e+00
-5.624890648088090583e-02 9.469952346529303400e-01 -1.397281602322613114e+00 5.052767198549632660e-02 -8.264414580551838752e-01 1.552048549926751342e+00
-5.592563275787238580e-02 9.460306673361039698e-01 -1.397308185927009561e+00 5.137654341212666287e-02 -8.264680057292208559e-01 1.550841019784114705e+00
-5.559111730153350195e-02 9.450316225352616284e-01 -1.397335675328475135e+00 5.224836926246159696e-02 -8.265094607714121855e-01 1.549604879766211196e+00
-5.524524961076767576e-02 9.439977172095466162e-01 -1.397364078935211307e+00 5.314304125305091553e-02 -8.265666301469095645e-01 1.548340437090627075e+00
-5.488791931980787492e-02 9.429285685237817072e-01 -1.397393405293024582e+00 5.406044695650456811e-02 -8.266403218910542972e-01 1.547047997354230597e+00
-5.451901620603432502e-02 9.418237938615011684e-01 -1.397423662972689717e+00 5.500046969209675118e-02 -8.267313450296768229e-01 1.545727864533602336e+00
-5.413843019780913146e-02 9.406830108382969735e-01 -1.397454860577463709e+00 5.596298841883427105e-02 -8.268405094977754333e-01 1.544380340985509470e+00
-5.374605138246926067e-02 9.395058373155216191e-01 -1.397487006715905311e+00 5.694787763102534400e-02 -8.269686260560590307e-01 1.543005727447285036e+00
-5.334177001439405902e-02 9.382918914142471811e-01 -1.397520110057446141e+00 5.795500725634700201e-02 -8.271165062058198902e-01 1.541604323037251145e+00
-5.292547652326972524e-02 9.370407915294881596e-01 -1.397554179333695634e+00 5.898424255643455738e-02 -8.272849621020018640e-01 1.540176425255130210e+00
-5.249706152248200669e-02 9.357521563447110946e-01 -1.397589223218580257e+00 6.003544403001268709e-02 -8.274748064643686618e-01 1.538722329982438630e+00
-5.205641581749069491e-02 9.344256048467046716e-01 -1.397625250555565968e+00 6.110846731857216829e-02 -8.276868524870945043e-01 1.537242331482902902e+00
-5.160343041463167496e-02 9.330607563406747573e-01 -1.397662270150677788e+00 6.220316311462086023e-02 -8.279219137464703948e-01 1.535736722402860854e+00
-5.113799652976458443e-02 9.316572304656653980e-01 -1.397700290761523467e+00 6.331937707252605074e-02 -8.281808041066998083e-01 1.534205793771620030e+00
-5.066000559699665451e-02 9.302146472102411634e-01 -1.397739321161308945e+00 6.445694972195374628e-02 -8.284643376242181168e-01 1.532649835001890226e+00
-5.016934927762341928e-02 9.287326269284561508e-01 -1.397779370289419676e+00 6.561571638393444428e-02 -8.287733284499759767e-01 1.531069133890151424e+00
-4.966591946939912655e-02 9.272107903559895226e-01 -1.397820447043236269e+00 6.679550708956220884e-02 -8.291085907302070401e-01 1.529463976617083443e+00
-4.914960831561639154e-02 9.256487586266159973e-01 -1.397862560457217018e+00 6.799614650134980232e-02 -8.294709385052770889e-01 1.527834647747980501e+00
-4.862030821459678576e-02 9.240461532889272522e-01 -1.397905719515762479e+00 6.921745383724761669e-02 -8.298611856071081982e-01 1.526181430233160663e+00
-4.807791182901251237e-02 9.224025963234352421e-01 -1.397949933192698779e+00 7.045924279736190399e-02 -8.302801455547214049e-01 1.524504605408377289e+00
-4.752231209536583734e-02 9.207177101598819080e-01 -1.397995210612801076e+00 7.172132149335300189e-02 -8.307286314483933731e-01 1.522804452995250246e+00
-4.695340223381717915e-02 9.189911176946339300e-01 -1.398041560884805801e+00 7.300349238058215229e-02 -8.312074558617855713e-01 1.521081251101639831e+00
-4.637107575787943053e-02 9.172224423085039158e-01 -1.398088993074137143e+00 7.430555219297124703e-02 -8.317174307329080474e-01 1.519335276222146369e+00
-4.577522648416866569e-02 9.154113078848883367e-01 -1.398137516347670362e+00 7.562729188062167207e-02 -8.322593672530943509e-01 1.517566803238538098e+00
-4.516574854249792020e-02 9.135573388279850660e-01 -1.398187139950084035e+00 7.696849655022350301e-02 -8.328340757542107564e-01 1.515776105420114872e+00
-4.454253638605391863e-02 9.116601600813192263e-01 -1.398237873233204143e+00 7.832894540820606322e-02 -8.334423655948532961e-01 1.513963454424140043e+00
-4.390548480176653667e-02 9.097193971465313833e-01 -1.398289725415825968e+00 7.970841170670815712e-02 -8.340850450447783171e-01 1.512129120296346718e+00
-4.325448892028974091e-02 9.077346761024713828e-01 -1.398342705775719397e+00 8.110666269236516124e-02 -8.347629211677053407e-01 1.510273371471318793e+00
-4.258944422642582661e-02 9.057056236243850034e-01 -1.398396823788481846e+00 8.252345955792013410e-02 -8.354767997027380266e-01 1.508396474772917717e+00
-4.191024656999944864e-02 9.036318670034148015e-01 -1.398452088867275567e+00 8.395855739667186513e-02 -8.362274849443440683e-01 1.506498695414761446e+00
-4.121679217625143221e-02 9.015130341663143421e-01 -1.398508510340237487e+00 8.541170515978264988e-02 -8.370157796209090062e-01 1.504580297000648770e+00
-4.050897765629705993e-02 8.993487536955299122e-01 -1.398566097694960986e+00 8.688264561644698514e-02 -8.378424847721364088e-01 1.502641541525071345e+00
-3.978670001818262331e-02 8.971386548492945590e-01 -1.398624860501671563e+00 8.837111531693536692e-02 -8.387083996249558027e-01 1.500682689373662448e+00
-3.904985667787391757e-02 8.948823675819533863e-01 -1.398684808322771866e+00 8.987684455856986832e-02 -8.396143214676499156e-01 1.498703999323574898e+00
-3.829834547018048929e-02 8.925795225646927511e-01 -1.398745950739288091e+00 9.139955735461008368e-02 -8.405610455227742195e-01 1.496705728543926028e+00
-3.753206465982636408e-02 8.902297512064709650e-01 -1.398808297403339784e+00 9.293897140601756202e-02 -8.415493648191826326e-01 1.494688132596240671e+00
-3.675091295267246538e-02 8.878326856749677587e-01 -1.398871858059548723e+00 9.449479807617355842e-02 -8.425800700626997486e-01 1.492651465434872593e+00
-3.595478950709712906e-02 8.853879589177523490e-01 -1.398936642517793372e+00 9.606674236853324222e-02 -8.436539495056089022e-01 1.490595979407440153e+00
-3.514359394544613879e-02 8.828952046837716949e-01 -1.399002660486188709e+00 9.765450290720406601e-02 -8.447717888152900256e-01 1.488521925255377631e+00
-3.431722636519805858e-02 8.803540575453233652e-01 -1.399069921707454922e+00 9.925777192052522013e-02 -8.459343709412880941e-01 1.486429552114287844e+00
-3.347558735040906397e-02 8.777641529197904857e-01 -1.399138435939174752e+00 1.008762352275824198e-01 -8.471424759815737726e-01 1.484319107514360914e+00
-3.261857798326688040e-02 8.751251270918045666e-01 -1.399208213180701099e+00 1.025095722277396815e-01 -8.483968810474927791e-01 1.482190837380784165e+00
-3.174609985631277054e-02 8.724366172353698046e-01 -1.399279263416759234e+00 1.041574558931903371e-01 -8.496983601272183328e-01 1.480044986034002807e+00
-3.085805508407461067e-02 8.696982614363317765e-01 -1.399351596814463194e+00 1.058195527644279904e-01 -8.510476839491504242e-01 1.477881796190106733e+00
-2.995434631537179093e-02 8.669096987150390898e-01 -1.399425223302899202e+00 1.074955229487689345e-01 -8.524456198439287480e-01 1.475701508961203778e+00
-2.903487674449822808e-02 8.640705690494642210e-01 -1.399500152847130696e+00 1.091850201218278055e-01 -8.538929316058964103e-01 1.473504363855898225e+00
-2.809955012324123064e-02 8.611805133984006266e-01 -1.399576395463965284e+00 1.108876915319918777e-01 -8.553903793538560896e-01 1.471290598779548819e+00
-2.714827077299009767e-02 8.582391737247314634e-01 -1.399653961450369799e+00 1.126031780079518874e-01 -8.569387193907143097e-01 1.469060450034663345e+00
-2.618094359759767092e-02 8.552461930186530115e-01 -1.399732861114547422e+00 1.143311139691999823e-01 -8.585387040625652721e-01 1.466814152321268772e+00
-2.519747409557588497e-02 8.522012153214005847e-01 -1.399813104696794763e+00 1.160711274396552944e-01 -8.601910816163267359e-01 1.464551938737170600e+00
-2.419776837211903148e-02 8.491038857492483327e-01 -1.399894702609435715e+00 1.178228400642056112e-01 -8.618965960575991625e-01 1.462274040778255069e+00
-2.318173315188097605e-02 8.459538505173415102e-01 -1.399977665015343264e+00 1.195858671283324126e-01 -8.636559870073178269e-01 1.459980688338671895e+00
-2.214927579057045931e-02 8.427507569643317709e-01 -1.400062002471931910e+00 1.213598175807008434e-01 -8.654699895584015978e-01 1.457672109711052766e+00
-2.110030428849531819e-02 8.394942535761518165e-01 -1.400147725312888669e+00 1.231442940588278329e-01 -8.673393341313412330e-01 1.455348531586733163e+00
-2.003472730240098837e-02 8.361839900111194268e-01 -1.400234843984198729e+00 1.249388929177199237e-01 -8.692647463298127652e-01 1.453010179055919115e+00
-1.895245415826472823e-02 8.328196171243564816e-01 -1.400323369149323316e+00 1.267432042616235266e-01 -8.712469467948821267e-01 1.450657275607781349e+00
-1.785339486457625247e-02 8.294007869923918363e-01 -1.400413311356985435e+00 1.285568119787582342e-01 -8.732866510592323106e-01 1.448290043130622040e+00
-1.673746012465133354e-02 8.259271529385912025e-01 -1.400504681404062701e+00 1.303792937790742013e-01 -8.753845694009894096e-01 1.445908701911817751e+00
-1.560456135014148121e-02 8.223983695580089348e-01 -1.400597489887479563e+00 1.322102212349574590e-01 -8.775414066976675587e-01 1.443513470637925566e+00
-1.445461067311697156e-02 8.188140927431324378e-01 -1.400691747502146312e+00 1.340491598249229921e-01 -8.797578622800450443e-01 1.441104566394634690e+00
-1.328752095917499348e-02 8.151739797092444340e-01 -1.400787465223490180e+00 1.358956689803619833e-01 -8.820346297852106332e-01 1.438682204666710263e+00
-1.210320582135948619e-02 8.114776890200388060e-01 -1.400884654044588284e+00 1.377493021353032865e-01 -8.843723970094308218e-01 1.436246599337853258e+00
-1.090157963314687672e-02 8.077248806134242898e-01 -1.400983324810833652e+00 1.396096067790445483e-01 -8.867718457616079464e-01 1.433797962690596783e+00
-9.682557540882805180e-03 8.039152158278406457e-01 -1.401083488180084879e+00 1.414761245117653332e-01 -8.892336517164772802e-01 1.431336505406324067e+00
-8.446055476026594067e-03 8.000483574286628707e-01 -1.401185155260600057e+00 1.433483911031976088e-01 -8.917584842670769341e-01 1.428862436564898974e+00
-7.191990169832150614e-03 7.961239696338276994e-01 -1.401288337180267796e+00 1.452259365542034608e-01 -8.943470063778440338e-01 1.426375963644291867e+00
-5.920279166525356518e-03 7.921417181403187513e-01 -1.401393045108853430e+00 1.471082851613343401e-01 -8.969998744371943111e-01 1.423877292520273397e+00
-4.630840836610930489e-03 7.881012701507850160e-01 -1.401499290454125912e+00 1.489949555841910134e-01 -8.997177381111630678e-01 1.421366627465971311e+00
-3.323594391051828967e-03 7.840022944000926142e-01 -1.401607084402660686e+00 1.508854609157644078e-01 -9.025012401967198450e-01 1.418844171151411260e+00
-1.998459893585324831e-03 7.798444611825310346e-01 -1.401716438088056904e+00 1.527793087556321150e-01 -9.053510164754107192e-01 1.416310124643086032e+00
-6.553582737459304197e-04 7.756274423789968342e-01 -1.401827362903701690e+00 1.546760012860392552e-01 -9.082676955672548402e-01 1.413764687403420428e+00
7.057886587618703023e-04 7.713509114840104708e-01 -1.401939870584301140e+00 1.565750353508617021e-01 -9.112518987849033136e-01 1.411208057290083806e+00
2.085058199214590013e-03 7.670145436327018285e-01 -1.402053972370112866e+00 1.584759025374103125e-01 -9.143042399879983684e-01 1.408640430555281542e+00
3.482526736666505252e-03 7.626180156288957512e-01 -1.402169679733372254e+00 1.603780892610528475e-01 -9.174253254381479206e-01 1.406062001844929465e+00
4.898269739594535155e-03 7.581610059724274153e-01 -1.402287004253048197e+00 1.622810768526590508e-01 -9.206157536543493336e-01 1.403472964197807649e+00
6.332361742009851024e-03 7.536431948868613784e-01 -1.402405957817233206e+00 1.641843416488421581e-01 -9.238761152685475153e-01 1.400873509044530119e+00
7.784876328657278077e-03 7.490642643467774198e-01 -1.402526552029361717e+00 1.660873550847659086e-01 -9.272069928830464214e-01 1.398263826206715077e+00
9.255886122812223560e-03 7.444238981062876181e-01 -1.402648798739058122e+00 1.679895837898244537e-01 -9.306089609277037322e-01 1.395644103896082955e+00
1.074546277164926955e-02 7.397217817268566531e-01 -1.402772709515541560e+00 1.698904896859450564e-01 -9.340825855181685844e-01 1.393014528713264699e+00
1.225367693408356551e-02 7.349576026059874145e-01 -1.402898296505107778e+00 1.717895300887570531e-01 -9.376284243137574803e-01 1.390375285646515024e+00
1.378059826441502267e-02 7.301310500050885999e-01 -1.403025571893036227e+00 1.736861578112038895e-01 -9.412470263774473933e-01 1.387726558070358163e+00
1.532629539856414369e-02 7.252418150778144890e-01 -1.403154547856837242e+00 1.755798212698415905e-01 -9.449389320362104883e-01 1.385068527744201639e+00
1.689083594059934135e-02 7.202895908983992790e-01 -1.403285236440717787e+00 1.774699645936755610e-01 -9.487046727425214598e-01 1.382401374810921624e+00
1.847428644970353084e-02 7.152740724909147918e-01 -1.403417649616571339e+00 1.793560277358268729e-01 -9.525447709354895043e-01 1.379725277795021521e+00
2.007671242698676195e-02 7.101949568581901184e-01 -1.403551799659852772e+00 1.812374465875701279e-01 -9.564597399038672343e-01 1.377040413601170910e+00
2.169817830033725359e-02 7.050519430105445240e-01 -1.403687698881933343e+00 1.831136530948269114e-01 -9.604500836502232186e-01 1.374346957512532219e+00
2.333874741058784841e-02 6.998447319950060752e-01 -1.403825359728864797e+00 1.849840753772594992e-01 -9.645162967555335198e-01 1.371645083188700154e+00
2.499848199722427833e-02 6.945730269241967569e-01 -1.403964794795727666e+00 1.868481378496880674e-01 -9.686588642455151721e-01 1.368934962663735044e+00
2.667744318393361347e-02 6.892365330054743833e-01 -1.404106016742642682e+00 1.887052613457401440e-01 -9.728782614590421041e-01 1.366216766344468647e+00
2.837569096458107676e-02 6.838349575704056882e-01 -1.404249038117499904e+00 1.905548632441160795e-01 -9.771749539163259168e-01 1.363490663008222414e+00
3.009328419012152755e-02 6.783680101045885813e-01 -1.404393871618643042e+00 1.923963575969774298e-01 -9.815493971895113967e-01 1.360756819800815753e+00
3.183028055410529189e-02 6.728354022772542464e-01 -1.404540530158262968e+00 1.942291552607883498e-01 -9.860020367736718194e-01 1.358015402234229896e+00
3.358673657793073697e-02 6.672368479704510191e-01 -1.404689026144062325e+00 1.960526640294180944e-01 -9.905333079590203926e-01 1.355266574184094797e+00
3.536270759992925228e-02 6.615720633101394021e-01 -1.404839372560083399e+00 1.978662887691115257e-01 -9.951436357063270233e-01 1.352510497887419838e+00
3.715824775850658235e-02 6.558407666954964021e-01 -1.404991582316293730e+00 1.996694315560370581e-01 -9.998334345217765318e-01 1.349747333939900651e+00
3.897340997895040737e-02 6.500426788291573388e-01 -1.405145668782508794e+00 2.014614918157153212e-01 -1.004603108334454431e+00 1.346977241293382921e+00
4.080824595714729885e-02 6.441775227465711406e-01 -1.405301645518572284e+00 2.032418664644905781e-01 -1.009453050375451744e+00 1.344200377253101486e+00
4.266280614473284827e-02 6.382450238461441216e-01 -1.405459525570134982e+00 2.050099500533594521e-01 -1.014383643057146900e+00 1.341416897474611236e+00
4.453713973840282836e-02 6.322449099209352941e-01 -1.405619322120256864e+00 2.067651349134461136e-01 -1.019395257855604919e+00 1.338626955961109921e+00
4.643129466558254537e-02 6.261769111889399220e-01 -1.405781048517938503e+00 2.085068113033556603e-01 -1.024488255195116659e+00 1.335830705060526036e+00
4.834531756981964856e-02 6.200407603236639531e-01 -1.405944718373437263e+00 2.102343675588150551e-01 -1.029662984332609499e+00 1.333028295461859969e+00
5.027925379549312568e-02 6.138361924849953244e-01 -1.406110345037520526e+00 2.119471902438817279e-01 -1.034919783244986791e+00 1.330219876192000772e+00
5.223314737599951685e-02 6.075629453503610389e-01 -1.406277942430597561e+00 2.136446643041170212e-01 -1.040258978517834221e+00 1.327405594612526940e+00
5.420704101667994657e-02 6.012207591446206978e-01 -1.406447524507666857e+00 2.153261732211055601e-01 -1.045680885237465052e+00 1.324585596416544053e+00
5.620097608101196074e-02 5.948093766713642427e-01 -1.406619104982271828e+00 2.169910991691831603e-01 -1.051185806882862783e+00 1.321760025624846291e+00
5.821499257861655063e-02 5.883285433446707735e-01 -1.406792697760334221e+00 2.186388231733442933e-01 -1.056774035221186292e+00 1.318929024582413900e+00
6.024912915060243179e-02 5.817780072203069253e-01 -1.406968316721555645e+00 2.202687252691614417e-01 -1.062445850203769915e+00 1.316092733954285610e+00
6.230342305622757482e-02 5.751575190277704586e-01 -1.407145975980941266e+00 2.218801846642218800e-01 -1.068201519864360405e+00 1.313251292721728136e+00
6.437791015808191908e-02 5.684668322011012798e-01 -1.407325689872801489e+00 2.234725799006549996e-01 -1.074041300220719419e+00 1.310404838178369946e+00
6.647262490718072736e-02 5.617057029106156119e-01 -1.407507472802573600e+00 2.250452890196757982e-01 -1.079965435176285071e+00 1.307553505926104309e+00
6.858760032910590776e-02 5.548738900947149943e-01 -1.407691339740461567e+00 2.265976897267652224e-01 -1.085974156426833925e+00 1.304697429871275238e+00
7.072286800677649032e-02 5.479711554907527038e-01 -1.407877305016107083e+00 2.281291595584895304e-01 -1.092067683367812014e+00 1.301836742220552123e+00
7.287845807138640386e-02 5.409972636690645320e-01 -1.408065382905882457e+00 2.296390760507046602e-01 -1.098246223003617406e+00 1.298971573476374264e+00
7.505439918965706170e-02 5.339519820654167193e-01 -1.408255588345757481e+00 2.311268169078686263e-01 -1.104509969859388985e+00 1.296102052432164697e+00
7.725071854614734557e-02 5.268350810119319938e-01 -1.408447935653649452e+00 2.325917601733602513e-01 -1.110859105895776855e+00 1.293228306168358488e+00
7.946744183437315368e-02 5.196463337717021069e-01 -1.408642440005144714e+00 2.340332844008652657e-01 -1.117293800425861239e+00 1.290350460048002912e+00
8.170459323765055792e-02 5.123855165696628022e-01 -1.408839116250255818e+00 2.354507688273133892e-01 -1.123814210032769267e+00 1.287468637711707720e+00
8.396219541836572042e-02 5.050524086263776802e-01 -1.409037980110130039e+00 2.368435935460978248e-01 -1.130420478491910519e+00 1.284582961072993079e+00
8.624026949854893265e-02 4.976467921893103497e-01 -1.409239047138249434e+00 2.382111396813307302e-01 -1.137112736695176984e+00 1.281693550313489194e+00
8.853883504801160487e-02 4.901684525665424563e-01 -1.409442332366840578e+00 2.395527895628435378e-01 -1.143891102578073582e+00 1.278800523878313999e+00
9.085791007528967733e-02 4.826171781615073986e-01 -1.409647850928216428e+00 2.408679269019577684e-01 -1.150755681049119517e+00 1.275903998471289214e+00
9.319751101414719408e-02 4.749927605065126790e-01 -1.409855618566356883e+00 2.421559369682022289e-01 -1.157706563921091281e+00 1.273004089049680987e+00
9.555765270616017881e-02 4.672949942952428493e-01 -1.410065651237475404e+00 2.434162067664091822e-01 -1.164743829845748202e+00 1.270100908819107310e+00
9.793834838646670038e-02 4.595236774158601989e-01 -1.410277964493427572e+00 2.446481252141856078e-01 -1.171867544251635085e+00 1.267194569228457635e+00
1.003396096741235866e-01 4.516786109862797050e-01 -1.410492574707541857e+00 2.458510833205770629e-01 -1.179077759282421090e+00 1.264285179964237837e+00
1.027614465531222487e-01 4.437595993865494082e-01 -1.410709498011767149e+00 2.470244743643471852e-01 -1.186374513740471537e+00 1.261372848945825575e+00
1.052038673616317033e-01 4.357664502941925866e-01 -1.410928750116445585e+00 2.481676940731576686e-01 -1.193757833031428683e+00 1.258457682319771287e+00
1.076668787829513363e-01 4.276989747198273184e-01 -1.411150347806467975e+00 2.492801408029026167e-01 -1.201227729112026354e+00 1.255539784454142271e+00
1.101504858244789498e-01 4.195569870397521939e-01 -1.411374307449456689e+00 2.503612157170085339e-01 -1.208784200441618273e+00 1.252619257933432317e+00
1.126546918086610838e-01 4.113403050322992360e-01 -1.411600645576424062e+00 2.514103229656259875e-01 -1.216427231937119435e+00 1.249696203553555485e+00
1.151794983593167898e-01 4.030487499131412132e-01 -1.411829378597343920e+00 2.524268698657112786e-01 -1.224156794928283221e+00 1.246770720315576231e+00
1.177249053905728982e-01 3.946821463709794253e-01 -1.412060523735124695e+00 2.534102670801306467e-01 -1.231972847118909309e+00 1.243842905420426082e+00
1.202909110880048815e-01 3.862403226012322000e-01 -1.412294098622506544e+00 2.543599287973753453e-01 -1.239875332549029929e+00 1.240912854263509280e+00
1.228775118929460175e-01 3.777231103412918012e-01 -1.412530120372035958e+00 2.552752729112993668e-01 -1.247864181559395380e+00 1.237980660428723123e+00
1.254847024948197998e-01 3.691303449080852728e-01 -1.412768605091483831e+00 2.561557212002003592e-01 -1.255939310760288308e+00 1.235046415682888421e+00
1.281124758280925147e-01 3.604618652370927823e-01 -1.413009570322072639e+00 2.570006995058370936e-01 -1.264100623002629264e+00 1.232110209969694559e+00
1.307608230482470157e-01 3.517175139154978813e-01 -1.413253034555905785e+00 2.578096379111616265e-01 -1.272348007354686672e+00 1.229172131404514978e+00
1.334297335114723593e-01 3.428971372172213705e-01 -1.413499015075001752e+00 2.585819709181116921e-01 -1.280681339080559811e+00 1.226232266268894255e+00
1.361191947735318764e-01 3.340005851433466288e-01 -1.413747529555413829e+00 2.593171376252305649e-01 -1.289100479620449491e+00 1.223290699004754511e+00
1.388291925749493838e-01 3.250277114581292537e-01 -1.413998596288012166e+00 2.600145819041634887e-01 -1.297605276575633404e+00 1.220347512208508567e+00
1.415597108239336765e-01 3.159783737254120428e-01 -1.414252233447809592e+00 2.606737525752840234e-01 -1.306195563697064577e+00 1.217402786625366939e+00
1.443107315859020467e-01 3.068524333471602805e-01 -1.414508459478501123e+00 2.612941035833737935e-01 -1.314871160874771627e+00 1.214456601143846459e+00
1.470822350697585934e-01 2.976497556008618206e-01 -1.414767292468529281e+00 2.618750941718123171e-01 -1.323631874132218389e+00 1.211509032789910512e+00
1.498741996198447723e-01 2.883702096792322145e-01 -1.415028751333364809e+00 2.624161890555498644e-01 -1.332477495624748487e+00 1.208560156721727008e+00
1.526866016972984741e-01 2.790136687262617654e-01 -1.415292855528425653e+00 2.629168585941744074e-01 -1.341407803638106744e+00 1.205610046223345444e+00
1.555194158639085500e-01 2.695800098743911244e-01 -1.415559623403789491e+00 2.633765789626261178e-01 -1.350422562593688980e+00 1.202658772699402467e+00
1.583726147813631357e-01 2.600691142870417139e-01 -1.415829073791326831e+00 2.637948323214640567e-01 -1.359521523055074343e+00 1.199706405669572096e+00
1.612461691960846155e-01 2.504808671963749678e-01 -1.416101226308784211e+00 2.641711069852302196e-01 -1.368704421739405541e+00 1.196753012763061230e+00
1.641400479209755570e-01 2.408151579404144149e-01 -1.416376100577900088e+00 2.645048975896175381e-01 -1.377970981531784878e+00 1.193798659713570798e+00
1.670542178244711073e-01 2.310718800030164832e-01 -1.416653716260044105e+00 2.647957052574518300e-01 -1.387320911502188947e+00 1.190843410353683574e+00
1.699886438195467586e-01 2.212509310533958828e-01 -1.416934093201353217e+00 2.650430377629778844e-01 -1.396753906926216482e+00 1.187887326609749383e+00
1.729432888514363387e-01 2.113522129852946074e-01 -1.417217251153173319e+00 2.652464096956588246e-01 -1.406269649306419955e+00 1.184930468495998257e+00
1.759181138883076645e-01 2.013756319566653019e-01 -1.417503211032925314e+00 2.654053426208188293e-01 -1.415867806400464834e+00 1.181972894109559080e+00
1.789130778993309190e-01 1.913210984260239611e-01 -1.417791993011547680e+00 2.655193652387147218e-01 -1.425548032252323294e+00 1.179014659625782668e+00
1.819281378518186609e-01 1.811885271944950748e-01 -1.418083617251822082e+00 2.655880135424321109e-01 -1.435309967224960070e+00 1.176055819292931570e+00
1.849632487011001192e-01 1.709778374463195583e-01 -1.418378105222772190e+00 2.656108309739061424e-01 -1.445153238036272825e+00 1.173096425427478717e+00
1.880183633673155053e-01 1.606889527839390208e-01 -1.418675477451384337e+00 2.655873685776487525e-01 -1.455077457799093921e+00 1.170136528408982857e+00
1.910934327350089224e-01 1.503218012704764517e-01 -1.418975755079616929e+00 2.655171851527087790e-01 -1.465082226063589843e+00 1.167176176675405630e+00
1.941884056371788458e-01 1.398763154663427155e-01 -1.419278959542012331e+00 2.653998474029631849e-01 -1.475167128861831767e+00 1.164215416718332285e+00
1.973032288424181047e-01 1.293524324672792325e-01 -1.419585112787881132e+00 2.652349300847665070e-01 -1.485331738756530129e+00 1.161254293078669564e+00
2.004378470398311685e-01 1.187500939410690570e-01 -1.419894236513280950e+00 2.650220161521390505e-01 -1.495575614893374539e+00 1.158292848342468151e+00
2.035922028320414634e-01 1.080692461662676740e-01 -1.420206352785640780e+00 2.647606968999706711e-01 -1.505898303055581255e+00 1.155331123137005367e+00
2.067662367218750241e-01 9.730984006786946861e-02 -1.420521483649204164e+00 2.644505721059413061e-01 -1.516299335718910291e+00 1.152369156126382466e+00
2.099598871033100111e-01 8.647183125332069675e-02 -1.420839651888910149e+00 2.640912501695508730e-01 -1.526778232110519440e+00 1.149406984007418808e+00
2.131730902439733233e-01 7.555518004635297658e-02 -1.421160880310214480e+00 2.636823482475464386e-01 -1.537334498273295935e+00 1.146444641507015305e+00
2.164057802758505844e-01 6.455985152069876332e-02 -1.421485191554387351e+00 2.632234923884032574e-01 -1.547967627129255508e+00 1.143482161378511330e+00
2.196578891878268880e-01 5.348581553432740776e-02 -1.421812608441056947e+00 2.627143176644833877e-01 -1.558677098545089290e+00 1.140519574398467517e+00
2.229293468148948187e-01 4.233304676085192231e-02 -1.422143154540787657e+00 2.621544683022173361e-01 -1.569462379398802065e+00 1.137556909363662161e+00
2.262200808209774705e-01 3.110152471711646882e-02 -1.422476854003146940e+00 2.615435978098358261e-01 -1.580322923648358913e+00 1.134594193087785641e+00
2.295300166836541644e-01 1.979123378927150068e-02 -1.422813730509171481e+00 2.608813691028463166e-01 -1.591258172401985416e+00 1.131631450398898675e+00
2.328590776906863391e-01 8.402163260927353328e-03 -1.423153808382513263e+00 2.601674546271213195e-01 -1.602267553989814353e+00 1.128668704137144152e+00
2.362071849241708932e-01 -3.065692664793728817e-03 -1.423497112079332716e+00 2.594015364799324708e-01 -1.613350484036325305e+00 1.125705975152724969e+00
2.395742572506492640e-01 -1.461233484385260351e-02 -1.423843666276495723e+00 2.585833065285393362e-01 -1.624506365534215124e+00 1.122743282304161649e+00
2.429602113100745309e-01 -2.623775917246584655e-02 -1.424193496165387485e+00 2.577124665274892479e-01 -1.635734588916938792e+00 1.119780642456968289e+00
2.463649615018218275e-01 -3.794195657352716911e-02 -1.424546626938564486e+00 2.567887282333310983e-01 -1.647034532132856999e+00 1.116818070482917147e+00
2.497884199764582591e-01 -4.972491298358727718e-02 -1.424903083360614664e+00 2.558118135187936737e-01 -1.658405560716459837e+00 1.113855579259125372e+00
2.532304966329097518e-01 -6.158660934208826099e-02 -1.425262891362917284e+00 2.547814544846904172e-01 -1.669847027860130506e+00 1.110893179667785446e+00
2.566910990968119810e-01 -7.352702158976320845e-02 -1.425626077473674869e+00 2.536973935708112804e-01 -1.681358274483862436e+00 1.107930880595690670e+00
2.601701327056702429e-01 -8.554612066991218455e-02 -1.425992667689454096e+00 2.525593836661024216e-01 -1.692938629302205511e+00 1.104968688934248933e+00
2.636675005074822220e-01 -9.764387252992046129e-02 -1.426362688336950679e+00 2.513671882178082906e-01 -1.704587408889262079e+00 1.102006609580549190e+00
2.671831032495958214e-01 -1.098202381317818777e-01 -1.426736167281207557e+00 2.501205813399830502e-01 -1.716303917740672702e+00 1.099044645437956769e+00
2.707168393528605055e-01 -1.220751734723872772e-01 -1.427113131943948732e+00 2.488193479222282900e-01 -1.728087448331093956e+00 1.096082797417698984e+00
2.742686049096138001e-01 -1.344086296020934324e-01 -1.427493609801461227e+00 2.474632837385161155e-01 -1.739937281167518446e+00 1.093121064440679913e+00
2.778382936760427357e-01 -1.468205526515848902e-01 -1.427877627993471288e+00 2.460521955563732821e-01 -1.751852684837781338e+00 1.090159443439945308e+00
2.814257970698342826e-01 -1.593108838649814896e-01 -1.428265215138310396e+00 2.445859012467024030e-01 -1.763832916054097311e+00 1.087197929363980631e+00
2.850310041452570609e-01 -1.718795596462467934e-01 -1.428656400168042184e+00 2.430642298951752045e-01 -1.775877219689708353e+00 1.084236515180080573e+00
2.886538015828621351e-01 -1.845265116099044089e-01 -1.429051211979847968e+00 2.414870219173635701e-01 -1.787984828804786375e+00 1.081275191877808739e+00
2.922940736839250153e-01 -1.972516666393717699e-01 -1.429449679613852053e+00 2.398541291746582871e-01 -1.800154964667541435e+00 1.078313948473452744e+00
2.959517023626728749e-01 -2.100549469541372893e-01 -1.429851832985757909e+00 2.381654150932753233e-01 -1.812386836766262110e+00 1.075352772015494285e+00
2.996265671294666699e-01 -2.229362701892907417e-01 -1.430257702049358759e+00 2.364207547875521453e-01 -1.824679642810329128e+00 1.072391647590252628e+00
3.033185450848244757e-01 -2.358955494820687004e-01 -1.430667316621546004e+00 2.346200351884139834e-01 -1.837032568719112691e+00 1.069430558327634451e+00
3.070275109160216509e-01 -2.489326935683169317e-01 -1.431080707615135506e+00 2.327631551758809203e-01 -1.849444788601249279e+00 1.066469485408470419e+00
3.107533368781508765e-01 -2.620476068955546189e-01 -1.431497906072966453e+00 2.308500257190964633e-01 -1.861915464718080893e+00 1.063508408071742517e+00
3.144958927876915222e-01 -2.752401897436889122e-01 -1.431918943271217604e+00 2.288805700224235684e-01 -1.874443747434719754e+00 1.060547303623027515e+00
3.182550460152472338e-01 -2.885103383593168314e-01 -1.432343851456703732e+00 2.268547236793366506e-01 -1.887028775156145421e+00 1.057586147443813518e+00
3.220306614688607239e-01 -3.018579451057865626e-01 -1.432772662945271280e+00 2.247724348350846613e-01 -1.899669674247182360e+00 1.054624913001603215e+00
3.258226015892433658e-01 -3.152828986223568108e-01 -1.433205409161783406e+00 2.226336643597818243e-01 -1.912365558934159715e+00 1.051663571860289137e+00
3.296307263583744263e-01 -3.287850839938715186e-01 -1.433642122505129679e+00 2.204383860314863830e-01 -1.925115531189690365e+00 1.048702093691840753e+00
3.334548932838292679e-01 -3.423643829430371710e-01 -1.434082836237547509e+00 2.181865867308316054e-01 -1.937918680598763821e+00 1.045740446288772718e+00
3.372949572642308658e-01 -3.560206691962033432e-01 -1.434527583686439289e+00 2.158782643263173484e-01 -1.950774090372614067e+00 1.042778595570645450e+00
3.411507706236569515e-01 -3.697538082264701931e-01 -1.434976399504040767e+00 2.135134277411282477e-01 -1.963680837647115096e+00 1.039816505590700269e+00
3.450221831060351629e-01 -3.835636574361231954e-01 -1.435429317355459311e+00 2.110920970680520703e-01 -1.976637993352998723e+00 1.036854138542727899e+00
3.489090418999591936e-01 -3.974500663158120339e-01 -1.435886371517743010e+00 2.086143036730034317e-01 -1.989644622113841521e+00 1.033891454769120699e+00
3.528111916405894943e-01 -4.114128765961844181e-01 -1.436347596232424140e+00 2.060800902871605667e-01 -2.002699782170912712e+00 1.030928412769763769e+00
3.567284744195188262e-01 -4.254519223844102083e-01 -1.436813026946718308e+00 2.034895110882313229e-01 -2.015802525333096895e+00 1.027964969211295543e+00
3.606607297762826070e-01 -4.395670302922101147e-01 -1.437282699902313832e+00 2.008426317717500464e-01 -2.028951896949419798e+00 1.025001078937131327e+00
3.646077946944836778e-01 -4.537580195510164671e-01 -1.437756651150134291e+00 1.981395296124565109e-01 -2.042146935903523364e+00 1.022036694978069926e+00
3.685695036108482814e-01 -4.680247021108412397e-01 -1.438234917350071695e+00 1.953802935161773613e-01 -2.055386674628455701e+00 1.019071768563488911e+00
3.725456884126489010e-01 -4.823668827323772668e-01 -1.438717535654039814e+00 1.925650240628561660e-01 -2.068670139140198039e+00 1.016106249133309714e+00
3.765361784358736141e-01 -4.967843590681495503e-01 -1.439204543827311999e+00 1.896938335402427733e-01 -2.081996349089856757e+00 1.013140084350653503e+00
3.805408004613332063e-01 -5.112769217349728557e-01 -1.439695980678682874e+00 1.867668459679992510e-01 -2.095364317834368606e+00 1.010173220115574866e+00
3.845593787035598288e-01 -5.258443543776578633e-01 -1.440191884530257260e+00 1.837841971160610044e-01 -2.108773052518882363e+00 1.007205600578512383e+00
3.885917348216478828e-01 -5.404864337183592493e-01 -1.440692294483261415e+00 1.807460345124601853e-01 -2.122221554177988967e+00 1.004237168155015958e+00
3.926376879117136065e-01 -5.552029296040501549e-01 -1.441197250177310485e+00 1.776525174443430721e-01 -2.135708817849375940e+00 1.001267863541442038e+00
3.966970545025058081e-01 -5.699936050453189296e-01 -1.441706792091759670e+00 1.745038169518138282e-01 -2.149233832699854574e+00 9.982976257311561019e-01
4.007696485460778835e-01 -5.848582162485509439e-01 -1.442220961077081975e+00 1.713001158145166514e-01 -2.162795582163556496e+00 9.953263920312197532e-01
4.048552814154861013e-01 -5.997965126408810743e-01 -1.442739798763833292e+00 1.680416085331318532e-01 -2.176393044088357875e+00 9.923540980794938182e-01
4.089537618960125132e-01 -6.148082368895260164e-01 -1.443263347775746164e+00 1.647285013028630118e-01 -2.190025190894856699e+00 9.893806778628809750e-01
4.130648961733268676e-01 -6.298931249175967473e-01 -1.443791650566746299e+00 1.613610119815793997e-01 -2.203690989743239292e+00 9.864060637361545814e-01
4.171884878389116036e-01 -6.450509059091231734e-01 -1.444324750335288288e+00 1.579393700511499410e-01 -2.217389402710020718e+00 9.834301864414605188e-01
4.213243378821535101e-01 -6.602813023138176529e-01 -1.444862690982828379e+00 1.544638165739655733e-01 -2.231119386971297303e+00 9.804529751284822847e-01
4.254722446829213300e-01 -6.755840298468325233e-01 -1.445405517548914665e+00 1.509346041429853735e-01 -2.244879894994704195e+00 9.774743573754520742e-01
4.296320039978274163e-01 -6.909587974871054250e-01 -1.445953274079901041e+00 1.473519968275932568e-01 -2.258669874736394245e+00 9.744942592107096457e-01
4.338034089789239989e-01 -7.064053074615108674e-01 -1.446506007008159678e+00 1.437162701138317566e-01 -2.272488269844878506e+00 9.715126051347531266e-01
4.379862501412827847e-01 -7.219232552418881621e-01 -1.447063763313570339e+00 1.400277108399854420e-01 -2.286334019870190026e+00 9.685293181431730014e-01
4.421803153586586488e-01 -7.375123295300920478e-01 -1.447626590079291731e+00 1.362866171284216055e-01 -2.300206060476621239e+00 9.655443197496231811e-01
4.463853898665239850e-01 -7.531722122385036133e-01 -1.448194534942357725e+00 1.324932983112802609e-01 -2.314103323662531686e+00 9.625575300102755527e-01
4.506012562586637626e-01 -7.689025784700276311e-01 -1.448767645825231654e+00 1.286480748531980411e-01 -2.328024737982364645e+00 9.595688675483718955e-01
4.548276944881556316e-01 -7.847030964942083298e-01 -1.449345972096935053e+00 1.247512782696403727e-01 -2.341969228772712075e+00 9.565782495792303219e-01
4.590644818509150848e-01 -8.005734277270994959e-01 -1.449929563714893677e+00 1.208032510411087279e-01 -2.355935718382022870e+00 9.535855919360273214e-01
4.633113929828975852e-01 -8.165132267046286696e-01 -1.450518471330118908e+00 1.168043465230134415e-01 -2.369923126403953528e+00 9.505908090964180213e-01
4.675681998561243002e-01 -8.325221410548937495e-01 -1.451112746340350368e+00 1.127549288514795717e-01 -2.383930369914049052e+00 9.475938142096633765e-01
4.718346717744423824e-01 -8.485998114690376237e-01 -1.451712441453667957e+00 1.086553728455097040e-01 -2.397956363708827698e+00 9.445945191244640160e-01
4.761105753611840630e-01 -8.647458716743905427e-01 -1.452317610147914273e+00 1.045060639069231995e-01 -2.412000020545403522e+00 9.415928344168348341e-01
4.803956745557147467e-01 -8.809599484026435778e-01 -1.452928305651862928e+00 1.003073979162911328e-01 -2.426060251383841404e+00 9.385886694186146295e-01
4.846897306271420458e-01 -8.972416613520726170e-01 -1.453544581355391108e+00 9.605978112423751991e-02 -2.440135965633221549e+00 9.355819322471385924e-01
4.889925021828033236e-01 -9.135906231514849818e-01 -1.454166492947569500e+00 9.176363003968074361e-02 -2.454226071399067344e+00 9.325725298352033343e-01
4.933037451421794506e-01 -9.300064393306590738e-01 -1.454794096152599581e+00 8.741937131498588032e-02 -2.468329475732054856e+00 9.295603679612839398e-01
4.976232127484981893e-01 -9.464887082798452145e-01 -1.455427448272419655e+00 8.302744162858326227e-02 -2.482445084877236141e+00 9.265453512801351543e-01
5.019506555561422667e-01 -9.630370212153251952e-01 -1.456066607119305356e+00 7.858828756364871770e-02 -2.496571804525676619e+00 9.235273833542374522e-01
5.062858214365177911e-01 -9.796509621394473566e-01 -1.456711631158180253e+00 7.410236548362515718e-02 -2.510708540067415839e+00 9.205063666855516358e-01
5.106284555824015525e-01 -9.963301077996060684e-01 -1.457362580187391288e+00 6.957014140376728550e-02 -2.524854196846673116e+00 9.174822027479080377e-01
5.149783005023089721e-01 -1.013074027649571773e+00 -1.458019514705283903e+00 6.499209085999135826e-02 -2.539007680417613599e+00 9.144547920198798918e-01
5.193350960263143357e-01 -1.029882283806336618e+00 -1.458682495607412921e+00 6.036869877285988562e-02 -2.553167896803514303e+00 9.114240340186334777e-01
5.236985793179260718e-01 -1.046754431003227070e+00 -1.459351585064203372e+00 5.570045930981581961e-02 -2.567333752755053489e+00 9.083898273333679274e-01
5.280684848729857439e-01 -1.063690016547290229e+00 -1.460026846208578588e+00 5.098787574316364368e-02 -2.581504156011187323e+00 9.053520696597824324e-01
5.324445445246818176e-01 -1.080688580271788046e+00 -1.460708343868125647e+00 4.623146030446661364e-02 -2.595678015561491581e+00 9.023106578347863671e-01
5.368264874373891438e-01 -1.097749654490156379e+00 -1.461396142479608029e+00 4.143173403544125194e-02 -2.609854241909881800e+00 8.992654878714535505e-01
5.412140401374998522e-01 -1.114872763939023015e+00 -1.462090308628180235e+00 3.658922663433576000e-02 -2.624031747340942466e+00 8.962164549948319348e-01
5.456069265029092064e-01 -1.132057425731645806e+00 -1.462790909339018119e+00 3.170447629915371796e-02 -2.638209446187083529e+00 8.931634536776130728e-01
5.500048677825738475e-01 -1.149303149299071292e+00 -1.463498013395827080e+00 2.677802956551231239e-02 -2.652386255099189682e+00 8.901063776767020874e-01
5.544075825953961312e-01 -1.166609436335801719e+00 -1.464211690023510926e+00 2.181044114090326114e-02 -2.666561093318565945e+00 8.870451200699465133e-01
5.588147869537047896e-01 -1.183975780737098082e+00 -1.464932008886477011e+00 1.680227373342616307e-02 -2.680732882952423068e+00 8.839795732935714634e-01
5.632261942884695394e-01 -1.201401668531868028e+00 -1.465659041256416772e+00 1.175409787564003078e-02 -2.694900549252041699e+00 8.809096291797429146e-01
5.676415154564657950e-01 -1.218886577818083738e+00 -1.466392860164686729e+00 6.666491742737683940e-03 -2.709063020894471041e+00 8.778351789946918782e-01
5.720604587465156765e-01 -1.236429978695462006e+00 -1.467133539292856614e+00 1.540040965109887305e-03 -2.723219230267504010e+00 8.747561134771513203e-01
5.764827299071172417e-01 -1.254031333188213582e+00 -1.467881153346894951e+00 -3.624661565305158095e-03 -2.737368113758592347e+00 8.716723228771043885e-01
5.809080321699483518e-01 -1.271690095165641798e+00 -1.468635779395483398e+00 -8.827015895741377460e-03 -2.751508612048543689e+00 8.685836969951857833e-01
5.853360662519427882e-01 -1.289405710263310079e+00 -1.469397495054178160e+00 -1.406641521973947540e-02 -2.765639670409021811e+00 8.654901252222071406e-01
5.897665303917446478e-01 -1.307177615790984460e+00 -1.470166379477606089e+00 -1.934224609223134106e-02 -2.779760239005530931e+00 8.623914965790765441e-01
5.941991203712596592e-01 -1.325005240640303450e+00 -1.470942513723136225e+00 -2.465388865354975478e-02 -2.793869273206832204e+00 8.592876997572889142e-01
5.986335295335446505e-01 -1.342888005188330736e+00 -1.471725979668778717e+00 -3.000071686180989794e-02 -2.807965733899780769e+00 8.561786231596542063e-01
6.030694488223578009e-01 -1.360825321188840809e+00 -1.472516858618806435e+00 -3.538209873480507861e-02 -2.822048587810775278e+00 8.530641549413582325e-01
6.075065668501126170e-01 -1.378816591651289114e+00 -1.473315232912906447e+00 -4.079739660286635372e-02 -2.836116807835165510e+00 8.499441830517545649e-01
6.119445699404174599e-01 -1.396861210720028668e+00 -1.474121185461411354e+00 -4.624596737331096441e-02 -2.850169373374946247e+00 8.468185952764855084e-01
6.163831421821350798e-01 -1.414958563543515568e+00 -1.474934799323649681e+00 -5.172716280626256380e-02 -2.864205270684136551e+00 8.436872792798975063e-01
6.208219654942951360e-01 -1.433108026133202317e+00 -1.475756161018866974e+00 -5.724032980382474933e-02 -2.878223493223796225e+00 8.405501226480550647e-01
6.252607196344526219e-01 -1.451308965229597403e+00 -1.476585361162089605e+00 -6.278481071301023064e-02 -2.892223042026562219e+00 8.374070129322176426e-01
6.296990821977603847e-01 -1.469560738161054259e+00 -1.477422497920870770e+00 -6.835994364338444929e-02 -2.906202926071382642e+00 8.342578376925755546e-01
6.341367285555165045e-01 -1.487862692708803225e+00 -1.478267675458760477e+00 -7.396506280125959842e-02 -2.920162162669948103e+00 8.311024845426784324e-01
6.385733318243366208e-01 -1.506214166955693434e+00 -1.479120998750632632e+00 -7.959949884046886581e-02 -2.934099777864270564e+00 8.279408411941960866e-01
6.430085629337131126e-01 -1.524614489100841519e+00 -1.479982554922585347e+00 -8.526257923188557131e-02 -2.948014806837214508e+00 8.247727955022501334e-01
6.474420910424547593e-01 -1.543062977180835071e+00 -1.480852431318011586e+00 -9.095362865385181461e-02 -2.961906294337633305e+00 8.215982355113639057e-01
6.518735836300458830e-01 -1.561558938861224766e+00 -1.481730721836901576e+00 -9.667196940221775558e-02 -2.975773295117935646e+00 8.184170495020698377e-01
6.563027064743532923e-01 -1.580101671243463235e+00 -1.482617528260913753e+00 -1.024169218218789479e-01 -2.989614874385431165e+00 8.152291260378994320e-01
6.607291223468201302e-01 -1.598690465296027208e+00 -1.483512957428063217e+00 -1.081878002092926672e-01 -3.003430102338625396e+00 8.120343540055883214e-01
6.651524909900098370e-01 -1.617324605636851986e+00 -1.484417119967635479e+00 -1.139839131760517488e-01 -3.017218054664363436e+00 8.088326226554777287e-01
6.695724691182293187e-01 -1.636003370323430017e+00 -1.485330126367586434e+00 -1.198045639972022125e-01 -3.030977813006495936e+00 8.056238216423905474e-01
6.739887104916290061e-01 -1.654726030638413503e+00 -1.486252089137461763e+00 -1.256490509445241099e-01 -3.044708465406992026e+00 8.024078410666952710e-01
6.784008659510003536e-01 -1.673491850898775946e+00 -1.487183122336299457e+00 -1.315166676055506134e-01 -3.058409106721158288e+00 7.991845715158718555e-01
6.828085834615257310e-01 -1.692300088273654746e+00 -1.488123340532197414e+00 -1.374067031878692391e-01 -3.072078839007142292e+00 7.959539041061378661e-01
6.872115081766989597e-01 -1.711149992610061732e+00 -1.489072860343981786e+00 -1.433184428102859675e-01 -3.085716771892037968e+00 7.927157305242281682e-01
6.916092824742335887e-01 -1.730040806277817422e+00 -1.490031800114934857e+00 -1.492511677809496839e-01 -3.099322022915377062e+00 7.894699430692536657e-01
6.960015459981478969e-01 -1.748971764021983288e+00 -1.491000280042092285e+00 -1.552041558634495444e-01 -3.112893717851679121e+00 7.862164346948817828e-01
7.003879356990082572e-01 -1.767942092826819911e+00 -1.491978422293979589e+00 -1.611766815303148637e-01 -3.126430991011997840e+00 7.829550990513195474e-01
7.047680858723477382e-01 -1.786951011790022692e+00 -1.492966352017119025e+00 -1.671680162065236896e-01 -3.139932985527781106e+00 7.796858305276078704e-01
7.091416281782859654e-01 -1.805997732010461876e+00 -1.493964197532219540e+00 -1.731774285016326742e-01 -3.153398853616029562e+00 7.764085242936968889e-01
7.135081916576707650e-01 -1.825081456484947795e+00 -1.494972089277971428e+00 -1.792041844317393551e-01 -3.166827756827514939e+00 7.731230763426401031e-01
7.178674027685100212e-01 -1.844201380008189561e+00 -1.495990160257453905e+00 -1.852475476320922243e-01 -3.180218866279345136e+00 7.698293835326240897e-01
7.222188854144928616e-01 -1.863356689082805717e+00 -1.497018545529693156e+00 -1.913067795606424037e-01 -3.193571362872638097e+00 7.665273436289907760e-01
7.265622609837437684e-01 -1.882546561834034238e+00 -1.498057382068868959e+00 -1.973811396923811079e-01 -3.206884437495460816e+00 7.632168553460488836e-01
7.308971483909794120e-01 -1.901770167930301403e+00 -1.499106809652637429e+00 -2.034698857058000465e-01 -3.220157291212799144e+00 7.598978183887750149e-01
7.352231641034454590e-01 -1.921026668513811542e+00 -1.500166970370597541e+00 -2.095722736614780979e-01 -3.233389135443935025e+00 7.565701334943343292e-01
7.395399221766725262e-01 -1.940315216133661425e+00 -1.501238009982723609e+00 -2.156875581734711556e-01 -3.246579192128181468e+00 7.532337024734010456e-01
7.438470342652108158e-01 -1.959634954691724440e+00 -1.502320077140106402e+00 -2.218149925734297090e-01 -3.259726693879207104e+00 7.498884282512157107e-01
7.481441096489883646e-01 -1.978985019388612043e+00 -1.503413322356237369e+00 -2.279538290690210356e-01 -3.272830884129817264e+00 7.465342149084225332e-01
7.524307552805626909e-01 -1.998364536670418579e+00 -1.504517899708428974e+00 -2.341033188949414312e-01 -3.285891017265714531e+00 7.431709677215262433e-01
7.567065758005507847e-01 -2.017772624186594754e+00 -1.505633965112712858e+00 -2.402627124584118812e-01 -3.298906358750430812e+00 7.397985932032321577e-01
7.609711735879508554e-01 -2.037208390745743891e+00 -1.506761678459683118e+00 -2.464312594793886813e-01 -3.311876185241824366e+00 7.364169991424450723e-01
7.652241487698604461e-01 -2.056670936281763673e+00 -1.507901203140554314e+00 -2.526082091251165007e-01 -3.324799784699959737e+00 7.330260946439195457e-01
7.694650992418422542e-01 -2.076159351822453480e+00 -1.509052705912095060e+00 -2.587928101397385383e-01 -3.337676456487329801e+00 7.296257901675459179e-01
7.736936206919787784e-01 -2.095672719459223288e+00 -1.510216356702554830e+00 -2.649843109692473497e-01 -3.350505511461856933e+00 7.262159975673296852e-01
7.779093066302433801e-01 -2.115210112319157787e+00 -1.511392328784887384e+00 -2.711819598815926602e-01 -3.363286272062643967e+00 7.227966301299521001e-01
7.821117484164350486e-01 -2.134770594540604804e+00 -1.512580798577578323e+00 -2.773850050829822500e-01 -3.376018072389562974e+00 7.193676026129215417e-01
7.863005352934197001e-01 -2.154353221248743289e+00 -1.513781946085762886e+00 -2.835926948303002515e-01 -3.388700258276860389e+00 7.159288312823989253e-01
7.904752544138931025e-01 -2.173957038535801800e+00 -1.514995954866378725e+00 -2.898042775392924986e-01 -3.401332187360518233e+00 7.124802339506010052e-01
7.946354908694502894e-01 -2.193581083442093238e+00 -1.516223012387865499e+00 -2.960190018885521246e-01 -3.413913229139550864e+00 7.090217300127515943e-01
7.987808277147055991e-01 -2.213224383940739948e+00 -1.517463310194375081e+00 -3.022361169210482368e-01 -3.426442765032986060e+00 7.055532404836005744e-01
8.029108459902279948e-01 -2.232885958923460201e+00 -1.518717043691920399e+00 -3.084548721418521877e-01 -3.438920188431345615e+00 7.020746880335324569e-01
8.070251247517665760e-01 -2.252564818186558959e+00 -1.519984411482561137e+00 -3.146745176126817256e-01 -3.451344904743337771e+00 6.985859970242151995e-01
8.111232411148429078e-01 -2.272259962415322576e+00 -1.521265616790027586e+00 -3.208943040441243344e-01 -3.463716331438529750e+00 6.950870935437943876e-01
8.152047702737790225e-01 -2.291970383175474524e+00 -1.522560867685883057e+00 -3.271134828842282571e-01 -3.476033898085064244e+00 6.915779054416726357e-01
8.192692855186531897e-01 -2.311695062904889575e+00 -1.523870378619804900e+00 -3.333313064051615093e-01 -3.488297046383866729e+00 6.880583623627432033e-01
8.233163582245250911e-01 -2.331432974913401956e+00 -1.525194369087495394e+00 -3.395470277867539410e-01 -3.500505230198426965e+00 6.845283957812328124e-01
8.273455578693693635e-01 -2.351183083376216842e+00 -1.526533065466881611e+00 -3.457599011986468573e-01 -3.512657915581742785e+00 6.809879390339417249e-01
8.313564520186599305e-01 -2.370944343334969950e+00 -1.527886699572284845e+00 -3.519691818793390103e-01 -3.524754580798955317e+00 6.774369273531021252e-01
8.353486063416855067e-01 -2.390715700693167634e+00 -1.529255506116037333e+00 -3.581741262136006743e-01 -3.536794716347000822e+00 6.738752978986812803e-01
8.393215846817351222e-01 -2.410496092202375706e+00 -1.530639720863959941e+00 -3.643739918078592321e-01 -3.548777824970912320e+00 6.703029897901870982e-01
8.432749491664216501e-01 -2.430284445440407559e+00 -1.532039576923132751e+00 -3.705680375641222657e-01 -3.560703421677466451e+00 6.667199441379170199e-01
8.472082603955000124e-01 -2.450079678774716996e+00 -1.533455308528154148e+00 -3.767555237518614986e-01 -3.572571033745506774e+00 6.631261040737306267e-01
8.511210775576373289e-01 -2.469880701342526130e+00 -1.534887156459548097e+00 -3.829357120785872315e-01 -3.584380200733707333e+00 6.595214147812498151e-01
8.550129584427046403e-01 -2.489686413050893776e+00 -1.536335393951109740e+00 -3.891078657595029577e-01 -3.596130474486121997e+00 6.559058235256701730e-01
8.588834589434506395e-01 -2.509495704677458860e+00 -1.537800301959034721e+00 -3.952712495835853934e-01 -3.607821419133328433e+00 6.522792796828740247e-01
8.627321330497356167e-01 -2.529307457872342013e+00 -1.539282161043793007e+00 -4.014251299806184115e-01 -3.619452611092833116e+00 6.486417347680728529e-01
8.665585330082065108e-01 -2.549120545129040849e+00 -1.540781249583171642e+00 -4.075687750872296622e-01 -3.631023639067223030e+00 6.449931424638808419e-01
8.703622095219680777e-01 -2.568933829747796160e+00 -1.542297846945202000e+00 -4.137014548119242185e-01 -3.642534104039985898e+00 6.413334586478663946e-01
8.741427118924148809e-01 -2.588746165811443234e+00 -1.543832239456947475e+00 -4.198224408999593482e-01 -3.653983619269712158e+00 6.376626414195804005e-01
8.778995880476904157e-01 -2.608556398183743852e+00 -1.545384723044743280e+00 -4.259310069975544844e-01 -3.665371810282245235e+00 6.339806511269583389e-01
8.816323845236648804e-01 -2.628363362517807111e+00 -1.546955601248867662e+00 -4.320264287158513961e-01 -3.676698314861049255e+00 6.302874503922540894e-01
8.853406464890553051e-01 -2.648165885254799790e+00 -1.548545184192302138e+00 -4.381079836944273831e-01 -3.687962783035656500e+00 6.265830041373016135e-01
8.890239177959308181e-01 -2.667962783618296640e+00 -1.550153791747523657e+00 -4.441749516648512142e-01 -3.699164877068602308e+00 6.228672796082986851e-01
8.926817409727234587e-01 -2.687752865619837728e+00 -1.551781751765348272e+00 -4.502266145142387321e-01 -3.710304271440674206e+00 6.191402463999784445e-01
8.963136572575460814e-01 -2.707534930056717748e+00 -1.553429400015469142e+00 -4.562622563490954519e-01 -3.721380652834766600e+00 6.154018764791667762e-01
8.999192066382148969e-01 -2.727307766509097675e+00 -1.555097081024102046e+00 -4.622811635595147628e-01 -3.732393720118257541e+00 6.116521442077915705e-01
9.034979278814295744e-01 -2.747070155338815489e+00 -1.556785147543637393e+00 -4.682826248837713701e-01 -3.743343184323987494e+00 6.078910263653457546e-01
9.070493585784304980e-01 -2.766820867685596319e+00 -1.558493959828316289e+00 -4.742659314734988252e-01 -3.754228768629861435e+00 6.041185021707402569e-01
9.105730352110853465e-01 -2.786558665459360817e+00 -1.560223887934552023e+00 -4.802303769597364713e-01 -3.765050208337303417e+00 6.003345533036271719e-01
9.140684931789417877e-01 -2.806282301339749985e+00 -1.561975310761954505e+00 -4.861752575197945125e-01 -3.775807250848419727e+00 5.965391639250364753e-01
9.175352668519732857e-01 -2.825990518771751780e+00 -1.563748616916140088e+00 -4.920998719449601877e-01 -3.786499655641906159e+00 5.927323206975538827e-01
9.209728896133528853e-01 -2.845682051963922099e+00 -1.565544204683803953e+00 -4.980035217095545308e-01 -3.797127194247887694e+00 5.889140128047761769e-01
9.243808939095672361e-01 -2.865355625884379087e+00 -1.567362482214686770e+00 -5.038855110411495364e-01 -3.807689650221610655e+00 5.850842319702429517e-01
9.277588113045076579e-01 -2.885009956255295549e+00 -1.569203868756886111e+00 -5.097451469923047762e-01 -3.818186819116141884e+00 5.812429724757305349e-01
9.311061725168496839e-01 -2.904643749551819809e+00 -1.571068793964772947e+00 -5.155817395142321402e-01 -3.828618508454228575e+00 5.773902311790378716e-01
9.344225074790590835e-01 -2.924255702997233364e+00 -1.572957698551039840e+00 -5.213946015315231719e-01 -3.838984537698729049e+00 5.735260075310575356e-01
9.377073453915569790e-01 -2.943844504558500219e+00 -1.574871034818309923e+00 -5.271830490190183571e-01 -3.849284738222250368e+00 5.696503035923904390e-01
9.409602147752109680e-01 -2.963408832943181359e+00 -1.576809267332822451e+00 -5.329464010806161944e-01 -3.859518953275763664e+00 5.657631240491882707e-01
9.441806435192867664e-01 -2.982947357597438121e+00 -1.578772873340020144e+00 -5.386839800301123082e-01 -3.869687037956224707e+00 5.618644762284925598e-01
9.473681589303619699e-01 -3.002458738702225460e+00 -1.580762343619738441e+00 -5.443951114742446862e-01 -3.879788859173176618e+00 5.579543701129284772e-01
9.505222877741263954e-01 -3.021941627172579636e+00 -1.582778181643001991e+00 -5.500791243982102730e-01 -3.889824295614477734e+00 5.540328183548396401e-01
9.536425563435080299e-01 -3.041394664651920543e+00 -1.584820903400184555e+00 -5.557353512535093687e-01 -3.899793237710941440e+00 5.500998362897991933e-01
9.567284905401136630e-01 -3.060816483504388508e+00 -1.586891039120173152e+00 -5.613631280484129293e-01 -3.909695587599997246e+00 5.461554419494679680e-01
9.597796159327423027e-01 -3.080205706811701916e+00 -1.588989134593422170e+00 -5.669617944412587152e-01 -3.919531259088458341e+00 5.421996560739754667e-01
9.627954578012145603e-01 -3.099560948371191671e+00 -1.591115751564356584e+00 -5.725306938365745113e-01 -3.929300177614225120e+00 5.382325021236398221e-01
9.657755411832960046e-01 -3.118880812691847915e+00 -1.593271467015952458e+00 -5.780691734831757689e-01 -3.939002280208409701e+00 5.342540062900422715e-01
9.687193909480409371e-01 -3.138163894988547753e+00 -1.595456873177925727e+00 -5.835765845763154491e-01 -3.948637515454934466e+00 5.302641975065108815e-01
9.716265318813930296e-01 -3.157408781174749990e+00 -1.597672579364766809e+00 -5.890522823627757365e-01 -3.958205843448888039e+00 5.262631074579408041e-01
9.744964887491109895e-01 -3.176614047860154777e+00 -1.599919211452878853e+00 -5.944956262495267874e-01 -3.967707235753918482e+00 5.222507705900594210e-01
9.773287863827400113e-01 -3.195778262343685228e+00 -1.602197411777596336e+00 -5.999059799154229378e-01 -3.977141675358274675e+00 5.182272241181068440e-01
9.801229497808612301e-01 -3.214899982602262618e+00 -1.604507842569564025e+00 -6.052827114267982367e-01 -3.986509156630603457e+00 5.141925080348453969e-01
9.828785041588048443e-01 -3.233977757290264599e+00 -1.606851186372715956e+00 -6.106251933564086354e-01 -3.995809685273576051e+00 5.101466651180025513e-01
9.855949750052872549e-01 -3.253010125738797775e+00 -1.609228146496234801e+00 -6.159328029043467101e-01 -4.005043278275265628e+00 5.060897409371570843e-01
9.882718881453713689e-01 -3.271995617952942581e+00 -1.611639447405200265e+00 -6.212049220243299752e-01 -4.014209963860007058e+00 5.020217838599093652e-01
9.909087698119436460e-01 -3.290932754609202426e+00 -1.614085835429585503e+00 -6.264409375571640126e-01 -4.023309781439659005e+00 4.979428450573754050e-01
9.935051467202880016e-01 -3.309820047052750347e+00 -1.616568078828455324e+00 -6.316402413639183866e-01 -4.032342781560882550e+00 4.938529785092864444e-01
9.960605461584746134e-01 -3.328655997292210955e+00 -1.619086969054367886e+00 -6.368022304642068088e-01 -4.041309025851527181e+00 4.897522410084652056e-01
9.985744960713498486e-01 -3.347439097994814539e+00 -1.621643321977410679e+00 -6.419263071798584352e-01 -4.050208586966098423e+00 4.856406921645941011e-01
1.001046525140268040e+00 -3.366167832484417310e+00 -1.624237976590156896e+00 -6.470118792816252906e-01 -4.059041548528810495e+00 4.815183944075689948e-01
1.003476162906295821e+00 -3.384840674733249344e+00 -1.626871798009625225e+00 -6.520583601391691797e-01 -4.067808005074232014e+00 4.773854129901056731e-01
1.005862939856848381e+00 -3.403456089359866432e+00 -1.629545681124989098e+00 -6.570651688760167364e-01 -4.076508061986482190e+00 4.732418159898892362e-01
1.008206387465103049e+00 -3.422012531632633525e+00 -1.632260548905843045e+00 -6.620317305325253976e-01 -4.085141835438341751e+00 4.690876743110112823e-01
1.010506038283029984e+00 -3.440508447466747555e+00 -1.635017351989743517e+00 -6.669574762277481472e-01 -4.093709452325436260e+00 4.649230616849798214e-01
1.012761426064559211e+00 -3.458942273418471380e+00 -1.637817071926844337e+00 -6.718418433249105925e-01 -4.102211050197789532e+00 4.607480546709981084e-01
1.014972085852105632e+00 -3.477312436684885100e+00 -1.640660720862965993e+00 -6.766842756070349241e-01 -4.110646777191966805e+00 4.565627326557532006e-01
1.017137554093290985e+00 -3.495617355099907009e+00 -1.643549344954785996e+00 -6.814842234558110556e-01 -4.119016791960286916e+00 4.523671778525517606e-01
1.019257368720520862e+00 -3.513855437135457116e+00 -1.646484024900893184e+00 -6.862411440326429135e-01 -4.127321263596217982e+00 4.481614752999500961e-01
1.021331069247317203e+00 -3.532025081901590369e+00 -1.649465877177251238e+00 -6.909545014682826336e-01 -4.135560371559170889e+00 4.439457128598905955e-01
1.023358196870061576e+00 -3.550124679144953888e+00 -1.652496055373596562e+00 -6.956237670531300044e-01 -4.143734305594811040e+00 4.397199812151216247e-01
1.025338294574424047e+00 -3.568152609249041873e+00 -1.655575751628338033e+00 -7.002484194347504687e-01 -4.151843265653693216e+00 4.354843738661449692e-01
1.027270907245503961e+00 -3.586107243234603281e+00 -1.658706199023453509e+00 -7.048279448191615559e-01 -4.159887461806559550e+00 4.312389871276077202e-01
1.029155581766765470e+00 -3.603986942762296586e+00 -1.661888672583917481e+00 -7.093618371738719119e-01 -4.167867114155233921e+00 4.269839201240580584e-01
1.030991867133890016e+00 -3.621790060134598477e+00 -1.665124490715537364e+00 -7.138495984409612971e-01 -4.175782452742897277e+00 4.227192747852392407e-01
1.032779314577285446e+00 -3.639514938296855462e+00 -1.668415018523659699e+00 -7.182907387536019428e-01 -4.183633717460530477e+00 4.184451558408688876e-01
1.034517477661093032e+00 -3.657159910841367711e+00 -1.671761669483859958e+00 -7.226847766568040843e-01 -4.191421157949761778e+00 4.141616708149184478e-01
1.036205912390536499e+00 -3.674723302011769555e+00 -1.675165905080277629e+00 -7.270312393332531986e-01 -4.199145033502401425e+00 4.098689300192276952e-01
1.037844177364787512e+00 -3.692203426702850066e+00 -1.678629239485212921e+00 -7.313296628372367714e-01 -4.206805612957871254e+00 4.055670465465395225e-01
1.039431833888184498e+00 -3.709598590466256951e+00 -1.682153241355324624e+00 -7.355795923270472825e-01 -4.214403174594108847e+00 4.012561362632198203e-01
1.040968446093179844e+00 -3.726907089516756422e+00 -1.685739537218722273e+00 -7.397805823057930219e-01 -4.221938006016304534e+00 3.969363178013941562e-01
1.042453581049475053e+00 -3.744127210739009115e+00 -1.689389812270903901e+00 -7.439321968660119744e-01 -4.229410404041312965e+00 3.926077125505137988e-01
1.043886808906421937e+00 -3.761257231692342273e+00 -1.693105815270514958e+00 -7.480340099444692248e-01 -4.236820674580414448e+00 3.882704446483837835e-01
1.045267703000504644e+00 -3.778295420619532052e+00 -1.696889358709070539e+00 -7.520856055775726468e-01 -4.244169132515971832e+00 3.839246409716617348e-01
1.046595840011631307e+00 -3.795240036452128152e+00 -1.700742322405979667e+00 -7.560865781547334574e-01 -4.251456101571026380e+00 3.795704311261003383e-01
1.047870800111849299e+00 -3.812089328817037881e+00 -1.704666657569430255e+00 -7.600365326862755788e-01 -4.258681914178693795e+00 3.752079474361224576e-01
1.049092167101692175e+00 -3.828841538045978155e+00 -1.708664391651016468e+00 -7.639350850751729372e-01 -4.265846911346558912e+00 3.708373249339492750e-01
1.050259528524587704e+00 -3.845494895186185147e+00 -1.712737629993668076e+00 -7.677818623922743058e-01 -4.272951442515978471e+00 3.664587013481950817e-01
1.051372475816677143e+00 -3.862047622009340486e+00 -1.716888559828348537e+00 -7.715765031519313810e-01 -4.279995865414948142e+00 3.620722170920819272e-01
1.052430604455347751e+00 -3.878497931019961875e+00 -1.721119452957703411e+00 -7.753186575988569862e-01 -4.286980545908814833e+00 3.576780152512011868e-01
1.053433514132356974e+00 -3.894844025463691572e+00 -1.725432670804403212e+00 -7.790079879905572602e-01 -4.293905857842437612e+00 3.532762415706984238e-01
1.054380808915801104e+00 -3.911084099335305098e+00 -1.729830670602868326e+00 -7.826441688938460262e-01 -4.300772182881081207e+00 3.488670444421100303e-01
1.055272097386980690e+00 -3.927216337388382605e+00 -1.734316009389623492e+00 -7.862268874829146936e-01 -4.307579910344923491e+00 3.444505748898374353e-01
1.056106992792910093e+00 -3.943238915143776779e+00 -1.738891346954243522e+00 -7.897558438438470052e-01 -4.314329437038935566e+00 3.400269865571315941e-01
1.056885113235665363e+00 -3.959149998894861078e+00 -1.743559451894448831e+00 -7.932307512803502547e-01 -4.321021167076241731e+00 3.355964356916572577e-01
1.057606081852754620e+00 -3.974947745712731795e+00 -1.748323208040400534e+00 -7.966513366254005524e-01 -4.327655511696477220e+00 3.311590811306030502e-01
1.058269526988395270e+00 -3.990630303450063643e+00 -1.753185619504347370e+00 -8.000173405600898846e-01 -4.334232889079560280e+00 3.267150842855420789e-01
1.058875082383369914e+00 -4.006195810741899344e+00 -1.758149817858192687e+00 -8.033285179357444461e-01 -4.340753724153366910e+00 3.222646091267999391e-01
1.059422387355748008e+00 -4.021642397005476433e+00 -1.763219068414427104e+00 -8.065846380951694483e-01 -4.347218448393619816e+00 3.178078221674742743e-01
1.059911086992828322e+00 -4.036968182436199370e+00 -1.768396777245140772e+00 -8.097854852021998395e-01 -4.353627499619441288e+00 3.133448924471224917e-01
1.060340832349919049e+00 -4.052171277998417587e+00 -1.773686497488916158e+00 -8.129308585800483211e-01 -4.359981321784471398e+00 3.088759915150737223e-01
1.060711280673337864e+00 -4.067249785412616170e+00 -1.779091938307063581e+00 -8.160205730485600162e-01 -4.366280364759903776e+00 3.044012934133482617e-01
1.061022095614719385e+00 -4.082201797137207322e+00 -1.784616972650627797e+00 -8.190544592674950941e-01 -4.372525084112046656e+00 2.999209746594306836e-01
1.061272947463167915e+00 -4.097025396343140002e+00 -1.790265647378000979e+00 -8.220323640813046451e-01 -4.378715940872767831e+00 2.954352142285601168e-01
1.061463513368400946e+00 -4.111718656881397038e+00 -1.796042192745098021e+00 -8.249541508712354698e-01 -4.384853401304630971e+00 2.909441935357727771e-01
1.061593477573831823e+00 -4.126279643242075856e+00 -1.801951031490354405e+00 -8.278196999102278575e-01 -4.390937936659089935e+00 2.864480964177842925e-01
1.061662531675164445e+00 -4.140706410502605017e+00 -1.807996789428484297e+00 -8.306289087230213086e-01 -4.396970022928575084e+00 2.819471091144459263e-01
1.061670374892517144e+00 -4.154997004264194160e+00 -1.814184306943413594e+00 -8.333816924514545477e-01 -4.402950140592328587e+00 2.774414202500214421e-01
1.061616714353959434e+00 -4.169149460573921218e+00 -1.820518651846135816e+00 -8.360779842259288275e-01 -4.408878774356174368e+00 2.729312208142730123e-01
1.061501265382479353e+00 -4.183161805833714553e+00 -1.827005132306052770e+00 -8.387177355369181964e-01 -4.414756412884288217e+00 2.684167041432841128e-01
1.061323751798737058e+00 -4.197032056690352952e+00 -1.833649310528884691e+00 -8.413009166117727533e-01 -4.420583548524543716e+00 2.638980659000449980e-01
1.061083906242246799e+00 -4.210758219905357258e+00 -1.840457017249029548e+00 -8.438275167997121295e-01 -4.426360677028168489e+00 2.593755040548621493e-01
1.060781470513617375e+00 -4.224338292202451939e+00 -1.847434367484266593e+00 -8.462975449572979203e-01 -4.432088297261405074e+00 2.548492188655979707e-01
1.060416195935315331e+00 -4.237770260090500507e+00 -1.854587778338328885e+00 -8.487110298359198390e-01 -4.437766910909489049e+00 2.503194128579145361e-01
1.059987843719786271e+00 -4.251052099656263294e+00 -1.861923985239458457e+00 -8.510680204816136740e-01 -4.443397022175966882e+00 2.457862908052803330e-01
1.059496185383112410e+00 -4.264181776325432160e+00 -1.869450062373325894e+00 -8.533685866347818783e-01 -4.448979137473515699e+00 2.412500597089511645e-01
1.058941003166163908e+00 -4.277157244587075802e+00 -1.877173442922270619e+00 -8.556128191394718474e-01 -4.454513765109019197e+00 2.367109287778157711e-01
1.058322090486002010e+00 -4.289976447677047666e+00 -1.885101940847528246e+00 -8.578008303522161038e-01 -4.460001414960119703e+00 2.321691094081475559e-01
1.057639252417897469e+00 -4.302637317215551427e+00 -1.893243773516978479e+00 -8.599327545604471545e-01 -4.465442598145662245e+00 2.276248151633192829e-01
1.056892306219407551e+00 -4.315137772793341320e+00 -1.901607587682795586e+00 -8.620087484041354386e-01 -4.470837826688521588e+00 2.230782617534331214e-01
1.056081081876915295e+00 -4.327475721501010675e+00 -1.910202485875934331e+00 -8.640289913009528977e-01 -4.476187613170637292e+00 2.185296670151193887e-01
1.055205422695349338e+00 -4.339649057394820986e+00 -1.919038054483006350e+00 -8.659936858812957716e-01 -4.481492470381749804e+00 2.139792508913432867e-01
1.054265185936746230e+00 -4.351655660891131205e+00 -1.928124393374707868e+00 -8.679030584286384631e-01 -4.486752910960712271e+00 2.094272354111484657e-01
1.053260243517048389e+00 -4.363493398082206376e+00 -1.937472149084765061e+00 -8.697573593230261135e-01 -4.491969447028688833e+00 2.048738446696002080e-01
1.052190482748116107e+00 -4.375160119963791061e+00 -1.947092549194762379e+00 -8.715568634966811556e-01 -4.497142589816248481e+00 2.003193048078891203e-01
1.051055807143130627e+00 -4.386653661565163453e+00 -1.956997438622588792e+00 -8.733018708929788376e-01 -4.502272849282195288e+00 1.957638439935377173e-01
1.049856137296702352e+00 -4.397971840971944602e+00 -1.967199318992694845e+00 -8.749927069362760657e-01 -4.507360733725632507e+00 1.912076924007817258e-01
1.048591411839540521e+00 -4.409112458229929921e+00 -1.977711389835601574e+00 -8.766297230064735713e-01 -4.512406749389828775e+00 1.866510821911246676e-01
1.047261588485172812e+00 -4.420073294116510176e+00 -1.988547593423840798e+00 -8.782132969265127320e-01 -4.517411400059469173e+00 1.820942474941619760e-01
1.045866645167582654e+00 -4.430852108764952391e+00 -1.999722660625677495e+00 -8.797438334587376341e-01 -4.522375186650214651e+00 1.775374243887063164e-01
1.044406581300400871e+00 -4.441446640128275725e+00 -2.011252161591964516e+00 -8.812217648080650223e-01 -4.527298606790085778e+00 1.729808508842136383e-01
1.042881419148632416e+00 -4.451854602263175309e+00 -2.023152557689932518e+00 -8.826475511391533857e-01 -4.532182154393747275e+00 1.684247669025354388e-01
1.041291205345880932e+00 -4.462073683417141723e+00 -2.035441257641489088e+00 -8.840216811076174741e-01 -4.537026319229592985e+00 1.638694142600929660e-01
1.039636012560227973e+00 -4.472101543897107234e+00 -2.048136676935224720e+00 -8.853446724027956849e-01 -4.541831586478722649e+00 1.593150366504303139e-01
1.037915941325452840e+00 -4.481935813697877080e+00 -2.061258294853811179e+00 -8.866170723037082313e-01 -4.546598436285420597e+00 1.547618796272694497e-01
1.036131122115141467e+00 -4.491574089869425634e+00 -2.074826715626414408e+00 -8.878394582529597345e-01 -4.551327343300767048e+00 1.502101905880948440e-01
1.034281717667304479e+00 -4.501013933601340611e+00 -2.088863734333666233e+00 -8.890124384478531594e-01 -4.556018776216728128e+00 1.456602187582765051e-01
1.032367925566173961e+00 -4.510252866987049636e+00 -2.103392403956887868e+00 -8.901366524505137656e-01 -4.560673197293816372e+00 1.411122151758503196e-01
1.030389981125066523e+00 -4.519288369439221853e+00 -2.118437102362367597e+00 -8.912127718194983172e-01 -4.565291061880692780e+00 1.365664326769167602e-01
1.028348160624568797e+00 -4.528117873725613585e+00 -2.134023597676579342e+00 -8.922415007643706986e-01 -4.569872817925468844e+00 1.320231258817848308e-01
1.026242784972335453e+00 -4.536738761595038305e+00 -2.150179111894686468e+00 -8.932235768256145958e-01 -4.574418905478541575e+00 1.274825511818719614e-01
1.024074223849650300e+00 -4.545148358959737678e+00 -2.166932378475797449e+00 -8.941597715827021009e-01 -4.578929756186798983e+00 1.229449667273901231e-01
1.021842900442164082e+00 -4.553343930605509016e+00 -2.184313692673889307e+00 -8.950508913935463218e-01 -4.583405792779004173e+00 1.184106324159891893e-01
1.019549296852629627e+00 -4.561322674401581345e+00 -2.202354950112388465e+00 -8.958977781686178199e-01 -4.587847428542081829e+00 1.138798098823336907e-01
1.017193960317394064e+00 -4.569081714986868548e+00 -2.221089670538586081e+00 -8.967013101835548117e-01 -4.592255066787988227e+00 1.093527624886913296e-01
1.014777510352309342e+00 -4.576618096910024747e+00 -2.240553002048354170e+00 -8.974624029349174137e-01 -4.596629100310879679e+00 1.048297553166537832e-01
1.012300646961104444e+00 -4.583928777203112759e+00 -2.260781702475812782e+00 -8.981820100440617294e-01 -4.600969910834145971e+00 1.003110551600794181e-01
1.009764160027506907e+00 -4.591010617361022561e+00 -2.281814095410374499e+00 -8.988611242148161207e-01 -4.605277868446854939e+00 9.579693051930722458e-02
1.007168939987453715e+00 -4.597860374685984297e+00 -2.303689998690165552e+00 -8.995007782521377004e-01 -4.609553331029130341e+00 9.128765159675007734e-02
1.004515989850795155e+00 -4.604474692939988678e+00 -2.326450618191545860e+00 -9.001020461490781832e-01 -4.613796643665803998e+00 8.678349029395693304e-02
1.001806438663159771e+00 -4.610850092254502819e+00 -2.350138395580064543e+00 -9.006660442511584819e-01 -4.618008138047652089e+00 8.228472021027398442e-02
9.990415565719297231e-01 -4.616982958304168605e+00 -2.374796782214366520e+00 -9.011939325087379160e-01 -4.622188131859418014e+00 7.779161664328641812e-02
9.962227718820237943e-01 -4.622869530940538318e+00 -2.400469885385646762e+00 -9.016869158297015074e-01 -4.626336928153667039e+00 7.330445659114361023e-02
9.933516909102100279e-01 -4.628505892909033470e+00 -2.427201894799289494e+00 -9.021462455469105857e-01 -4.630454814709366040e+00 6.882351875689295129e-02
9.904301220961755359e-01 -4.633887960072795131e+00 -2.455036154039750063e+00 -9.025732210179759907e-01 -4.634542063373944920e+00 6.434908355498059063e-02
9.874601066174948372e-01 -4.639011475840919552e+00 -2.484013705308929509e+00 -9.029691913776523027e-01 -4.638598929387318215e+00 5.988143312022349563e-02
9.844439584265793908e-01 -4.643872014231237522e+00 -2.514171143253547402e+00 -9.033355574680781430e-01 -4.642625650686158956e+00 5.542085131939786247e-02
9.813843166103675131e-01 -4.648464997874540039e+00 -2.545537703485266867e+00 -9.036737739768058164e-01 -4.646622447164695302e+00 5.096762376574008602e-02
9.782842114120442467e-01 -4.652785738510154090e+00 -2.578131731797859594e+00 -9.039853518045641856e-01 -4.650589519792972304e+00 4.652203783672675258e-02
9.751471415461403502e-01 -4.656829505835065497e+00 -2.611957052997675000e+00 -9.042718607406415865e-01 -4.654527049842613451e+00 4.208438269537905646e-02
9.719771534369199273e-01 -4.660591625418017081e+00 -2.647000208824717316e+00 -9.045349324876417185e-01 -4.658435198081373407e+00 3.765494931556621905e-02
9.687789039999723517e-01 -4.664067593835110159e+00 -2.683229833821392685e+00 -9.047762641091831037e-01 -4.662314103932621023e+00 3.323403051175072287e-02
9.655576802047394214e-01 -4.667253180066284202e+00 -2.720599088138994759e+00 -9.049976219955664369e-01 -4.666163884595118105e+00 2.882192097384447468e-02
9.623193469690045632e-01 -4.670144462101545990e+00 -2.759050270078990952e+00 -9.052008464716170266e-01 -4.669984634117861688e+00 2.441891730792132217e-02
9.590702085843378910e-01 -4.672737744432229334e+00 -2.798516511485418246e+00 -9.053878572121126789e-01 -4.673776422423862265e+00 2.002531808374154523e-02
9.558168060252929532e-01 -4.675029352852814846e+00 -2.838908166520204723e+00 -9.055606596987134660e-01 -4.677539294455194785e+00 1.564142389028871233e-02
9.525657328812571212e-01 -4.677015471558730653e+00 -2.880062002955115386e+00 -9.057213530103066512e-01 -4.681273269112406155e+00 1.126753740102836958e-02
9.493236169075969233e-01 -4.678692555029654088e+00 -2.921624064511568974e+00 -9.058721393986730597e-01 -4.684978338096448702e+00 6.903963451114581394e-03
9.460974312939383069e-01 -4.680059484866810671e+00 -2.962842260705691455e+00 -9.060153362889074025e-01 -4.688654464682220357e+00 2.551009129648512327e-03
9.428951987525184819e-01 -4.681123497567003966e+00 -3.002278275301710320e+00 -9.061533916415690504e-01 -4.692301582440240537e+00 -1.791016108490118240e-03
9.397268821268667249e-01 -4.681912449630108775e+00 -3.037530975268591060e+00 -9.062889040223425230e-01 -4.695919593969327899e+00 -6.121800304474877760e-03
9.366047909355628143e-01 -4.682493555841627852e+00 -3.065236370320997050e+00 -9.064246490137980450e-01 -4.699508369838707011e+00 -1.044102882049646568e-02
9.335419219350948872e-01 -4.682980376713188342e+00 -3.081970646872264741e+00 -9.065636117862356791e-01 -4.703067748353841893e+00 -1.474838411196749757e-02
