9.216580134025721405e-01 -4.678820345747396026e+00 -3.158178206283638101e+00 -8.791541226902925832e-01 -4.745539024098128777e+00 1.057250743753513494e-01
9.216580134025721405e-01 -4.678820345747396026e+00 -3.158178206283638101e+00 -8.791541226902925832e-01 -4.745539024098128777e+00 1.057250743753513494e-01
9.215964596488680494e-01 -4.678813790728809430e+00 -3.153190313381365684e+00 -8.791209063758185227e-01 -4.745532149051701509e+00 1.056895664884689029e-01
9.214753392978767277e-01 -4.678801219052002303e+00 -3.143428655038097208e+00 -8.790547888434998569e-01 -4.745518436477559554e+00 1.056186697889835158e-01
9.212965744503748278e-01 -4.678783993614008097e+00 -3.129108771324304428e+00 -8.789560849629024508e-01 -4.745497927406423067e+00 1.055125034129790890e-01
9.210620585714274222e-01 -4.678764196907613915e+00 -3.110447624452568061e+00 -8.788251093664344316e-01 -4.745470666296124129e+00 1.053711865587473456e-01
9.207736407600511930e-01 -4.678744534799627708e+00 -3.087656902222091659e+00 -8.786621764286564051e-01 -4.745436700945417030e+00 1.051948384871887188e-01
9.204331819712012752e-01 -4.678728244968730188e+00 -3.060943037537483757e+00 -8.784676002573753584e-01 -4.745396082409770067e+00 1.049835785222109075e-01
9.200426150313730789e-01 -4.678719010250412147e+00 -3.030507232572464016e+00 -8.782416946853386364e-01 -4.745348864917514398e+00 1.047375260511251294e-01
9.196040052284406574e-01 -4.678720875333106655e+00 -2.996545487362742843e+00 -8.779847732624981305e-01 -4.745295105786366818e+00 1.044568005250399723e-01
9.191196087670786552e-01 -4.678738165546834082e+00 -2.959248632614822405e+00 -8.776971492488215842e-01 -4.745234865340325570e+00 1.041415214592530947e-01
9.185919268218742939e-01 -4.678775406831578998e+00 -2.918802366518633118e+00 -8.773791356076211523e-01 -4.745168206826957835e+00 1.037918084336406088e-01
9.180237533122699300e-01 -4.678837246335824318e+00 -2.875387295352139549e+00 -8.770310449993783397e-01 -4.745095196335071819e+00 1.034077810930442570e-01
9.174182148837083384e-01 -4.678928373451300082e+00 -2.829178977667626604e+00 -8.766531897760218017e-01 -4.745015902712796496e+00 1.029895591476562011e-01
9.167788019199913929e-01 -4.679053441418987269e+00 -2.780347971851107047e+00 -8.762458819756573369e-01 -4.744930397486061047e+00 1.025372623734016886e-01
9.161093897403331798e-01 -4.679216989928762338e+00 -2.729059886848416827e+00 -8.758094333176993374e-01 -4.744838754777495282e+00 1.020510106123193317e-01
9.154142494540064012e-01 -4.679423369370357300e+00 -2.675475435854057782e+00 -8.753441551983996982e-01 -4.744741051225743966e+00 1.015309237729394437e-01
9.146980482552482528e-01 -4.679676667569527382e+00 -2.619750492761760530e+00 -8.748503586867365511e-01 -4.744637365905211901e+00 1.009771218306600160e-01
9.139658392377500995e-01 -4.679980639957134869e+00 -2.562036151179069687e+00 -8.743283545206382845e-01 -4.744527780246241555e+00 1.003897248281206550e-01
9.132230410862245407e-01 -4.680338644170265461e+00 -2.502478785812015882e+00 -8.737784531035223123e-01 -4.744412377955731230e+00 9.976885287557418769e-02
9.124754082558199642e-01 -4.680753580076550513e+00 -2.441220116030155207e+00 -8.732009645011180599e-01 -4.744291244938194652e+00 9.911462615125621323e-02
9.117289924720923810e-01 -4.681227836151193422e+00 -2.378397271426918369e+00 -8.725961984385623982e-01 -4.744164469217279745e+00 9.842716490175239252e-02
9.109900965690711505e-01 -4.681763243028870924e+00 -2.314142859195317925e+00 -8.719644642977372184e-01 -4.744032140857736835e+00 9.770658944236380872e-02
9.102652218262881068e-01 -4.682361034909112263e+00 -2.248585033144587353e+00 -8.713060711148191695e-01 -4.743894351887857574e+00 9.695302015747019053e-02
9.095610100648937602e-01 -4.683021819324562074e+00 -2.181847564189256516e+00 -8.706213275780397831e-01 -4.743751196222377509e+00 9.616657750089085965e-02
9.088841818176583986e-01 -4.683745555597583099e+00 -2.114049912148443511e+00 -8.699105420256211252e-01 -4.743602769585858248e+00 9.534738199624391564e-02
9.082414718993405689e-01 -4.684531542122279291e+00 -2.045307298699725607e+00 -8.691740224438477824e-01 -4.743449169436547486e+00 9.449555423730320036e-02
9.076395636761670493e-01 -4.685378412425912131e+00 -1.975730781338798980e+00 -8.684120764652691893e-01 -4.743290494890720410e+00 9.361121488835277837e-02
9.070850232711855643e-01 -4.686284139793686521e+00 -1.905427328203155746e+00 -8.676250113670118669e-01 -4.743126846647519379e+00 9.269448468453969636e-02
9.065842348524265626e-01 -4.687246050090410954e+00 -1.834499893625170186e+00 -8.668131340691908049e-01 -4.742958326914283873e+00 9.174548443222484140e-02
9.061433380402171833e-01 -4.688260842285694174e+00 -1.763047494287197203e+00 -8.659767511333871237e-01 -4.742785039332389374e+00 9.076433500933162035e-02
9.057681683458801425e-01 -4.689324616088414999e+00 -1.691165285858505118e+00 -8.651161687611684803e-01 -4.742607088903583623e+00 8.975115736569250213e-02
9.054642014233365011e-01 -4.690432906021487547e+00 -1.618944640001016788e+00 -8.642316927926557701e-01 -4.742424581916846904e+00 8.870607252339370030e-02
9.052365017839613115e-01 -4.691580721218089778e+00 -1.546473221637867379e+00 -8.633236287050886082e-01 -4.742237625875758589e+00 8.762920157711781566e-02
9.050896764985050247e-01 -4.692762590192984362e+00 -1.473835066385655201e+00 -8.623922816113749334e-01 -4.742046329426393925e+00 8.652066569448445266e-02
9.050278342917744689e-01 -4.693972609833732434e+00 -1.401110658057906244e+00 -8.614379562586208516e-01 -4.741850802285744848e+00 8.538058611638869866e-02
9.050545503285224447e-01 -4.695204497862635939e+00 -1.328377006153676376e+00 -8.604609570265993046e-01 -4.741651155170671039e+00 8.420908415733770191e-02
9.051728368937584923e-01 -4.696451648037046844e+00 -1.255707723251323404e+00 -8.594615879261691127e-01 -4.741447499727393655e+00 8.300628120578538993e-02
9.053851200874538652e-01 -4.697707187379553062e+00 -1.183173102233292973e+00 -8.584401525976148584e-01 -4.741239948461530851e+00 8.177229872446523107e-02
9.056932225814185999e-01 -4.698964034757379338e+00 -1.110840193273237464e+00 -8.573969543088852951e-01 -4.741028614668679531e+00 8.050725825072092834e-02
9.060983524233854336e-01 -4.700214960159585509e+00 -1.038772880521931397e+00 -8.563322959537137402e-01 -4.740813612365549545e+00 7.921128139683505931e-02
9.066010978180530921e-01 -4.701452644049844309e+00 -9.670319584332444096e-01 -8.552464800496004660e-01 -4.740595056221660997e+00 7.788448985035600902e-02
9.072014277649762537e-01 -4.702669736200843609e+00 -8.956752076758898173e-01 -8.541398087356456559e-01 -4.740373061491595763e+00 7.652700537442275186e-02
9.078986983868249094e-01 -4.703858913443732526e+00 -8.247574705807757534e-01 -8.530125837702294822e-01 -4.740147743947825454e+00 7.513894980808738522e-02
9.086916647371220401e-01 -4.705012935792984408e+00 -7.543307260775649059e-01 -8.518651065285208768e-01 -4.739919219814112239e+00 7.372044506663631702e-02
9.095784978330290205e-01 -4.706124700434662245e+00 -6.844441640775047464e-01 -8.506976779997806881e-01 -4.739687605699481665e+00 7.227161314190938546e-02
9.105568066155579343e-01 -4.707187293095461911e+00 -6.151442592627346384e-01 -8.495105987844472351e-01 -4.739453018532786110e+00 7.079257610261702194e-02
9.116236644967774527e-01 -4.708194036342345790e+00 -5.464748442451272670e-01 -8.483041690910141375e-01 -4.739215575497855326e+00 6.928345609465549892e-02
9.127756401116625673e-01 -4.709138534399198051e+00 -4.784771820602968795e-01 -8.470786887326526848e-01 -4.738975393969237615e+00 6.774437534142044304e-02
9.140088318521650823e-01 -4.710014714108497813e+00 -4.111900379647268067e-01 -8.458344571235931753e-01 -4.738732591448543197e+00 6.617545614411761423e-02
9.153189057240604942e-01 -4.710816861713042591e+00 -3.446497505060532873e-01 -8.445717732752646700e-01 -4.738487285501394197e+00 6.457682088207253313e-02
9.167011360345442839e-01 -4.711539655185227993e+00 -2.788903018384124022e-01 -8.432909357921456461e-01 -4.738239593694985707e+00 6.294859201303824869e-02
9.181504483917758419e-01 -4.712178191888996892e+00 -2.139433872564376338e-01 -8.419922428673420889e-01 -4.737989633536256129e+00 6.129089207350086471e-02
9.196614644779010916e-01 -4.712728011421376983e+00 -1.498384839230071375e-01 -8.406759922778381799e-01 -4.737737522410683688e+00 5.960384367898335228e-02
9.212285480455527642e-01 -4.713185113545494964e+00 -8.660291876720567494e-02 -8.393424813794584383e-01 -4.737483377521707339e+00 5.788756952434720437e-02
9.228458515852141497e-01 -4.713545971193631168e+00 -2.426193553020754984e-02 -8.379920071015116712e-01 -4.737227315830782715e+00 5.614219238409243889e-02
9.245073631175282358e-01 -4.713807538585595758e+00 3.716123906207408761e-02 -8.366248659410819855e-01 -4.736969453998068680e+00 5.436783511265588092e-02
9.262069525806778669e-01 -4.713967254572959398e+00 9.764533001966942127e-02 -8.352413539570051615e-01 -4.736709908323765816e+00 5.256462064470727308e-02
9.279384173080191811e-01 -4.714023041381667944e+00 1.571709497181584259e-01 -8.338417667637818553e-01 -4.736448794690131692e+00 5.073267199544360256e-02
9.296955261245474222e-01 -4.713973298982960358e+00 2.157205344621631049e-01 -8.324263995248114556e-01 -4.736186228504116968e+00 4.887211226088158944e-02
9.314720616315230739e-01 -4.713816895373762250e+00 2.732782819966735888e-01 -8.309955469452816601e-01 -4.735922324640664094e+00 4.698306461814865526e-02
9.332618602955131681e-01 -4.713553153091949000e+00 3.298300899825524213e-01 -8.295495032646544864e-01 -4.735657197386663242e+00 4.506565232577160879e-02
9.350588500098199196e-01 -4.713181832328156240e+00 3.853634954516677591e-01 -8.280885622487643705e-01 -4.735390960385589487e+00 4.311999872396397177e-02
9.368570848513289029e-01 -4.712703111023664349e+00 4.398676152562215891e-01 -8.266130171815192496e-01 -4.735123726582812331e+00 4.114622723491097311e-02
9.386507768127118068e-01 -4.712117562363109080e+00 4.933330875259188675e-01 -8.251231608561780950e-01 -4.734855608171583796e+00 3.914446136305307217e-02
9.404343243472294001e-01 -4.711426130081417085e+00 5.457520141456935203e-01 -8.236192855662436418e-01 -4.734586716539727291e+00 3.711482469536731693e-02
9.422023376197257161e-01 -4.710630102006772013e+00 5.971179042657620561e-01 -8.221016830959340105e-01 -4.734317162217013930e+00 3.505744090164696763e-02
9.439496604115760192e-01 -4.709731082256127799e+00 6.474256188548040969e-01 -8.205706447102131262e-01 -4.734047054823240508e+00 3.297243373477927453e-02
9.456713886782731615e-01 -4.708730962487539529e+00 6.966713163060656022e-01 -8.190264611443965892e-01 -4.733776503017020687e+00 3.085992703102128504e-02
9.473628858051604817e-01 -4.707631892595188106e+00 7.448523991051501092e-01 -8.174694225933026859e-01 -4.733505614445280507e+00 2.872004471027398212e-02
9.490197946488572178e-01 -4.706436251209472843e+00 7.919674615672245288e-01 -8.158998186999787405e-01 -4.733234495693484867e+00 2.655291077635442420e-02
9.506380464887094206e-01 -4.705146616336818965e+00 8.380162386502854055e-01 -8.143179385439579532e-01 -4.732963252236579876e+00 2.435864931726599777e-02
9.522138670438559105e-01 -4.703765736442979239e+00 8.829995558500481900e-01 -8.127240706290650429e-01 -4.732691988390675064e+00 2.213738450546681724e-02
9.537437797371219883e-01 -4.702296502250558063e+00 9.269192801809292837e-01 -8.111185028707539324e-01 -4.732420807265462770e+00 1.988924059813635195e-02
9.552246064069898068e-01 -4.700741919487139597e+00 9.697782722464780569e-01 -8.095015225830137773e-01 -4.732149810717376504e+00 1.761434193744019355e-02
9.566534656835549155e-01 -4.699105082785657750e+00 1.011580339401499495e+00 -8.078734164647668470e-01 -4.731879099303513136e+00 1.531281295079267406e-02
9.580277692539426182e-01 -4.697389150904220934e+00 1.052330190007014998e+00 -8.062344705858127680e-01 -4.731608772236302052e+00 1.298477815111812733e-02
9.593452162475419875e-01 -4.695597323399157474e+00 1.092033388778092862e+00 -8.045849703723160218e-01 -4.731338927338945233e+00 1.063036213710987811e-02
9.606037859720559791e-01 -4.693732818853150413e+00 1.130696313223506388e+00 -8.029252005918035007e-01 -4.731069661001625626e+00 8.249689593487652406e-03
9.618017292282773356e-01 -4.691798854730378388e+00 1.168326111175097992e+00 -8.012554453376787844e-01 -4.730801068138493548e+00 5.842885291252818657e-03
9.629375584251869125e-01 -4.689798628902930311e+00 1.204930659403682158e+00 -7.995759880132449204e-01 -4.730533242145440020e+00 3.410074087941862911e-03
9.640100367079719179e-01 -4.687735302867676701e+00 1.240518523317298838e+00 -7.978871113152598005e-01 -4.730266274858656139e+00 9.513809278782377199e-04
9.650181663003770671e-01 -4.685611986650290994e+00 1.275098917736636306e+00 -7.961890972170091452e-01 -4.730000256513995360e+00 -1.533069157577783906e-03
9.659611762499258347e-01 -4.683431725373496057e+00 1.308681668741495052e+00 -7.944822269508899915e-01 -4.729735275707133368e+00 -4.043151049781541773e-03
9.668385097504458292e-01 -4.681197487449582972e+00 1.341277176581222363e+00 -7.927667809905369900e-01 -4.729471419354545070e+00 -6.578739542557936193e-03
9.676498112014035868e-01 -4.678912154343006335e+00 1.372896379641179276e+00 -7.910430390324507677e-01 -4.729208772655296045e+00 -9.139709341957191063e-03
9.683949131481910388e-01 -4.676578511837122143e+00 1.403550719456460261e+00 -7.893112799771384580e-01 -4.728947419053656454e+00 -1.172593506601267432e-02
9.690738232320276202e-01 -4.674199242729806691e+00 1.433252106763279743e+00 -7.875717819097890482e-01 -4.728687440202547165e+00 -1.433729124450040110e-02
9.696867112628263508e-01 -4.671776920875626793e+00 1.462012888577689074e+00 -7.858248220804540107e-01 -4.728428915927824328e+00 -1.697365231870052310e-02
9.702338965134674753e-01 -4.669314006487171653e+00 1.489845816290583880e+00 -7.840706768837674145e-01 -4.728171924193401487e+00 -1.963489264116081295e-02
9.707158353196049250e-01 -4.666812842604963762e+00 1.516764014767278956e+00 -7.823096218381768718e-01 -4.727916541067232359e+00 -2.232088647546198040e-02
9.711331090555632706e-01 -4.664275652643745218e+00 1.542780952439320341e+00 -7.805419315647057488e-01 -4.727662840688140911e+00 -2.503150799598481344e-02
9.714864125441668996e-01 -4.661704538922792018e+00 1.567910412375634444e+00 -7.787678797652527463e-01 -4.727410895233518318e+00 -2.776663128767936639e-02
9.717765429465693439e-01 -4.659101482088908064e+00 1.592166464319568986e+00 -7.769877392004168604e-01 -4.727160774887892103e+00 -3.052613034583598339e-02
9.720043891673535441e-01 -4.656468341342820061e+00 1.615563437677895120e+00 -7.752017816668688166e-01 -4.726912547812366583e+00 -3.330987907585836183e-02
9.721709218003913300e-01 -4.653806855382561558e+00 1.638115895447401105e+00 -7.734102779742647593e-01 -4.726666280114952379e+00 -3.611775129303831239e-02
9.722771836321704164e-01 -4.651118643980985290e+00 1.659838609064299364e+00 -7.716134979216965339e-01 -4.726422035821777889e+00 -3.894962072233251749e-02
9.723242807115124453e-01 -4.648405210118602859e+00 1.680746534161305261e+00 -7.698117102737112027e-01 -4.726179876849201378e+00 -4.180536099814120138e-02
9.723133739877775072e-01 -4.645667942597378364e+00 1.700854787216919739e+00 -7.680051827358768124e-01 -4.725939862976826333e+00 -4.468484566408856273e-02
9.722456715137361982e-01 -4.642908119065812578e+00 1.720178623081168867e+00 -7.661941819299284973e-01 -4.725702051821414784e+00 -4.758794817280539297e-02
9.721224212042460788e-01 -4.640126909390467347e+00 1.738733413361788216e+00 -7.643789733684686061e-01 -4.725466498811725202e+00 -5.051454188571362358e-02
9.719449041376237997e-01 -4.637325379313995022e+00 1.756534625654631032e+00 -7.625598214292382826e-01 -4.725233257164267009e+00 -5.346450007281266376e-02
9.717144283831048446e-01 -4.634504494344621861e+00 1.773597803601900003e+00 -7.607369893289999130e-01 -4.725002377859977898e+00 -5.643769591246780570e-02
9.714323233349672071e-01 -4.631665123826811836e+00 1.789938547761627641e+00 -7.589107390969881406e-01 -4.724773909621835521e+00 -5.943400249120042028e-02
9.710999345316877474e-01 -4.628808045147519756e+00 1.805572497271731303e+00 -7.570813315479791861e-01 -4.724547898893404430e+00 -6.245329280348013712e-02
9.707186189368521845e-01 -4.625933948036925258e+00 1.820515312291852039e+00 -7.552490262549395039e-01 -4.724324389818331582e+00 -6.549543975151894681e-02
9.702897406573772754e-01 -4.623043438926818460e+00 1.834782657206133871e+00 -7.534140815212956310e-01 -4.724103424220783332e+00 -6.856031614506744032e-02
9.698146670738747588e-01 -4.620137045333864378e+00 1.848390184570039674e+00 -7.515767543528388828e-01 -4.723885041586842526e+00 -7.164779470121265814e-02
9.692947653576342582e-01 -4.617215220238788831e+00 1.861353519784292532e+00 -7.497373004292464671e-01 -4.723669279046861291e+00 -7.475774804417829877e-02
9.687313993486712516e-01 -4.614278346436069711e+00 1.873688246479018549e+00 -7.478959740752477714e-01 -4.723456171358781930e+00 -7.789004870512673817e-02
9.681259267695319082e-01 -4.611326740832033977e+00 1.885409892591199288e+00 -7.460530282314474793e-01 -4.723245750892423267e+00 -8.104456912196295049e-02
9.674796967500234324e-01 -4.608360658672294718e+00 1.896533917118575330e+00 -7.442087144247961916e-01 -4.723038047614745771e+00 -8.422118163914031619e-02
9.667940476387044679e-01 -4.605380297682243551e+00 1.907075697533205716e+00 -7.423632827387425248e-01 -4.722833089076093671e+00 -8.741975850746860899e-02
9.660703050777901257e-01 -4.602385802106882196e+00 1.917050517837956214e+00 -7.405169817830665746e-01 -4.722630900397424725e+00 -9.064017188392387014e-02
9.653097803190688886e-01 -4.599377266638557060e+00 1.926473557249293478e+00 -7.386700586634079579e-01 -4.722431504258519652e+00 -9.388229383146003137e-02
9.645137687594634857e-01 -4.596354740223282498e+00 1.935359879489852775e+00 -7.368227589504809938e-01 -4.722234920887196985e+00 -9.714599631882284148e-02
9.636835486759679492e-01 -4.593318229738172498e+00 1.943724422674376839e+00 -7.349753266490131054e-01 -4.722041168049515569e+00 -1.004311512203656248e-01
9.628203801408399265e-01 -4.590267703534206767e+00 1.951581989772754655e+00 -7.331280041664072211e-01 -4.721850261040984265e+00 -1.037376303158670521e-01
9.619255040990992711e-01 -4.587203094840032414e+00 1.958947239634023729e+00 -7.312810322811371666e-01 -4.721662212678772619e+00 -1.070653052903507846e-01
9.610001415915633283e-01 -4.584124305023826729e+00 1.965834678555369086e+00 -7.294346501109107983e-01 -4.721477033294929626e+00 -1.104140477339071169e-01
9.600454931078279408e-01 -4.581031206711398518e+00 1.972258652380303623e+00 -7.275890950843770799e-01 -4.721294730730200229e+00 -1.137837291415166874e-01
9.590627380547577241e-01 -4.577923646759736620e+00 1.978233339110391897e+00 -7.257446029087846195e-01 -4.721115310329219383e+00 -1.171742209128760343e-01
9.580530343271859151e-01 -4.574801449086081995e+00 1.983772742015066148e+00 -7.239014075374490265e-01 -4.720938774936730198e+00 -1.205853943522252752e-01
9.570175179686214451e-01 -4.571664417353375143e+00 1.988890683224268319e+00 -7.220597411370133223e-01 -4.720765124894820808e+00 -1.240171206681776467e-01
9.559573029108172637e-01 -4.568512337513592314e+00 1.993600797788848134e+00 -7.202198340545122868e-01 -4.720594358041187100e+00 -1.274692709735510132e-01
9.548734807820682402e-01 -4.565344980211030190e+00 1.997916528193856234e+00 -7.183819147842781527e-01 -4.720426469708413286e+00 -1.309417162852014593e-01
9.537671207750711977e-01 -4.562162103048075679e+00 2.001851119310078975e+00 -7.165462099346624480e-01 -4.720261452724296092e+00 -1.344343275238588375e-01
9.526392695660902410e-01 -4.558963452716419340e+00 2.005417613769371332e+00 -7.147129441946291628e-01 -4.720099297413184125e+00 -1.379469755139642873e-01
9.514909512780309608e-01 -4.555748766996958743e+00 2.008628847749571733e+00 -7.128823403029056482e-01 -4.719939991597986939e+00 -1.414795309835099324e-01
9.503231674808325646e-01 -4.552517776631932911e+00 2.011497447155002227e+00 -7.110546190143280931e-01 -4.719783520603545668e+00 -1.450318645638802861e-01
9.491368972233384937e-01 -4.549270207073042194e+00 2.014035824178783241e+00 -7.092299990660674291e-01 -4.719629867261042833e+00 -1.486038467896957926e-01
9.479330970915031962e-01 -4.546005780109465100e+00 2.016256174233430176e+00 -7.074086971437698601e-01 -4.719479011913450428e+00 -1.521953480986583951e-01
9.467127012884388737e-01 -4.542724215379821295e+00 2.018170473236426510e+00 -7.055909278476319990e-01 -4.719330932422007407e+00 -1.558062388313990188e-01
9.454766217323996580e-01 -4.539425231772209024e+00 2.019790475237712712e+00 -7.037769036679262236e-01 -4.719185604172249526e+00 -1.594363892313271081e-01
9.442257481693451249e-01 -4.536108548716522471e+00 2.021127710376261266e+00 -7.019668349509500249e-01 -4.719043000082425721e+00 -1.630856694444820787e-01
9.429609482972197698e-01 -4.532773887373280353e+00 2.022193483153153615e+00 -7.001609298649326130e-01 -4.718903090612958096e+00 -1.667539495193868793e-01
9.416830678995370407e-01 -4.529420971723200573e+00 2.022998871008817368e+00 -6.983593943659379688e-01 -4.718765843776933089e+00 -1.704410994069035790e-01
9.403929309862616437e-01 -4.526049529561762874e+00 2.023554723192326765e+00 -6.965624321637754468e-01 -4.718631225151632691e+00 -1.741469889600906484e-01
9.390913399403503226e-01 -4.522659293402969460e+00 2.023871659910910115e+00 -6.947702446879128191e-01 -4.718499197891102170e+00 -1.778714879340626831e-01
9.377790756686338325e-01 -4.519250001296471808e+00 2.023960071748062362e+00 -6.929830310534244031e-01 -4.718369722739746308e+00 -1.816144659858519861e-01
9.364568977560163709e-01 -4.515821397562181261e+00 2.023830119338898559e+00 -6.912009880270018058e-01 -4.718242758046971908e+00 -1.853757926742721218e-01
9.351255446222186407e-01 -4.512373233446427712e+00 2.023491733291634898e+00 -6.894243099930004171e-01 -4.718118259782850821e+00 -1.891553374597835513e-01
9.337857336805153174e-01 -4.508905267703651631e+00 2.022954614344331326e+00 -6.876531889196026981e-01 -4.717996181554823032e+00 -1.929529697043614045e-01
9.324381614981103183e-01 -4.505417267107533874e+00 2.022228233746268700e+00 -6.858878143250606296e-01 -4.717876474625421146e+00 -1.967685586713650847e-01
9.310835039579571371e-01 -4.501909006895401077e+00 2.021321833853588767e+00 -6.841283732440608389e-01 -4.717759087931027828e+00 -2.006019735254102876e-01
9.297224164219708431e-01 -4.498380271149637899e+00 2.020244428929061975e+00 -6.823750501942122959e-01 -4.717643968101655538e+00 -2.044530833322427965e-01
9.283555338956960279e-01 -4.494830853119757386e+00 2.019004806136101671e+00 -6.806280271427033179e-01 -4.717531059481743227e+00 -2.083217570586143041e-01
9.269834711945894590e-01 -4.491260555488670647e+00 2.017611526717374204e+00 -6.788874834731114527e-01 -4.717420304151975330e+00 -2.122078635721602879e-01
9.256068231121497014e-01 -4.487669190586624168e+00 2.016072927348604438e+00 -6.771535959524046522e-01 -4.717311641952115941e+00 -2.161112716412801338e-01
9.242261645901902467e-01 -4.484056580556136318e+00 2.014397121658413337e+00 -6.754265386981288533e-01 -4.717205010504851970e+00 -2.200318499350190637e-01
9.228420508915878839e-01 -4.480422557471196221e+00 2.012592001905264993e+00 -6.737064831458254854e-01 -4.717100345240643477e+00 -2.239694670229522289e-01
9.214550177758746852e-01 -4.476766963413865597e+00 2.010665240802834930e+00 -6.719935980166908962e-01 -4.716997579423575893e+00 -2.279239913750708280e-01
9.200655816780531904e-01 -4.473089650511310467e+00 2.008624293485347767e+00 -6.702880492854790262e-01 -4.716896644178207865e+00 -2.318952913616702527e-01
9.186742398910225926e-01 -4.469390480936220378e+00 2.006476399604674388e+00 -6.685900001752831390e-01 -4.716797468511134461e+00 -2.358832352532401477e-01
9.172814707520010602e-01 -4.465669326873420886e+00 2.004228585551189656e+00 -6.668996111258493897e-01 -4.716699979339401771e+00 -2.398876912203567746e-01
9.158877338333151208e-01 -4.461926070455407789e+00 2.001887666790634679e+00 -6.652170397621843811e-01 -4.716604101519905612e+00 -2.439085273335775406e-01
9.144934701379106023e-01 -4.458160603669422350e+00 1.999460250309444964e+00 -6.635424408634660320e-01 -4.716509757879766340e+00 -2.479456115633371649e-01
9.130991023090887504e-01 -4.454372828247891825e+00 1.996952737167069891e+00 -6.618759714539388384e-01 -4.716416867953969749e+00 -2.519988117798283578e-01
9.117050348810366023e-01 -4.450562655542600332e+00 1.994371325154156382e+00 -6.602178008712455970e-01 -4.716325345346753295e+00 -2.560679957528396167e-01
9.103116544912729369e-01 -4.446730006362054510e+00 1.991722011539248660e+00 -6.585681115575989786e-01 -4.716235097285792932e+00 -2.601530311515908300e-01
9.089193300972088219e-01 -4.442874810788165263e+00 1.989010595896300471e+00 -6.569270989193563004e-01 -4.716146024402969594e+00 -2.642537855445696859e-01
9.075284131986547376e-01 -4.438997007975979514e+00 1.986242683006558041e+00 -6.552949711813302880e-01 -4.716058020515786708e+00 -2.683701263993698016e-01
9.061392380685092673e-01 -4.435096545940416135e+00 1.983423685830066452e+00 -6.536719504934022096e-01 -4.715970972064539524e+00 -2.725019210825258553e-01
9.047521219875274134e-01 -4.431173381327878857e+00 1.980558828539312977e+00 -6.520582727649827381e-01 -4.715884757875721256e+00 -2.766490368593509941e-01
9.033673654853739965e-01 -4.427227479176568892e+00 1.977653149609184924e+00 -6.504541874936617951e-01 -4.715799248926558995e+00 -2.808113408937768507e-01
9.019852525879950012e-01 -4.423258812667177686e+00 1.974711504957625374e+00 -6.488599575879571146e-01 -4.715714308110846353e+00 -2.849887002481966691e-01
9.006060510713010947e-01 -4.419267362865570092e+00 1.971738571131569362e+00 -6.472758591917572302e-01 -4.715629790004021160e+00 -2.891809818833118717e-01
8.992300127211185767e-01 -4.415253118458932313e+00 1.968738848532923358e+00 -6.457021814952008665e-01 -4.715545540631986832e+00 -2.933880526579831782e-01
8.978573735993236049e-01 -4.411216075486819932e+00 1.965716664679554970e+00 -6.441392265396841399e-01 -4.715461397241726971e+00 -2.976097793290858884e-01
8.964883543160417911e-01 -4.407156237068394766e+00 1.962676177496441410e+00 -6.425873090169132995e-01 -4.715377188073913928e+00 -3.018460285513707153e-01
8.951231603077585142e-01 -4.403073613127102881e+00 1.959621378632310007e+00 -6.410467560620083383e-01 -4.715292732137676524e+00 -3.060966668773303367e-01
8.937619821211572058e-01 -4.398968220113918193e+00 1.956556096797290145e+00 -6.395179070406474819e-01 -4.715207838987712563e+00 -3.103615607570726631e-01
8.924049957024671187e-01 -4.394840080730229026e+00 1.953484001117262281e+00 -6.380011133302991855e-01 -4.715122308503904236e+00 -3.146405765382010444e-01
8.910523626920801021e-01 -4.390689223651334849e+00 1.950408604500772247e+00 -6.364967380954966725e-01 -4.715035930673638909e+00 -3.189335804657024154e-01
8.897042307241682657e-01 -4.386515683251458242e+00 1.947333267014545788e+00 -6.350051560572035347e-01 -4.714948485376988074e+00 -3.232404386818438224e-01
8.883607337310100993e-01 -4.382319499331102541e+00 1.944261199263807915e+00 -6.335267532562726123e-01 -4.714859742174941637e+00 -3.275610172260782216e-01
8.870219922517157407e-01 -4.378100716847502127e+00 1.941195465773770445e+00 -6.320619268110297950e-01 -4.714769460100866283e+00 -3.318951820349602122e-01
8.856881137450217656e-01 -4.373859385648853682e+00 1.938138988368818039e+00 -6.306110846690028415e-01 -4.714677387455363800e+00 -3.362427989420723184e-01
8.843591929058108869e-01 -4.369595560212945706e+00 1.935094549546070963e+00 -6.291746453528371807e-01 -4.714583261604719411e+00 -3.406037336779632052e-01
8.830353119849986276e-01 -4.365309299390725428e+00 1.932064795840160221e+00 -6.277530377004300055e-01 -4.714486808783099114e+00 -3.449778518700981622e-01
8.817165411124201491e-01 -4.361000666155318228e+00 1.929052241176200333e+00 -6.263467005993448300e-01 -4.714387743898688754e+00 -3.493650190428223001e-01
8.804029386223386489e-01 -4.356669727356903721e+00 1.926059270208082541e+00 -6.249560827155504761e-01 -4.714285770343933812e+00 -3.537651006173383461e-01
8.790945513811930789e-01 -4.352316553483843720e+00 1.923088141639368365e+00 -6.235816422164675021e-01 -4.714180579810097527e+00 -3.581779619116993163e-01
8.777914151171981594e-01 -4.347941218430379173e+00 1.920140991524185825e+00 -6.222238464884642939e-01 -4.714071852106266114e+00 -3.626034681408168425e-01
8.764935547514051128e-01 -4.343543799271166961e+00 1.917219836545682288e+00 -6.208831718488844187e-01 -4.713959254982985847e+00 -3.670414844164864299e-01
8.752009847298343193e-01 -4.339124376042883036e+00 1.914326577269709340e+00 -6.195601032526101282e-01 -4.713842443960717610e+00 -3.714918757474304778e-01
8.739137093562905356e-01 -4.334683031533081987e+00 1.911463001371532133e+00 -6.182551339932660373e-01 -4.713721062163268805e+00 -3.759545070393605082e-01
8.726317231254733242e-01 -4.330219851076436477e+00 1.908630786833508175e+00 -6.169687653990965082e-01 -4.713594740156400675e+00 -3.804292430950588777e-01
8.713550110560019935e-01 -4.325734922358472900e+00 1.905831505111780677e+00 -6.157015065237105844e-01 -4.713463095791723845e+00 -3.849159486144818620e-01
8.700835490229773539e-01 -4.321228335226864559e+00 1.903066624270152607e+00 -6.144538738316880355e-01 -4.713325734056105887e+00 -3.894144881948845560e-01
8.688173040897131383e-01 -4.316700181510301881e+00 1.900337512079427693e+00 -6.132263908791970586e-01 -4.713182246926706398e+00 -3.939247263309690883e-01
8.675562348382732658e-01 -4.312150554844960126e+00 1.897645439080616114e+00 -6.120195879896753732e-01 -4.713032213231853618e+00 -3.984465274150571501e-01
8.663002916984658963e-01 -4.307579550508517485e+00 1.894991581610500520e+00 -6.108340019247660013e-01 -4.712875198517862962e+00 -4.029797557372878369e-01
8.650494172749492172e-01 -4.302987265261682737e+00 1.892377024788176154e+00 -6.096701755505096187e-01 -4.712710754922014189e+00 -4.075242754858423577e-01
8.638035466721215583e-01 -4.298373797197139190e+00 1.889802765461272571e+00 -6.085286574990330655e-01 -4.712538421051786663e+00 -4.120799507471968326e-01
8.625626078164729815e-01 -4.293739245595826759e+00 1.887269715110665436e+00 -6.074100018257488909e-01 -4.712357721870551686e+00 -4.166466455064043450e-01
8.613265217760935899e-01 -4.289083710790414727e+00 1.884778702712574416e+00 -6.063147676622500093e-01 -4.712168168589848882e+00 -4.212242236474073032e-01
8.600952030770434575e-01 -4.284407294035854186e+00 1.882330477557049964e+00 -6.052435188650691078e-01 -4.711969258568372787e+00 -4.258125489533819974e-01
8.588685600163025180e-01 -4.279710097386836942e+00 1.879925712021925044e+00 -6.041968236603595388e-01 -4.711760475217846356e+00 -4.304114851071157433e-01
8.576464949710331798e-01 -4.274992223582013473e+00 1.877565004301408491e+00 -6.031752542847019782e-01 -4.711541287915907539e+00 -4.350208956914194958e-01
8.564289047039012059e-01 -4.270253775934774509e+00 1.875248881088571462e+00 -6.021793866221401004e-01 -4.711311151926144802e+00 -4.396406441895754913e-01
8.552156806642150499e-01 -4.265494858230418629e+00 1.872977800211053534e+00 -6.012097998376677577e-01 -4.711069508325395283e+00 -4.442705939858228592e-01
8.540067092846577168e-01 -4.260715574629507785e+00 1.870752153219409131e+00 -6.002670760072625900e-01 -4.710815783938461898e+00 -4.489106083658820912e-01
8.528018722733986534e-01 -4.255916029577208270e+00 1.868572267927565145e+00 -5.993517997446549117e-01 -4.710549391280349774e+00 -4.535605505175193675e-01
8.516010469013881590e-01 -4.251096327718397738e+00 1.866438410904959211e+00 -5.984645578250318287e-01 -4.710269728506145448e+00 -4.582202835311533495e-01
8.504041062846497967e-01 -4.246256573818347313e+00 1.864350789919977824e+00 -5.976059388057920474e-01 -4.709976179368657867e+00 -4.628896704005049378e-01
8.492109196614026079e-01 -4.241396872688733666e+00 1.862309556334387883e+00 -5.967765326445924057e-01 -4.709668113183918869e+00 -4.675685740232919385e-01
8.480213526638537003e-01 -4.236517329118787423e+00 1.860314807448508301e+00 -5.959769303147921526e-01 -4.709344884804672837e+00 -4.722568572019701927e-01
8.468352675845212119e-01 -4.231618047811346095e+00 1.858366588796950936e+00 -5.952077234185484400e-01 -4.709005834601932783e+00 -4.769543826445228341e-01
8.456525236369569765e-01 -4.226699133323596591e+00 1.856464896394795172e+00 -5.944695037977105745e-01 -4.708650288454710342e+00 -4.816610129652992289e-01
8.444729772107518739e-01 -4.221760690012284378e+00 1.854609678934136863e+00 -5.937628631427285253e-01 -4.708277557748003161e+00 -4.863766106859053751e-01
8.432964821207215023e-01 -4.216802821983184124e+00 1.852800839930987653e+00 -5.930883925998011730e-01 -4.707886939379108959e+00 -4.911010382361467030e-01
8.421228898501786908e-01 -4.211825633044610662e+00 1.851038239822557996e+00 -5.924466823763968604e-01 -4.707477715772387938e+00 -4.958341579550263334e-01
8.409520497882156942e-01 -4.206829226664753563e+00 1.849321698015021997e+00 -5.918383213453919378e-01 -4.707049154902511745e+00 -5.005758320917991222e-01
8.397838094609259008e-01 -4.201813705932650578e+00 1.847650994881881115e+00 -5.912638966480452396e-01 -4.706600510326273579e+00 -5.053259228070837716e-01
8.386180147565115428e-01 -4.196779173522575235e+00 1.846025873713119658e+00 -5.907239932960614004e-01 -4.706131021223002087e+00 -5.100842921740343927e-01
8.374545101442283368e-01 -4.191725731661655630e+00 1.844446042615349501e+00 -5.902191937728229476e-01 -4.705639912443690953e+00 -5.148508021795739076e-01
8.362931388871351901e-01 -4.186653482100529011e+00 1.842911176363218217e+00 -5.897500776341217943e-01 -4.705126394568858395e+00 -5.196253147256909566e-01
8.351337432486219958e-01 -4.181562526086844755e+00 1.841420918202374413e+00 -5.893172211085653256e-01 -4.704589663975180081e+00 -5.244076916308011427e-01
8.339761646927014160e-01 -4.176452964341439866e+00 1.839974881604317769e+00 -5.889211966979096546e-01 -4.704028902910939891e+00 -5.291977946311755554e-01
8.328202440780576588e-01 -4.171324897037009372e+00 1.838572651973508165e+00 -5.885625727775322114e-01 -4.703443279580322489e+00 -5.339954853824373515e-01
8.316658218458562457e-01 -4.166178423779109075e+00 1.837213788307134443e+00 -5.882419131972634885e-01 -4.702831948236584125e+00 -5.388006254611288348e-01
8.305127382013250958e-01 -4.161013643589322797e+00 1.835897824807971146e+00 -5.879597768828148663e-01 -4.702194049284111443e+00 -5.436130763663507004e-01
8.293608332891270196e-01 -4.155830654890445786e+00 1.834624272450781968e+00 -5.877167174379974712e-01 -4.701528709389413585e+00 -5.484326995214752198e-01
8.282099473625507136e-01 -4.150629555493540401e+00 1.833392620502758197e+00 -5.875132827480410436e-01 -4.700835041600992525e+00 -5.532593562759348105e-01
8.270599209465534507e-01 -4.145410442586711319e+00 1.832202337998501740e+00 -5.873500145841590303e-01 -4.700112145478160031e+00 -5.580929079070887644e-01
8.259105949946978775e-01 -4.140173412725477675e+00 1.831052875170088079e+00 -5.872274482096032644e-01 -4.699359107228778143e+00 -5.629332156221684702e-01
8.247618110400307678e-01 -4.134918561824615146e+00 1.829943664832769823e+00 -5.871461119875269752e-01 -4.698574999855864576e+00 -5.677801405603047913e-01
8.236134113399551371e-01 -4.129645985151335630e+00 1.828874123726895728e+00 -5.871065269907830286e-01 -4.697758883313112754e+00 -5.726335437946377116e-01
8.224652390151583337e-01 -4.124355777319705929e+00 1.827843653816644709e+00 -5.871092066139280696e-01 -4.696909804669273214e+00 -5.774932863345110245e-01
8.213171381826577244e-01 -4.119048032286192651e+00 1.826851643546193449e+00 -5.871546561877259984e-01 -4.696026798281338621e+00 -5.823592291277537303e-01
8.201689540830368053e-01 -4.113722843346223179e+00 1.825897469053941791e+00 -5.872433725963123186e-01 -4.695108885976521762e+00 -5.872312330630495847e-01
8.190205332019430129e-01 -4.108380303131685451e+00 1.824980495345448039e+00 -5.873758438972688234e-01 -4.694155077242996299e+00 -5.921091589723971316e-01
8.178717233859287283e-01 -4.103020503609264402e+00 1.824100077425729882e+00 -5.875525489448654159e-01 -4.693164369429318583e+00 -5.969928676336614393e-01
8.167223739527161852e-01 -4.097643536079538684e+00 1.823255561391605273e+00 -5.877739570166844452e-01 -4.692135747952487002e+00 -6.018822197732200951e-01
8.155723357959744346e-01 -4.092249491176759513e+00 1.822446285484755180e+00 -5.880405274438508245e-01 -4.691068186514587346e+00 -6.067770760687042353e-01
8.144214614846960743e-01 -4.086838458869239687e+00 1.821671581106202087e+00 -5.883527092450967499e-01 -4.689960647327943377e+00 -6.116772971518373847e-01
8.132696053572689987e-01 -4.081410528460288845e+00 1.820930773792904800e+00 -5.887109407648993820e-01 -4.688812081348710414e+00 -6.165827436113732185e-01
8.121166236103370961e-01 -4.075965788589632766e+00 1.820223184157183427e+00 -5.891156493159290797e-01 -4.687621428518800926e+00 -6.214932759961341313e-01
8.109623743825490338e-01 -4.070504327235259012e+00 1.819548128789683306e+00 -5.895672508260156874e-01 -4.686387618016076395e+00 -6.264087548181522802e-01
8.098067178332950533e-01 -4.065026231715643590e+00 1.818904921126608398e+00 -5.900661494898500337e-01 -4.685109568512718425e+00 -6.313290405559148777e-01
8.086495162165350248e-01 -4.059531588692308013e+00 1.818292872281940920e+00 -5.906127374256566753e-01 -4.683786188441660947e+00 -6.362539936577159549e-01
8.074906339498242325e-01 -4.054020484172665917e+00 1.817711291845385269e+00 -5.912073943375670826e-01 -4.682416376270597702e+00 -6.411834745450898376e-01
8.063299376786380313e-01 -4.048493003513125466e+00 1.817159488646767462e+00 -5.918504871830789771e-01 -4.680999020784058828e+00 -6.461173436163710759e-01
8.051672963361048430e-01 -4.042949231422397816e+00 1.816636771487621926e+00 -5.925423698458947008e-01 -4.679533001373384238e+00 -6.510554612503733907e-01
8.040025811982554060e-01 -4.037389251964992098e+00 1.816142449840701500e+00 -5.932833828145738231e-01 -4.678017188334304244e+00 -6.559976878101811959e-01
8.028356659348986346e-01 -4.031813148564871163e+00 1.815675834518149401e+00 -5.940738528671927199e-01 -4.676450443172021743e+00 -6.609438836470548084e-01
8.016664266562327779e-01 -4.026221004009233440e+00 1.815236238309068995e+00 -5.949140927622406094e-01 -4.674831618913628084e+00 -6.658939091044520087e-01
8.004947419553033461e-01 -4.020612900452417371e+00 1.814822976587225467e+00 -5.958044009359112492e-01 -4.673159560427746939e+00 -6.708476245221657308e-01
7.993204929464191588e-01 -4.014988919419894664e+00 1.814435367889609241e+00 -5.967450612059893578e-01 -4.671433104751264054e+00 -6.758048902405816571e-01
7.981435632996354279e-01 -4.009349141812335482e+00 1.814072734466593895e+00 -5.977363424825393734e-01 -4.669651081422969696e+00 -6.807655666050549392e-01
7.969638392714177844e-01 -4.003693647909754461e+00 1.813734402804414669e+00 -5.987784984855614168e-01 -4.667812312823988563e+00 -6.857295139704089326e-01
7.957812097315957178e-01 -3.998022517375690477e+00 1.813419704120694309e+00 -5.998717674698330615e-01 -4.665915614524796418e+00 -6.906965927055568333e-01
7.945955661867186715e-01 -3.992335829261449476e+00 1.813127974833731004e+00 -6.010163719570695839e-01 -4.663959795638704442e+00 -6.956666631982469928e-01
7.934068027999223727e-01 -3.986633662010370838e+00 1.812858557006262972e+00 -6.022125184755553473e-01 -4.661943659181652322e+00 -7.006395858599351323e-01
7.922148164074176435e-01 -3.980916093462131489e+00 1.812610798764419773e+00 -6.034603973074701422e-01 -4.659866002438103116e+00 -7.056152211307823441e-01
7.910195065317089380e-01 -3.975183200857077992e+00 1.812384054692563806e+00 -6.047601822440427100e-01 -4.657725617332870272e+00 -7.105934294847818800e-01
7.898207753916524076e-01 -3.969435060840580398e+00 1.812177686204717197e+00 -6.061120303486546845e-01 -4.655521290808749768e+00 -7.155740714350151688e-01
7.886185279094598544e-01 -3.963671749467413186e+00 1.811991061893263755e+00 -6.075160817281060055e-01 -4.653251805209697167e+00 -7.205570075390387297e-01
7.874126717147562626e-01 -3.957893342206153520e+00 1.811823557855612554e+00 -6.089724593121446095e-01 -4.650915938669418992e+00 -7.255420984044020916e-01
7.862031171457948275e-01 -3.952099913943611487e+00 1.811674557999492174e+00 -6.104812686414192724e-01 -4.648512465505167945e+00 -7.305292046942996054e-01
7.849897772479351721e-01 -3.946291538989278536e+00 1.811543454327547709e+00 -6.120425976639612964e-01 -4.646040156616560779e+00 -7.355181871333550392e-01
7.837725677694865611e-01 -3.940468291079806562e+00 1.811429647201896698e+00 -6.136565165403472522e-01 -4.643497779889223409e+00 -7.405089065135419535e-01
7.825514071550190298e-01 -3.934630243383517190e+00 1.811332545589295906e+00 -6.153230774576514683e-01 -4.640884100603058116e+00 -7.455012237002397457e-01
7.813262165362411249e-01 -3.928777468504942583e+00 1.811251567287563313e+00 -6.170423144523008441e-01 -4.638197881844944526e+00 -7.504949996384261413e-01
7.800969197205447347e-01 -3.922910038489409335e+00 1.811186139133879935e+00 -6.188142432399206250e-01 -4.635437884927556595e+00 -7.554900953590081292e-01
7.788634431773125977e-01 -3.917028024827656107e+00 1.811135697195602745e+00 -6.206388610564621544e-01 -4.632602869810251711e+00 -7.604863719852906767e-01
7.776257160220850784e-01 -3.911131498460504563e+00 1.811099686944200204e+00 -6.225161465085438106e-01 -4.629691595523778069e+00 -7.654836907395851098e-01
7.763836699986803591e-01 -3.905220529783576477e+00 1.811077563412916147e+00 -6.244460594330956127e-01 -4.626702820598577404e+00 -7.704819129499573815e-01
7.751372394593596393e-01 -3.899295188652067257e+00 1.811068791338752648e+00 -6.264285407663964245e-01 -4.623635303496477889e+00 -7.754809000571173394e-01
7.738863613431278266e-01 -3.893355544385580291e+00 1.811072845289361855e+00 -6.284635124225828040e-01 -4.620487803045563169e+00 -7.804805136214491013e-01
7.726309751522589808e-01 -3.887401665773026593e+00 1.811089209775413211e+00 -6.305508771817006641e-01 -4.617259078877996359e+00 -7.854806153301833183e-01
7.713710229271336649e-01 -3.881433621077591489e+00 1.811117379349007184e+00 -6.326905185873602511e-01 -4.613947891870601836e+00 -7.904810670047123233e-01
7.701064492194718003e-01 -3.875451478041779030e+00 1.811156858688684590e+00 -6.348823008540770418e-01 -4.610553004587945480e+00 -7.954817306080478323e-01
7.688372010640457388e-01 -3.869455303892530118e+00 1.811207162671573778e+00 -6.371260687843203208e-01 -4.607073181727752598e+00 -8.004824682524221968e-01
7.675632279489537080e-01 -3.863445165346429011e+00 1.811267816433209665e+00 -6.394216476953367145e-01 -4.603507190568402407e+00 -8.054831422070336533e-01
7.662844817845341217e-01 -3.857421128614993755e+00 1.811338355415528678e+00 -6.417688433518887736e-01 -4.599853801422350230e+00 -8.104836149059354566e-01
7.650009168706288776e-01 -3.851383259413190263e+00 1.811418325401412677e+00 -6.441674416608592635e-01 -4.596111788349686478e+00 -8.154837489559555452e-01
7.637124898630252012e-01 -3.845331622964909712e+00 1.811507282538424857e+00 -6.466172086441313027e-01 -4.592279929603810373e+00 -8.204834071447558719e-01
7.624191597387770525e-01 -3.839266284008536090e+00 1.811604793352225240e+00 -6.491178904210407330e-01 -4.588357008078061128e+00 -8.254824524490307347e-01
7.611208877604772605e-01 -3.833187306802612770e+00 1.811710434750147369e+00 -6.516692132004375804e-01 -4.584341811753065876e+00 -8.304807480428453292e-01
7.598176374395511079e-01 -3.827094755131606352e+00 1.811823794015396283e+00 -6.542708832824462029e-01 -4.580233134144499729e+00 -8.354781573061136335e-01
7.585093744731120635e-01 -3.820988692350660632e+00 1.811944468774539185e+00 -6.569225851315251274e-01 -4.576029776832300833e+00 -8.404745438319984885e-01
7.571960667054074001e-01 -3.814869181393509834e+00 1.812072066954978578e+00 -6.596239813615815129e-01 -4.571730550032274465e+00 -8.454697714343119008e-01
7.558776840871346270e-01 -3.808736284790104065e+00 1.812206206725458735e+00 -6.623747119629307401e-01 -4.567334274029264840e+00 -8.504637041544572673e-01
7.545541986359829423e-01 -3.802590064672667136e+00 1.812346516428877230e+00 -6.651743945339877451e-01 -4.562839779534542117e+00 -8.554562062684331059e-01
7.532255843966906284e-01 -3.796430582781803675e+00 1.812492634507819833e+00 -6.680226245185876266e-01 -4.558245908039668670e+00 -8.604471422938969605e-01
7.518918174006795629e-01 -3.790257900472667085e+00 1.812644209423195374e+00 -6.709189754442015374e-01 -4.553551512172157700e+00 -8.654363769972878151e-01
7.505528756253225797e-01 -3.784072078721179011e+00 1.812800899566380686e+00 -6.738629991705529232e-01 -4.548755456041870815e+00 -8.704237754010063499e-01
7.492087389529029640e-01 -3.777873178130303433e+00 1.812962373165253105e+00 -6.768542261436247820e-01 -4.543856615583561798e+00 -8.754092027906518192e-01
7.478593891293165985e-01 -3.771661258936372274e+00 1.813128308184477344e+00 -6.798921656549637982e-01 -4.538853878895451999e+00 -8.803925247223136630e-01
7.465048097225731594e-01 -3.765436381015462963e+00 1.813298392220405786e+00 -6.829763061061611129e-01 -4.533746146573781388e+00 -8.853736070299171868e-01
7.451449860811418802e-01 -3.759198603889823964e+00 1.813472322390938363e+00 -6.861061152784536654e-01 -4.528532332043194053e+00 -8.903523158326221987e-01
7.437799052921948428e-01 -3.752947986734348262e+00 1.813649805220675315e+00 -6.892810406073412999e-01 -4.523211361882857773e+00 -8.953285175422727171e-01
7.424095561397909826e-01 -3.746684588383088599e+00 1.813830556521694781e+00 -6.925005094621190516e-01 -4.517782176148243956e+00 -9.003020788708973043e-01
7.410339290630476583e-01 -3.740408467335817555e+00 1.814014301270270080e+00 -6.957639294302464528e-01 -4.512243728688440036e+00 -9.052728668382576949e-01
7.396530161143423099e-01 -3.734119681764625387e+00 1.814200773479830442e+00 -6.990706886064234071e-01 -4.506594987458943713e+00 -9.102407487794454966e-01
7.382668109175836157e-01 -3.727818289520550721e+00 1.814389716070458958e+00 -7.024201558849949567e-01 -4.500834934831483558e+00 -9.152055923525245218e-01
7.368753086265947827e-01 -3.721504348140248553e+00 1.814580880735222834e+00 -7.058116812582831967e-01 -4.494962567897386130e+00 -9.201672655462187489e-01
7.354785058836437184e-01 -3.715177914852683561e+00 1.814774027803607304e+00 -7.092445961193338810e-01 -4.488976898766128265e+00 -9.251256366876433601e-01
7.340764007781575007e-01 -3.708839046585848287e+00 1.814968926102326074e+00 -7.127182135689805742e-01 -4.482876954858979524e+00 -9.300805744500780792e-01
7.326689928056562273e-01 -3.702487799973504856e+00 1.815165352813763899e+00 -7.162318287271024486e-01 -4.476661779197685043e+00 -9.350319478607813650e-01
7.312562828269362214e-01 -3.696124231361944013e+00 1.815363093332301281e+00 -7.197847190479756962e-01 -4.470330430688086665e+00 -9.399796263088444626e-01
7.298382730275368990e-01 -3.689748396816753484e+00 1.815561941118759126e+00 -7.233761446395932104e-01 -4.463881984398629044e+00 -9.449234795530833120e-01
7.284149668775186104e-01 -3.683360352129601889e+00 1.815761697553206933e+00 -7.270053485868815946e-01 -4.457315531833619282e+00 -9.498633777299669845e-01
7.269863690915808752e-01 -3.676960152825023087e+00 1.815962171786341894e+00 -7.306715572786410817e-01 -4.450630181201259639e+00 -9.547991913615823112e-01
7.255524855895461034e-01 -3.670547854167202750e+00 1.816163180589665860e+00 -7.343739807385356588e-01 -4.443825057675740098e+00 -9.597307913636319299e-01
7.241133234572348920e-01 -3.664123511166760494e+00 1.816364548204659091e+00 -7.381118129589687715e-01 -4.436899303654816329e+00 -9.646580490534647501e-01
7.226688909077561007e-01 -3.657687178587525345e+00 1.816566106191148666e+00 -7.418842322385912347e-01 -4.429852079011582511e+00 -9.695808361581380597e-01
7.212191972432342446e-01 -3.651238910953297445e+00 1.816767693275068707e+00 -7.456904015230938487e-01 -4.422682561340723240e+00 -9.744990248225092744e-01
7.197642528169936327e-01 -3.644778762554594209e+00 1.816969155195788055e+00 -7.495294687491751429e-01 -4.415389946199150373e+00 -9.794124876173559979e-01
7.183040689962212344e-01 -3.638306787455375613e+00 1.817170344553183270e+00 -7.534005671915471325e-01 -4.407973447340999051e+00 -9.843210975475232827e-01
7.168386581251233736e-01 -3.631823039499739725e+00 1.817371120654620809e+00 -7.573028158128535248e-01 -4.400432296946937605e+00 -9.892247280600959813e-01
7.153680334885961223e-01 -3.625327572318596481e+00 1.817571349362009370e+00 -7.612353196163896829e-01 -4.392765745847717618e+00 -9.941232530525959676e-01
7.138922092764230509e-01 -3.618820439336298822e+00 1.817770902939076061e+00 -7.651971700014998934e-01 -4.384973063741927746e+00 -9.990165468812011174e-01
7.124112005480146559e-01 -3.612301693777240974e+00 1.817969659899009383e+00 -7.691874451215112707e-01 -4.377053539407912197e+00 -1.003904484368986383e+00
7.109250231977055634e-01 -3.605771388672411870e+00 1.818167504852607141e+00 -7.732052102440977182e-01 -4.369006480909811252e+00 -1.008786940814184296e+00
7.094336939206169479e-01 -3.599229576865902835e+00 1.818364328357065629e+00 -7.772495181139382758e-01 -4.360831215797672300e+00 -1.013663791998464125e+00
7.079372301791009292e-01 -3.592676311021363311e+00 1.818560026765531745e+00 -7.813194093175521715e-01 -4.352527091301598539e+00 -1.018534914195227792e+00
7.064356501697712787e-01 -3.586111643628404622e+00 1.818754502077534863e+00 -7.854139126501610280e-01 -4.344093474519934439e+00 -1.023400184177921224e+00
7.049289727911338677e-01 -3.579535627008944232e+00 1.818947661790411674e+00 -7.895320454844646507e-01 -4.335529752601424924e+00 -1.028259479228359918e+00
7.034172176118226316e-01 -3.572948313323484726e+00 1.819139418751833714e+00 -7.936728141412120463e-01 -4.326835332921327826e+00 -1.033112677145067604e+00
7.019004048394484885e-01 -3.566349754577332831e+00 1.819329691013535921e+00 -7.978352142614130171e-01 -4.318009643251472518e+00 -1.037959656251625562e+00
7.003785552900674283e-01 -3.559740002626746946e+00 1.819518401686338382e+00 -8.020182311800826414e-01 -4.309052131924226536e+00 -1.042800295405031497e+00
6.988516903582736584e-01 -3.553119109185010949e+00 1.819705478796554532e+00 -8.062208403013977343e-01 -4.299962267990328435e+00 -1.047634474004067728e+00
6.973198319879201357e-01 -3.546487125828432951e+00 1.819890855143866393e+00 -8.104420074751104153e-01 -4.290739541370627741e+00 -1.052462071997675386e+00
6.957830026434730364e-01 -3.539844104002269454e+00 1.820074468160747694e+00 -8.146806893741044275e-01 -4.281383463001666279e+00 -1.057282969893334590e+00
6.942412252819997187e-01 -3.533190095026560673e+00 1.820256259773505692e+00 -8.189358338729605391e-01 -4.271893564975136393e+00 -1.062097048765448193e+00
6.926945233257950640e-01 -3.526525150101888606e+00 1.820436176265012529e+00 -8.232063804274064589e-01 -4.262269400671169883e+00 -1.066904190263728180e+00
6.911429206356448640e-01 -3.519849320315043606e+00 1.820614168139184308e+00 -8.274912604545164863e-01 -4.252510544885478083e+00 -1.071704276621584073e+00
6.895864414847285850e-01 -3.513162656644604809e+00 1.820790189987273600e+00 -8.317893977135422112e-01 -4.242616593950323534e+00 -1.076497190664509995e+00
6.880251105331601780e-01 -3.506465209966425078e+00 1.820964200356022689e+00 -8.360997086872233863e-01 -4.232587165849358790e+00 -1.081282815818470633e+00
6.864589528031677101e-01 -3.499757031059025358e+00 1.821136161617732396e+00 -8.404211029634817143e-01 -4.222421900326287059e+00 -1.086061036118283862e+00
6.848879936549080449e-01 -3.493038170608892656e+00 1.821306039842287339e+00 -8.447524836173480045e-01 -4.212120458987390847e+00 -1.090831736215998937e+00
6.833122587629162359e-01 -3.486308679215678108e+00 1.821473804671183361e+00 -8.490927475930070134e-01 -4.201682525397908208e+00 -1.095594801389268680e+00
6.817317740931876369e-01 -3.479568607397298230e+00 1.821639429193590232e+00 -8.534407860858254091e-01 -4.191107805172295642e+00 -1.100350117549714790e+00
6.801465658808868442e-01 -3.472818005594931812e+00 1.821802889824486460e+00 -8.577954849242330759e-01 -4.180396026058391001e+00 -1.105097571251283606e+00
6.785566606086836927e-01 -3.466056924177918219e+00 1.821964166184893319e+00 -8.621557249513539523e-01 -4.169546938015459503e+00 -1.109837049698592315e+00
6.769620849857083122e-01 -3.459285413448549118e+00 1.822123240984235837e+00 -8.665203824062344129e-01 -4.158560313286192134e+00 -1.114568440755263401e+00
6.753628659271238011e-01 -3.452503523646754502e+00 1.822280099904853401e+00 -8.708883293045668328e-01 -4.147435946462628920e+00 -1.119291632952246207e+00
6.737590305343095221e-01 -3.445711304954684806e+00 1.822434731488675963e+00 -8.752584338187727742e-01 -4.136173654546078993e+00 -1.124006515496124292e+00
6.721506060756510248e-01 -3.438908807501187326e+00 1.822587127026084053e+00 -8.796295606573294457e-01 -4.124773277001033023e+00 -1.128712978277406576e+00
6.705376199679293769e-01 -3.432096081366170282e+00 1.822737280446967478e+00 -8.840005714432155326e-01 -4.113234675803110640e+00 -1.133410911878802274e+00
6.689200997583053532e-01 -3.425273176584862078e+00 1.822885188213990038e+00 -8.883703250913647098e-01 -4.101557735481063283e+00 -1.138100207583477408e+00
6.672980731068904880e-01 -3.418440143151962207e+00 1.823030849218071348e+00 -8.927376781849942766e-01 -4.089742363152890192e+00 -1.142780757383290213e+00
6.656715677698992195e-01 -3.411597031025682902e+00 1.823174264676084233e+00 -8.971014853507114362e-01 -4.077788488556062241e+00 -1.147452453987007459e+00
6.640406115833746847e-01 -3.404743890131679773e+00 1.823315438030773672e+00 -9.014605996322523351e-01 -4.065696064071955718e+00 -1.152115190828496338e+00
6.624052324474811737e-01 -3.397880770366874081e+00 1.823454374852893078e+00 -9.058138728627591618e-01 -4.053465064744496082e+00 -1.156768862074894155e+00
6.607654583113544700e-01 -3.391007721603167990e+00 1.823591082745558811e+00 -9.101601560354720677e-01 -4.041095488293068527e+00 -1.161413362634752255e+00
6.591213171585040831e-01 -3.384124793691047461e+00 1.823725571250816468e+00 -9.144982996727274438e-01 -4.028587355119744196e+00 -1.166048588166153532e+00
6.574728369927571592e-01 -3.377232036463078124e+00 1.823857851758407866e+00 -9.188271541931462005e-01 -4.015940708310868246e+00 -1.170674435084802179e+00
6.558200458247381848e-01 -3.370329499737293233e+00 1.823987937416732708e+00 -9.231455702769140181e-01 -4.003155613633052390e+00 -1.175290800572085459e+00
6.541629716588741594e-01 -3.363417233320471933e+00 1.824115843045989172e+00 -9.274523992290323315e-01 -3.990232159523630973e+00 -1.179897582583103288e+00
6.525016424809170212e-01 -3.356495287011310502e+00 1.824241585053483883e+00 -9.317464933404505656e-01 -3.977170457075620558e+00 -1.184494679854667831e+00
6.508360862459762197e-01 -3.349563710603488786e+00 1.824365181351093490e+00 -9.360267062469476151e-01 -3.963970640017280278e+00 -1.189081991913270242e+00
6.491663308670496679e-01 -3.342622553888628723e+00 1.824486651274860760e+00 -9.402918932856750844e-01 -3.950632864686309809e+00 -1.193659419083012319e+00
6.474924042040473005e-01 -3.335671866659146279e+00 1.824606015506707202e+00 -9.445409118492673617e-01 -3.937157309998724042e+00 -1.198226862493504186e+00
6.458143340532955801e-01 -3.328711698711003919e+00 1.824723295998242012e+00 -9.487726217374041759e-01 -3.923544177412498613e+00 -1.202784224087724008e+00
6.441321481375156255e-01 -3.321742099846353824e+00 1.824838515896644919e+00 -9.529858855057411482e-01 -3.909793690886020912e+00 -1.207331406629841508e+00
6.424458740962646353e-01 -3.314763119876084296e+00 1.824951699472598721e+00 -9.571795688120966483e-01 -3.895906096831445176e+00 -1.211868313713001299e+00
6.407555394768325030e-01 -3.307774808622259144e+00 1.825062872050246199e+00 -9.613525407598011441e-01 -3.881881664063024928e+00 -1.216394849767066466e+00
6.390611717255829660e-01 -3.300777215920463803e+00 1.825172059939150770e+00 -9.655036742381355452e-01 -3.867720683740436094e+00 -1.220910920066321736e+00
6.373627981797314046e-01 -3.293770391622047988e+00 1.825279290368225782e+00 -9.696318462597425247e-01 -3.853423469307228455e+00 -1.225416430737132245e+00
6.356604460595489670e-01 -3.286754385596271533e+00 1.825384591421611136e+00 -9.737359382949413167e-01 -3.838990356424429429e+00 -1.229911288765560773e+00
6.339541424609846931e-01 -3.279729247732355635e+00 1.825487991976465052e+00 -9.778148366028458494e-01 -3.824421702899403641e+00 -1.234395402004938136e+00
6.322439143486950908e-01 -3.272695027941438628e+00 1.825589521642641877e+00 -9.818674325592081642e-01 -3.809717888610027359e+00 -1.238868679183389609e+00
6.305297885494733912e-01 -3.265651776158438047e+00 1.825689210704226184e+00 -9.858926229808970820e-01 -3.794879315424279476e+00 -1.243331029911312946e+00
6.288117917460689377e-01 -3.258599542343822542e+00 1.825787090062888085e+00 -9.898893104469361770e-01 -3.779906407115298794e+00 -1.247782364688808876e+00
6.270899504713853823e-01 -3.251538376485289650e+00 1.825883191183030441e+00 -9.938564036160203452e-01 -3.764799609272010628e+00 -1.252222594913061648e+00
6.253642911030532492e-01 -3.244468328599359630e+00 1.825977546038695554e+00 -9.977928175404326971e-01 -3.749559389205388893e+00 -1.256651632885670722e+00
6.236348398583628772e-01 -3.237389448732879149e+00 1.826070187062194483e+00 -1.001697473976292274e+00 -3.734186235850435409e+00 -1.261069391819929386e+00
6.219016227895515225e-01 -3.230301786964439259e+00 1.826161147094429005e+00 -1.005569301690054429e+00 -3.718680659663966104e+00 -1.265475785848051427e+00
6.201646657794357420e-01 -3.223205393405710772e+00 1.826250459336864695e+00 -1.009407236761191040e+00 -3.703043192518297388e+00 -1.269870730028345385e+00
6.184239945373797287e-01 -3.216100318202695707e+00 1.826338157305125387e+00 -1.013210222880983835e+00 -3.687274387590912639e+00 -1.274254140352332865e+00
6.166796345955903869e-01 -3.208986611536897904e+00 1.826424274784173685e+00 -1.016977211647372537e+00 -3.671374819250176724e+00 -1.278625933751811994e+00
6.149316113057320399e-01 -3.201864323626416819e+00 1.826508845785039581e+00 -1.020707162855781780e+00 -3.655345082937210499e+00 -1.282986028105864262e+00
6.131799498358507794e-01 -3.194733504726960049e+00 1.826591904503062747e+00 -1.024399044785873514e+00 -3.639185795043998528e+00 -1.287334342247804075e+00
6.114246751676017944e-01 -3.187594205132780800e+00 1.826673485277609643e+00 -1.028051834484156934e+00 -3.622897592787834853e+00 -1.291670795972069241e+00
6.096658120937691328e-01 -3.180446475177544752e+00 1.826753622553229706e+00 -1.031664518042406664e+00 -3.606481134082182738e+00 -1.295995310041052617e+00
6.079033852160735663e-01 -3.173290365235119204e+00 1.826832350842213515e+00 -1.035236090871832992e+00 -3.589937097404024779e+00 -1.300307806191873361e+00
6.061374189432561232e-01 -3.166125925720294276e+00 1.826909704688516323e+00 -1.038765557972945786e+00 -3.573266181657827723e+00 -1.304608207143086229e+00
6.043679374894332934e-01 -3.158953207089430393e+00 1.826985718633008959e+00 -1.042251934200687291e+00 -3.556469106037576378e+00 -1.308896436601329372e+00
6.025949648727145780e-01 -3.151772259841045809e+00 1.827060427180021263e+00 -1.045694244525570360e+00 -3.539546609884187678e+00 -1.313172419267908619e+00
6.008185249140742812e-01 -3.144583134516328649e+00 1.827133864765137172e+00 -1.049091524290363342e+00 -3.522499452539812559e+00 -1.317436080845317603e+00
5.990386412364728796e-01 -3.137385881699591650e+00 1.827206065724207296e+00 -1.052442819462280132e+00 -3.505328413199108262e+00 -1.321687348043694143e+00
5.972553372642174230e-01 -3.130180552018656748e+00 1.827277064263542528e+00 -1.055747186880640509e+00 -3.488034290757553446e+00 -1.325926148587208919e+00
5.954686362225567464e-01 -3.122967196145185476e+00 1.827346894431250979e+00 -1.059003694499951465e+00 -3.470617903656933123e+00 -1.330152411220389741e+00
5.936785611375035021e-01 -3.115745864794943643e+00 1.827415590089681574e+00 -1.062211421628379782e+00 -3.453080089728055135e+00 -1.334366065714376548e+00
5.918851348358760145e-01 -3.108516608728008279e+00 1.827483184888937684e+00 -1.065369459161574994e+00 -3.435421706030822975e+00 -1.338567042873109347e+00
5.900883799455547418e-01 -3.101279478748919960e+00 1.827549712241418600e+00 -1.068476909811809872e+00 -3.417643628691755087e+00 -1.342755274539447097e+00
5.882883188959460163e-01 -3.094034525706774730e+00 1.827615205297362655e+00 -1.071532888332416888e+00 -3.399746752739008393e+00 -1.346930693601216200e+00
5.864849739186468458e-01 -3.086781800495266737e+00 1.827679696921350683e+00 -1.074536521737480932e+00 -3.381731991935049919e+00 -1.351093233997188836e+00
5.846783670483068907e-01 -3.079521354052674020e+00 1.827743219669735186e+00 -1.077486949516770043e+00 -3.363600278607032479e+00 -1.355242830722990233e+00
5.828685201236781799e-01 -3.072253237361793232e+00 1.827805805768954350e+00 -1.080383323845877097e+00 -3.345352563474997432e+00 -1.359379419836933334e+00
5.810554547888513444e-01 -3.064977501449825947e+00 1.827867487094706700e+00 -1.083224809791555554e+00 -3.326989815477955581e+00 -1.363502938465781300e+00
5.792391924946693749e-01 -3.057694197388212132e+00 1.827928295151944438e+00 -1.086010585512225513e+00 -3.308513021597973225e+00 -1.367613324810435849e+00
5.774197545003154630e-01 -3.050403376292420088e+00 1.827988261055649710e+00 -1.088739842453627205e+00 -3.289923186682390366e+00 -1.371710518151552094e+00
5.755971618750702623e-01 -3.043105089321683998e+00 1.828047415512366713e+00 -1.091411785539618595e+00 -3.271221333264181297e+00 -1.375794458855078117e+00
5.737714355002330180e-01 -3.035799387678701944e+00 1.828105788802450116e+00 -1.094025633358096439e+00 -3.252408501380631645e+00 -1.379865088377719706e+00
5.719425960712015700e-01 -3.028486322609284631e+00 1.828163410762998264e+00 -1.096580618342035685e+00 -3.233485748390354075e+00 -1.383922349272328045e+00
5.701106640997077868e-01 -3.021165945401962816e+00 1.828220310771439872e+00 -1.099075986945633243e+00 -3.214454148788785659e+00 -1.387966185193211244e+00
5.682756599162036570e-01 -3.013838307387552540e+00 1.828276517729739536e+00 -1.101510999815550562e+00 -3.195314794022250382e+00 -1.391996540901368817e+00
5.664376036723944852e-01 -3.006503459938676848e+00 1.828332060049193020e+00 -1.103884931957255677e+00 -3.176068792300651644e+00 -1.396013362269647340e+00
5.645965153439138628e-01 -2.999161454469248866e+00 1.828386965635779404e+00 -1.106197072896458300e+00 -3.156717268408903543e+00 -1.400016596287817938e+00
5.627524147331388615e-01 -2.991812342433915362e+00 1.828441261876040613e+00 -1.108446726835639051e+00 -3.137261363517179547e+00 -1.404006191067575182e+00
5.609053214721402281e-01 -2.984456175327460770e+00 1.828494975623457863e+00 -1.110633212805672176e+00 -3.117702234990100241e+00 -1.407982095847455595e+00
5.590552550257648079e-01 -2.977093004684173039e+00 1.828548133185295299e+00 -1.112755864812546847e+00 -3.098041056194919207e+00 -1.411944260997675782e+00
5.572022346948471982e-01 -2.969722882077172610e+00 1.828600760309880169e+00 -1.114814031979197706e+00 -3.078279016308779426e+00 -1.415892638024890848e+00
5.553462796195480777e-01 -2.962345859117706315e+00 1.828652882174295113e+00 -1.116807078682448218e+00 -3.058417320125149441e+00 -1.419827179576870657e+00
5.534874087828145495e-01 -2.954961987454403527e+00 1.828704523372453927e+00 -1.118734384685076133e+00 -3.038457187859521458e+00 -1.423747839447094377e+00
5.516256410139626087e-01 -2.947571318772499893e+00 1.828755707903529037e+00 -1.120595345263011078e+00 -3.018399854954473938e+00 -1.427654572579263759e+00
5.497609949923765171e-01 -2.940173904793022430e+00 1.828806459160706499e+00 -1.122389371327680685e+00 -2.998246571884161327e+00 -1.431547335071732041e+00
5.478934892513249721e-01 -2.932769797271945755e+00 1.828856799920246745e+00 -1.124115889543520375e+00 -2.977998603958321056e+00 -1.435426084181851802e+00
5.460231421818908526e-01 -2.925359047999313233e+00 1.828906752330822449e+00 -1.125774342440662990e+00 -2.957657231125876862e+00 -1.439290778330237330e+00
5.441499720370124304e-01 -2.917941708798321709e+00 1.828956337903104634e+00 -1.127364188522826272e+00 -2.937223747778235250e+00 -1.443141377104943945e+00
5.422739969356347167e-01 -2.910517831524381371e+00 1.829005577499581925e+00 -1.128884902370425714e+00 -2.916699462552314159e+00 -1.446977841265562503e+00
5.403952348669693873e-01 -2.903087468064136090e+00 1.829054491324582088e+00 -1.130335974738924110e+00 -2.896085698133433084e+00 -1.450800132747229743e+00
5.385137036948606237e-01 -2.895650670334457555e+00 1.829103098914491188e+00 -1.131716912652467766e+00 -2.875383791057986471e+00 -1.454608214664552479e+00
5.366294211623519050e-01 -2.888207490281869738e+00 1.829151419149494640e+00 -1.133027239498478167e+00 -2.854595091467407642e+00 -1.458402051315445203e+00
5.347424048961013643e-01 -2.880757979881521713e+00 1.829199470244229131e+00 -1.134266495111185380e+00 -2.833720962910561081e+00 -1.462181608184882187e+00
5.328526724109000634e-01 -2.873302191136132944e+00 1.829247269738554893e+00 -1.135434235850509843e+00 -2.812762782146285723e+00 -1.465946851948562335e+00
5.309602411142904099e-01 -2.865840176074904821e+00 1.829294834488429000e+00 -1.136530034676324519e+00 -2.791721938946146064e+00 -1.469697750476487874e+00
5.290651283112828285e-01 -2.858371986752407778e+00 1.829342180656861050e+00 -1.137553481218131601e+00 -2.770599835897475494e+00 -1.473434272836456227e+00
5.271673512091730185e-01 -2.850897675247433760e+00 1.829389323704933679e+00 -1.138504181840180651e+00 -2.749397888206796203e+00 -1.477156389297464401e+00
5.252669269224560233e-01 -2.843417293661825163e+00 1.829436278382867709e+00 -1.139381759702071673e+00 -2.728117523503667208e+00 -1.480864071333025667e+00
5.233638724778386653e-01 -2.835930894119268686e+00 1.829483058721118827e+00 -1.140185854814874222e+00 -2.706760181645046615e+00 -1.484557291624398756e+00
5.214582048193493469e-01 -2.828438528764064763e+00 1.829529678021486472e+00 -1.140916124092804518e+00 -2.685327314520223663e+00 -1.488236024063728458e+00
5.195499408135448860e-01 -2.820940249759864127e+00 1.829576148848222505e+00 -1.141572241400498955e+00 -2.663820385856376483e+00 -1.491900243757098066e+00
5.176390972548144953e-01 -2.813436109288381282e+00 1.829622483019123669e+00 -1.142153897595925116e+00 -2.642240871024834625e+00 -1.495549927027493675e+00
5.157256908707804621e-01 -2.805926159548071119e+00 1.829668691596593844e+00 -1.142660800568974899e+00 -2.620590256848093880e+00 -1.499185051417678327e+00
5.138097383277960839e-01 -2.798410452752784217e+00 1.829714784878665901e+00 -1.143092675275778625e+00 -2.598870041407670417e+00 -1.502805595692978669e+00
5.118912562365407481e-01 -2.790889041130386161e+00 1.829760772389966927e+00 -1.143449263768788970e+00 -2.577081733852835566e+00 -1.506411539843981018e+00
5.099702611577119349e-01 -2.783361976921354675e+00 1.829806662872620393e+00 -1.143730325222681810e+00 -2.555226854210287613e+00 -1.510002865089138835e+00
5.080467696078155848e-01 -2.775829312377340763e+00 1.829852464277071045e+00 -1.143935635956115249e+00 -2.533306933194839683e+00 -1.513579553877290040e+00
5.061207980650535010e-01 -2.768291099759705887e+00 1.829898183752824981e+00 -1.144064989449404823e+00 -2.511323512021137017e+00 -1.517141589890084630e+00
5.041923629753102265e-01 -2.760747391338026269e+00 1.829943827639096243e+00 -1.144118196358155259e+00 -2.489278142216505341e+00 -1.520688958044321470e+00
5.022614807582372887e-01 -2.753198239388570556e+00 1.829989401455351494e+00 -1.144095084522906536e+00 -2.467172385434964088e+00 -1.524221644494196726e+00
5.003281678134388066e-01 -2.745643696192743732e+00 1.830034909891746331e+00 -1.143995498974839764e+00 -2.445007813272451536e+00 -1.527739636633459686e+00
4.983924405267548541e-01 -2.738083814035505270e+00 1.830080356799447250e+00 -1.143819301937604616e+00 -2.422786007083295612e+00 -1.531242923097480002e+00
4.964543152766471845e-01 -2.730518645203754424e+00 1.830125745180833485e+00 -1.143566372825311150e+00 -2.400508557798017417e+00 -1.534731493765223220e+00
4.945138084406849877e-01 -2.722948241984686213e+00 1.830171077179575612e+00 -1.143236608236750218e+00 -2.378177065742480334e+00 -1.538205339761136381e+00
4.925709364021328973e-01 -2.715372656664116757e+00 1.830216354070586693e+00 -1.142829921945892391e+00 -2.355793140458444235e+00 -1.541664453456941475e+00
4.906257155566413619e-01 -2.707791941524777535e+00 1.830261576249843980e+00 -1.142346244888725160e+00 -2.333358400525570531e+00 -1.545108828473340079e+00
4.886781623190403212e-01 -2.700206148844580767e+00 1.830306743224080046e+00 -1.141785525146482572e+00 -2.310874473384918026e+00 -1.548538459681624291e+00
4.867282931302363558e-01 -2.692615330894848391e+00 1.830351853600342027e+00 -1.141147727925329480e+00 -2.288342995163964222e+00 -1.551953343205199287e+00
4.847761244642148637e-01 -2.685019539938518385e+00 1.830396905075420300e+00 -1.140432835532556366e+00 -2.265765610503202243e+00 -1.555353476421012404e+00
4.828216728351469311e-01 -2.677418828228309344e+00 1.830441894425147709e+00 -1.139640847349345343e+00 -2.243143972384324947e+00 -1.558738857960892288e+00
4.808649548046021738e-01 -2.669813248004861528e+00 1.830486817493571783e+00 -1.138771779800169526e+00 -2.220479741960061038e+00 -1.562109487712797007e+00
4.789059869888681598e-01 -2.662202851494842815e+00 1.830531669182003052e+00 -1.137825666318883489e+00 -2.197774588385699168e+00 -1.565465366821969351e+00
4.769447860663764693e-01 -2.654587690909020914e+00 1.830576443437945011e+00 -1.136802557311568540e+00 -2.175030188652301355e+00 -1.568806497692001978e+00
4.749813687852365574e-01 -2.646967818440306708e+00 1.830621133243909071e+00 -1.135702520116197434e+00 -2.152248227421670990e+00 -1.572132883985811524e+00
4.730157519708773628e-01 -2.639343286261763399e+00 1.830665730606124253e+00 -1.134525638959176685e+00 -2.129430396863086994e+00 -1.575444530626519235e+00
4.710479525337975537e-01 -2.631714146524581910e+00 1.830710226543145192e+00 -1.133272014908833336e+00 -2.106578396491824545e+00 -1.578741443798242550e+00
4.690779874774242963e-01 -2.624080451356026522e+00 1.830754611074370652e+00 -1.131941765825910995e+00 -2.083693933009518329e+00 -1.582023630946793435e+00
4.671058739060812148e-01 -2.616442252857345441e+00 1.830798873208479449e+00 -1.130535026311136004e+00 -2.060778720146364762e+00 -1.585291100780286344e+00
4.651316290330652081e-01 -2.608799603101649822e+00 1.830843000931796860e+00 -1.129051947649922782e+00 -2.037834478505191615e+00 -1.588543863269654244e+00
4.631552701888329016e-01 -2.601152554131759054e+00 1.830886981196600649e+00 -1.127492697754280959e+00 -2.014862935407422118e+00 -1.591781929649072724e+00
4.611768148292961778e-01 -2.593501157958014058e+00 1.830930799909382900e+00 -1.125857461101990475e+00 -1.991865824740955304e+00 -1.595005312416293508e+00
4.591962805442267315e-01 -2.585845466556057293e+00 1.830974441919078766e+00 -1.124146438673114146e+00 -1.968844886809982153e+00 -1.598214025332886479e+00
4.572136850657694818e-01 -2.578185531864579882e+00 1.831017891005278786e+00 -1.122359847883907857e+00 -1.945801868186749495e+00 -1.601408083424389117e+00
4.552290462770646196e-01 -2.570521405783036339e+00 1.831061129866440540e+00 -1.120497922518202571e+00 -1.922738521565293013e+00 -1.604587502980365787e+00
4.532423822209772357e-01 -2.562853140169327304e+00 1.831104140108118061e+00 -1.118560912656318518e+00 -1.899656605617142890e+00 -1.607752301554375762e+00
4.512537111089344188e-01 -2.555180786837448981e+00 1.831146902231226559e+00 -1.116549084601584862e+00 -1.876557884849029190e+00 -1.610902497963849100e+00
4.492630513298687123e-01 -2.547504397555111488e+00 1.831189395620362648e+00 -1.114462720804527018e+00 -1.853444129462582080e+00 -1.614038112289871485e+00
4.472704214592667649e-01 -2.539824024041324790e+00 1.831231598532201632e+00 -1.112302119784794208e+00 -1.830317115216070434e+00 -1.617159165876878690e+00
4.452758402683222316e-01 -2.532139717963953984e+00 1.831273488083992929e+00 -1.110067596050892558e+00 -1.807178623288143715e+00 -1.620265681332258234e+00
4.432793267331915366e-01 -2.524451530937241728e+00 1.831315040242178060e+00 -1.107759480017790565e+00 -1.784030440143591356e+00 -1.623357682525861767e+00
4.412809000443506657e-01 -2.516759514519303131e+00 1.831356229811155867e+00 -1.105378117922469983e+00 -1.760874357401163159e+00 -1.626435194589425981e+00
4.392805796160513254e-01 -2.509063720209588677e+00 1.831397030422219574e+00 -1.102923871737484518e+00 -1.737712171703421848e+00 -1.629498243915901368e+00
4.372783850958746887e-01 -2.501364199446317826e+00 1.831437414522694596e+00 -1.100397119082599406e+00 -1.714545684588622443e+00 -1.632546858158691494e+00
4.352743363743798444e-01 -2.493661003603884208e+00 1.831477353365305039e+00 -1.097798253134577573e+00 -1.691376702364652207e+00 -1.635581066230800573e+00
4.332684535948452265e-01 -2.485954183990233712e+00 1.831516816997797559e+00 -1.095127682535181668e+00 -1.668207035985010300e+00 -1.638600898303891329e+00
4.312607571630995840e-01 -2.478243791844214172e+00 1.831555774252855651e+00 -1.092385831297461252e+00 -1.645038500926821801e+00 -1.641606385807250934e+00
4.292512677574401581e-01 -2.470529878332899276e+00 1.831594192738334126e+00 -1.089573138710391742e+00 -1.621872917070894538e+00 -1.644597561426667243e+00
4.272400063386340152e-01 -2.462812494548887621e+00 1.831632038827849751e+00 -1.086690059241933515e+00 -1.598712108583805858e+00 -1.647574459103214428e+00
4.252269941599995384e-01 -2.455091691507577778e+00 1.831669277651761130e+00 -1.083737062440581767e+00 -1.575557903802017989e+00 -1.650537114031947805e+00
4.232122527775641352e-01 -2.447367520144419828e+00 1.831705873088576020e+00 -1.080714632835472422e+00 -1.552412135118018899e+00 -1.653485562660509167e+00
4.211958040602936659e-01 -2.439640031312145130e+00 1.831741787756822282e+00 -1.077623269835114028e+00 -1.529276638868482863e+00 -1.656419842687641086e+00
4.191776702003895405e-01 -2.431909275777976998e+00 1.831776983007421311e+00 -1.074463487624813807e+00 -1.506153255224429444e+00 -1.659339993061611729e+00
4.171578737236482093e-01 -2.424175304220820948e+00 1.831811418916605261e+00 -1.071235815062862473e+00 -1.483043828083379090e+00 -1.662246053978548854e+00
4.151364374998783857e-01 -2.416438167228438960e+00 1.831845054279419793e+00 -1.067940795575548885e+00 -1.459950204963479603e+00 -1.665138066880685219e+00
4.131133847533700054e-01 -2.408697915294607750e+00 1.831877846603854776e+00 -1.064578987051068015e+00 -1.436874236899603474e+00 -1.668016074454512276e+00
4.110887390734093705e-01 -2.400954598816264163e+00 1.831909752105647771e+00 -1.061150961732394649e+00 -1.413817778341407205e+00 -1.670880120628846166e+00
4.090625244248340397e-01 -2.393208268090636359e+00 1.831940725703805839e+00 -1.057657306109184070e+00 -1.390782687053326860e+00 -1.673730250572802447e+00
4.070347651586211368e-01 -2.385458973312368336e+00 1.831970721016893844e+00 -1.054098620808771258e+00 -1.367770824016496078e+00 -1.676566510693682455e+00
4.050054860225014153e-01 -2.377706764570635123e+00 1.831999690360136768e+00 -1.050475520486330083e+00 -1.344784053332568341e+00 -1.679388948634769063e+00
4.029747121715927527e-01 -2.369951691846253539e+00 1.832027584743386672e+00 -1.046788633714262673e+00 -1.321824242129427951e+00 -1.682197613273034742e+00
4.009424691790436368e-01 -2.362193805008788949e+00 1.832054353870007146e+00 -1.043038602870879794e+00 -1.298893260468748867e+00 -1.684992554716758573e+00
3.989087830466800932e-01 -2.354433153813663804e+00 1.832079946136724979e+00 -1.039226084028443076e+00 -1.275992981255403613e+00 -1.687773824303055559e+00
3.968736802156460630e-01 -2.346669787899266613e+00 1.832104308634506573e+00 -1.035351746840628584e+00 -1.253125280148702281e+00 -1.690541474595316007e+00
3.948371875770285699e-01 -2.338903756784061816e+00 1.832127387150515041e+00 -1.031416274429570512e+00 -1.230292035476147738e+00 -1.693295559380587623e+00
3.927993324824576860e-01 -2.331135109863713861e+00 1.832149126171202402e+00 -1.027420363272379067e+00 -1.207495128148273977e+00 -1.696036133666839918e+00
3.907601427546721906e-01 -2.323363896408222384e+00 1.832169468886598152e+00 -1.023364723087463402e+00 -1.184736441576732080e+00 -1.698763253680136920e+00
3.887196466980384901e-01 -2.315590165559070712e+00 1.832188357195851269e+00 -1.019250076720358944e+00 -1.162017861592550716e+00 -1.701476976861721946e+00
3.866778731090135812e-01 -2.307813966326396127e+00 1.832205731714089625e+00 -1.015077160029293379e+00 -1.139341276366084177e+00 -1.704177361865012896e+00
3.846348512865396252e-01 -2.300035347586179668e+00 1.832221531780658719e+00 -1.010846721770560119e+00 -1.116708576328626634e+00 -1.706864468552510727e+00
3.825906110423573647e-01 -2.292254358077461251e+00 1.832235695468802383e+00 -1.006559523483756102e+00 -1.094121654095654428e+00 -1.709538357992617330e+00
3.805451827112272811e-01 -2.284471046399586314e+00 1.832248159596854054e+00 -1.002216339376948318e+00 -1.071582404391676846e+00 -1.712199092456366811e+00
3.784985971610437261e-01 -2.276685461009484879e+00 1.832258859741002999e+00 -9.978179562118275614e-01 -1.049092723976642549e+00 -1.714846735414067513e+00
3.764508858028290383e-01 -2.268897650218988815e+00 1.832267730249704574e+00 -9.933651731889112657e-01 -1.026654511573888762e+00 -1.717481351531856548e+00
3.744020806005938784e-01 -2.261107662192192613e+00 1.832274704259804876e+00 -9.888588018328554607e-01 -1.004269667799591481e+00 -1.720103006668165735e+00
3.723522140810473502e-01 -2.253315544942859905e+00 1.832279713714450420e+00 -9.842996658779338270e-01 -9.819400950936825190e-01 -1.722711767870099830e+00
3.703013193431432537e-01 -2.245521346331882384e+00 1.832282689382854102e+00 -9.796886011537455641e-01 -9.596676976522076075e-01 -1.725307703369726164e+00
3.682494300674449272e-01 -2.237725114064796461e+00 1.832283560881992956e+00 -9.750264554712380072e-01 -9.374543813612761234e-01 -1.727890882580277232e+00
3.661965805252930251e-01 -2.229926895689361199e+00 1.832282256700311640e+00 -9.703140885090434375e-01 -9.153020537321743255e-01 -1.730461376092265136e+00
3.641428055877583558e-01 -2.222126738593204198e+00 1.832278704223507138e+00 -9.655523717002152395e-01 -8.932126238377957606e-01 -1.733019255669507430e+00
3.620881407343622405e-01 -2.214324690001539864e+00 1.832272829762472632e+00 -9.607421881194191382e-01 -8.711880022503506460e-01 -1.735564594245066372e+00
3.600326220615458483e-01 -2.206520796974967169e+00 1.832264558583479586e+00 -9.558844323706348067e-01 -8.492301009803093770e-01 -1.738097465917099571e+00
3.579762862908690835e-01 -2.198715106407351350e+00 1.832253814940677739e+00 -9.509800104754243533e-01 -8.273408334165512912e-01 -1.740617945944623601e+00
3.559191707769194801e-01 -2.190907665023797080e+00 1.832240522110992531e+00 -9.460298397618207566e-01 -8.055221142676680657e-01 -1.743126110743189905e+00
3.538613135149109024e-01 -2.183098519378718461e+00 1.832224602431503646e+00 -9.410348487538897633e-01 -7.837758595043764487e-01 -1.745622037880472099e+00
3.518027531479500647e-01 -2.175287715854010706e+00 1.832205977339387948e+00 -9.359959770620192021e-01 -7.621039863030030226e-01 -1.748105806071767354e+00
3.497435289739501130e-01 -2.167475300657334625e+00 1.832184567414508081e+00 -9.309141752739861220e-01 -7.405084129899934808e-01 -1.750577495175408504e+00
3.476836809521681726e-01 -2.159661319820517011e+00 1.832160292424735326e+00 -9.257904048468554858e-01 -7.189910589874015656e-01 -1.753037186188090235e+00
3.456232497093438827e-01 -2.151845819198073162e+00 1.832133071374091537e+00 -9.206256379997609374e-01 -6.975538447593203628e-01 -1.755484961240106223e+00
3.435622765454151573e-01 -2.144028844465863060e+00 1.832102822553795418e+00 -9.154208576076144910e-01 -6.761986917591871205e-01 -1.757920903590499906e+00
3.415008034387863045e-01 -2.136210441119884340e+00 1.832069463596302628e+00 -9.101770570957968820e-01 -6.549275223779309485e-01 -1.760345097622126431e+00
3.394388730511240793e-01 -2.128390654475212695e+00 1.832032911532428532e+00 -9.048952403358776486e-01 -6.337422598929141060e-01 -1.762757628836628454e+00
3.373765287316548012e-01 -2.120569529665092823e+00 1.831993082851642640e+00 -8.995764215424114640e-01 -6.126448284176131409e-01 -1.765158583849323115e+00
3.353138145209360044e-01 -2.112747111640195019e+00 1.831949893565623322e+00 -8.942216251708560160e-01 -5.916371528519892564e-01 -1.767548050384002201e+00
3.332507751540764174e-01 -2.104923445168038754e+00 1.831903259275165619e+00 -8.888318858166601721e-01 -5.707211588334963892e-01 -1.769926117267643706e+00
3.311874560633742970e-01 -2.097098574832593876e+00 1.831853095240530971e+00 -8.834082481155653976e-01 -5.498987726886772620e-01 -1.772292874425037024e+00
3.291239033803470271e-01 -2.089272545034070117e+00 1.831799316455332560e+00 -8.779517666451659430e-01 -5.291719213852994486e-01 -1.774648412873318870e+00
3.270601639371212288e-01 -2.081445399988898437e+00 1.831741837724047306e+00 -8.724635058277697697e-01 -5.085425324849630613e-01 -1.776992824716422392e+00
3.249962852671539615e-01 -2.073617183729917990e+00 1.831680573743245777e+00 -8.669445398346046217e-01 -4.880125340961454228e-01 -1.779326203139437901e+00
3.229323156052537058e-01 -2.065787940106773579e+00 1.831615439186635275e+00 -8.613959524914086563e-01 -4.675838548276134432e-01 -1.781648642402886118e+00
3.208683038868691551e-01 -2.057957712786535609e+00 1.831546348794005574e+00 -8.558188371854471566e-01 -4.472584237421495246e-01 -1.783960237836901941e+00
3.188042997466138395e-01 -2.050126545254548738e+00 1.831473217464173020e+00 -8.502142967739958479e-01 -4.270381703105421423e-01 -1.786261085835331830e+00
3.167403535159932781e-01 -2.042294480815520785e+00 1.831395960352013796e+00 -8.445834434943275681e-01 -4.069250243657744903e-01 -1.788551283849741713e+00
3.146765162203005728e-01 -2.034461562594858552e+00 1.831314492969678964e+00 -8.389273988753798150e-01 -3.869209160579849538e-01 -1.790830930383336517e+00
3.126128395746458066e-01 -2.026627833540265211e+00 1.831228731292085410e+00 -8.332472936508705796e-01 -3.670277758088937858e-01 -1.793100124984791766e+00
3.105493759790848296e-01 -2.018793336423599705e+00 1.831138591866772414e+00 -8.275442676740283332e-01 -3.472475342662564302e-01 -1.795358968241995701e+00
3.084861785128099054e-01 -2.010958113843018591e+00 1.831043991928216652e+00 -8.218194698339706949e-01 -3.275821222582742109e-01 -1.797607561775702356e+00
3.064233009273666930e-01 -2.003122208225400769e+00 1.830944849516697115e+00 -8.160740579737646438e-01 -3.080334707479099876e-01 -1.799846008233096484e+00
3.043607976388595926e-01 -1.995285661829069745e+00 1.830841083601799424e+00 -8.103091988102026910e-01 -2.886035107870430494e-01 -1.802074411281268551e+00
3.022987237191074872e-01 -1.987448516746822325e+00 1.830732614210648146e+00 -8.045260678553248779e-01 -2.692941734704028534e-01 -1.804292875600600254e+00
3.002371348857111322e-01 -1.979610814909272598e+00 1.830619362560958807e+00 -7.987258493397152437e-01 -2.501073898892052227e-01 -1.806501506878060326e+00
2.981760874909922254e-01 -1.971772598088521455e+00 1.830501251198993318e+00 -7.929097361376046260e-01 -2.310450910844386030e-01 -1.808700411800410857e+00
2.961156385097649668e-01 -1.963933907902161824e+00 1.830378204142505849e+00 -7.870789296947362512e-01 -2.121092080035671401e-01 -1.810889698047323026e+00
2.940558455258981407e-01 -1.956094785817629411e+00 1.830250147028765983e+00 -7.812346399571988842e-01 -1.933016714529216529e-01 -1.813069474284401794e+00
2.919967667176270876e-01 -1.948255273156906497e+00 1.830117007267737961e+00 -7.753780853039784482e-01 -1.746244120569562241e-01 -1.815239850156120882e+00
2.899384608415737086e-01 -1.940415411101593435e+00 1.829978714200502621e+00 -7.695104924796599688e-01 -1.560793602094880939e-01 -1.817400936278666501e+00
2.878809872154309835e-01 -1.932575240698353625e+00 1.829835199262999312e+00 -7.636330965290615280e-01 -1.376684460242456609e-01 -1.819552844232688704e+00
2.858244056992699234e-01 -1.924734802864741745e+00 1.829686396155167261e+00 -7.577471407338203235e-01 -1.193935992846508753e-01 -1.821695686555961480e+00
2.837687766754236618e-01 -1.916894138395428548e+00 1.829532241015561000e+00 -7.518538765509517052e-01 -1.012567493927640783e-01 -1.823829576735951141e+00
2.817141610269058294e-01 -1.909053287968826229e+00 1.829372672601513594e+00 -7.459545635533988417e-01 -8.325982531731757064e-02 -1.825954629202291013e+00
2.796606201143175818e-01 -1.901212292154128125e+00 1.829207632474918910e+00 -7.400504693725921124e-01 -6.540475554076330411e-02 -1.828070959319163968e+00
2.776082157511972071e-01 -1.893371191418770749e+00 1.829037065193698908e+00 -7.341428696444192159e-01 -4.769346801053409024e-02 -1.830178683377591486e+00
2.755570101475469658e-01 -1.885530026064575537e+00 1.828860918503989463e+00 -7.282330497254323465e-01 -3.012789680203908915e-02 -1.832277918585060172e+00
2.735070658543935496e-01 -1.877688836128200034e+00 1.828679143533146867e+00 -7.223223065709476476e-01 -1.270998913847520839e-02 -1.834368783052143570e+00
2.714584457343113266e-01 -1.869847661388710947e+00 1.828491694988788163e+00 -7.164119488233033906e-01 4.558294614587232729e-03 -1.836451395779086004e+00
2.694112129302944636e-01 -1.862006541375601731e+00 1.828298531363924173e+00 -7.105032969016190636e-01 2.167498095741660080e-02 -1.838525876642350676e+00
2.673654308329304063e-01 -1.854165515377272921e+00 1.828099615148232493e+00 -7.045976830930500423e-01 3.863808326726836384e-02 -1.840592346381131783e+00
2.653211630458248704e-01 -1.846324622449976083e+00 1.827894913045519987e+00 -6.986964516455368424e-01 5.544560181258617604e-02 -1.842650926583833559e+00
2.632784733492294915e-01 -1.838483901427236500e+00 1.827684396197416739e+00 -6.928009588620395176e-01 7.209552377041905658e-02 -1.844701739674515117e+00
2.612374256618231749e-01 -1.830643390929759029e+00 1.827468040413339434e+00 -6.869125731962502091e-01 8.858582324717989565e-02 -1.846744908899304205e+00
2.591980840005971842e-01 -1.822803129375830000e+00 1.827245826406758811e+00 -6.810326753497739638e-01 1.049144613028873962e-01 -1.848780558312780098e+00
2.571605124387933428e-01 -1.814963154992218275e+00 1.827017740037798710e+00 -6.751626583707625029e-01 1.210793859790442184e-01 -1.850808812764325850e+00
2.551247750618461652e-01 -1.807123505825589227e+00 1.826783772562189601e+00 -6.693039277539879484e-01 1.370785323302925462e-01 -1.852829797884453011e+00
2.530909359212788479e-01 -1.799284219754435643e+00 1.826543920886596784e+00 -6.634579015423408554e-01 1.529098224599882982e-01 -1.854843640071097921e+00
2.510590589865014932e-01 -1.791445334501533093e+00 1.826298187830333042e+00 -6.576260104297317888e-01 1.685711655598503000e-01 -1.856850466475891803e+00
2.490292080944627173e-01 -1.783606887646929984e+00 1.826046582393463069e+00 -6.518096978653763474e-01 1.840604579538300811e-01 -1.858850404990405547e+00
2.470014468971033494e-01 -1.775768916641475403e+00 1.825789120031299229e+00 -6.460104201594399909e-01 1.993755831463550621e-01 -1.860843584232369397e+00
2.449758388065625958e-01 -1.767931458820894974e+00 1.825525822935281761e+00 -6.402296465900213507e-01 2.145144118750845763e-01 -1.862830133531869548e+00
2.429524469380859308e-01 -1.760094551420417375e+00 1.825256720320229231e+00 -6.344688595114444940e-01 2.294748021683377104e-01 -1.864810182917522541e+00
2.409313340505849776e-01 -1.752258231589961301e+00 1.824981848717939226e+00 -6.287295544638294986e-01 2.442545994073554994e-01 -1.866783863102627672e+00
2.389125624847997509e-01 -1.744422536409885094e+00 1.824701252277111330e+00 -6.230132402839130279e-01 2.588516363935351450e-01 -1.868751305471299196e+00
2.368961940990141901e-01 -1.736587502907305680e+00 1.824414983069554408e+00 -6.173214392170870424e-01 2.732637334207925761e-01 -1.870712642064578546e+00
2.348822902022745795e-01 -1.728753168072993951e+00 1.824123101402635561e+00 -6.116556870306234517e-01 2.874886983531892426e-01 -1.872668005566528571e+00
2.328709114850638917e-01 -1.720919568878846562e+00 1.823825676137918572e+00 -6.060175331280434063e-01 3.015243267080016665e-01 -1.874617529290308671e+00
2.308621179473824281e-01 -1.713086742295942599e+00 1.823522785015927683e+00 -6.004085406646023637e-01 3.153684017443465493e-01 -1.876561347164234839e+00
2.288559688241884604e-01 -1.705254725313187336e+00 1.823214514986969847e+00 -5.948302866638474073e-01 3.290186945575266364e-01 -1.878499593717821048e+00
2.268525225081506891e-01 -1.697423554956546621e+00 1.822900962547931547e+00 -5.892843621352084060e-01 3.424729641792403356e-01 -1.880432404067807095e+00
2.248518364696674432e-01 -1.689593268308876350e+00 1.822582234084965780e+00 -5.837723721925841547e-01 3.557289576837856515e-01 -1.882359913904170678e+00
2.228539671741062156e-01 -1.681763902530349686e+00 1.822258446221963313e+00 -5.782959361738818638e-01 3.687844103004005447e-01 -1.884282259476125931e+00
2.208589699962194564e-01 -1.673935494879484231e+00 1.821929726174701170e+00 -5.728566877614669206e-01 3.816370455318702781e-01 -1.886199577578107967e+00
2.188668991316935486e-01 -1.666108082734772289e+00 1.821596212110546675e+00 -5.674562751034859520e-01 3.942845752795207659e-01 -1.888112005535744542e+00
2.168778075057870014e-01 -1.658281703616918179e+00 1.821258053513584718e+00 -5.620963609360152269e-01 4.067246999747302638e-01 -1.890019681191815959e+00
2.148917466790185582e-01 -1.650456395211682192e+00 1.820915411555023233e+00 -5.567786227059970949e-01 4.189551087170730881e-01 -1.891922742892202303e+00
2.129087667498629211e-01 -1.642632195393335603e+00 1.820568459468721478e+00 -5.515047526949201639e-01 4.309734794191948382e-01 -1.893821329471819137e+00
2.109289162544170093e-01 -1.634809142248728531e+00 1.820217382931671901e+00 -5.462764581432000277e-01 4.427774789585425808e-01 -1.895715580240542542e+00
2.089522420629990052e-01 -1.626987274101970637e+00 1.819862380449253747e+00 -5.410954613752312348e-01 4.543647633360103910e-01 -1.897605634969123045e+00
2.069787892736434376e-01 -1.619166629539732227e+00 1.819503663745064559e+00 -5.359634999250624254e-01 4.657329778416041677e-01 -1.899491633875088015e+00
2.050086011024596644e-01 -1.611347247437159957e+00 1.819141458155121960e+00 -5.308823266626636617e-01 4.768797572271994412e-01 -1.901373717608635161e+00
2.030417187708203342e-01 -1.603529166984417831e+00 1.818776003026211452e+00 -5.258537099207474252e-01 4.878027258864499061e-01 -1.903252027238513611e+00
2.010781813893500747e-01 -1.595712427713849912e+00 1.818407552118147086e+00 -5.208794336221163057e-01 4.984994980419044097e-01 -1.905126704237896540e+00
1.991180258386848756e-01 -1.587897069527772764e+00 1.818036374009689204e+00 -5.159612974075065139e-01 5.089676779393625949e-01 -1.906997890470241375e+00
1.971612866469775183e-01 -1.580083132726894490e+00 1.817662752507854806e+00 -5.111011167639052388e-01 5.192048600494985067e-01 -1.908865728175140886e+00
1.952079958641225188e-01 -1.572270658039372826e+00 1.817286987060337200e+00 -5.063007231533156460e-01 5.292086292767699263e-01 -1.910730359954162072e+00
1.932581829326812661e-01 -1.564459686650509163e+00 1.816909393170736520e+00 -5.015619641419569730e-01 5.389765611756081043e-01 -1.912591928756675497e+00
1.913118745554863720e-01 -1.556650260233087391e+00 1.816530302816285580e+00 -4.968867035298835666e-01 5.485062221738683519e-01 -1.914450577865671965e+00
1.893690945599086906e-01 -1.548842420978362888e+00 1.816150064867738223e+00 -4.922768214810196441e-01 5.577951698035139572e-01 -1.916306450883567658e+00
1.874298637587739069e-01 -1.541036211627709651e+00 1.815769045511071100e+00 -4.877342146536056133e-01 5.668409529384765833e-01 -1.918159691717997495e+00
1.854941998079167043e-01 -1.533231675504930891e+00 1.815387628670628972e+00 -4.832607963310628918e-01 5.756411120396256464e-01 -1.920010444567594510e+00
1.835621170603646268e-01 -1.525428856549245094e+00 1.815006216433330488e+00 -4.788584965532861060e-01 5.841931794067667383e-01 -1.921858853907756792e+00
1.816336264171464210e-01 -1.517627799348957751e+00 1.814625229473525447e+00 -4.745292622483803235e-01 5.924946794375625103e-01 -1.923705064476399329e+00
1.797087351747239659e-01 -1.509828549175829426e+00 1.814245107478082319e+00 -4.702750573648683541e-01 6.005431288932596701e-01 -1.925549221259691191e+00
1.777874468690482379e-01 -1.502031152020154803e+00 1.813866309571258828e+00 -4.660978630043960402e-01 6.083360371710879733e-01 -1.927391469477777397e+00
1.758697611162453045e-01 -1.494235654626571819e+00 1.813489314738892411e+00 -4.619996775549834456e-01 6.158709065831535767e-01 -1.929231954570483243e+00
1.739556734499413393e-01 -1.486442104530611097e+00 1.813114622251424723e+00 -4.579825168248660705e-01 6.231452326416571097e-01 -1.931070822183000635e+00
1.720451751552385389e-01 -1.478650550096015870e+00 1.812742752085254372e+00 -4.540484141769789983e-01 6.301565043502508345e-01 -1.932908218151557111e+00
