8.997618463543333167e-01 -4.696017917299497135e+00 3.115134983733461649e+00 -8.809138968838573502e-01 -4.734219546112981014e+00 -2.388208704579940569e-03
8.997618463543333167e-01 -4.696017917299497135e+00 3.115134983733461649e+00 -8.809138968838573502e-01 -4.734219546112981014e+00 -2.388208704579940569e-03
8.998127375840393460e-01 -4.696030929655564456e+00 2.726843288270545784e+00 -8.809834092483005419e-01 -4.734207137043552116e+00 -2.352795707067573735e-03
8.998220767912594731e-01 -4.696066405344525130e+00 2.300612197387593927e+00 -8.811215543104413683e-01 -4.734182342974895263e+00 -2.282167163353148592e-03
8.997610032926470769e-01 -4.696076402544003159e+00 1.979592537015405940e+00 -8.813274542369041731e-01 -4.734145195410565776e+00 -2.176519848572672656e-03
8.996532909556314017e-01 -4.696022341451043580e+00 1.788411963483875766e+00 -8.816002330441210511e-01 -4.734095732951399960e+00 -2.036049862710010913e-03
8.995229732784547627e-01 -4.695897498254641533e+00 1.699962272065876245e+00 -8.819390166010525611e-01 -4.734034001010010151e+00 -1.860952631721798922e-03
8.993773344643504197e-01 -4.695707524677668054e+00 1.675172232655952165e+00 -8.823429326235620040e-01 -4.733960051555467174e+00 -1.651422908760721885e-03
8.992136437038804608e-01 -4.695458691903581006e+00 1.681406120703222262e+00 -8.828111106641085559e-01 -4.733873942874487817e+00 -1.407654775501280099e-03
8.990269919796520792e-01 -4.695155217780368595e+00 1.697617065953362481e+00 -8.833426820987129169e-01 -4.733775739341935740e+00 -1.129841643572417282e-03
8.988140343345830674e-01 -4.694799221650757914e+00 1.713045281371615269e+00 -8.839367801122789414e-01 -4.733665511196766928e+00 -8.181762561008142694e-04
8.985736872115061002e-01 -4.694391188508793000e+00 1.723840033226747392e+00 -8.845925396828938636e-01 -4.733543334321284490e+00 -4.728506893667320209e-04
8.983064743461958157e-01 -4.693930607304339198e+00 1.729843922206229401e+00 -8.853090975654563932e-01 -4.733409290022608573e+00 -9.405635457362298071e-05
8.980136209136257985e-01 -4.693416589156333529e+00 1.732340606346012724e+00 -8.860855922748036573e-01 -4.733263464815930632e+00 3.180160002689473662e-04
8.976963779480406913e-01 -4.692848293521803882e+00 1.732798708216327421e+00 -8.869211640684090403e-01 -4.733105950209510304e+00 7.631762883502242988e-04
8.973556805723114094e-01 -4.692225120307939257e+00 1.732344847820346478e+00 -8.878149549286860065e-01 -4.732936842491525020e+00 1.241235081951334212e-03
8.969920715276656908e-01 -4.691546729589071596e+00 1.731660266235691914e+00 -8.887661085449186649e-01 -4.732756242518907364e+00 1.752003610227923771e-03
8.966057741075583731e-01 -4.690812976917898780e+00 1.731066658739011777e+00 -8.897737702948512739e-01 -4.732564255508273199e+00 2.295293756882719593e-03
8.961968145411081110e-01 -4.690023830503490920e+00 1.730659494369619411e+00 -8.908370872259847584e-01 -4.732360990829004521e+00 2.870918057728488737e-03
8.957651324485518263e-01 -4.689179304242513169e+00 1.730421898806735470e+00 -8.919552080366249802e-01 -4.732146561798487916e+00 3.478689698142334395e-03
8.953106546477228589e-01 -4.688279416320438209e+00 1.730299240869390021e+00 -8.931272830567457133e-01 -4.731921085479521949e+00 4.118422510411021663e-03
8.948333317607364279e-01 -4.687324170189940631e+00 1.730237934166162672e+00 -8.943524642287183912e-01 -4.731684682479869508e+00 4.789930970969082449e-03
8.943331480644264309e-01 -4.686313550315077237e+00 1.730199819885897439e+00 -8.956299050879686918e-01 -4.731437476753920457e+00 5.493030197529186025e-03
8.938101168130087038e-01 -4.685247525366532884e+00 1.730163279281053956e+00 -8.969587607436179111e-01 -4.731179595406466376e+00 6.227535946106262967e-03
8.932642704870465966e-01 -4.684126053712858173e+00 1.730119014906665198e+00 -8.983381878591619740e-01 -4.730911168498553643e+00 6.993264607935961892e-03
8.926956515009559778e-01 -4.682949088393241865e+00 1.730064998796218667e+00 -8.997673446332303815e-01 -4.730632328855394420e+00 7.790033206288501932e-03
8.921043056343216371e-01 -4.681716580525375981e+00 1.730002522573510060e+00 -9.012453907804872655e-01 -4.730343211876335552e+00 8.617659393177814695e-03
8.914902784097988864e-01 -4.680428481136807761e+00 1.729933772313082541e+00 -9.027714875127159644e-01 -4.730043955346853402e+00 9.475961445968329733e-03
8.908536137041428438e-01 -4.679084741845993989e+00 1.729860660364823444e+00 -9.043447975201371891e-01 -4.729734699252571062e+00 1.036475826387859081e-02
8.901943536784798772e-01 -4.677685314884831413e+00 1.729784460269636170e+00 -9.059644849530125166e-01 -4.729415585595278415e+00 1.128386936438529990e-02
8.895125392817870846e-01 -4.676230152846298616e+00 1.729705847822977649e+00 -9.076297154035625203e-01 -4.729086758210949704e+00 1.223311487952570900e-02
8.888082108579792306e-01 -4.674719208390595959e+00 1.729625084253545220e+00 -9.093396558882673730e-01 -4.728748362589731968e+00 1.321231555210189597e-02
8.880814086321134893e-01 -4.673152434017101342e+00 1.729542201753048847e+00 -9.110934748305687947e-01 -4.728400545697906132e+00 1.422129273178755759e-02
8.873321730153006515e-01 -4.671529781928183134e+00 1.729457137894814700e+00 -9.128903420440233063e-01 -4.728043455801793193e+00 1.525986837113840235e-02
8.865605447526371252e-01 -4.669851203970489806e+00 1.729369812978939658e+00 -9.147294287159501991e-01 -4.727677242293605531e+00 1.632786502150612024e-02
8.857665649670463104e-01 -4.668116651626760039e+00 1.729280164101181683e+00 -9.166099073916044171e-01 -4.727302055519224666e+00 1.742510582885920326e-02
8.849502751491600261e-01 -4.666326076033448622e+00 1.729188153285206919e+00 -9.185309519589062166e-01 -4.726918046607893054e+00 1.855141452951047584e-02
8.841117171285499676e-01 -4.664479428007161310e+00 1.729093763556130758e+00 -9.204917376337867774e-01 -4.726525367303811898e+00 1.970661544575274746e-02
8.832509330457936070e-01 -4.662576658070715752e+00 1.728996991552832485e+00 -9.224914409461685283e-01 -4.726124169799628127e+00 2.089053348140544261e-02
8.823679653331077954e-01 -4.660617716475279337e+00 1.728897840881501224e+00 -9.245292397266203777e-01 -4.725714606571810528e+00 2.210299411727075641e-02
8.814628567044175966e-01 -4.658602553218266884e+00 1.728796317613878974e+00 -9.266043130937186012e-01 -4.725296830217891042e+00 2.334382340650438883e-02
8.805356501526653279e-01 -4.656531118058131469e+00 1.728692427874630955e+00 -9.287158414421313735e-01 -4.724870993295568589e+00 2.461284796990055937e-02
8.795863889514677902e-01 -4.654403360527369138e+00 1.728586176895803517e+00 -9.308630064314880048e-01 -4.724437248163669167e+00 2.590989499109236718e-02
8.786151166587903294e-01 -4.652219229944861922e+00 1.728477568856708446e+00 -9.330449909760413219e-01 -4.723995746824941833e+00 2.723479221166889841e-02
8.776218771212341840e-01 -4.649978675428191544e+00 1.728366607115553677e+00 -9.352609792351554985e-01 -4.723546640770697636e+00 2.858736792621332720e-02
8.766067144781140019e-01 -4.647681645906304837e+00 1.728253294498356407e+00 -9.375101566046430968e-01 -4.723090080827265780e+00 2.996745097725935641e-02
8.755696731651250175e-01 -4.645328090132607279e+00 1.728137633530189010e+00 -9.397917097089850680e-01 -4.722626217004268767e+00 3.137487075016989063e-02
8.745107979176386381e-01 -4.642917956698472182e+00 1.728019626599661462e+00 -9.421048263944657997e-01 -4.722155198344711202e+00 3.280945716794154282e-02
8.734301337737119253e-01 -4.640451194047095385e+00 1.727899276019286168e+00 -9.444486957232118840e-01 -4.721677172776866271e+00 3.427104068593284786e-02
8.723277260770112562e-01 -4.637927750487611966e+00 1.727776584043280605e+00 -9.468225079682071055e-01 -4.721192286967959006e+00 3.575945228652084584e-02
8.712036204797489747e-01 -4.635347574209451871e+00 1.727651552870087537e+00 -9.492254546092717682e-01 -4.720700686179638339e+00 3.727452347368711422e-02
8.700578629456493518e-01 -4.632710613296875835e+00 1.727524184602285517e+00 -9.516567283300577662e-01 -4.720202514125236171e+00 3.881608626753545871e-02
8.688904997530618735e-01 -4.630016815743658753e+00 1.727394481280252636e+00 -9.541155230160455192e-01 -4.719697912828798358e+00 4.038397319874078434e-02
8.677015774980386675e-01 -4.627266129468017297e+00 1.727262444854116508e+00 -9.566010337535729713e-01 -4.719187022485889393e+00 4.197801730293273387e-02
8.664911430975276163e-01 -4.624458502327679632e+00 1.727128077214572066e+00 -9.591124568299332909e-01 -4.718669981326165441e+00 4.359805211501775746e-02
8.652592437925228364e-01 -4.621593882135186071e+00 1.726991380167587575e+00 -9.616489897345494864e-01 -4.718146925477712195e+00 4.524391166344002291e-02
8.640059271513238492e-01 -4.618672216673322062e+00 1.726852355411413242e+00 -9.642098311612496975e-01 -4.717617988833136877e+00 4.691543046438061831e-02
8.627312410729065517e-01 -4.615693453710708383e+00 1.726711004533788341e+00 -9.667941810116411627e-01 -4.717083302917425947e+00 4.861244351590154888e-02
8.614352337903478096e-01 -4.612657541017537000e+00 1.726567329059704559e+00 -9.694012403996373761e-01 -4.716542996757545403e+00 5.033478629203350097e-02
8.601179538741601238e-01 -4.609564426381568047e+00 1.726421330438526747e+00 -9.720302116570466167e-01 -4.715997196753794363e+00 5.208229473680871940e-02
8.587794502356874693e-01 -4.606414057624245828e+00 1.726273009992915330e+00 -9.746802983403946019e-01 -4.715446026552906567e+00 5.385480525824182241e-02
8.574197721307061926e-01 -4.603206382616920500e+00 1.726122368971327425e+00 -9.773507052388706873e-01 -4.714889606922902487e+00 5.565215472226578419e-02
8.560389691629031184e-01 -4.599941349297292703e+00 1.725969408506881519e+00 -9.800406383834350255e-01 -4.714328055629671610e+00 5.747418044661667391e-02
8.546370912875301817e-01 -4.596618905685966538e+00 1.725814129651666473e+00 -9.827493050571575184e-01 -4.713761487315314191e+00 5.932072019467451995e-02
8.532141888149745723e-01 -4.593238999903173969e+00 1.725656533408628901e+00 -9.854759138067293867e-01 -4.713190013378217635e+00 6.119161216926248537e-02
8.517703124142559368e-01 -4.589801580185699059e+00 1.725496620664071834e+00 -9.882196744551924317e-01 -4.712613741854876359e+00 6.308669500640368133e-02
8.503055131167867042e-01 -4.586306594903867051e+00 1.725334392202830358e+00 -9.909797981158640079e-01 -4.712032777303452491e+00 6.500580776903855384e-02
8.488198423201085419e-01 -4.582753992578657787e+00 1.725169848720977894e+00 -9.937554972075303139e-01 -4.711447220689082727e+00 6.694878994070660450e-02
8.473133517916271451e-01 -4.579143721899009201e+00 1.725002990859836771e+00 -9.965459854708534904e-01 -4.710857169270929568e+00 6.891548141919533188e-02
8.457860936722471079e-01 -4.575475731739279794e+00 1.724833819120087153e+00 -9.993504779860142850e-01 -4.710262716490980495e+00 7.090572251015404837e-02
8.442381204803468542e-01 -4.571749971176724436e+00 1.724662333921779034e+00 -1.002168191191566748e+00 -4.709663951864579978e+00 7.291935392067981636e-02
8.426694851155712707e-01 -4.567966389509175329e+00 1.724488535573579506e+00 -1.004998342904571906e+00 -4.709060960872723633e+00 7.495621675287610086e-02
8.410802408627611193e-01 -4.564124936272792254e+00 1.724312424317795189e+00 -1.007840152342015516e+00 -4.708453824856101200e+00 7.701615249738771873e-02
8.394704413957410072e-01 -4.560225561260010885e+00 1.724134000332628869e+00 -1.010692840143434301e+00 -4.707842620910889231e+00 7.909900302691119656e-02
8.378401407811251200e-01 -4.556268214537627870e+00 1.723953263700114258e+00 -1.013555628394808172e+00 -4.707227421786301491e+00 8.120461058968417301e-02
8.361893934822579588e-01 -4.552252846464937441e+00 1.723770214392392086e+00 -1.016427740653723877e+00 -4.706608295783893503e+00 8.333281780295313801e-02
8.345182543632355676e-01 -4.548179407711935518e+00 1.723584852237750820e+00 -1.019308401975794087e+00 -4.705985306658641676e+00 8.548346764643080520e-02
8.328267786930829697e-01 -4.544047849277541573e+00 1.723397177030087102e+00 -1.022196838942356356e+00 -4.705358513521786357e+00 8.765640345574031433e-02
8.311150221495280377e-01 -4.539858122508166005e+00 1.723207188501429510e+00 -1.025092279689417296e+00 -4.704727970745442356e+00 8.985146891584376572e-02
8.293830408228823892e-01 -4.535610179116290830e+00 1.723014886232839604e+00 -1.027993953937814897e+00 -4.704093727868986718e+00 9.206850805446574471e-02
8.276308912203158563e-01 -4.531303971199011293e+00 1.722820269726380582e+00 -1.030901093024707782e+00 -4.703455829507230845e+00 9.430736523550455053e-02
8.258586302698638359e-01 -4.526939451256806635e+00 1.722623338399818627e+00 -1.033812929936293923e+00 -4.702814315260374300e+00 9.656788515244535409e-02
8.240663153244521810e-01 -4.522516572212337493e+00 1.722424091551202352e+00 -1.036728699341798787e+00 -4.702169219625755403e+00 9.884991282177264804e-02
8.222540041660946208e-01 -4.518035287429278846e+00 1.722222528413495324e+00 -1.039647637628717813e+00 -4.701520571911404822e+00 1.011532935763808649e-01
8.204217550098804601e-01 -4.513495550731365213e+00 1.722018648113652128e+00 -1.042568982939262812e+00 -4.700868396151388851e+00 1.034778730589833995e-01
8.185696265081336964e-01 -4.508897316421411894e+00 1.721812449604931849e+00 -1.045491975208109547e+00 -4.700212711022971668e+00 1.058234972155365355e-01
8.166976777549125321e-01 -4.504240539300275792e+00 1.721603931808707300e+00 -1.048415856201315943e+00 -4.699553529765586823e+00 1.081900122886667731e-01
8.148059682898735057e-01 -4.499525174686167084e+00 1.721393093609689062e+00 -1.051339869556483286e+00 -4.698890860101633038e+00 1.105772648111093270e-01
8.128945581021577160e-01 -4.494751178434025718e+00 1.721179933812105212e+00 -1.054263260824153781e+00 -4.698224704159100540e+00 1.129851015991577001e-01
8.109635076344614557e-01 -4.489918506954850841e+00 1.720964451108608628e+00 -1.057185277510457988e+00 -4.697555058396038596e+00 1.154133697461305758e-01
8.090128777872848120e-01 -4.485027117235086180e+00 1.720746643902538953e+00 -1.060105169120903579e+00 -4.696881913526854468e+00 1.178619166158594855e-01
8.070427299240520158e-01 -4.480076966855679466e+00 1.720526510681481547e+00 -1.063022187205374225e+00 -4.696205254450473987e+00 1.203305898361886339e-01
8.050531258744121343e-01 -4.475068014011878148e+00 1.720304049880319486e+00 -1.065935585404369279e+00 -4.695525060180368193e+00 1.228192372925059339e-01
8.030441279382017905e-01 -4.470000217532855480e+00 1.720079259701998708e+00 -1.068844619496372994e+00 -4.694841303776437158e+00 1.253277071212970939e-01
8.010157988903056081e-01 -4.464873536900998197e+00 1.719852138252767393e+00 -1.071748547446397470e+00 -4.694153952278766972e+00 1.278558477037277930e-01
7.989682019848767247e-01 -4.459687932271560129e+00 1.719622683591659040e+00 -1.074646629455670244e+00 -4.693462966643270562e+00 1.304035076592553466e-01
7.969014009592902958e-01 -4.454443364492416180e+00 1.719390893742997140e+00 -1.077538128012459184e+00 -4.692768301679209664e+00 1.329705358392742620e-01
7.948154600379976342e-01 -4.449139795123863372e+00 1.719156766595560715e+00 -1.080422307944073346e+00 -4.692069905988643264e+00 1.355567813208002625e-01
7.927104439369146993e-01 -4.443777186458275352e+00 1.718920299861705914e+00 -1.083298436469918524e+00 -4.691367721907758970e+00 1.381620934001891177e-01
7.905864178680426235e-01 -4.438355501539710701e+00 1.718681491239785641e+00 -1.086165783255703232e+00 -4.690661685450135288e+00 1.407863215868897233e-01
7.884434475432114953e-01 -4.432874704183851655e+00 1.718440338246724153e+00 -1.089023620468691389e+00 -4.689951726251912589e+00 1.434293155972505007e-01
7.862815991787308612e-01 -4.427334758997633735e+00 1.718196838333120757e+00 -1.091871222834073674e+00 -4.689237767518919853e+00 1.460909253483669290e-01
7.841009394994012949e-01 -4.421735631399135613e+00 1.717950988809750168e+00 -1.094707867692338965e+00 -4.688519725975724306e+00 1.487710009519803145e-01
7.819015357429280888e-01 -4.416077287637301119e+00 1.717702786940620951e+00 -1.097532835057705380e+00 -4.687797511816640394e+00 1.514693927084254932e-01
7.796834556638131408e-01 -4.410359694811909925e+00 1.717452229929858687e+00 -1.100345407677684184e+00 -4.687071028658712279e+00 1.541859511006302419e-01
7.774467675372818132e-01 -4.404582820893502948e+00 1.717199314852827952e+00 -1.103144871093549195e+00 -4.686340173496651218e+00 1.569205267881711441e-01
7.751915401636002567e-01 -4.398746634743192274e+00 1.716944038615444423e+00 -1.105930513701788520e+00 -4.685604836659749139e+00 1.596729706013905181e-01
7.729178428726342087e-01 -4.392851106132380501e+00 1.716686398045678574e+00 -1.108701626816548158e+00 -4.684864901770777301e+00 1.624431335355671635e-01
7.706257455278608948e-01 -4.386896205762666590e+00 1.716426389888912940e+00 -1.111457504733030843e+00 -4.684120245706888674e+00 1.652308667451476976e-01
7.683153185304094634e-01 -4.380881905285781031e+00 1.716164010741893620e+00 -1.114197444791801273e+00 -4.683370738562510738e+00 1.680360215380535260e-01
7.659866328234742339e-01 -4.374808177323322944e+00 1.715899257066730854e+00 -1.116920747444062112e+00 -4.682616243614274865e+00 1.708584493700553986e-01
7.636397598966191413e-01 -4.368674995486502510e+00 1.715632125333090618e+00 -1.119626716317810189e+00 -4.681856617287957434e+00 1.736980018392141889e-01
7.612747717892206500e-01 -4.362482334396255546e+00 1.715362611866089182e+00 -1.122314658284786493e+00 -4.681091709127435330e+00 1.765545306803975034e-01
7.588917410947959574e-01 -4.356230169702947741e+00 1.715090712894983271e+00 -1.124983883528390516e+00 -4.680321361765708232e+00 1.794278877598648736e-01
7.564907409650089010e-01 -4.349918478106178377e+00 1.714816424523797567e+00 -1.127633705612377080e+00 -4.679545410897957503e+00 1.823179250699360487e-01
7.540718451138581635e-01 -4.343547237374516534e+00 1.714539742799152222e+00 -1.130263441550444448e+00 -4.678763685256670968e+00 1.852244947237404737e-01
7.516351278214108422e-01 -4.337116426365352773e+00 1.714260663502803039e+00 -1.132872411876510332e+00 -4.677976006588834501e+00 1.881474489500453984e-01
7.491806639388476352e-01 -4.330626025044211680e+00 1.713979182285374048e+00 -1.135459940715811911e+00 -4.677182189635189502e+00 1.910866400881797988e-01
7.467085288926411657e-01 -4.324076014504329102e+00 1.713695294773247779e+00 -1.138025355856660203e+00 -4.676382042111572268e+00 1.940419205830338223e-01
7.442187986880567374e-01 -4.317466376986570431e+00 1.713408996640428006e+00 -1.140567988822885459e+00 -4.675575364692316604e+00 1.970131429801540157e-01
7.417115499120709998e-01 -4.310797095899399523e+00 1.713120283263813937e+00 -1.143087174947077012e+00 -4.674761950995789839e+00 2.000001599209383640e-01
7.391868597385700124e-01 -4.304068155837992293e+00 1.712829150021915270e+00 -1.145582253444455967e+00 -4.673941587572027601e+00 2.030028241379150111e-01
7.366448059315295893e-01 -4.297279542603996028e+00 1.712535592143205720e+00 -1.148052567487436004e+00 -4.673114053892491349e+00 2.060209884501206234e-01
7.340854668492080570e-01 -4.290431243224978708e+00 1.712239604628813527e+00 -1.150497464280699322e+00 -4.672279122341914004e+00 2.090545057585810329e-01
7.315089214488170732e-01 -4.283523245973495541e+00 1.711941182362505920e+00 -1.152916295136950486e+00 -4.671436558212312740e+00 2.121032290418925492e-01
7.289152492904671377e-01 -4.276555540386490328e+00 1.711640320224107059e+00 -1.155308415553210288e+00 -4.670586119699107641e+00 2.151670113519119631e-01
7.263045305402731078e-01 -4.269528117284892232e+00 1.711337013077792513e+00 -1.157673185287566353e+00 -4.669727557899377324e+00 2.182457058095498836e-01
7.236768459734810310e-01 -4.262440968793151264e+00 1.711031255689044350e+00 -1.160009968436450656e+00 -4.668860616812255948e+00 2.213391656006732100e-01
7.210322769781147834e-01 -4.255294088358452242e+00 1.710723042452156895e+00 -1.162318133512561635e+00 -4.667985033341538248e+00 2.244472439721239554e-01
7.183709055605603799e-01 -4.248087470769166707e+00 1.710412367539637435e+00 -1.164597053523146908e+00 -4.667100537300417962e+00 2.275697942278421260e-01
7.156928143501216644e-01 -4.240821112173666307e+00 1.710099225095111475e+00 -1.166846106048706755e+00 -4.666206851418378321e+00 2.307066697251102250e-01
7.129980866021592423e-01 -4.233495010099542988e+00 1.709783609385179481e+00 -1.169064673322004921e+00 -4.665303691350245252e+00 2.338577238709192985e-01
7.102868062000151639e-01 -4.226109163473147134e+00 1.709465514468637704e+00 -1.171252142307552591e+00 -4.664390765687431717e+00 2.370228101184451985e-01
7.075590576593391301e-01 -4.218663572638260639e+00 1.709144934421383377e+00 -1.173407904781371247e+00 -4.663467775971347429e+00 2.402017819636662055e-01
7.048149261306999591e-01 -4.211158239375278001e+00 1.708821862993421759e+00 -1.175531357411073952e+00 -4.662534416709006813e+00 2.433944929420813474e-01
7.020544974046847297e-01 -4.203593166919299406e+00 1.708496293717435499e+00 -1.177621901836390261e+00 -4.661590375390855634e+00 2.466007966255749362e-01
6.992778579162235442e-01 -4.195968359978516915e+00 1.708168220173528429e+00 -1.179678944749785074e+00 -4.660635332510766560e+00 2.498205466194086399e-01
6.964850947468960163e-01 -4.188283824753281870e+00 1.707837635747789795e+00 -1.181701897977211146e+00 -4.659668961588183222e+00 2.530535965593317949e-01
6.936762956289763693e-01 -4.180539568954322327e+00 1.707504533598120933e+00 -1.183690178559279271e+00 -4.658690929192555785e+00 2.562998001088366840e-01
6.908515489497377704e-01 -4.172735601820777518e+00 1.707168906844490408e+00 -1.185643208832467987e+00 -4.657700894969927674e+00 2.595590109565363846e-01
6.880109437542303308e-01 -4.164871934138682619e+00 1.706830748511121820e+00 -1.187560416510426986e+00 -4.656698511671732987e+00 2.628310828137009336e-01
6.851545697485055264e-01 -4.156948578259329175e+00 1.706490051592351564e+00 -1.189441234765455491e+00 -4.655683425185801916e+00 2.661158694119201140e-01
6.822825173022188938e-01 -4.148965548117599766e+00 1.706146808893016287e+00 -1.191285102310024602e+00 -4.654655274569579504e+00 2.694132245009102089e-01
6.793948774524480871e-01 -4.140922859249768884e+00 1.705801013045864511e+00 -1.193091463478366476e+00 -4.653613692085563081e+00 2.727230018464545380e-01
6.764917419073668281e-01 -4.132820528811269156e+00 1.705452656461160510e+00 -1.194859768308025760e+00 -4.652558303238957471e+00 2.760450552285028114e-01
6.735732030502757928e-01 -4.124658575594212451e+00 1.705101731445914925e+00 -1.196589472621351735e+00 -4.651488726817503583e+00 2.793792384394173656e-01
6.706393539426361849e-01 -4.116437020045098372e+00 1.704748230177906221e+00 -1.198280038107028433e+00 -4.650404574933571844e+00 2.827254052823642838e-01
6.676902883272870515e-01 -4.108155884282434833e+00 1.704392144793193564e+00 -1.199930932401414685e+00 -4.649305453068422800e+00 2.860834095698580049e-01
6.647261006308862186e-01 -4.099815192114502516e+00 1.704033467306521166e+00 -1.201541629169883052e+00 -4.648190960118719239e+00 2.894531051224576434e-01
6.617468859669410897e-01 -4.091414969056781814e+00 1.703672189533286474e+00 -1.203111608187792836e+00 -4.647060688445176169e+00 2.928343457676276240e-01
6.587527401394583926e-01 -4.082955242349051161e+00 1.703308303025091730e+00 -1.204640355421429110e+00 -4.645914223923472974e+00 2.962269853387456964e-01
6.557437596470775398e-01 -4.074436040972093664e+00 1.702941799257361666e+00 -1.206127363108732364e+00 -4.644751145997385144e+00 2.996308776742647728e-01
6.527200416856183685e-01 -4.065857395664959739e+00 1.702572669594875077e+00 -1.207572129839721953e+00 -4.643571027734086698e+00 3.030458766170466278e-01
6.496816841508282758e-01 -4.057219338941902009e+00 1.702200905469379855e+00 -1.208974160636777651e+00 -4.642373435881704147e+00 3.064718360138528053e-01
6.466287856395533939e-01 -4.048521905109807584e+00 1.701826498028889523e+00 -1.210332967034398077e+00 -4.641157930929009190e+00 3.099086097150043906e-01
6.435614454538550744e-01 -4.039765130284460604e+00 1.701449438068070918e+00 -1.211648067158709763e+00 -4.639924067167319421e+00 3.133560515741984909e-01
6.404797636057513177e-01 -4.030949052406510802e+00 1.701069716488860628e+00 -1.212918985806658245e+00 -4.638671392754610601e+00 3.168140154484925808e-01
6.373838408178774673e-01 -4.022073711258662421e+00 1.700687323911189930e+00 -1.214145254524684248e+00 -4.637399449781786309e+00 3.202823551984651518e-01
6.342737785274779050e-01 -4.013139148481538854e+00 1.700302250719618380e+00 -1.215326411687025931e+00 -4.636107774341163612e+00 3.237609246885444492e-01
6.311496788899972898e-01 -4.004145407589630778e+00 1.699914487436664068e+00 -1.216462002573602597e+00 -4.634795896597123210e+00 3.272495777874878664e-01
6.280116447792358780e-01 -3.995092533988283900e+00 1.699524024275957279e+00 -1.217551579447236465e+00 -4.633463340858896551e+00 3.307481683690618457e-01
6.248597797914233754e-01 -3.985980574989075542e+00 1.699130851256213104e+00 -1.218594701630524746e+00 -4.632109625655566276e+00 3.342565503128805404e-01
6.216941882482915904e-01 -3.976809579825525631e+00 1.698734958179251464e+00 -1.219590935581918112e+00 -4.630734263813140572e+00 3.377745775054294408e-01
6.185149752003191725e-01 -3.967579599668650925e+00 1.698336334885534260e+00 -1.220539854971301352e+00 -4.629336762533813321e+00 3.413021038412640817e-01
6.153222464275223125e-01 -3.958290687643103212e+00 1.697934970947526656e+00 -1.221441040754986940e+00 -4.627916623477377200e+00 3.448389832243771158e-01
6.121161084429935784e-01 -3.948942898842205729e+00 1.697530855625796642e+00 -1.222294081249967856e+00 -4.626473342844738212e+00 3.483850695697569555e-01
6.088966684968677434e-01 -3.939536290342797287e+00 1.697123978305933534e+00 -1.223098572207512280e+00 -4.625006411463560951e+00 3.519402168051166679e-01
6.056640345761061806e-01 -3.930070921221295865e+00 1.696714328124622417e+00 -1.223854116886005094e+00 -4.623515314876012638e+00 3.555042788728060010e-01
6.024183154077268343e-01 -3.920546852568449481e+00 1.696301894016596590e+00 -1.224560326123032006e+00 -4.621999533428589046e+00 3.590771097319113703e-01
5.991596204615472487e-01 -3.910964147504109256e+00 1.695886664929870946e+00 -1.225216818406637209e+00 -4.620458542364038301e+00 3.626585633605445835e-01
5.958880599508109555e-01 -3.901322871192597574e+00 1.695468629326986498e+00 -1.225823219945797016e+00 -4.618891811915368351e+00 3.662484937582982658e-01
5.926037448375516270e-01 -3.891623090856349165e+00 1.695047775632843701e+00 -1.226379164740097671e+00 -4.617298807401925664e+00 3.698467549489008466e-01
5.893067868335737369e-01 -3.881864875790790315e+00 1.694624091981822067e+00 -1.226884294648444618e+00 -4.615678989327503423e+00 3.734532009830613952e-01
5.859972984038515076e-01 -3.872048297378269943e+00 1.694197566577055669e+00 -1.227338259456909997e+00 -4.614031813480509392e+00 3.770676859414843207e-01
5.826753927663745891e-01 -3.862173429103120448e+00 1.693768187451323737e+00 -1.227740716945612265e+00 -4.612356731036134860e+00 3.806900639380914053e-01
5.793411838942178482e-01 -3.852240346565769080e+00 1.693335942465025168e+00 -1.228091332954639903e+00 -4.610653188660533530e+00 3.843201891234188650e-01
5.759947865175853998e-01 -3.842249127496722316e+00 1.692900819147894698e+00 -1.228389781448885110e+00 -4.608920628616985482e+00 3.879579156882046465e-01
5.726363161273679836e-01 -3.832199851769909404e+00 1.692462804618970029e+00 -1.228635744581883404e+00 -4.607158488874025792e+00 3.916030978671722340e-01
5.692658889794917076e-01 -3.822092601415558732e+00 1.692021886160926636e+00 -1.228828912758626046e+00 -4.605366203215573329e+00 3.952555899430018060e-01
5.658836220934724270e-01 -3.811927460634939369e+00 1.691578050972736946e+00 -1.228968984697331734e+00 -4.603543201353008207e+00 3.989152462504939045e-01
5.624896332533032561e-01 -3.801704515814113172e+00 1.691131285965128406e+00 -1.229055667489946213e+00 -4.601688909039114428e+00 4.025819211809265052e-01
5.590840410103704583e-01 -3.791423855536916854e+00 1.690681577675364755e+00 -1.229088676661625357e+00 -4.599802748183973833e+00 4.062554691866024359e-01
5.556669646871976731e-01 -3.781085570597476408e+00 1.690228912620230783e+00 -1.229067736228967256e+00 -4.597884136972746560e+00 4.099357447855767611e-01
5.522385243775174146e-01 -3.770689754013828665e+00 1.689773277037341259e+00 -1.228992578757180265e+00 -4.595932489985369074e+00 4.136226025665859507e-01
5.487988409489518160e-01 -3.760236501040500112e+00 1.689314657099221240e+00 -1.228862945415865049e+00 -4.593947218318042758e+00 4.173158971941675621e-01
5.453480360433993201e-01 -3.749725909181754524e+00 1.688853038638312709e+00 -1.228678586033504994e+00 -4.591927729706539729e+00 4.210154834139647195e-01
5.418862320802149135e-01 -3.739158078203720592e+00 1.688388407542052772e+00 -1.228439259150838403e+00 -4.589873428651400467e+00 4.247212160582470863e-01
5.384135522551884989e-01 -3.728533110147813190e+00 1.687920749297342482e+00 -1.228144732072792289e+00 -4.587783716544857171e+00 4.284329500515998146e-01
5.349301205442291707e-01 -3.717851109342379612e+00 1.687450049161040022e+00 -1.227794780919130524e+00 -4.585657991799552136e+00 4.321505404168137776e-01
5.314360617052584779e-01 -3.707112182414945778e+00 1.686976292280422340e+00 -1.227389190673642272e+00 -4.583495649978949871e+00 4.358738422809690927e-01
5.279315012786691685e-01 -3.696316438304556140e+00 1.686499463552983746e+00 -1.226927755232188000e+00 -4.581296083929608187e+00 4.396027108817068818e-01
5.244165655892913946e-01 -3.685463988273699698e+00 1.686019547791850259e+00 -1.226410277449022868e+00 -4.579058683914985828e+00 4.433370015736941561e-01
5.208913817464340124e-01 -3.674554945920571747e+00 1.685536529471203027e+00 -1.225836569181908198e+00 -4.576782837751048660e+00 4.470765698352746065e-01
5.173560776466858968e-01 -3.663589427190464320e+00 1.685050392753796311e+00 -1.225206451335683511e+00 -4.574467930943468374e+00 4.508212712753164042e-01
5.138107819763471085e-01 -3.652567550387030515e+00 1.684561121765234537e+00 -1.224519753904402819e+00 -4.572113346826496283e+00 4.545709616402469622e-01
5.102556242107753048e-01 -3.641489436184442319e+00 1.684068700399069751e+00 -1.223776316011978116e+00 -4.569718466703436732e+00 4.583254968212724378e-01
5.066907346157918379e-01 -3.630355207638747306e+00 1.683573112232957580e+00 -1.222975985951248123e+00 -4.567282669988657062e+00 4.620847328617928573e-01
5.031162442499667042e-01 -3.619164990198867393e+00 1.683074340661151691e+00 -1.222118621221616852e+00 -4.564805334351224708e+00 4.658485259649912669e-01
4.995322849653510144e-01 -3.607918911717879595e+00 1.682572369028473513e+00 -1.221204088564827650e+00 -4.562285835859932526e+00 4.696167325016246674e-01
4.959389894066556503e-01 -3.596617102464747084e+00 1.682067180455394384e+00 -1.220232263999423417e+00 -4.559723549129934383e+00 4.733892090179918632e-01
4.923364910122428051e-01 -3.585259695135250890e+00 1.681558757758427447e+00 -1.219203032853496182e+00 -4.557117847470802730e+00 4.771658122440863847e-01
4.887249240160143060e-01 -3.573846824862647154e+00 1.681047083394882513e+00 -1.218116289795771134e+00 -4.554468103036011684e+00 4.809463991019437001e-01
4.851044234498659291e-01 -3.562378629227969995e+00 1.680532139445717110e+00 -1.216971938865026193e+00 -4.551773686973807465e+00 4.847308267141536287e-01
4.814751251462933146e-01 -3.550855248270154085e+00 1.680013908051023241e+00 -1.215769893498000132e+00 -4.549033969579566516e+00 4.885189524125557181e-01
4.778371657359204439e-01 -3.539276824497671115e+00 1.679492371084346791e+00 -1.214510076555299412e+00 -4.546248320449314484e+00 4.923106337471185867e-01
4.741906826486431692e-01 -3.527643502898820671e+00 1.678967510191474943e+00 -1.213192420345972522e+00 -4.543416108634784401e+00 4.961057284949841328e-01
4.705358141142957362e-01 -3.515955430952203642e+00 1.678439306479995841e+00 -1.211816866650121671e+00 -4.540536702799609081e+00 4.999040946697166365e-01
4.668726991668599169e-01 -3.504212758635881109e+00 1.677907741192235180e+00 -1.210383366739911981e+00 -4.537609471376863546e+00 5.037055905306968562e-01
4.632014776407427648e-01 -3.492415638438943315e+00 1.677372795307495945e+00 -1.208891881398626467e+00 -4.534633782727699014e+00 5.075100745927095813e-01
4.595222901715879105e-01 -3.480564225371564291e+00 1.676834449504377877e+00 -1.207342380937942439e+00 -4.531609005301152848e+00 5.113174056356719621e-01
4.558352781974570056e-01 -3.468658676974815336e+00 1.676292684070825434e+00 -1.205734845213614292e+00 -4.528534507795257902e+00 5.151274427145524637e-01
4.521405839610096455e-01 -3.456699153330037078e+00 1.675747478900398768e+00 -1.204069263639243381e+00 -4.525409659319173272e+00 5.189400451694449190e-01
4.484383505117613966e-01 -3.444685817068244837e+00 1.675198813773397077e+00 -1.202345635198185159e+00 -4.522233829556372875e+00 5.227550726358167754e-01
4.447287217048433994e-01 -3.432618833380413292e+00 1.674646668355406431e+00 -1.200563968453563612e+00 -4.519006388928867857e+00 5.265723850549162144e-01
4.410118421996644944e-01 -3.420498370027663437e+00 1.674091022089302383e+00 -1.198724281556592386e+00 -4.515726708762513475e+00 5.303918426843303724e-01
4.372878574597844903e-01 -3.408324597351076068e+00 1.673531854118730511e+00 -1.196826602252908156e+00 -4.512394161453220143e+00 5.342133061087032120e-01
4.335569137536116613e-01 -3.396097688281143334e+00 1.672969143088419486e+00 -1.194870967886946911e+00 -4.509008120634054428e+00 5.380366362506279199e-01
4.298191581575275810e-01 -3.383817818346425810e+00 1.672402867402652760e+00 -1.192857425404584282e+00 -4.505567961343306393e+00 5.418616943816548792e-01
4.260747385557300815e-01 -3.371485165683044016e+00 1.671833005197211897e+00 -1.190786031353969321e+00 -4.502073060193501952e+00 5.456883421334556283e-01
4.223238036403643147e-01 -3.359099911044079789e+00 1.671259534417927073e+00 -1.188656851884273946e+00 -4.498522795541106234e+00 5.495164415091534638e-01
4.185665029106070412e-01 -3.346662237809230334e+00 1.670682432684154284e+00 -1.186469962742507711e+00 -4.494916547657013872e+00 5.533458548947729483e-01
4.148029866733055071e-01 -3.334172331993860094e+00 1.670101677241279114e+00 -1.184225449268464958e+00 -4.491253698897795132e+00 5.571764450708226457e-01
4.110334060441764858e-01 -3.321630382257885206e+00 1.669517245318301812e+00 -1.181923406387676900e+00 -4.487533633877613504e+00 5.610080752240349522e-01
4.072579129443927304e-01 -3.309036579915940024e+00 1.668929114002766889e+00 -1.179563938602335327e+00 -4.483755739640750804e+00 5.648406089592169499e-01
4.034766600986224860e-01 -3.296391118947086696e+00 1.668337259404153894e+00 -1.177147159980138857e+00 -4.479919405834662527e+00 5.686739103112447014e-01
3.996898010435189219e-01 -3.283694196001245125e+00 1.667741657657250354e+00 -1.174673194141534038e+00 -4.476024024883836994e+00 5.725078437571703427e-01
3.958974901235638999e-01 -3.270946010409479854e+00 1.667142284711014222e+00 -1.172142174244541479e+00 -4.472068992163903189e+00 5.763422742284676215e-01
3.920998824894044166e-01 -3.258146764193431189e+00 1.666539115820133254e+00 -1.169554242967784097e+00 -4.468053706176303486e+00 5.801770671233883458e-01
3.882971341025641676e-01 -3.245296662072750138e+00 1.665932126279953573e+00 -1.166909552491794066e+00 -4.463977568723613842e+00 5.840120883194077628e-01
3.844894017307181056e-01 -3.232395911475315131e+00 1.665321291253065050e+00 -1.164208264477959442e+00 -4.459839985084994574e+00 5.878472041858002761e-01
3.806768429450158031e-01 -3.219444722546827897e+00 1.664706585229333902e+00 -1.161450550045643348e+00 -4.455640364192110070e+00 5.916822815963108662e-01
3.768596161242744325e-01 -3.206443308158300809e+00 1.664087982309346403e+00 -1.158636589747199075e+00 -4.451378118805273232e+00 5.955171879419351999e-01
3.730378804555016803e-01 -3.193391883914756590e+00 1.663465456172102064e+00 -1.155766573540716546e+00 -4.447052665689644968e+00 5.993517911437934442e-01
3.692117959347070988e-01 -3.180290668163671342e+00 1.662838980362511876e+00 -1.152840700761022630e+00 -4.442663425791828047e+00 6.031859596660877898e-01
3.653815233638483262e-01 -3.167139882004478935e+00 1.662208528192142376e+00 -1.149859180088543376e+00 -4.438209824416549765e+00 6.070195625291541219e-01
3.615472243489363802e-01 -3.153939749297722805e+00 1.661574072900444676e+00 -1.146822229516139435e+00 -4.433691291403414780e+00 6.108524693225931834e-01
3.577090612959066274e-01 -3.140690496674958254e+00 1.660935586980169631e+00 -1.143730076314017463e+00 -4.429107261303794729e+00 6.146845502184724586e-01
3.538671974152262090e-01 -3.127392353545913828e+00 1.660293042565867738e+00 -1.140582956992631347e+00 -4.424457173557731160e+00 6.185156759845951147e-01
3.500217967213431480e-01 -3.114045552107266079e+00 1.659646411200384586e+00 -1.137381117263325025e+00 -4.419740472670617315e+00 6.223457179978542086e-01
3.461730240351263976e-01 -3.100650327350397362e+00 1.658995664335291886e+00 -1.134124811997024640e+00 -4.414956608389838166e+00 6.261745482576378530e-01
3.423210449795712762e-01 -3.087206917071220857e+00 1.658340773069605367e+00 -1.130814305180783963e+00 -4.410105035881159097e+00 6.300020393992824541e-01
3.384660259788017100e-01 -3.073715561878966440e+00 1.657681708009010269e+00 -1.127449869872398924e+00 -4.405185215904983131e+00 6.338280647075982266e-01
3.346081342588606011e-01 -3.060176505204473596e+00 1.657018439413648681e+00 -1.124031788152806355e+00 -4.400196614992212041e+00 6.376524981304214634e-01
3.307475378463929916e-01 -3.046589993308960409e+00 1.656350937258761480e+00 -1.120560351076602235e+00 -4.395138705619877406e+00 6.414752142922132139e-01
3.268844055663893133e-01 -3.032956275293170023e+00 1.655679171171678732e+00 -1.117035858620582411e+00 -4.390010966386463487e+00 6.452960885076810538e-01
3.230189070406400687e-01 -3.019275603106308381e+00 1.655003110151527901e+00 -1.113458619630033564e+00 -4.384812882186606586e+00 6.491149967954601419e-01
3.191512126899058721e-01 -3.005548231553925476e+00 1.654322723033742504e+00 -1.109828951763133453e+00 -4.379543944385418719e+00 6.529318158917830628e-01
3.152814937296173348e-01 -2.991774418307576955e+00 1.653637978263842401e+00 -1.106147181433188020e+00 -4.374203650992176229e+00 6.567464232641642141e-01
3.114099221684587526e-01 -2.977954423913596660e+00 1.652948843792266365e+00 -1.102413643748941574e+00 -4.368791506833461291e+00 6.605586971251189432e-01
3.075366708083333567e-01 -2.964088511801595160e+00 1.652255286951311408e+00 -1.098628682452704952e+00 -4.363307023725512046e+00 6.643685164458719150e-01
3.036619132458533432e-01 -2.950176948292407619e+00 1.651557274583544288e+00 -1.094792649856660027e+00 -4.357749720646006075e+00 6.681757609700739176e-01
2.997858238720110258e-01 -2.936220002606664270e+00 1.650854773284003763e+00 -1.090905906776769907e+00 -4.352119123904738984e+00 6.719803112275065660e-01
2.959085778682815082e-01 -2.922217946874258843e+00 1.650147749241471562e+00 -1.086968822464956075e+00 -4.346414767313686589e+00 6.757820485477683548e-01
2.920303512048020300e-01 -2.908171056143314281e+00 1.649436168354007082e+00 -1.082981774539157671e+00 -4.340636192356072343e+00 6.795808550739380616e-01
2.881513206367677382e-01 -2.894079608389593883e+00 1.648719995801762650e+00 -1.078945148911304219e+00 -4.334782948354371612e+00 6.833766137762318227e-01
2.842716637066878826e-01 -2.879943884524357678e+00 1.647999196364722474e+00 -1.074859339713364559e+00 -4.328854592637338072e+00 6.871692084655834920e-01
2.803915587419769651e-01 -2.865764168403343692e+00 1.647273734456721872e+00 -1.070724749221511507e+00 -4.322850690706027343e+00 6.909585238071977997e-01
2.765111848519480331e-01 -2.851540746836093376e+00 1.646543574049734504e+00 -1.066541787778433781e+00 -4.316770816398746824e+00 6.947444453340766435e-01
2.726307219256581815e-01 -2.837273909594852928e+00 1.645808678730805052e+00 -1.062310873713340875e+00 -4.310614552054536475e+00 6.985268594604704395e-01
2.687503506287922672e-01 -2.822963949423818342e+00 1.645069011119550950e+00 -1.058032433260169158e+00 -4.304381488675468326e+00 7.023056534952891727e-01
2.648702524087145349e-01 -2.808611162046118270e+00 1.644324533579217817e+00 -1.053706900473762031e+00 -4.298071226087516017e+00 7.060807156554407271e-01
2.609906094892349149e-01 -2.794215846173706108e+00 1.643575208114408381e+00 -1.049334717144169593e+00 -4.291683373100076082e+00 7.098519350790907234e-01
2.571116048666062248e-01 -2.779778303516755145e+00 1.642820996307039705e+00 -1.044916332708779816e+00 -4.285217547663803472e+00 7.136192018388506364e-01
2.532334223062535639e-01 -2.765298838792868530e+00 1.642061859071533458e+00 -1.040452204162819694e+00 -4.278673377027120139e+00 7.173824069548586646e-01
2.493562463428256049e-01 -2.750777759735304251e+00 1.641297756606503677e+00 -1.035942795967883523e+00 -4.272050497891071608e+00 7.211414424077666752e-01
2.454802622808253121e-01 -2.736215377101155255e+00 1.640528648388873467e+00 -1.031388579958561369e+00 -4.265348556562485349e+00 7.248962011516365544e-01
2.416056561951606119e-01 -2.721612004679461183e+00 1.639754493953574865e+00 -1.026790035247236332e+00 -4.258567209105425633e+00 7.286465771267206515e-01
2.377326149201250960e-01 -2.706967959302395421e+00 1.638975252212252043e+00 -1.022147648126880304e+00 -4.251706121490704149e+00 7.323924652721147677e-01
2.338613260480320033e-01 -2.692283560853783175e+00 1.638190881336800908e+00 -1.017461911972255217e+00 -4.244764969743754612e+00 7.361337615383087840e-01
2.299919779293894129e-01 -2.677559132277155030e+00 1.637401338921642635e+00 -1.012733327139138773e+00 -4.237743440090419256e+00 7.398703628995912940e-01
2.261247596704952789e-01 -2.662794999584415123e+00 1.636606582177400959e+00 -1.007962400861504904e+00 -4.230641229100524647e+00 7.436021673663572029e-01
2.222598611279388292e-01 -2.647991491865290925e+00 1.635806567626778119e+00 -1.003149647147289825e+00 -4.223458043829716679e+00 7.473290739972251462e-01
2.183974729073928644e-01 -2.633148941295636813e+00 1.635001251231646968e+00 -9.982955866723286498e-01 -4.216193601959098203e+00 7.510509829110301183e-01
2.145377863603131763e-01 -2.618267683146169311e+00 1.634190588019742707e+00 -9.934007466724678048e-01 -4.208847631932608024e+00 7.547677952986615590e-01
2.106809935859936811e-01 -2.603348055789752813e+00 1.633374532544635604e+00 -9.884656608339777994e-01 -4.201419873092145707e+00 7.584794134347159211e-01
2.068272874265050243e-01 -2.588390400710402606e+00 1.632553038779033239e+00 -9.834908691823186500e-01 -4.193910075810449278e+00 7.621857406889976927e-01
2.029768614630413914e-01 -2.573395062511924181e+00 1.631726060123841915e+00 -9.784769179692643926e-01 -4.186318001621601503e+00 7.658866815378484461e-01
1.991299100118629761e-01 -2.558362388926469944e+00 1.630893549390424635e+00 -9.734243595582307007e-01 -4.178643423348939123e+00 7.695821415752743810e-01
1.952866281202273457e-01 -2.543292730823013770e+00 1.630055458904793975e+00 -9.683337523081897436e-01 -4.170886125230667929e+00 7.732720275239184371e-01
1.914472115604631819e-01 -2.528186442216186602e+00 1.629211740281365284e+00 -9.632056604560301771e-01 -4.163045903042940310e+00 7.769562472457968161e-01
1.876118568271970544e-01 -2.513043880274090203e+00 1.628362344154610009e+00 -9.580406539972889934e-01 -4.155122564220258496e+00 7.806347097528306689e-01
1.837807611384152384e-01 -2.497865405325059740e+00 1.627507220669094146e+00 -9.528393085653307226e-01 -4.147115927973175964e+00 7.843073252171974818e-01
1.799541224288462304e-01 -2.482651380866222723e+00 1.626646319190024004e+00 -9.476022053090430441e-01 -4.139025825403290781e+00 7.879740049814731861e-01
1.761321393474343244e-01 -2.467402173570809598e+00 1.625779588347271210e+00 -9.423299307692757365e-01 -4.130852099615645479e+00 7.916346615685574406e-01
1.723150112538924805e-01 -2.452118153295477221e+00 1.624906976091135657e+00 -9.370230767537103267e-01 -4.122594605828158620e+00 7.952892086913639913e-01
1.685029382141353116e-01 -2.436799693087867702e+00 1.624028429632853099e+00 -9.316822402103416279e-01 -4.114253211478164474e+00 7.989375612622452438e-01
1.646961209962815031e-01 -2.421447169193716498e+00 1.623143895480658072e+00 -9.263080230997221554e-01 -4.105827796326133594e+00 8.025796354022310952e-01
1.608947610658307825e-01 -2.406060961063892556e+00 1.622253319604385791e+00 -9.209010322657587011e-01 -4.097318252556290119e+00 8.062153484499985368e-01
1.570990605779730709e-01 -2.390641451361923409e+00 1.621356646925171008e+00 -9.154618793055967485e-01 -4.088724484874552978e+00 8.098446189706165477e-01
1.533092223774634721e-01 -2.375189025969474343e+00 1.620453821601383959e+00 -9.099911804379219316e-01 -4.080046410603062057e+00 8.134673667640192063e-01
1.495254499937413994e-01 -2.359704073992601625e+00 1.619544787356114179e+00 -9.044895563703048147e-01 -4.071283959771839100e+00 8.170835128732177877e-01
1.457479476306955402e-01 -2.344186987769107944e+00 1.618629486577895848e+00 -8.989576321654727531e-01 -4.062437075207362192e+00 8.206929795922603965e-01
1.419769201700321615e-01 -2.328638162872264772e+00 1.617707860796141706e+00 -8.933960371064604278e-01 -4.053505712617949897e+00 8.242956904739358048e-01
1.382125731669877622e-01 -2.313057998116147651e+00 1.616779851003444346e+00 -8.878054045607661759e-01 -4.044489840675966619e+00 8.278915703372222712e-01
1.344551128406088480e-01 -2.297446895561764624e+00 1.615845397612271306e+00 -8.821863718435146717e-01 -4.035389441096824292e+00 8.314805452744656877e-01
1.307047460643891990e-01 -2.281805260522888013e+00 1.614904440066581737e+00 -8.765395800796288439e-01 -4.026204508714643637e+00 8.350625426582420907e-01
1.269616803625849277e-01 -2.266133501570042341e+00 1.613956916404343245e+00 -8.708656740653814010e-01 -4.016935051554932024e+00 8.386374911479694827e-01
1.232261239130300057e-01 -2.250432030532534711e+00 1.613002763941048689e+00 -8.651653021290766077e-01 -4.007581090903926224e+00 8.422053206962416549e-01
1.194982855389595811e-01 -2.234701262502737151e+00 1.612041919347133589e+00 -8.594391159909250399e-01 -3.998142661374580076e+00 8.457659625548595850e-01
1.157783746991922769e-01 -2.218941615840352544e+00 1.611074318277097461e+00 -8.536877706223438000e-01 -3.988619810969377344e+00 8.493193492805874989e-01
1.120666014837189417e-01 -2.203153512174783835e+00 1.610099895564041983e+00 -8.479119241047304856e-01 -3.979012601139963579e+00 8.528654147406132813e-01
1.083631766058359425e-01 -2.187337376407867406e+00 1.609118584757070591e+00 -8.421122374875764649e-01 -3.969321106843385127e+00 8.564040941177493149e-01
1.046683114012363358e-01 -2.171493636714441511e+00 1.608130318423564908e+00 -8.362893746461751432e-01 -3.959545416595120493e+00 8.599353239153101347e-01
1.009822178219417221e-01 -2.155622724543600821e+00 1.607135028675357846e+00 -8.304440021389334348e-01 -3.949685632518876055e+00 8.634590419617056423e-01
9.730510842146156136e-02 -2.139725074621429801e+00 1.606132646478451775e+00 -8.245767890642392572e-01 -3.939741870393025369e+00 8.669751874147390014e-01
9.363719635047040857e-02 -2.123801124950740249e+00 1.605123101501628069e+00 -8.186884069172111200e-01 -3.929714259693995793e+00 8.704837007656037740e-01
8.997869535449731782e-02 -2.107851316809630671e+00 1.604106322084235536e+00 -8.127795294463447950e-01 -3.919602943636549597e+00 8.739845238426039442e-01
8.632981977171638732e-02 -2.091876094749404835e+00 1.603082235858179327e+00 -8.068508325098877609e-01 -3.909408079210745957e+00 8.774775998145517564e-01
8.269078452039790861e-02 -2.075875906594141895e+00 1.602050769333826619e+00 -8.009029939324220360e-01 -3.899129837216048777e+00 8.809628731939034285e-01
7.906180509255900102e-02 -2.059851203438209488e+00 1.601011848119332059e+00 -7.949366933613991604e-01 -3.888768402292256177e+00 8.844402898395803403e-01
7.544309754366140819e-02 -2.043802439643983337e+00 1.599965396392565076e+00 -7.889526121237195877e-01 -3.878323972947311127e+00 8.879097969594932360e-01
7.183487849023495464e-02 -2.027730072836836595e+00 1.598911337234746322e+00 -7.829514330827311852e-01 -3.867796761582421361e+00 8.913713431127967546e-01
6.823736510179834180e-02 -2.011634563900745576e+00 1.597849592707008437e+00 -7.769338404954289068e-01 -3.857186994514139045e+00 8.948248782118378708e-01
6.465077509106276210e-02 -1.995516376973456296e+00 1.596780083408907425e+00 -7.709005198702316708e-01 -3.846494911993868282e+00 8.982703535238281134e-01
6.107532671073179209e-02 -1.979375979439196520e+00 1.595702728866882136e+00 -7.648521578251917807e-01 -3.835720768224560651e+00 9.017077216722322319e-01
5.751123874358443633e-02 -1.963213841922012648e+00 1.594617447521334830e+00 -7.587894419468353968e-01 -3.824864831374864771e+00 9.051369366378645420e-01
5.395873049230670571e-02 -1.947030438278374742e+00 1.593524156456902485e+00 -7.527130606496923448e-01 -3.813927383590728581e+00 9.085579537597090471e-01
5.041802177319398837e-02 -1.930826245587837775e+00 1.592422771720689578e+00 -7.466237030366651428e-01 -3.802908721004653714e+00 9.119707297354955333e-01
4.688933290422259148e-02 -1.914601744143962225e+00 1.591313207630489002e+00 -7.405220587601806237e-01 -3.791809153742530469e+00 9.153752226219642463e-01
4.337288470384359496e-02 -1.898357417441918660e+00 1.590195376961728968e+00 -7.344088178845802339e-01 -3.780629005928612507e+00 9.187713918348571207e-01
3.986889848624497468e-02 -1.882093752165749034e+00 1.589069191294130823e+00 -7.282846707494996519e-01 -3.769368615688323043e+00 9.221591981486818579e-01
3.637759605054635692e-02 -1.865811238175908215e+00 1.587934561090244889e+00 -7.221503078344493343e-01 -3.758028335149155907e+00 9.255386036962118812e-01
3.289919966809007335e-02 -1.849510368496042112e+00 1.586791395558432516e+00 -7.160064196247231116e-01 -3.746608530439884177e+00 9.289095719677339380e-01
2.943393207150912794e-02 -1.833191639298179521e+00 1.585639602253200442e+00 -7.098536964788503267e-01 -3.735109581688336178e+00 9.322720678100671066e-01
2.598201644971986912e-02 -1.816855549885505461e+00 1.584479087376442275e+00 -7.036928284975387804e-01 -3.723531883017742850e+00 9.356260574253115747e-01
2.254367643753119044e-02 -1.800502602674984853e+00 1.583309754943114545e+00 -6.975245053941940832e-01 -3.711875842541759951e+00 9.389715083694245568e-01
1.911913611838444993e-02 -1.784133303176020036e+00 1.582131508218743710e+00 -6.913494163673260529e-01 -3.700141882358670031e+00 9.423083895505249830e-01
1.570862000303252515e-02 -1.767748159972784450e+00 1.580944248745926206e+00 -6.851682499748671384e-01 -3.688330438544790368e+00 9.456366712269795860e-01
1.231235302361077810e-02 -1.751347684701939134e+00 1.579747876039452548e+00 -6.789816940104211884e-01 -3.676441961147212112e+00 9.489563250052810428e-01
8.930560532174336430e-03 -1.734932392028088355e+00 1.578542288340489819e+00 -6.727904353815576943e-01 -3.664476914176090450e+00 9.522673238377371563e-01
5.563468286347128533e-03 -1.718502799620526211e+00 1.577327382187046823e+00 -6.665951599904371694e-01 -3.652435775596920564e+00 9.555696420199816243e-01
2.211302441458506962e-03 -1.702059428127184137e+00 1.576103052475794852e+00 -6.603965526169381928e-01 -3.640319037323133333e+00 9.588632551882811939e-01
-1.125710458915740730e-03 -1.685602801147327856e+00 1.574869192341517232e+00 -6.541952968039604910e-01 -3.628127205208679040e+00 9.621481403166982638e-01
-4.447343490955990575e-03 -1.669133445202465982e+00 1.573625693091878164e+00 -6.479920747454761543e-01 -3.615860799041453966e+00 9.654242757140691911e-01
-7.753369358052153437e-03 -1.652651889705646582e+00 1.572372444013317550e+00 -6.417875671773809465e-01 -3.603520352537747939e+00 9.686916410208261663e-01
-1.104356039561227298e-02 -1.636158666928615890e+00 1.571109332701986716e+00 -6.355824532710597774e-01 -3.591106413337759928e+00 9.719502172056702083e-01
-1.431768858192039584e-02 -1.619654311968442784e+00 1.569836245293146026e+00 -6.293774105298299837e-01 -3.578619543002541370e+00 9.751999865621557850e-01
-1.757552555333730115e-02 -1.603139362713459359e+00 1.568553065895602838e+00 -6.231731146885906014e-01 -3.566060317012939684e+00 9.784409327050934690e-01
-2.081684261074023823e-02 -1.586614359805614161e+00 1.567259676122091161e+00 -6.169702396166141245e-01 -3.553429324770618791e+00 9.816730405668729897e-01
-2.404141071876431113e-02 -1.570079846599737650e+00 1.565955955785617748e+00 -6.107694572235886632e-01 -3.540727169601451507e+00 9.848962963936739312e-01
-2.724900051706480308e-02 -1.553536369123398764e+00 1.564641783074899095e+00 -6.045714373691286614e-01 -3.527954468761826057e+00 9.881106877415954948e-01
-3.043938233505016910e-02 -1.536984476035658354e+00 1.563317033750757146e+00 -5.983768477757418491e-01 -3.515111853447987045e+00 9.913162034726704652e-01
-3.361232619391030241e-02 -1.520424718581445678e+00 1.561981580953840654e+00 -5.921863539454612635e-01 -3.502199968808946462e+00 9.945128337508833960e-01
-3.676760180600036065e-02 -1.503857650543561686e+00 1.560635295917460308e+00 -5.860006190802405923e-01 -3.489219473963295570e+00 9.977005700380975339e-01
-3.990497858654884489e-02 -1.487283828195256508e+00 1.559278047953742252e+00 -5.798203040061364888e-01 -3.476171042020189006e+00 1.000879405089957208e+00
-4.302422566575547780e-02 -1.470703810250825416e+00 1.557909704168056297e+00 -5.736460671013683399e-01 -3.463055360104839053e+00 1.004049332951727491e+00
-4.612511189674139978e-02 -1.454118157813553136e+00 1.556530129277940322e+00 -5.674785642285626874e-01 -3.449873129389250614e+00 1.007210348954137968e+00
-4.920740586106941983e-02 -1.437527434321149933e+00 1.555139185721920114e+00 -5.613184486710649512e-01 -3.436625065128271928e+00 1.010362449709218069e+00
-5.227087587659062784e-02 -1.420932205489642275e+00 1.553736732839585466e+00 -5.551663710735312840e-01 -3.423311896701523249e+00 1.013505633106136949e+00
-5.531528999222867782e-02 -1.404333039252784854e+00 1.552322627819498813e+00 -5.490229793867595909e-01 -3.409934367661474397e+00 1.016639898307093670e+00
-5.834041599906292230e-02 -1.387730505702453154e+00 1.550896725462124870e+00 -5.428889188171235336e-01 -3.396493235788462073e+00 1.019765245743176063e+00
-6.134602143799228191e-02 -1.371125177026345288e+00 1.549458877940442791e+00 -5.367648317802358182e-01 -3.382989273152443133e+00 1.022881677110326404e+00
-6.433187360401471100e-02 -1.354517627442989980e+00 1.548008934702213679e+00 -5.306513578592503277e-01 -3.369423266182373311e+00 1.025989195365349715e+00
-6.729773954941176139e-02 -1.337908433134405328e+00 1.546546741946378090e+00 -5.245491337677908872e-01 -3.355796015743564453e+00 1.029087804721937172e+00
-7.024338607876012830e-02 -1.321298172175190633e+00 1.545072143336585491e+00 -5.184587933175122121e-01 -3.342108337223368864e+00 1.032177510646848706e+00
-7.316857975630530753e-02 -1.304687424461789202e+00 1.543584979448415995e+00 -5.123809673905128648e-01 -3.328361060625833812e+00 1.035258319856115383e+00
-7.607308690473491009e-02 -1.288076771638045237e+00 1.542085088054201192e+00 -5.063162839164805362e-01 -3.314555030675601088e+00 1.038330240311372110e+00
-7.895667360920843869e-02 -1.271466797019511930e+00 1.540572304446027552e+00 -5.002653678545698757e-01 -3.300691106931369134e+00 1.041393281216325795e+00
-8.181910572735673348e-02 -1.254858085516670663e+00 1.539046461066682525e+00 -4.942288411801244452e-01 -3.286770163909438658e+00 1.044447453013309213e+00
-8.466014889366080265e-02 -1.238251223554954095e+00 1.537507386959817923e+00 -4.882073228763070816e-01 -3.272793091217979899e+00 1.047492767380067580e+00
-8.747956851521410115e-02 -1.221646798991121941e+00 1.535954908104611993e+00 -4.822014289306795209e-01 -3.258760793702367486e+00 1.050529237226580648e+00
-9.027712977353230528e-02 -1.205045401028589591e+00 1.534388846562154018e+00 -4.762117723366262600e-01 -3.244674191601931934e+00 1.053556876692164357e+00
-9.305259761266559959e-02 -1.188447620128245674e+00 1.532809020410945910e+00 -4.702389630996621772e-01 -3.230534220718583427e+00 1.056575701142656643e+00
-9.580573672672476615e-02 -1.171854047917223696e+00 1.531215244518867813e+00 -4.642836082484601001e-01 -3.216341832597485517e+00 1.059585727167827507e+00
-9.853631156069830865e-02 -1.155265277097796250e+00 1.529607329861775389e+00 -4.583463118509329415e-01 -3.202097994720794816e+00 1.062586972578996036e+00
-1.012440863004551161e-01 -1.138681901352332826e+00 1.527985083706311364e+00 -4.524276750350152421e-01 -3.187803690714318350e+00 1.065579456406788195e+00
-1.039288248663570169e-01 -1.122104515246902245e+00 1.526348310528549801e+00 -4.465282960140312674e-01 -3.173459920567357706e+00 1.068563198899189715e+00
-1.065902909226408291e-01 -1.105533714135383594e+00 1.524696811519019146e+00 -4.406487701145815339e-01 -3.159067700862465689e+00 1.071538221519722889e+00
-1.092282478791211098e-01 -1.088970094060173199e+00 1.523030383788670061e+00 -4.347896898113199904e-01 -3.144628065023479468e+00 1.074504546945921346e+00
-1.118424588802331421e-01 -1.072414251648841077e+00 1.521348820176987582e+00 -4.289516447662399812e-01 -3.130142063578103429e+00 1.077462199067965587e+00
-1.144326867913407764e-01 -1.055866784008496317e+00 1.519651909319364114e+00 -4.231352218722665981e-01 -3.115610764435198909e+00 1.080411202987712427e+00
-1.169986941866647534e-01 -1.039328288618666107e+00 1.517939435175430063e+00 -4.173410053011615273e-01 -3.101035253177144124e+00 1.083351585017835239e+00
-1.195402433297854117e-01 -1.022799363221146063e+00 1.516211177182535286e+00 -4.115695765555006935e-01 -3.086416633367576434e+00 1.086283372681270620e+00
-1.220570961570868196e-01 -1.006280605708620435e+00 1.514466909801635008e+00 -4.058215145246227284e-01 -3.071756026874719936e+00 1.089206594710937726e+00
-1.245490142541183509e-01 -9.897726140104952108e-01 1.512706402673659634e+00 -4.000973955443979380e-01 -3.057054574210562592e+00 1.092121281049717840e+00
-1.270157588349922761e-01 -9.732759859777049272e-01 1.510929420117912203e+00 -3.943977934605275015e-01 -3.042313434885899781e+00 1.095027462850702626e+00
-1.294570907139744875e-01 -9.567913192648784815e-01 1.509135721690483045e+00 -3.887232796952662661e-01 -3.027533787781481411e+00 1.097925172477713485e+00
-1.318727702868069951e-01 -9.403192112125831059e-01 1.507325063648741637e+00 -3.830744233169136592e-01 -3.012716831534607564e+00 1.100814443506115570e+00
-1.342625575367448754e-01 -9.238602587317443771e-01 1.505497196901488310e+00 -3.774517911103504320e-01 -2.997863784938302079e+00 1.103695310723908474e+00
-1.366262120072783137e-01 -9.074150581817743699e-01 1.503651866467187626e+00 -3.718559476522530494e-01 -2.982975887360554523e+00 1.106567810133053387e+00
-1.389634927664871178e-01 -8.909842052464491680e-01 1.501788810508005056e+00 -3.662874553883682660e-01 -2.968054399179265168e+00 1.109431978951184838e+00
-1.412741583560990222e-01 -8.745682948066146878e-01 1.499907760716387317e+00 -3.607468747127668962e-01 -2.953100602233035055e+00 1.112287855613559140e+00
-1.435579667475987975e-01 -8.581679208130084113e-01 1.498008442743149260e+00 -3.552347640490572944e-01 -2.938115800288269241e+00 1.115135479775290150e+00
-1.458146753061777545e-01 -8.417836761595975936e-01 1.496090575504284148e+00 -3.497516799324611458e-01 -2.923101319521160590e+00 1.117974892313884583e+00
-1.480440407442107364e-01 -8.254161525546432898e-01 1.494153871765412811e+00 -3.442981770929288698e-01 -2.908058509015157611e+00 1.120806135332043540e+00
-1.502458190855218145e-01 -8.090659403928506244e-01 1.492198038361884249e+00 -3.388748085386483755e-01 -2.892988741273091691e+00 1.123629252160824210e+00
-1.524197656345511742e-01 -7.927336286276966959e-01 1.490222776240203828e+00 -3.334821256394584488e-01 -2.877893412743295354e+00 1.126444287362960095e+00
-1.545656349476431934e-01 -7.764198046434844791e-01 1.488227780817036772e+00 -3.281206782098877728e-01 -2.862773944359757294e+00 1.129251286736514093e+00
-1.566831808118425151e-01 -7.601250541283817164e-01 1.486212743251497104e+00 -3.227910145907617601e-01 -2.847631782094264707e+00 1.132050297318813570e+00
-1.587721572583973284e-01 -7.438499728567253833e-01 1.484177348965146859e+00 -3.174936664687760812e-01 -2.832468361734606699e+00 1.134841367341180574e+00
-1.608323186060851562e-01 -7.275951665638031862e-01 1.482121276597238024e+00 -3.122291493190272327e-01 -2.817285109232564366e+00 1.137624546184025531e+00
-1.628634194915534739e-01 -7.113612508196749395e-01 1.480044196886217245e+00 -3.069979628354311263e-01 -2.802083441049169732e+00 1.140399884332322200e+00
-1.648652148855156430e-01 -6.951488509021004347e-01 1.477945772356398901e+00 -3.018005913491390579e-01 -2.786864764496920444e+00 1.143167433331463645e+00
-1.668374601078439490e-01 -6.789586016700672744e-01 1.475825657213372777e+00 -2.966375042351190316e-01 -2.771630478078712656e+00 1.145927245743427081e+00
-1.687799108449326013e-01 -6.627911474390479896e-01 1.473683497117324048e+00 -2.915091563065707048e-01 -2.756381971822436050e+00 1.148679375103389244e+00
-1.706923231673214136e-01 -6.466471418576889008e-01 1.471518928601887488e+00 -2.864159881968796340e-01 -2.741120627609928029e+00 1.151423875876825598e+00
-1.725744535419910797e-01 -6.305272477853849367e-01 1.469331578449396991e+00 -2.813584267294088059e-01 -2.725847819500301306e+00 1.154160803416983461e+00
-1.744260588385913024e-01 -6.144321371705974144e-01 1.467121064467472147e+00 -2.763368852751757476e-01 -2.710564914047247420e+00 1.156890213922597388e+00
-1.762468963523897703e-01 -5.983624909332139197e-01 1.464886994952518506e+00 -2.713517640979735690e-01 -2.695273270608550931e+00 1.159612164396065737e+00
-1.780367238229507709e-01 -5.823189988483115087e-01 1.462628968833073362e+00 -2.664034506874697339e-01 -2.679974241648451549e+00 1.162326712602045120e+00
-1.797952994595088949e-01 -5.663023594326341836e-01 1.460346575023433680e+00 -2.614923200800089997e-01 -2.664669173031385618e+00 1.165033917026423671e+00
-1.815223819605458200e-01 -5.503132798325411912e-01 1.458039392341952567e+00 -2.566187351673605566e-01 -2.649359404307322308e+00 1.167733836835694206e+00
-1.832177305368558606e-01 -5.343524757146305149e-01 1.455706989214094138e+00 -2.517830469936860327e-01 -2.634046268988239348e+00 1.170426531836813666e+00
-1.848811049347618418e-01 -5.184206711580738869e-01 1.453348923625241484e+00 -2.469855950409105549e-01 -2.618731094815837768e+00 1.173112062437188463e+00
-1.865122654637647592e-01 -5.025185985500284502e-01 1.450964742395915552e+00 -2.422267075022216387e-01 -2.603415204019209117e+00 1.175790489605358813e+00
-1.881109730180463568e-01 -4.866469984830406048e-01 1.448553981258690504e+00 -2.375067015443342866e-01 -2.588099913562720733e+00 1.178461874831947753e+00
-1.896769891048268875e-01 -4.708066196553870597e-01 1.446116164581615848e+00 -2.328258835586171083e-01 -2.572786535383951634e+00 1.181126280091035152e+00
-1.912100758741033246e-01 -4.549982187741470341e-01 1.443650804813636945e+00 -2.281845494008066799e-01 -2.557476376620248626e+00 1.183783767801901865e+00
-1.927099961456342214e-01 -4.392225604605553002e-01 1.441157401682244821e+00 -2.235829846199259840e-01 -2.542170739824869408e+00 1.186434400791295474e+00
-1.941765134296371542e-01 -4.234804171576653786e-01 1.438635442418566557e+00 -2.190214646765551443e-01 -2.526870923171971484e+00 1.189078242255860340e+00
-1.956093919575141449e-01 -4.077725690409819137e-01 1.436084401265478316e+00 -2.145002551516831391e-01 -2.511578220652961768e+00 1.191715355725058156e+00
-1.970083967117148838e-01 -3.920998039323091433e-01 1.433503738745801614e+00 -2.100196119446694487e-01 -2.496293922259840592e+00 1.194345805024465079e+00
-1.983732934512063562e-01 -3.764629172159938975e-01 1.430892901794907690e+00 -2.055797814613157248e-01 -2.481019314157413280e+00 1.196969654239473879e+00
-1.997038487463362877e-01 -3.608627117588136812e-01 1.428251322801869172e+00 -2.011810007925788346e-01 -2.465755678844487875e+00 1.199586967679251215e+00
-2.009998300064093080e-01 -3.452999978318835872e-01 1.425578419066226177e+00 -1.968234978839222826e-01 -2.450504295304208657e+00 1.202197809841301979e+00
-2.022610055068068124e-01 -3.297755930354897558e-01 1.422873592981087842e+00 -1.925074916957080218e-01 -2.435266439143036532e+00 1.204802245376176195e+00
-2.034871444272332575e-01 -3.142903222279826991e-01 1.420136230491348295e+00 -1.882331923544201535e-01 -2.420043382717372626e+00 1.207400339052662197e+00
-2.046780168746982209e-01 -2.988450174568066942e-01 1.417365701007115231e+00 -1.840008012952236705e-01 -2.404836395248419745e+00 1.209992155723348617e+00
-2.058333939141177016e-01 -2.834405178928518509e-01 1.414561357394831242e+00 -1.798105113962881196e-01 -2.389646742926171186e+00 1.212577760290658668e+00
-2.069530476083372150e-01 -2.680776697687488053e-01 1.411722535229785302e+00 -1.756625071051223230e-01 -2.374475689001418033e+00 1.215157217673025869e+00
-2.080367510563070343e-01 -2.527573263204541121e-01 1.408848552070989246e+00 -1.715569645567150969e-01 -2.359324493865678107e+00 1.217730592771750997e+00
-2.090842784301094603e-01 -2.374803477312283917e-01 1.405938706553955697e+00 -1.674940516847132077e-01 -2.344194415120870900e+00 1.220297950437892576e+00
-2.100954050088073011e-01 -2.222476010787204359e-01 1.402992277837396884e+00 -1.634739283252567565e-01 -2.329086707637361364e+00 1.222859355439604778e+00
-2.110699072148636279e-01 -2.070599602857727817e-01 1.400008525036328555e+00 -1.594967463134214780e-01 -2.314002623599439978e+00 1.225414872429941848e+00
-2.120075626534583257e-01 -1.919183060750135894e-01 1.396986686709943415e+00 -1.555626495725241920e-01 -2.298943412538010822e+00 1.227964565914785755e+00
-2.129081501558045542e-01 -1.768235259266486281e-01 1.393925979876297072e+00 -1.516717741971809197e-01 -2.283910321353028294e+00 1.230508500221212165e+00
-2.137714498201441771e-01 -1.617765140397944279e-01 1.390825599113921340e+00 -1.478242485296736852e-01 -2.268904594322530777e+00 1.233046739466099773e+00
-2.145972430521505547e-01 -1.467781712970372965e-01 1.387684716133012808e+00 -1.440201932304722154e-01 -2.253927473101252854e+00 1.235579347525297411e+00
-2.153853126123739248e-01 -1.318294052328568000e-01 1.384502479190790725e+00 -1.402597213427656531e-01 -2.238980196706662262e+00 1.238106388002998104e+00
-2.161354426689379160e-01 -1.169311300055682068e-01 1.381278011437560016e+00 -1.365429383515162076e-01 -2.224064001494371556e+00 1.240627924201433752e+00
-2.168474188403675118e-01 -1.020842663724108590e-01 1.378010410545720932e+00 -1.328699422371264482e-01 -2.209180121121145035e+00 1.243144019090897334e+00
-2.175210282480746216e-01 -8.728974166868486151e-02 1.374698747396828180e+00 -1.292408235234239200e-01 -2.194329786495163415e+00 1.245654735280206316e+00
-2.181560595653939671e-01 -7.254848979049022262e-02 1.371342065588860626e+00 -1.256556653207137053e-01 -2.179514225714763498e+00 1.248160134987363001e+00
-2.187523030759548348e-01 -5.786145118131180709e-02 1.367939379779773867e+00 -1.221145433642650824e-01 -2.164734663995240727e+00 1.250660280010419401e+00
-2.193095507250331089e-01 -4.322957282203976348e-02 1.364489675367081878e+00 -1.186175260480132332e-01 -2.149992323583337583e+00 1.253155231698769745e+00
-2.198275961844164961e-01 -2.865380822514218551e-02 1.360991906743681090e+00 -1.151646744539716050e-01 -2.135288423659951640e+00 1.255645050924747208e+00
-2.203062349105573414e-01 -1.413511743198903048e-02 1.357444996457756625e+00 -1.117560423778010126e-01 -2.120624180231944766e+00 1.258129798055532378e+00
-2.207452642104843488e-01 3.255329847897669993e-04 1.353847833685693614e+00 -1.083916763494600088e-01 -2.106000806008509141e+00 1.260609532925375920e+00
-2.211444833060596249e-01 1.472716991588463031e-02 1.350199273315689563e+00 -1.050716156508632038e-01 -2.091419510267821913e+00 1.263084314808119002e+00
-2.215036934065266472e-01 2.906881370558966893e-02 1.346498134167841254e+00 -1.017958923297571650e-01 -2.076881498711011798e+00 1.265554202390125615e+00
-2.218226977779766962e-01 4.334947813824818752e-02 1.342743197702083169e+00 -9.856453120990105177e-02 -2.062387973302774569e+00 1.268019253743315033e+00
-2.221013018178905618e-01 5.756817042050066391e-02 1.338933206739947979e+00 -9.537754989799229755e-02 -2.047940132099197008e+00 1.270479526298478490e+00
-2.223393131361537378e-01 7.172389115913624380e-02 1.335066863411834559e+00 -9.223495878795162639e-02 -2.033539169063775187e+00 1.272935076819122768e+00
-2.225365416324045498e-01 8.581563433535599472e-02 1.331142828184675553e+00 -8.913676106221113393e-02 -2.019186273870822834e+00 1.275385961375403499e+00
-2.226927995867036270e-01 9.984238727434213700e-02 1.327159717544587503e+00 -8.608295269045407316e-02 -2.004882631696414119e+00 1.277832235318574261e+00
-2.228079017457480493e-01 1.138031306102700313e-01 1.323116102482740031e+00 -8.307352242513388330e-02 -1.990629422993661191e+00 1.280273953255633756e+00
-2.228816654172467437e-01 1.276968382473864239e-01 1.319010506609386901e+00 -8.010845179540204697e-02 -1.976427823257150163e+00 1.282711169024382647e+00
-2.229139105690065570e-01 1.415224773159780014e-01 1.314841404072641717e+00 -7.718771509830690825e-02 -1.962279002772207459e+00 1.285143935668561888e+00
-2.229044599312126618e-01 1.552790081245660758e-01 1.310607217203017205e+00 -7.431127938861670224e-02 -1.948184126352812129e+00 1.287572305413300588e+00
-2.228531391001487005e-01 1.689653841067739748e-01 1.306306314705372174e+00 -7.147910446610117319e-02 -1.934144353063691035e+00 1.289996329641200923e+00
-2.227597766524349598e-01 1.825805517640839426e-01 1.301937009273631540e+00 -6.869114286203037434e-02 -1.920160835931231436e+00 1.292416058868400608e+00
-2.226242042639745566e-01 1.961234506030242741e-01 1.297497554965567179e+00 -6.594733982330347466e-02 -1.906234721637350304e+00 1.294831542721071260e+00
-2.224462568321097233e-01 2.095930130678542724e-01 1.292986144492787037e+00 -6.324763329588989347e-02 -1.892367150201232473e+00 1.297242829912326201e+00
-2.222257726017857760e-01 2.229881644682114583e-01 1.288400906739616936e+00 -6.059195390696370254e-02 -1.878559254646369414e+00 1.299649968219243501e+00
-2.219625933012641106e-01 2.363078229018586995e-01 1.283739903737513677e+00 -5.798022494660604043e-02 -1.864812160655213269e+00 1.302053004460314467e+00
-2.216565642825925053e-01 2.495508991715134073e-01 1.279001128039167989e+00 -5.541236234809765460e-02 -1.851126986206581115e+00 1.304451984473226300e+00
-2.213075346740900340e-01 2.627162966969196489e-01 1.274182498995197532e+00 -5.288827466807721756e-02 -1.837504841200070071e+00 1.306846953092971386e+00
-2.209153575333731023e-01 2.758029114209286092e-01 1.269281859671780310e+00 -5.040786306618993962e-02 -1.823946827065069165e+00 1.309237954130398451e+00
-2.204798900119342431e-01 2.888096317098947097e-01 1.264296973133629765e+00 -4.797102128441743663e-02 -1.810454036354415930e+00 1.311625030351001087e+00
-2.200009935259759075e-01 3.017353382482381718e-01 1.259225518522368636e+00 -4.557763562637018318e-02 -1.797027552322848276e+00 1.314008223453955848e+00
-2.194785339337983476e-01 3.145789039272770538e-01 1.254065087416602609e+00 -4.322758493716416517e-02 -1.783668448491849023e+00 1.316387574051619769e+00
-2.189123817270788308e-01 3.273391937277532193e-01 1.248813179737644052e+00 -4.092074058357919597e-02 -1.770377788198785218e+00 1.318763121649481729e+00
-2.183024122332866135e-01 3.400150645963204710e-01 1.243467199003338797e+00 -3.865696643491045581e-02 -1.757156624130808975e+00 1.321134904626292128e+00
-2.176485058249324478e-01 3.526053653149938683e-01 1.238024447938487205e+00 -3.643611884447517379e-02 -1.744005997843002920e+00 1.323502960214755664e+00
-2.169505481438209760e-01 3.651089363642130436e-01 1.232482122983632689e+00 -3.425804663202680622e-02 -1.730926939260588604e+00 1.325867324482333576e+00
-2.162084303310027877e-01 3.775246097785007748e-01 1.226837309524646979e+00 -3.212259106747272774e-02 -1.717920466165788085e+00 1.328228032312704254e+00
-2.154220492756540040e-01 3.898512089955499249e-01 1.221086975987234036e+00 -3.002958585630022270e-02 -1.704987583670214857e+00 1.330585117387533822e+00
-2.145913078735450785e-01 4.020875486976320801e-01 1.215227967763842676e+00 -2.797885712672354419e-02 -1.692129283672116902e+00 1.332938612168661496e+00
-2.137161152983295676e-01 4.142324346453705175e-01 1.209257000738833909e+00 -2.597022341896648712e-02 -1.679346544299007427e+00 1.335288547880693288e+00
-2.127963872860174632e-01 4.262846635031340981e-01 1.203170654936613237e+00 -2.400349567640824855e-02 -1.666640329333647585e+00 1.337634954494020256e+00
-2.118320464401266534e-01 4.382430226563949205e-01 1.196965367768087374e+00 -2.207847723915246085e-02 -1.654011587625490609e+00 1.339977860708280621e+00
-2.108230225586003037e-01 4.501062900212176032e-01 1.190637426561913959e+00 -2.019496384054553229e-02 -1.641461252487723232e+00 1.342317293936344136e+00
-2.097692529802592798e-01 4.618732338453828135e-01 1.184182960291856768e+00 -1.835274360652805470e-02 -1.628990241079569135e+00 1.344653280288584440e+00
-2.086706829484017423e-01 4.735426124999850828e-01 1.177597930569043605e+00 -1.655159705817943472e-02 -1.616599453774405060e+00 1.346985844557782919e+00
-2.075272659902007710e-01 4.851131742614187559e-01 1.170878122563827839e+00 -1.479129711793281121e-02 -1.604289773514620876e+00 1.349315010204351406e+00
-2.063389643195510104e-01 4.965836570830539642e-01 1.164019135224238388e+00 -1.307160911909599488e-02 -1.592062065150841477e+00 1.351640799342191945e+00
-2.051057492633188151e-01 5.079527883569818769e-01 1.157016370965137320e+00 -1.139229081979187264e-02 -1.579917174769555732e+00 1.353963232724979759e+00
-2.038276017144868835e-01 5.192192846649943405e-01 1.149865024535388525e+00 -9.753092421036835269e-03 -1.567855929007317961e+00 1.356282329732956038e+00
-2.025045126123967698e-01 5.303818515186362603e-01 1.142560070999571131e+00 -8.153756589420413370e-03 -1.555879134353028270e+00 1.358598108360177248e+00
-2.011364834509981048e-01 5.414391830875651124e-01 1.135096253030994484e+00 -6.594018484627151011e-03 -1.543987576438182519e+00 1.360910585202361966e+00
-1.997235268190187263e-01 5.523899619162744301e-01 1.127468067829021203e+00 -5.073605792317636975e-03 -1.532182019317282151e+00 1.363219775445343451e+00
-1.982656669803803950e-01 5.632328586298136486e-01 1.119669753535700085e+00 -3.592238762643251704e-03 -1.520463204738702778e+00 1.365525692854005602e+00
-1.967629405028421541e-01 5.739665316285069707e-01 1.111695272614663832e+00 -2.149630254880574576e-03 -1.508831851408058533e+00 1.367828349761793350e+00
-1.952153943931003166e-01 5.845896369201453169e-01 1.103538293188470742e+00 -7.454926469223632779e-04 -1.497288693322961439e+00 1.370127757091793796e+00
-1.936230865474481977e-01 5.951008276327671709e-01 1.095192169616340916e+00 6.204624418814086440e-04 -1.485834479114370499e+00 1.372423924377287996e+00
-1.919860862253655043e-01 6.054987535020472933e-01 1.086649921943338315e+00 1.948524416781172164e-03 -1.474469971396742629e+00 1.374716859781681011e+00
-1.903044745522752823e-01 6.157820603317496477e-01 1.077904214312541908e+00 3.238983962883357215e-03 -1.463195946126583546e+00 1.377006570117839113e+00
-1.885783450598361721e-01 6.259493894261840552e-01 1.068947331435126546e+00 4.492133288463207030e-03 -1.452013191976853523e+00 1.379293060866993770e+00
-1.868078042640850533e-01 6.359993769920402329e-01 1.059771153480388861e+00 5.708266358443903066e-03 -1.440922509717137867e+00 1.381576336197077648e+00
-1.849929722874019689e-01 6.459306535077580236e-01 1.050367129199299754e+00 6.887679117140166341e-03 -1.429924711605580878e+00 1.383856398980521485e+00
-1.831339835303555930e-01 6.557418430583457081e-01 1.040726246944793543e+00 8.030669700429537983e-03 -1.419020620792492693e+00 1.386133250811612649e+00
-1.812309873981459152e-01 6.654315626332625300e-01 1.030839004063695441e+00 9.137538637488673565e-03 -1.408211070736389292e+00 1.388406892023396955e+00
-1.792841490933381188e-01 6.749984213863546856e-01 1.020695372952847846e+00 1.020858904214461127e-02 -1.397496904633511505e+00 1.390677321704129721e+00
-1.772936504725799445e-01 6.844410198536898804e-01 1.010284765275943242e+00 1.124412679412067906e-02 -1.386878974860379810e+00 1.392944537713304065e+00
-1.752596909824866156e-01 6.937579491283942801e-01 9.995959926590941569e-01 1.224446071033469252e-02 -1.376358142429949805e+00 1.395208536697302826e+00
-1.731824886765673810e-01 7.029477899889977621e-01 9.886172243630442225e-01 1.320990270638533470e-02 -1.365935276462011849e+00 1.397469314104624827e+00
-1.710622813234958794e-01 7.120091119789080381e-01 9.773359412272787372e-01 1.414076794854612906e-02 -1.355611253667122984e+00 1.399726864200729892e+00
-1.688993276140615674e-01 7.209404724339911752e-01 9.657388860307857259e-01 1.503737499631230268e-02 -1.345386957845454479e+00 1.401981180082524148e+00
-1.666939084796232873e-01 7.297404154561082379e-01 9.538120099532536589e-01 1.590004593578053793e-02 -1.335263279400205949e+00 1.404232253692504928e+00
-1.644463285361570382e-01 7.384074708309764645e-01 9.415404145006784908e-01 1.672910650402159582e-02 -1.325241114866030578e+00 1.406480075832611476e+00
-1.621569176670463186e-01 7.469401528880768026e-01 9.289082884668787843e-01 1.752488620483338977e-02 -1.315321366451686735e+00 1.408724636177735245e+00
-1.598260327590248497e-01 7.553369593008500971e-01 9.158988396853213754e-01 1.828771841595666636e-02 -1.305504941597545709e+00 1.410965923288914459e+00
-1.574540596091367206e-01 7.635963698260166410e-01 9.024942208221946593e-01 1.901794048804350545e-02 -1.295792752547917370e+00 1.413203924626278418e+00
-1.550414150200609686e-01 7.717168449809372888e-01 8.886754493925900222e-01 1.971589383561100917e-02 -1.286185715937912200e+00 1.415438626561753788e+00
-1.525885491089222779e-01 7.796968246603546149e-01 8.744223207618139204e-01 2.038192402025151839e-02 -1.276684752394876998e+00 1.417670014391508637e+00
-1.500959478512249312e-01 7.875347266931891355e-01 8.597133142902612102e-01 2.101638082616508196e-02 -1.267290786154909643e+00 1.419898072348150020e+00
-1.475641358899755229e-01 7.952289453433056821e-01 8.445254916740376760e-01 2.161961832836178932e-02 -1.258004744694152244e+00 1.422122783612759234e+00
-1.449936796398616501e-01 8.027778497590905005e-01 8.288343870887345810e-01 2.219199495386414700e-02 -1.248827558373611701e+00 1.424344130326691715e+00
-1.423851907212101420e-01 8.101797823795404696e-01 8.126138885265619116e-01 2.273387353600631045e-02 -1.239760160098401176e+00 1.426562093603199299e+00
-1.397393297616558172e-01 8.174330573077170925e-01 7.958361102826760902e-01 2.324562136209362695e-02 -1.230803484991005448e+00 1.428776653538866848e+00
-1.370568106113636553e-01 8.245359586676217489e-01 7.784712558045343567e-01 2.372761021461700093e-02 -1.221958470078888137e+00 1.430987789224919648e+00
-1.343384050196447799e-01 8.314867389647915275e-01 7.604874705817837865e-01 2.418021640633094549e-02 -1.213226053995283049e+00 1.433195478758378938e+00
-1.315849478260893157e-01 8.382836174776500116e-01 7.418506852758033343e-01 2.460382080944134575e-02 -1.204607176692962689e+00 1.435399699253095740e+00
-1.287973427275852512e-01 8.449247787158684631e-01 7.225244489249346147e-01 2.499880887893912718e-02 -1.196102779171658970e+00 1.437600426850666802e+00
-1.259765686868410395e-01 8.514083709917699139e-01 7.024697527375589612e-01 2.536557067035749569e-02 -1.187713803218727548e+00 1.439797636731251052e+00
-1.231236870551717377e-01 8.577325051639084208e-01 6.816448452909779077e-01 2.570450085228481729e-02 -1.179441191161992641e+00 1.441991303124316115e+00
-1.202398494883609725e-01 8.638952536279438377e-01 6.600050405684697585e-01 2.601599871366988559e-02 -1.171285885635220403e+00 1.444181399319279802e+00
-1.173263067402519066e-01 8.698946496496917646e-01 6.375025209004747673e-01 2.630046816618536454e-02 -1.163248829355846947e+00 1.446367897676093639e+00
-1.143844184227911231e-01 8.757286871589888833e-01 6.140861380729973895e-01 2.655831774179528981e-02 -1.155330964914898839e+00 1.448550769635770452e+00
-1.114156638251884157e-01 8.813953211524818698e-01 5.897012170120683461e-01 2.678996058573823724e-02 -1.147533234578287153e+00 1.450729985730875082e+00
-1.084216538852031952e-01 8.868924688889903152e-01 5.642893687342227516e-01 2.699581444514009831e-02 -1.139856580099597227e+00 1.452905515595990238e+00
-1.054041444053774867e-01 8.922180121058840285e-01 5.377883203209006258e-01 2.717630165334317116e-02 -1.132301942544008622e+00 1.455077327978143042e+00
-1.023650505951687606e-01 8.973698005353938356e-01 5.101317736272986680e-01 2.733184911016139917e-02 -1.124870262122949160e+00 1.457245390747241798e+00
-9.930646300725842757e-02 9.023456570639813989e-01 4.812493070676508999e-01 2.746288825815679235e-02 -1.117562478039613616e+00 1.459409670906503864e+00
-9.623066490825438191e-02 9.071433849515315728e-01 4.510663397089490489e-01 2.756985505513387391e-02 -1.110379528344827005e+00 1.461570134602886650e+00
-9.314015108450601765e-02 9.117607776153828780e-01 4.195041815320060263e-01 2.765318994293475274e-02 -1.103322349803099733e+00 1.463726747137540807e+00
-9.003764802158620295e-02 9.161956315840793508e-01 3.864802001232382489e-01 2.771333781271256846e-02 -1.096391877768474465e+00 1.465879472976286957e+00
-8.692613530820969547e-02 9.204457633385230153e-01 3.519081408592094617e-01 2.775074796676957334e-02 -1.089589046069785905e+00 1.468028275760127732e+00
-8.380886799134912302e-02 9.245090308786227951e-01 3.156986449844524367e-01 2.776587407705854993e-02 -1.082914786905570192e+00 1.470173118315806438e+00
-8.068939943788833169e-02 9.283833609730303138e-01 2.777600177468201315e-01 2.775917414041040310e-02 -1.076370030748287743e+00 1.472313962666404352e+00
-7.757160402948226618e-02 9.320667831535693892e-01 2.379993049324635457e-01 2.773111043061005088e-02 -1.069955706257379457e+00 1.474450770041995984e+00
-7.445969871727042833e-02 9.355574715771570737e-01 1.963237417736853063e-01 2.768214944735192251e-02 -1.063672740201451639e+00 1.476583500890366940e+00
-7.135826209029638711e-02 9.388537958636247183e-01 1.526426377694723446e-01 2.761276186214434158e-02 -1.057522057389150838e+00 1.478712114887796192e+00
-6.827224916043983516e-02 9.419543818687197145e-01 1.068697567550470628e-01 2.752342246120964564e-02 -1.051504580608478623e+00 1.480836570949913389e+00
-6.520699956703446265e-02 9.448581830097069201e-01 5.892623667925123154e-02 2.741461008536938415e-02 -1.045621230574685701e+00 1.482956827242630782e+00
-6.216823639777846466e-02 9.475645621456907364e-01 8.744069373854412852e-03 2.728680756689749742e-02 -1.039872925886749844e+00 1.485072841193152415e+00
-5.916205240392335973e-02 9.500733830636001187e-01 -4.372987753286570328e-02 2.714050166336423597e-02 -1.034260582992275079e+00 1.487184569501067477e+00
-5.619488018872687007e-02 9.523851092899127124e-01 -9.852936551221043449e-02 2.697618298840886997e-02 -1.028785116160692237e+00 1.489291968149533574e+00
-5.327344314914961299e-02 9.545009062598532878e-01 -1.556639476536388900e-01 2.679434593934837405e-02 -1.023447437465094811e+00 1.491394992416545273e+00
-5.040468475631487699e-02 9.564227409535002167e-01 -2.151139872315374069e-01 2.659548862148575221e-02 -1.018248456772841148e+00 1.493493596886285690e+00
-4.759567535158049090e-02 9.581534712108501495e-01 -2.768257951270380324e-01 2.638011276901697233e-02 -1.013189081744937603e+00 1.495587735460565559e+00
-4.485349809837213542e-02 9.596969154720209616e-01 -3.407071966773752569e-01 2.614872366227294354e-02 -1.008270217844832839e+00 1.497677361370346016e+00
-4.218511896943266670e-02 9.610578931829643068e-01 -4.066238559095891048e-01 2.590183004108892462e-02 -1.003492768356670339e+00 1.499762427187338876e+00
-3.959724929707231222e-02 9.622422271079384970e-01 -4.743966583319135788e-01 2.563994401393643319e-02 -9.988576344139046270e-01 1.501842884835680847e+00
-3.709621280482722216e-02 9.632567016992439335e-01 -5.438003744936398265e-01 2.536358096241353444e-02 -9.943657150388154342e-01 1.503918685603668370e+00
-3.468783127611274608e-02 9.641089765209311935e-01 -6.145636977542182633e-01 2.507325944056670863e-02 -9.900179071939319009e-01 1.505989780155545743e+00
-3.237734319474183664e-02 9.648074599326603717e-01 -6.863705802328063932e-01 2.476950106621900183e-02 -9.858151058485584706e-01 1.508056118543299462e+00
-3.016936734234021422e-02 9.653611545294475960e-01 -7.588626663903474956e-01 2.445283040798440499e-02 -9.817582040575056901e-01 1.510117650218469665e+00
-2.806791881957226842e-02 9.657794900997576093e-01 -8.316425133359672817e-01 2.412377486458949782e-02 -9.778480930561874729e-01 1.512174324043951135e+00
-2.607648014823593652e-02 9.660721601238488887e-01 -9.042773515111822702e-01 2.378286453519184995e-02 -9.740856623743217035e-01 1.514226088305748785e+00
-2.419812791307052180e-02 9.662489726717025107e-01 -9.763033858134795295e-01 2.343063207903473000e-02 -9.704717999710177345e-01 1.516272890724642330e+00
-2.243571831694401997e-02 9.663197170583464057e-01 -1.047231029427794669e+00 2.306761256231604218e-02 -9.670073923946049810e-01 1.518314678467692636e+00
-2.079214060371181727e-02 9.662940387548086818e-01 -1.116551726483685725e+00 2.269434328954655911e-02 -9.636933249712029692e-01 1.520351398159511591e+00
-1.927064029166858372e-02 9.661813158878240770e-01 -1.183746454121507696e+00 2.231136361589058925e-02 -9.605304820265581078e-01 1.522382995893184932e+00
-1.787515743559364712e-02 9.659905507131405500e-01 -1.248293319463199769e+00 2.191921473597713277e-02 -9.575197471458212206e-01 1.524409417240693010e+00
-1.661045927476045847e-02 9.657303291270835643e-01 -1.309665251625214966e+00 2.151843944345943616e-02 -9.546620034748931616e-01 1.526430607262623473e+00
-1.548152133932978458e-02 9.654089379057797515e-01 -1.367297939858474143e+00 2.110958185439282264e-02 -9.519581340627425448e-01 1.528446510516866974e+00
-1.449118740070032274e-02 9.650347106012286957e-01 -1.420496547110611019e+00 2.069318708720058186e-02 -9.494090222316367012e-01 1.530457071065848051e+00
-1.363500256209770889e-02 9.646165427700053030e-01 -1.468251612807449202e+00 2.026980089608088065e-02 -9.470155519280116785e-01 1.532462232481606845e+00
-1.289329527306282142e-02 9.641642937607501906e-01 -1.508982561451660986e+00 1.983996927688957967e-02 -9.447786079128466241e-01 1.534461937847647839e+00
-1.222501597745417889e-02 9.636886676764255810e-01 -1.540374733461945311e+00 1.940423816609693208e-02 -9.426990753925039712e-01 1.536456129755839672e+00
-1.157797536727411813e-02 9.632005998313175610e-01 -1.559777873500987955e+00 1.896315387947733466e-02 -9.407778381435174531e-01 1.538444750296054320e+00
