-1.328843976286642470e-01 9.262922281747438813e-01 -1.339419180283317967e+00 9.529584916054253951e-03 -9.180286051787861501e-01 1.550019420771892698e+00
-1.328843976286642470e-01 9.262922281747438813e-01 -1.339419180283317967e+00 9.529584916054253951e-03 -9.180286051787861501e-01 1.550019420771892698e+00
-1.329120050289659127e-01 9.171300806975679620e-01 -1.371057537775411062e+00 9.531223617279540108e-03 -9.242024811885124480e-01 1.551160647065544795e+00
-1.335000879172401345e-01 8.989825754553864012e-01 -1.420217589394713542e+00 9.519534183554617321e-03 -9.363235441033765927e-01 1.553382179264235718e+00
-1.356462021058004175e-01 8.721015596946160020e-01 -1.476450050534726222e+00 9.498127944155911745e-03 -9.541650886428187928e-01 1.556624264311633699e+00
-1.404129315641214071e-01 8.368518900269101835e-01 -1.532496682256303089e+00 9.486405359316463573e-03 -9.775002979049755014e-01 1.560828868347213128e+00
-1.486859192953888797e-01 7.936872491260398288e-01 -1.583725609582946614e+00 9.516945134056769770e-03 -1.006102081108034341e+00 1.565940202778020263e+00
-1.610616032157999311e-01 7.430881106981497286e-01 -1.627555635354099417e+00 9.633082016676036696e-03 -1.039742871736995866e+00 1.571905221822073040e+00
-1.778290144647456106e-01 6.854998339934960105e-01 -1.662920175724857730e+00 9.886680373762396154e-03 -1.078194408200234822e+00 1.578674089265538871e+00
-1.990080778861954003e-01 6.212940287219413937e-01 -1.689800193091225866e+00 1.033610742813245546e-02 -1.121227514256503355e+00 1.586200612612634009e+00
-2.244130556222576067e-01 5.507579704422971290e-01 -1.708839441947839655e+00 1.104440702956205680e-02 -1.168611892021476972e+00 1.594442643202900634e+00
-2.537199115707125530e-01 4.741053604675331545e-01 -1.721043944708212647e+00 1.207767196489567540e-02 -1.220115936393137979e+00 1.603362441226201307e+00
-2.865258871164414467e-01 3.914980764987713302e-01 -1.727560174722182706e+00 1.350361008290004369e-02 -1.275506576306808970e+00 1.612927004882665161e+00
-3.223963520757210377e-01 3.030699210520768627e-01 -1.729522158870545612e+00 1.539029690194084442e-02 -1.334549145376187518e+00 1.623108363214466054e+00
-3.608980134096840819e-01 2.089466780699915649e-01 -1.727955846459597433e+00 1.780510488813268760e-02 -1.397007282205482426e+00 1.633883832380386147e+00
-4.016196672547588387e-01 1.092600502487450775e-01 -1.723728919516182456e+00 2.081379724951937238e-02 -1.462642858959306125e+00 1.645236235354748500e+00
-4.441826976659728476e-01 4.155406673453043709e-03 -1.717535140390309412e+00 2.447977190560664609e-02 -1.531215935625486413e+00 1.657154085211780536e+00
-4.882439853292072085e-01 -1.062054100703100357e-01 -1.709903857572593333e+00 2.886343928242412343e-02 -1.602484736764345108e+00 1.669631732307556682e+00
-5.334940481584028449e-01 -2.216444728764663807e-01 -1.701227040128742374e+00 3.402171577427498539e-02 -1.676205647362176254e+00 1.682669475797380798e+00
-5.796530187094911524e-01 -3.419596894746665949e-01 -1.691777360426111043e+00 4.000928566294176258e-02 -1.752142241687981272e+00 1.696273477341195379e+00
-6.264652966335960693e-01 -4.669275765887679341e-01 -1.681730590352528365e+00 4.687881519278789405e-02 -1.830065374781776999e+00 1.710455613364085359e+00
-6.736937286351804000e-01 -5.963062358842614596e-01 -1.671188996365837287e+00 5.468126559163014738e-02 -1.909753241358169706e+00 1.725233265482314149e+00
-7.211143403036006649e-01 -7.298380028132716024e-01 -1.660203446055195320e+00 6.346627909187851913e-02 -1.990991391466913285e+00 1.740629048861812800e+00
-7.685122972790023876e-01 -8.672514976933383135e-01 -1.648792732614766665e+00 7.328261227929204480e-02 -2.073572692683507412e+00 1.756670478560542925e+00
-8.156794397353603898e-01 -1.008263008218238665e+00 -1.636959191067952846e+00 8.417859149719875145e-02 -2.157297229454833598e+00 1.773389574347083775e+00
-8.624134318194370818e-01 -1.152577276180290378e+00 -1.624700045456451747e+00 9.620256559234012517e-02 -2.241972131602552931e+00 1.790822405104531168e+00
-9.085183032213710597e-01 -1.299887856806266173e+00 -1.612014124481702115e+00 1.094033320710859625e-01 -2.327411325984625190e+00 1.809008574725889051e+00
-9.538059326843544294e-01 -1.449877275218132366e+00 -1.598903655845971272e+00 1.238305138414176471e-01 -2.413435207985781261e+00 1.827990652369209990e+00
-9.980978292409805608e-01 -1.602217227392811916e+00 -1.585370842648066825e+00 1.395348652678573553e-01 -2.499870232831266303e+00 1.847813551029326540e+00
-1.041226404128151817e+00 -1.756569066653760336e+00 -1.571408887790611386e+00 1.565684883845438469e-01 -2.586548430577634949e+00 1.868523859536271425e+00
-1.083034797849391273e+00 -1.912584783782242726e+00 -1.556987116770849555e+00 1.749849428890072889e-01 -2.673306852807720624e+00 1.890169134227422276e+00
-1.123374243738452849e+00 -2.069908630896120982e+00 -1.542029911130153197e+00 1.948392370123231965e-01 -2.759986963232683443e+00 1.912797157569505524e+00
-1.162097931523111249e+00 -2.228179456062458819e+00 -1.526389363069122762e+00 2.161876904889365458e-01 -2.846433988222031530e+00 1.936455171837787592e+00
-1.199050375627180864e+00 -2.387033266820470345e+00 -1.509795404483865955e+00 2.390876809561123251e-01 -2.932496546555235284e+00 1.961189118891412120e+00
-1.234048997822276839e+00 -2.546107245716821232e+00 -1.491817079248899169e+00 2.635972788478073703e-01 -3.018025989289804478e+00 1.987042872569762197e+00
-1.266860057690342600e+00 -2.705043626187388917e+00 -1.471820852259261070e+00 2.897747627808129334e-01 -3.102875756075887725e+00 2.014057472358104395e+00
-1.297169225121719505e+00 -2.863492549137130361e+00 -1.448929581555614909e+00 3.176780256596933860e-01 -3.186900768488480029e+00 2.042270366552375815e+00
-1.324545274647835225e+00 -3.021115807286022026e+00 -1.422027788700261253e+00 3.473593273537001758e-01 -3.269952614110943845e+00 2.071715288868844151e+00
-1.348410634784737105e+00 -3.177580818455050249e+00 -1.389778572935969070e+00 3.788642643842792812e-01 -3.351879725995378756e+00 2.102422132221052564e+00
-1.368019377813519677e+00 -3.332546244507597955e+00 -1.350661489054101772e+00 4.122307329759278827e-01 -3.432527652578312605e+00 2.134416820297624806e+00
-1.382447270656879335e+00 -3.485636311995086167e+00 -1.303042291960267551e+00 4.474878993888297685e-01 -3.511739427029447302e+00 2.167721177673936239e+00
-1.390600363095748637e+00 -3.636401391768780300e+00 -1.245286243249579483e+00 4.846551930114373352e-01 -3.589356043879210034e+00 2.202352799279827966e+00
-1.391250505348648137e+00 -3.784264719488719564e+00 -1.175926139124616743e+00 5.237413392211668350e-01 -3.665217049236481728e+00 2.238324920123638151e+00
-1.383098890965615668e+00 -3.928485567141632551e+00 -1.093896383555016838e+00 5.647346153210789366e-01 -3.739143501452288021e+00 2.275605580631178348e+00
-1.364886931450780105e+00 -4.068097686782052413e+00 -9.988254283069819550e-01 6.075971606700670824e-01 -3.810942555850887814e+00 2.314116745483405957e+00
-1.335553589110660910e+00 -4.201874411941466825e+00 -8.913770286304926183e-01 6.522598442221666515e-01 -3.880412754287193788e+00 2.353733273260883330e+00
-1.294430380838117678e+00 -4.328354136380274220e+00 -7.736155395801446177e-01 6.986178663631144037e-01 -3.947349980986277096e+00 2.394281738811204985e+00
-1.241446498756740180e+00 -4.445962900172675702e+00 -6.493487347484697692e-01 7.465272820115541608e-01 -4.011553988142150473e+00 2.435539110241424776e+00
-1.177294769772934124e+00 -4.553258454779670394e+00 -5.243866194610049547e-01 7.958024860544972157e-01 -4.072835143000586022e+00 2.477231272695370023e+00
-1.103499143244466296e+00 -4.649286450384631841e+00 -4.065638348840837080e-01 8.462150872409301972e-01 -4.131021572907740413e+00 2.519031408374328151e+00
-1.022333423644805617e+00 -4.733985986584245964e+00 -3.053527098425268260e-01 8.974941525688230337e-01 -4.185966168663526332e+00 2.560558234407525280e+00
-9.365799240161920558e-01 -4.808522055570250586e+00 -2.307696416992447430e-01 9.493278689800149772e-01 -4.237553070517797948e+00 2.601374106376690420e+00
