-8.809138968838573502e-01 -4.734219546112981014e+00 -2.388208704579940569e-03 8.997618463543333167e-01 -4.696017917299497135e+00 3.115134983733461649e+00
-8.809138968838573502e-01 -4.734219546112981014e+00 -2.388208704579940569e-03 8.997618463543333167e-01 -4.696017917299497135e+00 3.115134983733461649e+00
-8.808999538005429786e-01 -4.734218216252265243e+00 -1.027794434462046044e-03 8.998674413196752209e-01 -4.696020420764969394e+00 3.115087707934594441e+00
-8.808714739414161832e-01 -4.734215559372055182e+00 1.631296748892987515e-03 9.000760101657546697e-01 -4.696025378537280304e+00 3.114993310368484813e+00
-8.808278825940386580e-01 -4.734211518755323311e+00 5.528757637752122409e-03 9.003849321822661178e-01 -4.696032755661606828e+00 3.114851945013088486e+00
-8.807686242125407627e-01 -4.734205977474107208e+00 1.060570842986969728e-02 9.007915872274132596e-01 -4.696042530588788289e+00 3.114663765800563588e+00
-8.806931629548935270e-01 -4.734198758166496823e+00 1.680469266682794310e-02 9.012933559184571619e-01 -4.696054694381643024e+00 3.114428926624942751e+00
-8.806009835363028948e-01 -4.734189623218105325e+00 2.406967191793883340e-02 9.018876198189141880e-01 -4.696069249925885813e+00 3.114147581349604454e+00
-8.804915923605659556e-01 -4.734178275325460206e+00 3.234601927166206453e-02 9.025717616227133533e-01 -4.696086211145756195e+00 3.113819883814545442e+00
-8.803645188887417872e-01 -4.734164358420694718e+00 4.158051169488909821e-02 9.033431653356196467e-01 -4.696105602224482922e+00 3.113445987843453278e+00
-8.802193172029240120e-01 -4.734147458938231523e+00 5.172132131884257106e-02 9.041992164542196342e-01 -4.696127456829697344e+00 3.113026047250582629e+00
-8.800555677221402195e-01 -4.734127107404884072e+00 6.271800570874636049e-02 9.051373021427681076e-01 -4.696151817343912072e+00 3.112560215847432588e+00
-8.798728790273799838e-01 -4.734102780335051719e+00 7.452149717283652886e-02 9.061548114081828809e-01 -4.696178734100184826e+00 3.112048647449227712e+00
-8.796708897533574989e-01 -4.734073902412508694e+00 8.708409116471005351e-02 9.072491352734739500e-01 -4.696208264623069617e+00 3.111491495881203662e+00
-8.794492705058019055e-01 -4.734039848939752382e+00 1.003594338314481860e-01 9.084176669498870149e-01 -4.696240472874976923e+00 3.110888914984696108e+00
-8.792077257647488153e-01 -4.733999948535122293e+00 1.143025087584068206e-01 9.096578020080359206e-01 -4.696275428508053906e+00 3.110241058623035570e+00
-8.789459957364292864e-01 -4.733953486056948101e+00 1.288696229600393983e-01 9.109669385482949133e-01 -4.696313206121680572e+00 3.109548080687245530e+00
-8.786638581188543906e-01 -4.733899705732945051e+00 1.440183921646091270e-01 9.123424773707126123e-01 -4.696353884525719558e+00 3.108810135101550465e+00
-8.783611297490135916e-01 -4.733837814472028782e+00 1.597077254391599532e-01 9.137818221447105982e-01 -4.696397546009595914e+00 3.108027375828686711e+00
-8.780376681026885732e-01 -4.733766985334690425e+00 1.758978091996489801e-01 9.152823795788183059e-01 -4.696444275617342790e+00 3.107199956875020153e+00
-8.776933726211806341e-01 -4.733686361137169563e+00 1.925500906497003561e-01 9.168415595906931337e-01 -4.696494160428699161e+00 3.106328032295473829e+00
-8.773281858426937863e-01 -4.733595058163895253e+00 2.096272606900201341e-01 9.184567754776707948e-01 -4.696547288846389279e+00 3.105411756198261042e+00
-8.769420943196686302e-01 -4.733492169962090657e+00 2.270932363391179876e-01 9.201254440880820562e-01 -4.696603749889671775e+00 3.104451282749425722e+00
-8.765351293069574279e-01 -4.733376771192106425e+00 2.449131427046111475e-01 9.218449859935690105e-01 -4.696663632494277429e+00 3.103446766177192728e+00
-8.761073672093371290e-01 -4.733247921506910316e+00 2.630532945430429925e-01 9.236128256626289224e-01 -4.696727024818835083e+00 3.102398360776125852e+00
-8.756589297804089345e-01 -4.733104669434347933e+00 2.814811774448317538e-01 9.254263916356060271e-01 -4.696794013557905600e+00 3.101306220911093980e+00
-8.751899840684007614e-01 -4.732946056236195354e+00 3.001654286796746618e-01 9.272831167013478870e-01 -4.696864683261717133e+00 3.100170501021047187e+00
-8.747007421077261924e-01 -4.732771119718710118e+00 3.190758177364690362e-01 9.291804380757363591e-01 -4.696939115662715380e+00 3.098991355622601418e+00
-8.741914603583227361e-01 -4.732578897970331155e+00 3.381832265905769797e-01 9.311157975822982324e-01 -4.697017389009038979e+00 3.097768939313432224e+00
-8.736624388977640709e-01 -4.732368433003347974e+00 3.574596297300496328e-01 9.330866418350937108e-01 -4.697099577405023929e+00 3.096503406775479750e+00
-8.731140203738870786e-01 -4.732138774277784954e+00 3.768780739712472294e-01 9.350904224240776941e-01 -4.697185750158848982e+00 3.095194912777960106e+00
-8.725465887281664834e-01 -4.731888982087322226e+00 3.964126580931341959e-01 9.371245961031197114e-01 -4.697275971137422346e+00 3.093843612180190661e+00
-8.719605677023011259e-01 -4.731618130788867838e+00 4.160385123184017764e-01 9.391866249808653588e-01 -4.697370298128634936e+00 3.092449659934221717e+00
-8.713564191424187921e-01 -4.731325311859297500e+00 4.357317776684678234e-01 9.412739767146147685e-01 -4.697468782211070781e+00 3.091013211087280332e+00
-8.707346411169673006e-01 -4.731009636764913928e+00 4.554695852183281435e-01 9.433841247073881942e-01 -4.697571467131296252e+00 3.089534420784023627e+00
-8.700957658657211269e-01 -4.730670239631278307e+00 4.752300352761837376e-01 9.455145483083436941e-01 -4.697678388688837359e+00 3.088013444268600693e+00
-8.694403575984083199e-01 -4.730306279703222039e+00 4.949921765117432648e-01 9.476627330167043395e-01 -4.697789574128951706e+00 3.086450436886527093e+00
-8.687690101622488337e-01 -4.729916943587027411e+00 5.147359850561001871e-01 9.498261706893469380e-01 -4.697905041543307902e+00 3.084845554086368846e+00
-8.680823445982055464e-01 -4.729501447268903647e+00 5.344423435951084489e-01 9.520023597522001557e-01 -4.698024799278691432e+00 3.083198951421234124e+00
-8.673810066059955970e-01 -4.729059037906034213e+00 5.540930204772298584e-01 9.541888054155909238e-01 -4.698148845353834702e+00 3.081510784550078874e+00
-8.666656639379074489e-01 -4.728588995388506078e+00 5.736706488558962480e-01 9.563830198936746907e-01 -4.698277166884502698e+00 3.079781209238819262e+00
-8.659370037412328358e-01 -4.728090633672405119e+00 5.931587058855271044e-01 9.585825226280763056e-01 -4.698409739516929307e+00 3.078010381361256265e+00
-8.651957298686835385e-01 -4.727563301886219094e+00 6.125414919894579535e-01 9.607848405158659899e-01 -4.698546526869733952e+00 3.076198456899807976e+00
-8.644425601755244548e-01 -4.727006385214436612e+00 6.318041102171768619e-01 9.629875081419834171e-01 -4.698687479984426041e+00 3.074345591946054501e+00
-8.636782238213590590e-01 -4.726419305563807960e+00 6.509324457074253667e-01 9.651880680162235882e-01 -4.698832536784612657e+00 3.072451942701090566e+00
-8.629034585935587698e-01 -4.725801522019199119e+00 6.699131452729041314e-01 9.673840708148843115e-01 -4.698981621544025877e+00 3.070517665475688496e+00
-8.621190082682631539e-01 -4.725152531097248421e+00 6.887335971215260422e-01 9.695730756271768724e-01 -4.699134644363490487e+00 3.068542916690270683e+00
-8.613256200237204840e-01 -4.724471866807171239e+00 7.073819107283830787e-01 9.717526502064877114e-01 -4.699291500656938680e+00 3.066527852874691096e+00
-8.605240419195013812e-01 -4.723759100529020039e+00 7.258468968718364556e-01 9.739203712265791513e-01 -4.699452070646605861e+00 3.064472630667826714e+00
-8.597150204538285267e-01 -4.723013840720506451e+00 7.441180478464044512e-01 9.760738245428071114e-01 -4.699616218867506134e+00 3.062377406816977565e+00
-8.588992982099463713e-01 -4.722235732464141300e+00 7.621855178644030282e-01 9.782106054584275290e-01 -4.699783793681323374e+00 3.060242338177075805e+00
-8.580776116011162857e-01 -4.721424456866916586e+00 7.800401036575971281e-01 9.803283189960606547e-01 -4.699954626799822677e+00 3.058067581709704719e+00
-8.572506887224895511e-01 -4.720579730325106915e+00 7.976732252894412900e-01 9.824245801743708428e-01 -4.700128532817911875e+00 3.055853294481924110e+00
-8.564192473167976383e-01 -4.719701303666944625e+00 8.150769071878261052e-01 9.844970142900171250e-01 -4.700305308756466793e+00 3.053599633664906499e+00
-8.555839928595125876e-01 -4.718788961185994779e+00 8.322437594076059764e-01 9.865432572049228632e-01 -4.700484733615043709e+00 3.051306756532380593e+00
-8.547456167678979533e-01 -4.717842519577993166e+00 8.491669591315572641e-01 9.885609556389036712e-01 -4.700666567934594475e+00 3.048974820458883350e+00
-8.539047947371813940e-01 -4.716861826793728341e+00 8.658402324178094966e-01 9.905477674676914646e-01 -4.700850553370309548e+00 3.046603982917819309e+00
-8.530621852059629973e-01 -4.715846760820282313e+00 8.822578362012037934e-01 9.925013620263819503e-01 -4.701036412274703480e+00 3.044194401479328516e+00
-8.522184279519241512e-01 -4.714797228402596296e+00 8.984145405554593289e-01 9.944194204183273156e-01 -4.701223847291074343e+00 3.041746233807962607e+00
-8.513741428179225634e-01 -4.713713163716850119e+00 9.143056112224742238e-01 9.962996358294929911e-01 -4.701412540957442765e+00 3.039259637660166824e+00
-8.505299285676669596e-01 -4.712594527006694456e+00 9.299267924145501185e-01 9.981397138482850373e-01 -4.701602155321103815e+00 3.036734770881570622e+00
-8.496863618693485387e-01 -4.711441303192763108e+00 9.452742898948068850e-01 9.999373727908545950e-01 -4.701792331563901861e+00 3.034171791404086438e+00
-8.488439964048724029e-01 -4.710253500465327647e+00 9.603447543405513320e-01 1.001690344031875401e+00 -4.701982689638361634e+00 3.031570857242813055e+00
-8.480033621016844769e-01 -4.709031148869295080e+00 9.751352649938737072e-01 1.003396372340785048e+00 -4.702172827914775866e+00 3.028932126492747123e+00
-8.471649644836173332e-01 -4.707774298890121223e+00 9.896433136032752875e-01 1.005053216223475321e+00 -4.702362322839394260e+00 3.026255757325302831e+00
-8.463292841366882868e-01 -4.706483020048485066e+00 1.003866788659674159e+00 1.006658648269410650e+00 -4.702550728603809738e+00 3.023541907984635291e+00
-8.454967762853702329e-01 -4.705157399510953020e+00 1.017803959929694857e+00 1.008210455504145786e+00 -4.702737576825672505e+00 3.020790736783774300e+00
-8.446678704745119726e-01 -4.703797540723115844e+00 1.031453463288726224e+00 1.009706439747209084e+00 -4.702922376240852742e+00 3.018002402100560477e+00
-8.438429703518132152e-01 -4.702403562071049592e+00 1.044814285855818259e+00 1.011144417975311072e+00 -4.703104612407160268e+00 3.015177062373390449e+00
-8.430224535455517199e-01 -4.700975595576280419e+00 1.057885751432099175e+00 1.012522222690833473e+00 -4.703283747419742866e+00 3.012314876096767069e+00
-8.422066716316363166e-01 -4.699513785627599916e+00 1.070667506243983214e+00 1.013837702313712619e+00 -4.703459219641040079e+00 3.009416001822189379e+00
-8.413959501854356704e-01 -4.698018287755945543e+00 1.083159504992135425e+00 1.015088721560946761e+00 -4.703630443440169451e+00 3.006480598153306705e+00
-8.405905889122760044e-01 -4.696489267454518668e+00 1.095361997206783400e+00 1.016273161831212191e+00 -4.703796808944373353e+00 3.003508823740880906e+00
-8.397908618510246948e-01 -4.694926899046886426e+00 1.107275513909626419e+00 1.017388921594519324e+00 -4.703957681802605428e+00 3.000500837277552346e+00
-8.389970176452199446e-01 -4.693331364605262124e+00 1.118900854582276505e+00 1.018433916786827931e+00 -4.704112402961396988e+00 2.997456797492413116e+00
-8.382092798762885710e-01 -4.691702852920664135e+00 1.130239074440853253e+00 1.019406081209541792e+00 -4.704260288453103733e+00 2.994376863145383982e+00
-8.374278474535030714e-01 -4.690041558526186094e+00 1.141291472016066288e+00 1.020303366933790201e+00 -4.704400629196638484e+00 2.991261193021399034e+00
-8.366528950554698030e-01 -4.688347680774146653e+00 1.152059577037836346e+00 1.021123744709402148e+00 -4.704532690810802720e+00 2.988109945924393607e+00
-8.358845736180999797e-01 -4.686621422967517603e+00 1.162545138623238827e+00 1.021865204378471947e+00 -4.704655713440332399e+00 2.984923280671099466e+00
-8.351230108641966021e-01 -4.684862991545650779e+00 1.172750113766302338e+00 1.022525755293407723e+00 -4.704768911594740644e+00 2.981701356084644150e+00
-8.343683118699858348e-01 -4.683072595323968024e+00 1.182676656127949588e+00 1.023103426739352173e+00 -4.704871474000085207e+00 2.978444330987958022e+00
-8.336205596641288462e-01 -4.681250444787017351e+00 1.192327105124142639e+00 1.023596268360853712e+00 -4.704962563463746861e+00 2.975152364196986365e+00
-8.328798158549672870e-01 -4.679396751434000024e+00 1.201703975310075556e+00 1.024002350592664534e+00 -4.705041316752323510e+00 2.971825614513706970e+00
-8.321461212819768472e-01 -4.677511727175652112e+00 1.210809946058050812e+00 1.024319765094536372e+00 -4.705106844482731532e+00 2.968464240718954539e+00
-8.314194966876301551e-01 -4.675595583781143816e+00 1.219647851526485693e+00 1.024546625189877602e+00 -4.705158231026621785e+00 2.965068401565052358e+00
-8.306999434060986509e-01 -4.673648532373510633e+00 1.228220670917308910e+00 1.024681066308127608e+00 -4.705194534428189357e+00 2.961638255768249461e+00
-8.299874440654460006e-01 -4.671670782971939495e+00 1.236531519018837955e+00 1.024721246430706056e+00 -4.705214786335472077e+00 2.958173962000965496e+00
-8.292819633001935475e-01 -4.669662544079142386e+00 1.244583637031064782e+00 1.024665346540380551e+00 -4.705217991945231937e+00 2.954675678883841972e+00
-8.285834484713550108e-01 -4.667624022311930077e+00 1.252380383670127717e+00 1.024511571073898786e+00 -4.705203129961493147e+00 2.951143564977602107e+00
-8.278918303912545795e-01 -4.665555422073020431e+00 1.259925226548608057e+00 1.024258148377717781e+00 -4.705169152567825641e+00 2.947577778774719715e+00
-8.272070240506484984e-01 -4.663456945262068665e+00 1.267221733828154395e+00 1.023903331166666542e+00 -4.705114985413457518e+00 2.943978478690893574e+00
-8.265289293458716324e-01 -4.661328791023843898e+00 1.274273566140821101e+00 1.023445396985366074e+00 -4.705039527613280370e+00 2.940345823056332630e+00
-8.258574318039261231e-01 -4.659171155531474540e+00 1.281084468775391505e+00 1.022882648672228889e+00 -4.704941651761831878e+00 2.936679970106850668e+00
-8.251924033036085460e-01 -4.656984231802666407e+00 1.287658264124853513e+00 1.022213414825856148e+00 -4.704820203961324054e+00 2.932981077974770034e+00
-8.245337027909525052e-01 -4.654768209546803703e+00 1.293998844391101244e+00 1.021436050273641927e+00 -4.704674003863775766e+00 2.929249304679635735e+00
-8.238811769874270219e-01 -4.652523275040857165e+00 1.300110164542848779e+00 1.020548936542395868e+00 -4.704501844727328574e+00 2.925484808118741231e+00
-8.232346610894898387e-01 -4.650249611032066355e+00 1.305996235522662641e+00 1.019550482330780383e+00 -4.704302493486783199e+00 2.921687746057465063e+00
-8.225939794582405318e-01 -4.647947396665385256e+00 1.311661117698949441e+00 1.018439123983367667e+00 -4.704074690838437434e+00 2.917858276119420058e+00
-8.219589462980616545e-01 -4.645616807433738060e+00 1.317108914558672739e+00 1.017213325966104032e+00 -4.703817151339261038e+00 2.913996555776414699e+00
-8.213293663232583697e-01 -4.643258015149186235e+00 1.322343766636514317e+00 1.015871581342973062e+00 -4.703528563520458228e+00 2.910102742338230186e+00
-8.207050354118365920e-01 -4.640871187933159447e+00 1.327369845676147353e+00 1.014412412253644202e+00 -4.703207590015476391e+00 2.906176992942209658e+00
-8.200857412456633577e-01 -4.638456490223978435e+00 1.332191349019245630e+00 1.012834370391883620e+00 -4.702852867702476125e+00 2.902219464542664884e+00
-8.194712639363629370e-01 -4.636014082799970737e+00 1.336812494217817004e+00 1.011136037484506200e+00 -4.702463007861324762e+00 2.898230313900097332e+00
-8.188613766363955770e-01 -4.633544122816533495e+00 1.341237513865419784e+00 1.009316025770642833e+00 -4.702036596345132047e+00 2.894209697570237161e+00
-8.182558461348526935e-01 -4.631046763855596993e+00 1.345470650642793586e+00 1.007372978481087644e+00 -4.701572193766359042e+00 2.890157771892900573e+00
-8.176544334375858147e-01 -4.628522155986016351e+00 1.349516152573422056e+00 1.005305570317494679e+00 -4.701068335697515366e+00 2.886074692980666878e+00
-8.170568943313590848e-01 -4.625970445833466727e+00 1.353378268484527691e+00 1.003112507931183783e+00 -4.700523532886487388e+00 2.881960616707373468e+00
-8.164629799317815184e-01 -4.623391776658555941e+00 1.357061243668993944e+00 1.000792530401313662e+00 -4.699936271486477857e+00 2.877815698696435387e+00
-8.158724372148391524e-01 -4.620786288441879996e+00 1.360569315743704433e+00 9.983444097121769722e-01 -4.699305013300601352e+00 2.873640094308984594e+00
-8.152850095319011947e-01 -4.618154117974879291e+00 1.363906710699793523e+00 9.957669512293707559e-01 -4.698628196041108929e+00 2.869433958631834702e+00
-8.147004371081237872e-01 -4.615495398955409279e+00 1.367077639140305889e+00 9.930589941745884275e-01 -4.697904233603269475e+00 2.865197446465269415e+00
-8.141184575242239596e-01 -4.612810262087002400e+00 1.370086292700776642e+00 9.902194120987807269e-01 -4.697131516353880265e+00 2.860930712310659096e+00
-8.135388061816325456e-01 -4.610098835180910015e+00 1.372936840648254497e+00 9.872471133534285181e-01 -4.696308411434412022e+00 2.856633910357903261e+00
-8.129612167510766874e-01 -4.607361243260041483e+00 1.375633426654313318e+00 9.841410415596666406e-01 -4.695433263078767183e+00 2.852307194472703422e+00
-8.123854216046707544e-01 -4.604597608664033892e+00 1.378180165737616258e+00 9.809001760749973542e-01 -4.694504392945629156e+00 2.847950718183664964e+00
-8.118111522316266981e-01 -4.601808051154716139e+00 1.380581141371624021e+00 9.775235324573290363e-01 -4.693520100465383926e+00 2.843564634669233815e+00
-8.112381396377211784e-01 -4.598992688021316333e+00 1.382840402753069187e+00 9.740101629260721205e-01 -4.692478663201574918e+00 2.839149096744463918e+00
-8.106661147286782221e-01 -4.596151634184833412e+00 1.384961962226848309e+00 9.703591568200254924e-01 -4.691378337226862705e+00 2.834704256847623061e+00
-8.100948086776487145e-01 -4.593285002301025877e+00 1.386949792863020781e+00 9.665696410517796711e-01 -4.690217357513440710e+00 2.830230267026632607e+00
-8.095239532769843427e-01 -4.590392902861567315e+00 1.388807826181642335e+00 9.626407805583669930e-01 -4.688993938337867817e+00 2.825727278925349140e+00
-8.089532812745215962e-01 -4.587475444292935300e+00 1.390539950021198123e+00 9.585717787478827967e-01 -4.687706273700253945e+00 2.821195443769684452e+00
-8.083825266946046417e-01 -4.584532733052684605e+00 1.392150006546449159e+00 9.543618779418021614e-01 -4.686352537757755066e+00 2.816634912353569664e+00
-8.078114251440872140e-01 -4.581564873722782316e+00 1.393641790391545454e+00 9.500103598127160875e-01 -4.684930885272298617e+00 2.812045835024762575e+00
-8.072397141035666523e-01 -4.578571969099742844e+00 1.395019046934313556e+00 9.455165458172076764e-01 -4.683439452072483355e+00 2.807428361670502692e+00
-8.066671332041102094e-01 -4.575554120281343451e+00 1.396285470697668396e+00 9.408797976235895311e-01 -4.681876355529565714e+00 2.802782641703014388e+00
-8.060934244897445256e-01 -4.572511426749735541e+00 1.397444703874158423e+00 9.360995175342230468e-01 -4.680239695047463400e+00 2.798108824044859499e+00
-8.055183326659829390e-01 -4.569443986450804296e+00 1.398500334969702052e+00 9.311751489021379280e-01 -4.678527552566679404e+00 2.793407057114144720e+00
-8.049416053346744038e-01 -4.566351895869681599e+00 1.399455897562628781e+00 9.261061765416706004e-01 -4.676737993082056732e+00 2.788677488809582439e+00
-8.043629932154607864e-01 -4.563235250102326113e+00 1.400314869174196675e+00 9.208921271328401881e-01 -4.674869065174275917e+00 2.783920266495409912e+00
-8.037822503541348640e-01 -4.560094142923134086e+00 1.401080670246814153e+00 9.155325696191810581e-01 -4.672918801554969193e+00 2.779135536986167221e+00
-8.031991343181936749e-01 -4.556928666848561349e+00 1.401756663226253918e+00 9.100271155987472715e-01 -4.670885219625360740e+00 2.774323446531337556e+00
-8.026134063798869844e-01 -4.553738913196763605e+00 1.402346151744206848e+00 9.043754197080104973e-01 -4.668766322048308659e+00 2.769484140799852945e+00
-8.020248316870606242e-01 -4.550524972143296765e+00 1.402852379897585156e+00 8.985771799983670594e-01 -4.666560097333626089e+00 2.764617764864465865e+00
-8.014331794220974636e-01 -4.547286932772918178e+00 1.403278531621045877e+00 8.926321383049744540e-01 -4.664264520436553596e+00 2.759724463185990739e+00
-8.008382229492613247e-01 -4.544024883127566916e+00 1.403627730149268338e+00 8.865400806076357831e-01 -4.661877553369253135e+00 2.754804379597417530e+00
-8.002397399507474862e-01 -4.540738910250609273e+00 1.403903037565584322e+00 8.803008373834536604e-01 -4.659397145825177944e+00 2.749857657287901880e+00
-7.996375125517477533e-01 -4.537429100227460488e+00 1.404107454433623170e+00 8.739142839509729255e-01 -4.656821235816177129e+00 2.744884438786630021e+00
-7.990313274348338490e-01 -4.534095538222679522e+00 1.404243919508696203e+00 8.673803408055356101e-01 -4.654147750322179533e+00 2.739884865946568215e+00
-7.984209759439682141e-01 -4.530738308513684309e+00 1.404315309525716371e+00 8.606989739455706001e-01 -4.651374605953303210e+00 2.734859079928090964e+00
-7.978062541784454176e-01 -4.527357494521207393e+00 1.404324439060506746e+00 8.538701951895433240e-01 -4.648499709624227094e+00 2.729807221182500854e+00
-7.971869630770718196e-01 -4.523953178836647382e+00 1.404274060461423224e+00 8.468940624832912434e-01 -4.645520959240645453e+00 2.724729429435432948e+00
-7.965629084928864678e-01 -4.520525443246455666e+00 1.404166863848279823e+00 8.397706801974714752e-01 -4.642436244397649681e+00 2.719625843670155252e+00
-7.959339012587283158e-01 -4.517074368753719149e+00 1.404005477175631622e+00 8.325001994148528706e-01 -4.639243447089839378e+00 2.714496602110763046e+00
-7.952997572439497453e-01 -4.513600035597095328e+00 1.403792466357536961e+00 8.250828182071803241e-01 -4.635940442432977981e+00 2.709341842205273299e+00
-7.946602974025789301e-01 -4.510102523267261354e+00 1.403530335450984934e+00 8.175187819013475243e-01 -4.632525099397014401e+00 2.704161700608619157e+00
-7.940153478132299103e-01 -4.506581910521037848e+00 1.403221526895242377e+00 8.098083833346126914e-01 -4.628995281550252194e+00 2.698956313165552068e+00
-7.933647397110552557e-01 -4.503038275393348222e+00 1.402868421804438270e+00 8.019519630985967318e-01 -4.625348847814478859e+00 2.693725814893451531e+00
-7.927083095120384115e-01 -4.499471695207179600e+00 1.402473340310769645e+00 7.939499097718032417e-01 -4.621583653230843858e+00 2.688470339965047806e+00
-7.920458988691909674e-01 -4.495882246601150989e+00 1.402038541940181293e+00 7.858026629504386573e-01 -4.617697551100713227e+00 2.683190021691282290e+00
-7.913773546873769105e-01 -4.492270005527044141e+00 1.401566226030571460e+00 7.775107271727970115e-01 -4.613688400595999717e+00 2.677884992505187967e+00
-7.907025291266720490e-01 -4.488635047254859956e+00 1.401058532192758666e+00 7.690746720195467123e-01 -4.609554067945147438e+00 2.672555383945794727e+00
-7.900212795991626846e-01 -4.484977446376534616e+00 1.400517540811847539e+00 7.604951321946542553e-01 -4.605292427633190577e+00 2.667201326642070658e+00
-7.893334687594572019e-01 -4.481297276808459351e+00 1.399945273586689520e+00 7.517728075865093285e-01 -4.600901363615516715e+00 2.661822950296909518e+00
-7.886389644891855788e-01 -4.477594611792958368e+00 1.399343694105203761e+00 7.429084633088121059e-01 -4.596378770544935932e+00 2.656420383671175500e+00
-7.879376398757557132e-01 -4.473869523898851952e+00 1.398714708453382194e+00 7.339029297207870783e-01 -4.591722555011656048e+00 2.650993754567813276e+00
-7.872293731856332411e-01 -4.470122085021248637e+00 1.398060165855862902e+00 7.247571024262845496e-01 -4.586930636795757188e+00 2.645543189816035756e+00
-7.865140478324063045e-01 -4.466352366380698768e+00 1.397381859346022104e+00 7.154719422513329263e-01 -4.582000950131720707e+00 2.640068815255598889e+00
-7.857915523398950608e-01 -4.462560438521819606e+00 1.396681526463591005e+00 7.060484751997018193e-01 -4.576931444984595920e+00 2.634570755721175050e+00
-7.850617803005571771e-01 -4.458746371311524292e+00 1.395960849977864182e+00 6.964877923860371967e-01 -4.571720088337325016e+00 2.629049135026837014e+00
-7.843246303294419963e-01 -4.454910233936959507e+00 1.395221458634628098e+00 6.867910499461293838e-01 -4.566364865488772296e+00 2.623504075950661374e+00
-7.835800060139359591e-01 -4.451052094903255707e+00 1.394464927924991660e+00 6.769594689238721541e-01 -4.560863781361968350e+00 2.617935700219464756e+00
-7.828278158595420866e-01 -4.447172022031191219e+00 1.393692780874363546e+00 6.669943351344707061e-01 -4.555214861822064698e+00 2.612344128493684803e+00
-7.820679732319272270e-01 -4.443270082454866987e+00 1.392906488849873226e+00 6.568969990034567719e-01 -4.549416155003491724e+00 2.606729480352416584e+00
-7.813003962954695458e-01 -4.439346342619465702e+00 1.392107472384589872e+00 6.466688753810657664e-01 -4.543465732645776356e+00 2.601091874278617766e+00
-7.805250079485315240e-01 -4.435400868279193887e+00 1.391297102016951559e+00 6.363114433315291141e-01 -4.537361691437466149e+00 2.595431427644492306e+00
-7.797417357556801765e-01 -4.431433724495462023e+00 1.390476699143863959e+00 6.258262458968351094e-01 -4.531102154367602886e+00 2.589748256697069984e+00
-7.789505118770685410e-01 -4.427444975635387081e+00 1.389647536885988854e+00 6.152148898345082273e-01 -4.524685272084139953e+00 2.584042476543989331e+00
-7.781512729951916008e-01 -4.423434685370662756e+00 1.388810840963789817e+00 6.044790453289543564e-01 -4.518109224258699541e+00 2.578314201139500828e+00
-7.773439602392191450e-01 -4.419402916676872017e+00 1.387967790582955940e+00 5.936204456759175407e-01 -4.511372220957036383e+00 2.572563543270700137e+00
-7.765285191071070736e-01 -4.415349731833272173e+00 1.387119519327875139e+00 5.826408869395902634e-01 -4.504472504014546352e+00 2.566790614544010030e+00
-7.757048993856818786e-01 -4.411275192423119051e+00 1.386267116061876248e+00 5.715422275819164177e-01 -4.497408348416152890e+00 2.560995525371917658e+00
-7.748730550688849306e-01 -4.407179359334545410e+00 1.385411625833011140e+00 5.603263880636242256e-01 -4.490178063679850062e+00 2.555178384959988058e+00
-7.740329442743631994e-01 -4.403062292762051300e+00 1.384554050784191581e+00 5.489953504165177023e-01 -4.482779995243175719e+00 2.549339301294161420e+00
-7.731845291585816016e-01 -4.398924052208620594e+00 1.383695351066545287e+00 5.375511577865580426e-01 -4.475212525851858025e+00 2.543478381128355004e+00
-7.723277758306308360e-01 -4.394764696488494771e+00 1.382836445754901611e+00 5.259959139472545342e-01 -4.467474076949835116e+00 2.537595729972379477e+00
-7.714626542648962415e-01 -4.390584283730618154e+00 1.381978213764359698e+00 5.143317827828863820e-01 -4.459563110069829861e+00 2.531691452080186089e+00
-7.705891382127505462e-01 -4.386382871382783932e+00 1.381121494766936575e+00 5.025609877410640580e-01 -4.451478128223615549e+00 2.525765650438459797e+00
-7.697072051134241644e-01 -4.382160516216480062e+00 1.380267090107339056e+00 4.906858112541415684e-01 -4.443217677291085188e+00 2.519818426755573437e+00
-7.688168360042044736e-01 -4.377917274332445707e+00 1.379415763716938859e+00 4.787085941289758728e-01 -4.434780347407183854e+00 2.513849881450919810e+00
-7.679180154301074035e-01 -4.373653201166950666e+00 1.378568243025077633e+00 4.666317349045304153e-01 -4.426164774345734187e+00 2.507860113644634126e+00
-7.670107313531622228e-01 -4.369368351498795100e+00 1.377725219866863693e+00 4.544576891768079552e-01 -4.417369640899135419e+00 2.501849221147727675e+00
-7.660949750614401976e-01 -4.365062779457022479e+00 1.376887351386665514e+00 4.421889688905926707e-01 -4.408393678252870096e+00 2.495817300452642939e+00
-7.651707410779575724e-01 -4.360736538529358164e+00 1.376055260936542401e+00 4.298281415974729014e-01 -4.399235667353706525e+00 2.489764446724252789e+00
-7.642380270695752209e-01 -4.356389681571346095e+00 1.375229538968889553e+00 4.173778296796067377e-01 -4.389894440270429854e+00 2.483690753791315764e+00
-7.632968337560104288e-01 -4.352022260816195143e+00 1.374410743922615641e+00 4.048407095386857835e-01 -4.380368881545873450e+00 2.477596314138406530e+00
-7.623471648190760508e-01 -4.347634327885312899e+00 1.373599403102198746e+00 3.922195107495413113e-01 -4.370657929538976028e+00 2.471481218898339272e+00
-7.613890268122504024e-01 -4.343225933799514493e+00 1.372796013549010041e+00 3.795170151778292089e-01 -4.360760577755510958e+00 2.465345557845097790e+00
-7.604224290706828038e-01 -4.338797128990901975e+00 1.372001042904319457e+00 3.667360560612196174e-01 -4.350675876166074652e+00 2.459189419387295406e+00
-7.594473836217292551e-01 -4.334347963315390295e+00 1.371214930263437104e+00 3.538795170535078416e-01 -4.340402932509844547e+00 2.453012890562177972e+00
-7.584639050961106133e-01 -4.329878486065867449e+00 1.370438087020473095e+00 3.409503312310531165e-01 -4.329940913582555950e+00 2.446816057030189562e+00
-7.574720106397808683e-01 -4.325388745985966565e+00 1.369670897703227697e+00 3.279514800609416580e-01 -4.319289046507022611e+00 2.440599003070118123e+00
-7.564717198265854536e-01 -4.320878791284449072e+00 1.368913720797759748e+00 3.148859923302610442e-01 -4.308446619984509951e+00 2.434361811574841994e+00
-7.554630545719986934e-01 -4.316348669651481451e+00 1.368166889562240085e+00 3.017569429670624581e-01 -4.297412985465911106e+00 2.428104564044636149e+00
-7.544460390475939970e-01 -4.311798428274158823e+00 1.367430712829659001e+00 2.885674518899699059e-01 -4.286187558356125749e+00 2.421827340584245203e+00
-7.534206995965222475e-01 -4.307228113852558771e+00 1.366705475799018021e+00 2.753206828170866594e-01 -4.274769819193439346e+00 2.415530219900614117e+00
-7.523870646500625536e-01 -4.302637772616328071e+00 1.365991440814662283e+00 2.620198420335588807e-01 -4.263159314801803212e+00 2.409213279301289923e+00
-7.513451646453044308e-01 -4.298027450341773026e+00 1.365288848133437094e+00 2.486681771171459499e-01 -4.251355659413739829e+00 2.402876594693518442e+00
-7.502950319440159221e-01 -4.293397192369432958e+00 1.364597916679377576e+00 2.352689756211485683e-01 -4.239358535761531321e+00 2.396520240584052441e+00
-7.492367007527473977e-01 -4.288747043622125332e+00 1.363918844785667828e+00 2.218255637140411629e-01 -4.227167696134180197e+00 2.390144290079689426e+00
-7.481702070442188823e-01 -4.284077048623443851e+00 1.363251810923624241e+00 2.083413047751596636e-01 -4.214782963397524895e+00 2.383748814888559497e+00
-7.470955884800323243e-01 -4.279387251516689084e+00 1.362596974418488260e+00 1.948195979457982840e-01 -4.202204231974747906e+00 2.377333885322179707e+00
-7.460128843347466621e-01 -4.274677696084211220e+00 1.361954476151831850e+00 1.812638766350818109e-01 -4.189431468784365009e+00 2.370899570298296677e+00
-7.449221354213518831e-01 -4.269948425767162270e+00 1.361324439250404694e+00 1.676776069799925661e-01 -4.176464714132650968e+00 2.364445937344530790e+00
-7.438233840181702750e-01 -4.265199483685633730e+00 1.360706969761271479e+00 1.540642862589544082e-01 -4.163304082557287344e+00 2.357973052602844177e+00
-7.427166737972141775e-01 -4.260430912659155744e+00 1.360102157313111348e+00 1.404274412584031184e-01 -4.149949763618888454e+00 2.351480980834848022e+00
-7.416020497540215528e-01 -4.255642755227568408e+00 1.359510075763570969e+00 1.267706265918122632e-01 -4.136402022636874065e+00 2.344969785427966080e+00
-7.404795581389909120e-01 -4.250835053672224362e+00 1.358930783832583478e+00 1.130974229706900314e-01 -4.122661201366046413e+00 2.338439528402470380e+00
-7.393492463902296974e-01 -4.246007850037533338e+00 1.358364325721587162e+00 9.941143542712405079e-02 -4.108727718610035495e+00 2.331890270419406441e+00
-7.382111630679304426e-01 -4.241161186152813123e+00 1.357810731718593900e+00 8.571629148752479832e-02 -4.094602070767651369e+00 2.325322070789420881e+00
-7.370653577902838149e-01 -4.236295103654461158e+00 1.357270018789082044e+00 7.201563929730891989e-02 -4.080284832308052501e+00 2.318734987482505616e+00
-7.359118811709326469e-01 -4.231409644008405913e+00 1.356742191152701560e+00 5.831314569637258138e-02 -4.065776656170480230e+00 2.312129077138672884e+00
-7.347507847579733964e-01 -4.226504848532851355e+00 1.356227240845801818e+00 4.461249424533542118e-02 -4.051078274084240149e+00 2.305504395079569502e+00
-7.335821209744998184e-01 -4.221580758421284330e+00 1.355725148269810054e+00 3.091738320268966334e-02 -4.036190496804493044e+00 2.298860995321041933e+00
-7.324059430606895127e-01 -4.216637414765735947e+00 1.355235882725506213e+00 1.723152345317169321e-02 -4.021114214259363884e+00 2.292198930586661021e+00
-7.312223050174229133e-01 -4.211674858580289893e+00 1.354759402933256585e+00 3.558636387879898777e-03 -4.005850395603859582e+00 2.285518252322210841e+00
-7.300312615514277237e-01 -4.206693130824810112e+00 1.354295657539289266e+00 -1.009754826309006148e-02 -3.990400089176084020e+00 2.278819010711145676e+00
-7.288328680219341438e-01 -4.201692272428872776e+00 1.353844585608109163e+00 -2.373329464444440262e-02 -3.974764422351305448e+00 2.272101254691016869e+00
-7.276271803888247902e-01 -4.196672324315895430e+00 1.353406117101166872e+00 -3.734486303455963885e-02 -3.958944601289558385e+00 2.265365031970870913e+00
-7.264142551622626565e-01 -4.191633327427414457e+00 1.352980173341916892e+00 -5.092851214769666957e-02 -3.942941910572635766e+00 2.258610389049608536e+00
-7.251941493537741312e-01 -4.186575322747517092e+00 1.352566667467410166e+00 -6.448050147743922267e-02 -3.926757712726582028e+00 2.251837371235305252e+00
-7.239669204287635385e-01 -4.181498351327360474e+00 1.352165504866588597e+00 -7.799709367879426036e-02 -3.910393447626163699e+00 2.245046022665474705e+00
-7.227326262604322205e-01 -4.176402454309785739e+00 1.351776583605460047e+00 -9.147455698590789552e-02 -3.893850631778194682e+00 2.238236386328267269e+00
-7.214913250850761850e-01 -4.171287672953949865e+00 1.351399794839349910e+00 -1.049091676618301161e-01 -3.877130857481155157e+00 2.231408504084578137e+00
-7.202430754587274553e-01 -4.166154048659953091e+00 1.351035023212437958e+00 -1.182972124762038391e-01 -3.860235791859166099e+00 2.224562416691049371e+00
-7.189879362151108122e-01 -4.161001622993415694e+00 1.350682147244804066e+00 -1.316349912061693939e-01 -3.843167175769118593e+00 2.217698163823933033e+00
-7.177259664248796245e-01 -4.155830437709932212e+00 1.350341039707217750e+00 -1.449188191551689098e-01 -3.825926822580616893e+00 2.210815784103783876e+00
-7.164572253560970161e-01 -4.150640534779360458e+00 1.350011567983919525e+00 -1.581450296837216829e-01 -3.808516616829338730e+00 2.203915315120948737e+00
-7.151817724359260664e-01 -4.145431956409871610e+00 1.349693594423650334e+00 -1.713099767456356393e-01 -3.790938512745440914e+00 2.196996793461806874e+00
-7.138996672134940713e-01 -4.140204745071698333e+00 1.349386976679197048e+00 -1.844100374225319250e-01 -3.773194532659785772e+00 2.190060254735717304e+00
-7.126109693238948939e-01 -4.134958943520499197e+00 1.349091568035725830e+00 -1.974416144490154235e-01 -3.755286765291902640e+00 2.183105733602621612e+00
-7.113157384532939886e-01 -4.129694594820271014e+00 1.348807217728184682e+00 -2.104011387203443828e-01 -3.737217363924829616e+00 2.176133263801247164e+00
-7.100140343051034586e-01 -4.124411742365724720e+00 1.348533771248059177e+00 -2.232850717740468838e-01 -3.718988544473179836e+00 2.169142878177852118e+00
-7.087059165671943939e-01 -4.119110429904045745e+00 1.348271070639765146e+00 -2.360899082366385571e-01 -3.700602583451953365e+00 2.162134608715446493e+00
-7.073914448801170707e-01 -4.113790701555963381e+00 1.348018954786967871e+00 -2.488121782264181014e-01 -3.682061815854731357e+00 2.155108486563427128e+00
-7.060706788063015882e-01 -4.108452601836039442e+00 1.347777259689109552e+00 -2.614484497032827370e-01 -3.663368632950890103e+00 2.148064542067554150e+00
-7.047436778002149627e-01 -4.103096175672118484e+00 1.347545818728428157e+00 -2.739953307566176388e-01 -3.644525480012355878e+00 2.141002804800200110e+00
-7.034105011794535844e-01 -4.097721468423856983e+00 1.347324462927743216e+00 -2.864494718225856218e-01 -3.625534853981099204e+00 2.133923303590798071e+00
-7.020712080967532742e-01 -4.092328525900272851e+00 1.347113021199277672e+00 -2.988075678225678988e-01 -3.606399301089101783e+00 2.126826066556418926e+00
-7.007258575129019507e-01 -4.086917394376267332e+00 1.346911320584777805e+00 -3.110663602150907092e-01 -3.587121414442797196e+00 2.119711121132399345e+00
-6.993745081705455835e-01 -4.081488120608056214e+00 1.346719186487181030e+00 -3.232226389542840472e-01 -3.567703831584067231e+00 2.112578494102957727e+00
-6.980172185688784392e-01 -4.076040751847498811e+00 1.346536442894074037e+00 -3.352732443487591585e-01 -3.548149232039726986e+00 2.105428211631719115e+00
-6.966540469392128454e-01 -4.070575335855275867e+00 1.346362912593171313e+00 -3.472150688157225051e-01 -3.528460334871065029e+00 2.098260299292090014e+00
-6.952850512214268086e-01 -4.065091920912917267e+00 1.346198417380030765e+00 -3.590450585261437677e-01 -3.508639896234438282e+00 2.091074782097412488e+00
-6.939102890412891522e-01 -4.059590555833669789e+00 1.346042778258215167e+00 -3.707602149378355083e-01 -3.488690706963214705e+00 2.083871684530840707e+00
-6.925298176886630630e-01 -4.054071289972210224e+00 1.345895815632092818e+00 -3.823575962143539453e-01 -3.468615590180469166e+00 2.076651030574882206e+00
-6.911436940965912656e-01 -4.048534173233222511e+00 1.345757349492462174e+00 -3.938343185286561354e-01 -3.448417398950891943e+00 2.069412843740551455e+00
-6.897519748212667112e-01 -4.042979256078858441e+00 1.345627199595172963e+00 -4.051875572514425095e-01 -3.428099013979311938e+00 2.062157147096089105e+00
-6.883547160228912221e-01 -4.037406589535118329e+00 1.345505185632907219e+00 -4.164145480250280862e-01 -3.407663341362185072e+00 2.054883963295202509e+00
-6.869519734474256456e-01 -4.031816225197191628e+00 1.345391127400273890e+00 -4.275125877244332351e-01 -3.387113310397304122e+00 2.047593314604790660e+00
-6.855438024092349591e-01 -4.026208215233788579e+00 1.345284844952361780e+00 -4.384790353081198244e-01 -3.366451871455963030e+00 2.040285222932121556e+00
-6.841302577746293245e-01 -4.020582612390531274e+00 1.345186158756891626e+00 -4.493113125614489611e-01 -3.345681993920782915e+00 2.032959709851431818e+00
-6.827113939463017589e-01 -4.014939469992427235e+00 1.345094889840095842e+00 -4.600069047364663266e-01 -3.324806664191497951e+00 2.025616796629924554e+00
-6.812872648486614224e-01 -4.009278841945508987e+00 1.345010859926455193e+00 -4.705633610920578747e-01 -3.303828883760130619e+00 2.018256504253149064e+00
-6.798579239140603026e-01 -4.003600782737666286e+00 1.344933891572413387e+00 -4.809782953388486160e-01 -3.282751667356225145e+00 2.010878853449741932e+00
-6.784234240699092977e-01 -3.997905347438738932e+00 1.344863808294187946e+00 -4.912493859934523588e-01 -3.261578041162146224e+00 2.003483864715523310e+00
-6.769838177266767065e-01 -3.992192591699915916e+00 1.344800434689793267e+00 -5.013743766468348184e-01 -3.240311041097854172e+00 1.996071558336934615e+00
-6.755391567667632380e-01 -3.986462571752500850e+00 1.344743596555389553e+00 -5.113510761516264491e-01 -3.218953711174091126e+00 1.988641954413818524e+00
-6.740894925342433286e-01 -3.980715344406081435e+00 1.344693120996068192e+00 -5.211773587332289015e-01 -3.197509101912508367e+00 1.981195072881534625e+00
-6.726348758254625526e-01 -3.974950967046160688e+00 1.344648836531187941e+00 -5.308511640295126011e-01 -3.175980268830931763e+00 1.973730933532412690e+00
-6.711753568804778025e-01 -3.969169497631290344e+00 1.344610573194368275e+00 -5.403704970638079086e-01 -3.154370270991725178e+00 1.966249556036546942e+00
-6.697109853753283604e-01 -3.963370994689752180e+00 1.344578162628252471e+00 -5.497334281557573199e-01 -3.132682169611008316e+00 1.958750959961934823e+00
-6.682418104151216509e-01 -3.957555517315824112e+00 1.344551438174151459e+00 -5.589380927744378447e-01 -3.110919026726369552e+00 1.951235164793967414e+00
-6.667678805279179111e-01 -3.951723125165671924e+00 1.344530234956677228e+00 -5.679826913379733000e-01 -3.089083903920619711e+00 1.943702189954279902e+00
-6.652892436593975667e-01 -3.945873878452903050e+00 1.344514389963477718e+00 -5.768654889636595229e-01 -3.067179861099096350e+00 1.936152054818969903e+00
-6.638059471682915547e-01 -3.940007837943808156e+00 1.344503742120187084e+00 -5.855848151724143413e-01 -3.045209955318028072e+00 1.928584778736194716e+00
-6.623180378225586029e-01 -3.934125064952333162e+00 1.344498132360700149e+00 -5.941390635511458740e-01 -3.023177239661481330e+00 1.921000381043159067e+00
-6.608255617962870421e-01 -3.928225621334794582e+00 1.344497403692887838e+00 -6.025266913764188992e-01 -3.001084762164456521e+00 1.913398881082504221e+00
-6.593285646673034961e-01 -3.922309569484379033e+00 1.344501401259864837e+00 -6.107462192025812087e-01 -2.978935564779779277e+00 1.905780298218111346e+00
-6.578270914154671356e-01 -3.916376972325437578e+00 1.344509972396925601e+00 -6.187962304173004746e-01 -2.956732682386485678e+00 1.898144651850332432e+00
-6.563211864216293989e-01 -3.910427893307608649e+00 1.344522966684263077e+00 -6.266753707672561013e-01 -2.934479141837517346e+00 1.890491961430661005e+00
-6.548108934672364212e-01 -3.904462396399781543e+00 1.344540235995585142e+00 -6.343823478565357998e-01 -2.912177961044606356e+00 1.882822246475855943e+00
-6.532962557345559640e-01 -3.898480546083917808e+00 1.344561634542746020e+00 -6.419159306200918902e-01 -2.889832148098354203e+00 1.875135526581533707e+00
-6.517773158075046425e-01 -3.892482407348759388e+00 1.344587018916507226e+00 -6.492749487744384762e-01 -2.867444700421605042e+00 1.867431821435240114e+00
-6.502541156730559102e-01 -3.886468045683421746e+00 1.344616248123544855e+00 -6.564582922475963311e-01 -2.845018603954305725e+00 1.859711150829016724e+00
-6.487266967232063752e-01 -3.880437527070903059e+00 1.344649183619818889e+00 -6.634649105901335719e-01 -2.822556832368166901e+00 1.851973534671474297e+00
-6.471950997574802411e-01 -3.874390917981511251e+00 1.344685689340421542e+00 -6.702938123690012073e-01 -2.800062346309528216e+00 1.844218992999388185e+00
-6.456593649859505568e-01 -3.868328285366221753e+00 1.344725631726019000e+00 -6.769440645457205363e-01 -2.777538092668935921e+00 1.836447545988827645e+00
-6.441195320327541829e-01 -3.862249696649988628e+00 1.344768879746002455e+00 -6.834147918403488120e-01 -2.754987003876030904e+00 1.828659213965831309e+00
-6.425756399400835983e-01 -3.856155219724999750e+00 1.344815304918463017e+00 -6.897051760825310129e-01 -2.732411997218454847e+00 1.820854017416644099e+00
-6.410277271726316783e-01 -3.850044922943906212e+00 1.344864781327105074e+00 -6.958144555508289919e-01 -2.709815974183547027e+00 1.813031976997525829e+00
-6.394758316224704586e-01 -3.843918875113017553e+00 1.344917185635210233e+00 -7.017419243014189068e-01 -2.687201819821712245e+00 1.805193113544144579e+00
-6.379199906143434573e-01 -3.837777145485481434e+00 1.344972397096764416e+00 -7.074869314871503612e-01 -2.664572402130411355e+00 1.797337448080567723e+00
-6.363602409113536806e-01 -3.831619803754449993e+00 1.345030297564860700e+00 -7.130488806678720870e-01 -2.641930571457799193e+00 1.789465001827860169e+00
-6.347966187210246636e-01 -3.825446920046243537e+00 1.345090771497486015e+00 -7.184272291128492860e-01 -2.619279159925121725e+00 1.781575796212303997e+00
-6.332291597017187801e-01 -3.819258564913511567e+00 1.345153705960802082e+00 -7.236214870960231416e-01 -2.596620980867035300e+00 1.773669852873248409e+00
-6.316578989693926172e-01 -3.813054809328406236e+00 1.345218990630027589e+00 -7.286312171847941777e-01 -2.573958828289092615e+00 1.765747193670602400e+00
-6.300828711046713160e-01 -3.806835724675764254e+00 1.345286517788028435e+00 -7.334560335229500794e-01 -2.551295476341689739e+00 1.757807840691979262e+00
-6.285041101602251157e-01 -3.800601382746306101e+00 1.345356182321719052e+00 -7.380956011083013024e-01 -2.528633678809832475e+00 1.749851816259504700e+00
-6.269216496684288931e-01 -3.794351855729862777e+00 1.345427881716380281e+00 -7.425496350655358402e-01 -2.505976168618131439e+00 1.741879142936298086e+00
-6.253355226492902652e-01 -3.788087216208622987e+00 1.345501516047992618e+00 -7.468178999147596642e-01 -2.483325657350486271e+00 1.733889843532635311e+00
-6.237457616186274922e-01 -3.781807537150412735e+00 1.345576987973687411e+00 -7.509002088361433902e-01 -2.460684834783967823e+00 1.725883941111804321e+00
-6.221523985964823034e-01 -3.775512891902011336e+00 1.345654202720411918e+00 -7.547964229310606399e-01 -2.438056368436448906e+00 1.717861458995662449e+00
-6.205554651157523249e-01 -3.769203354182502075e+00 1.345733068071904404e+00 -7.585064504800667073e-01 -2.415442903127579921e+00 1.709822420769902207e+00
-6.189549922310262353e-01 -3.762878998076665482e+00 1.345813494354075601e+00 -7.620302461980357212e-01 -2.392847060552739880e+00 1.701766850289037070e+00
-6.173510105276101001e-01 -3.756539898028414814e+00 1.345895394418886282e+00 -7.653678104867451815e-01 -2.370271438869627989e+00 1.693694771681113931e+00
-6.157435501307270131e-01 -3.750186128834279931e+00 1.345978683626813277e+00 -7.685191886851734377e-01 -2.347718612297204466e+00 1.685606209352159990e+00
-6.141326407148790523e-01 -3.743817765636938688e+00 1.346063279827992121e+00 -7.714844703177512475e-01 -2.325191130726705691e+00 1.677501187990373621e+00
-6.125183115133568945e-01 -3.737434883918798523e+00 1.346149103342121567e+00 -7.742637883407885724e-01 -2.302691519344500559e+00 1.669379732570064112e+00
-6.109005913278846567e-01 -3.731037559495636202e+00 1.346236076937216364e+00 -7.768573183872822252e-01 -2.280222278266572644e+00 1.661241868355351148e+00
-6.092795085383877485e-01 -3.724625868510285098e+00 1.346324125807289107e+00 -7.792652780102908849e-01 -2.257785882184445647e+00 1.653087620903627375e+00
-6.076550911128710819e-01 -3.718199887426388184e+00 1.346413177549041995e+00 -7.814879259250522292e-01 -2.235384780022385609e+00 1.644917016068794036e+00
-6.060273666173966456e-01 -3.711759693022203876e+00 1.346503162137646870e+00 -7.835255612500056088e-01 -2.213021394605736880e+00 1.636730080004275001e+00
-6.043963622261506741e-01 -3.705305362384473167e+00 1.346594011901689703e+00 -7.853785227468692565e-01 -2.190698122340273724e+00 1.628526839165815199e+00
-6.027621047315867564e-01 -3.698836972902352027e+00 1.346685661497353470e+00 -7.870471880599188008e-01 -2.168417332902461414e+00 1.620307320314070987e+00
-6.011246205546376675e-01 -3.692354602261401553e+00 1.346778047881911133e+00 -7.885319729545983147e-01 -2.146181368940537126e+00 1.612071550516997354e+00
-5.994839357549854864e-01 -3.685858328437644715e+00 1.346871110286599116e+00 -7.898333305555951256e-01 -2.123992545786342667e+00 1.603819557152039277e+00
-5.978400760413792314e-01 -3.679348229691688843e+00 1.346964790188938110e+00 -7.909517505845009566e-01 -2.101853151177851764e+00 1.595551367908131235e+00
-5.961930667819939078e-01 -3.672824384562912492e+00 1.347059031284567832e+00 -7.918877585971793032e-01 -2.079765444992343504e+00 1.587267010787511978e+00
-5.945429330148195302e-01 -3.666286871863718044e+00 1.347153779458658995e+00 -7.926419152209540631e-01 -2.057731658990193502e+00 1.578966514107358554e+00
-5.928896994316861235e-01 -3.659735770494398910e+00 1.347248982744684076e+00 -7.932148152272187058e-01 -2.035754016027129687e+00 1.570649906502018522e+00
-5.912333903890969466e-01 -3.653171159440335991e+00 1.347344591283020865e+00 -7.936070874150946697e-01 -2.013834729483374275e+00 1.562317216925199537e+00
-5.895740299189742295e-01 -3.646593117769214132e+00 1.347440557279445006e+00 -7.938193944843423555e-01 -1.991976002693272019e+00 1.553968474652115850e+00
-5.879116417393122074e-01 -3.640001724628270097e+00 1.347536834963570573e+00 -7.938524328974871924e-01 -1.970180028375620118e+00 1.545603709281591742e+00
-5.862462492647302348e-01 -3.633397059241556981e+00 1.347633380547289095e+00 -7.937069327311276901e-01 -1.948448988064917398e+00 1.537222950738121874e+00
-5.845778756169217605e-01 -3.626779200907249034e+00 1.347730152183262531e+00 -7.933836575163955018e-01 -1.926785051543755234e+00 1.528826229273887005e+00
-5.829065436349922802e-01 -3.620148228994964690e+00 1.347827109923517064e+00 -7.928834040685466267e-01 -1.905190376276571396e+00 1.520413575470726864e+00
-5.812322758856837135e-01 -3.613504222943130006e+00 1.347924215678185877e+00 -7.922070023056613230e-01 -1.883667106844991501e+00 1.511985020242066602e+00
-5.795550946734786546e-01 -3.606847262256367870e+00 1.348021433174448225e+00 -7.913553150564407446e-01 -1.862217374384983692e+00 1.503540594834799959e+00
-5.778750220505822766e-01 -3.600177426502924050e+00 1.348118727915705417e+00 -7.903292378570885290e-01 -1.840843296026054787e+00 1.495080330831126902e+00
-5.761920798267776700e-01 -3.593494795312125678e+00 1.348216067141037700e+00 -7.891296987372740102e-01 -1.819546974332718392e+00 1.486604260150345524e+00
-5.745062895791509527e-01 -3.586799448371877919e+00 1.348313419784981315e+00 -7.877576579951766078e-01 -1.798330496748465013e+00 1.478112415050598205e+00
-5.728176726616832637e-01 -3.580091465426192165e+00 1.348410756437661950e+00 -7.862141079616169481e-01 -1.777195935042463759e+00 1.469604828130572916e+00
-5.711262502147087528e-01 -3.573370926272755099e+00 1.348508049305322976e+00 -7.845000727532838170e-01 -1.756145344759234117e+00 1.461081532331156563e+00
-5.694320431742334598e-01 -3.566637910760532826e+00 1.348605272171280678e+00 -7.826166080150747106e-01 -1.735180764671518272e+00 1.452542560937043481e+00
-5.677350722811160821e-01 -3.559892498787413651e+00 1.348702400357340681e+00 -7.805648006515688575e-01 -1.714304216236593348e+00 1.443987947578296183e+00
-5.660353580901069659e-01 -3.553134770297888601e+00 1.348799410685705302e+00 -7.783457685476589116e-01 -1.693517703056256263e+00 1.435417726231859925e+00
-5.643329209787456557e-01 -3.546364805280769694e+00 1.348896281441400946e+00 -7.759606602783744034e-01 -1.672823210340721012e+00 1.426831931223029759e+00
-5.626277811561137820e-01 -3.539582683766949955e+00 1.348992992335254382e+00 -7.734106548079318078e-01 -1.652222704376667739e+00 1.418230597226870504e+00
-5.609199586714460617e-01 -3.532788485827197622e+00 1.349089524467442569e+00 -7.706969611780549734e-01 -1.631718131999678967e+00 1.409613759269589650e+00
-5.592094734225950825e-01 -3.525982291569994320e+00 1.349185860291640671e+00 -7.678208181856140957e-01 -1.611311420071305456e+00 1.400981452729861632e+00
-5.574963451643533130e-01 -3.519164181139407432e+00 1.349281983579792454e+00 -7.647834940496349709e-01 -1.591004474960999726e+00 1.392333713340105916e+00
-5.557805935166293398e-01 -3.512334234713005543e+00 1.349377879387523294e+00 -7.615862860677407031e-01 -1.570799182033157937e+00 1.383670577187715578e+00
-5.540622379724818858e-01 -3.505492532499808966e+00 1.349473534020216636e+00 -7.582305202620882589e-01 -1.550697405139509932e+00 1.374992080716239240e+00
-5.523412979060089434e-01 -3.498639154738280688e+00 1.349568934999772818e+00 -7.547175510148724786e-01 -1.530700986117096374e+00 1.366298260726514169e+00
-5.506177925800953554e-01 -3.491774181694355939e+00 1.349664071032066204e+00 -7.510487606934734828e-01 -1.510811744292074543e+00 1.357589154377751406e+00
-5.488917411540195079e-01 -3.484897693659507745e+00 1.349758931975119980e+00 -7.472255592653291867e-01 -1.491031475989590405e+00 1.348864799188572716e+00
-5.471631626909190249e-01 -3.478009770948853330e+00 1.349853508808009916e+00 -7.432493839026235172e-01 -1.471361954049958509e+00 1.340125233037999797e+00
-5.454320761651190175e-01 -3.471110493899290717e+00 1.349947793600513091e+00 -7.391216985768822578e-01 -1.451804927351385555e+00 1.331370494166393526e+00
-5.436985004693228873e-01 -3.464199942867682402e+00 1.350041779483512894e+00 -7.348439936435786635e-01 -1.432362120339476075e+00 1.322600621176346580e+00
-5.419624544216687934e-01 -3.457278198229062127e+00 1.350135460620172534e+00 -7.304177854168540929e-01 -1.413035232563759624e+00 1.313815653033527209e+00
-5.402239567726530023e-01 -3.450345340374890490e+00 1.350228832177886584e+00 -7.258446157344669025e-01 -1.393825938221471716e+00 1.305015629067473926e+00
-5.384830262119238986e-01 -3.443401449711332774e+00 1.350321890301019900e+00 -7.211260515130875071e-01 -1.374735885708824767e+00 1.296200588972342249e+00
-5.367396813749465423e-01 -3.436446606657581171e+00 1.350414632084441235e+00 -7.162636842940646176e-01 -1.355766697180004865e+00 1.287370572807603697e+00
-5.349939408495427706e-01 -3.429480891644201446e+00 1.350507055547859991e+00 -7.112591297797927758e-01 -1.336919968114120838e+00 1.278525620998695489e+00
-5.332458231823087313e-01 -3.422504385111520442e+00 1.350599159610970768e+00 -7.061140273608192963e-01 -1.318197266890342334e+00 1.269665774337622954e+00
-5.314953468849129559e-01 -3.415517167508038021e+00 1.350690944069411259e+00 -7.008300396338318361e-01 -1.299600134371449833e+00 1.260791073983513089e+00
-5.297425304117924227e-01 -3.408519319104077461e+00 1.350782409559660557e+00 -6.954088575203791756e-01 -1.281130101073488348e+00 1.251901561465872614e+00
-5.279873921657622926e-01 -3.401510919988066650e+00 1.350873557524665980e+00 -6.898522004189624468e-01 -1.262788686651692860e+00 1.242997278687916429e+00
-5.262299505034251368e-01 -3.394492050062861921e+00 1.350964390180201313e+00 -6.841618163485991833e-01 -1.244577399374176441e+00 1.234078267929966000e+00
-5.244702237403859879e-01 -3.387462789042126943e+00 1.351054910481962468e+00 -6.783394820833759109e-01 -1.226497735583404580e+00 1.225144571852915254e+00
-5.227082301562713251e-01 -3.380423216446761359e+00 1.351145122093405426e+00 -6.723870032774976746e-01 -1.208551179145499255e+00 1.216196233501763535e+00
-5.209439879995585443e-01 -3.373373411601376048e+00 1.351235029354327377e+00 -6.663062145803373415e-01 -1.190739200887432236e+00 1.207233296309215387e+00
-5.191775154922155799e-01 -3.366313453630819907e+00 1.351324637250196581e+00 -6.600989797409839710e-01 -1.173063258022181810e+00 1.198255804099343180e+00
-5.174088308341540099e-01 -3.359243421456759471e+00 1.351413951382229861e+00 -6.537671917017822132e-01 -1.155524793561945263e+00 1.189263801091313910e+00
-5.156379522074998611e-01 -3.352163393794305613e+00 1.351502977938221273e+00 -6.473127726803515891e-01 -1.138125235719518180e+00 1.180257331903176166e+00
-5.138648977806836715e-01 -3.345073449148690869e+00 1.351591723664121947e+00 -6.407376742395727298e-01 -1.120865997297966654e+00 1.171236441555708163e+00
-5.120896857123522494e-01 -3.337973665812000501e+00 1.351680195836370890e+00 -6.340438773450216559e-01 -1.103748475068740298e+00 1.162201175476322845e+00
-5.103123341551083492e-01 -3.330864121859950622e+00 1.351768402234977406e+00 -6.272333924093320690e-01 -1.086774049138388154e+00 1.153151579503029156e+00
-5.085328612590771513e-01 -3.323744895148720069e+00 1.351856351117352473e+00 -6.203082593229645170e-01 -1.069944082304064015e+00 1.144087699888447940e+00
-5.067512851753079861e-01 -3.316616063311828455e+00 1.351944051192890406e+00 -6.132705474708586291e-01 -1.053259919398020106e+00 1.135009583303880021e+00
-5.049676240590093013e-01 -3.309477703757071509e+00 1.352031511598296598e+00 -6.061223557344446178e-01 -1.036722886621315176e+00 1.125917276843424464e+00
-5.031818960726250900e-01 -3.302329893663503491e+00 1.352118741873660879e+00 -5.988658124784904668e-01 -1.020334290866977689e+00 1.116810828028144797e+00
-5.013941193887541115e-01 -3.295172709978467562e+00 1.352205751939272727e+00 -5.915030755222625558e-01 -1.004095419032884795e+00 1.107690284810281423e+00
-4.996043121929159003e-01 -3.288006229414684789e+00 1.352292552073176113e+00 -5.840363320944761405e-01 -9.880075373246430814e-01 1.098555695577506652e+00
-4.978124926861671184e-01 -3.280830528447386207e+00 1.352379152889460423e+00 -5.764677987715192131e-01 -9.720718905487726325e-01 1.089407109157221276e+00
-4.960186790875732998e-01 -3.273645683311501742e+00 1.352465565317284790e+00 -5.687997213984303801e-01 -9.562897013965168114e-01 1.080244574820889758e+00
-4.942228896365385427e-01 -3.266451769998895749e+00 1.352551800580629404e+00 -5.610343749921209433e-01 -9.406621697186272613e-01 1.071068142288410519e+00
-4.924251425949977001e-01 -3.259248864255655853e+00 1.352637870178773349e+00 -5.531740636263300370e-01 -9.251904717914856136e-01 1.061877861732519968e+00
-4.906254562494752336e-01 -3.252037041579431964e+00 1.352723785867490980e+00 -5.452211202978127780e-01 -9.098757595749553673e-01 1.052673783783226069e+00
-4.888238489130145581e-01 -3.244816377216826808e+00 1.352809559640964165e+00 -5.371779067732613822e-01 -8.947191599623667280e-01 1.043455959532270105e+00
-4.870203389269819882e-01 -3.237586946160834867e+00 1.352895203714405303e+00 -5.290468134164714176e-01 -8.797217740230682814e-01 1.034224440537611978e+00
-4.852149446627496698e-01 -3.230348823148335491e+00 1.352980730507384877e+00 -5.208302589952700234e-01 -8.648846762379966968e-01 1.024979278827937490e+00
-4.834076845232616604e-01 -3.223102082657634870e+00 1.353066152627860008e+00 -5.125306904677300324e-01 -8.502089137287378584e-01 1.015720526907182952e+00
-4.815985769444869891e-01 -3.215846798906056847e+00 1.353151482856896681e+00 -5.041505827472090306e-01 -8.356955054805719207e-01 1.006448237759075326e+00
-4.797876403967646364e-01 -3.208583045847589688e+00 1.353236734134080743e+00 -4.956924384457546129e-01 -8.213454415600214276e-01 9.971624648516825840e-01
-4.779748933860442639e-01 -3.201310897170575043e+00 1.353321919543612584e+00 -4.871587875954357383e-01 -8.071596823274380661e-01 9.878632621419733972e-01
-4.761603544550271905e-01 -3.194030426295457303e+00 1.353407052301077940e+00 -4.785521873471654253e-01 -7.931391576451853886e-01 9.785506840803807060e-01
-4.743440421842118337e-01 -3.186741706372574257e+00 1.353492145740889940e+00 -4.698752216465988951e-01 -7.792847660819992583e-01 9.692247856153655139e-01
-4.725259751928483354e-01 -3.179444810280003253e+00 1.353577213304396398e+00 -4.611305008866979360e-01 -7.655973741141233191e-01 9.598856221979786829e-01
-4.707061721398061449e-01 -3.172139810621456668e+00 1.353662268528643908e+00 -4.523206615365737981e-01 -7.520778153238416586e-01 9.505332497864154018e-01
-4.688846517243596690e-01 -3.164826779724224437e+00 1.353747325035795868e+00 -4.434483657462306994e-01 -7.387268895960481530e-01 9.411677248505593285e-01
-4.670614326868958166e-01 -3.157505789637171212e+00 1.353832396523193982e+00 -4.345163009268504517e-01 -7.255453623135146302e-01 9.317891043765118564e-01
-4.652365338095481584e-01 -3.150176912128777929e+00 1.353917496754059702e+00 -4.255271793062758157e-01 -7.125339635515341996e-01 9.223974458711032831e-01
-4.634099739167620857e-01 -3.142840218685239329e+00 1.354002639548827380e+00 -4.164837374593672870e-01 -6.996933872726440740e-01 9.129928073663807764e-01
-4.615817718757953547e-01 -3.135495780508603225e+00 1.354087838777102482e+00 -4.073887358129257841e-01 -6.870242905221415342e-01 9.035752474240699161e-01
-4.597519465971584562e-01 -3.128143668514964837e+00 1.354173108350239074e+00 -3.982449581248965753e-01 -6.745272926251306700e-01 8.941448251400048175e-01
-4.579205170349990861e-01 -3.120783953332708194e+00 1.354258462214528391e+00 -3.890552109375844392e-01 -6.622029743858535156e-01 8.847016001485226155e-01
-4.560875021874354895e-01 -3.113416705300798171e+00 1.354343914344992461e+00 -3.798223230046362531e-01 -6.500518772900774067e-01 8.752456326268187592e-01
-4.542529210968426212e-01 -3.106041994467114264e+00 1.354429478739775261e+00 -3.705491446915654130e-01 -6.380745027113263745e-01 8.657769832992572301e-01
-4.524167928500960612e-01 -3.098659890586844767e+00 1.354515169415124731e+00 -3.612385473496160238e-01 -6.262713111217559359e-01 8.562957134416323557e-01
-4.505791365787774616e-01 -3.091270463120916023e+00 1.354601000400958544e+00 -3.518934226627890016e-01 -6.146427213084972863e-01 8.468018848853773317e-01
-4.487399714593464650e-01 -3.083873781234480305e+00 1.354686985737006966e+00 -3.425166819678744368e-01 -6.031891095962995664e-01 8.372955600217143468e-01
-4.468993167132831457e-01 -3.076469913795444988e+00 1.354773139469524157e+00 -3.331112555473600967e-01 -5.919108090773166353e-01 8.277768018057424237e-01
-4.450571916072052492e-01 -3.069058929373050582e+00 1.354859475648562572e+00 -3.236800918951099337e-01 -5.808081088489078780e-01 8.182456737604575370e-01
-4.432136154529648375e-01 -3.061640896236496712e+00 1.354946008325802476e+00 -3.142261569547346589e-01 -5.698812532603145797e-01 8.087022399807006767e-01
-4.413686076077282805e-01 -3.054215882353615186e+00 1.355032751552928572e+00 -3.047524333305990929e-01 -5.591304411691035980e-01 7.991465651370290857e-01
-4.395221874740443679e-01 -3.046783955389588350e+00 1.355119719380547982e+00 -2.952619194714423134e-01 -5.485558252082771702e-01 7.895787144795051171e-01
-4.376743744999040953e-01 -3.039345182705711412e+00 1.355206925857641131e+00 -2.857576288266088227e-01 -5.381575110649450266e-01 7.799987538413991617e-01
-4.358251881787970627e-01 -3.031899631358206726e+00 1.355294385031538207e+00 -2.762425889749238195e-01 -5.279355567714825170e-01 7.704067496428003148e-01
-4.339746480497679304e-01 -3.024447368097077593e+00 1.355382110948414320e+00 -2.667198407262663107e-01 -5.178899720100913484e-01 7.608027688941310096e-01
-4.321227736974779243e-01 -3.016988459365007813e+00 1.355470117654295370e+00 -2.571924371959271038e-01 -5.080207174316981877e-01 7.511868791995597316e-01
-4.302695847522747807e-01 -3.009522971296310079e+00 1.355558419196567721e+00 -2.476634428518698083e-01 -4.983277039901254923e-01 7.415591487603074849e-01
-4.284151008902755131e-01 -3.002050969715911677e+00 1.355647029625983269e+00 -2.381359325350362877e-01 -4.888107922924742610e-01 7.319196463778427919e-01
-4.265593418334660547e-01 -2.994572520138389038e+00 1.355735962999152333e+00 -2.286129904528733103e-01 -4.794697919666672803e-01 7.222684414569602307e-01
-4.247023273498219398e-01 -2.987087687767045807e+00 1.355825233381518391e+00 -2.190977091462862347e-01 -4.703044610470996645e-01 7.126056040087379584e-01
-4.228440772534533543e-01 -2.979596537493027775e+00 1.355914854850803986e+00 -2.095931884302530968e-01 -4.613145053793550332e-01 7.029312046533682246e-01
-4.209846114047792742e-01 -2.972099133894485323e+00 1.356004841500922264e+00 -2.001025343083673302e-01 -4.524995780449305727e-01 6.932453146228568786e-01
-4.191239497107340228e-01 -2.964595541235776288e+00 1.356095207446345263e+00 -1.906288578616062157e-01 -4.438592788069311013e-01 6.835480057635869855e-01
-4.172621121250102982e-01 -2.957085823466709229e+00 1.356185966826921607e+00 -1.811752741116507970e-01 -4.353931535776842665e-01 6.738393505387401117e-01
-4.153991186483422804e-01 -2.949570044221826670e+00 1.356277133813134084e+00 -1.717449008591189763e-01 -4.271006939092227839e-01 6.641194220305725038e-01
-4.135349893288325918e-01 -2.942048266819728752e+00 1.356368722611790423e+00 -1.623408574971010321e-01 -4.189813365075876206e-01 6.543882939425396117e-01
-4.116697442623268866e-01 -2.934520554262436853e+00 1.356460747472138184e+00 -1.529662638004194442e-01 -4.110344627718927057e-01 6.446460406012648470e-01
-4.098034035928395657e-01 -2.926986969234794955e+00 1.356553222692395533e+00 -1.436242386910666635e-01 -4.032593983590890829e-01 6.348927369583475810e-01
-4.079359875130339486e-01 -2.919447574103909204e+00 1.356646162626689689e+00 -1.343178989803042178e-01 -3.956554127753673100e-01 6.251284585920053871e-01
-4.060675162647608416e-01 -2.911902430918624773e+00 1.356739581692393060e+00 -1.250503580879414045e-01 -3.882217189951182590e-01 6.153532817085461959e-01
-4.041980101396586145e-01 -2.904351601409039141e+00 1.356833494377850169e+00 -1.158247247393369150e-01 -3.809574731083733568e-01 6.055672831436655912e-01
-4.023274894798180013e-01 -2.896795146986051783e+00 1.356927915250484951e+00 -1.066441016407055908e-01 -3.738617739976346499e-01 5.957705403635641384e-01
-4.004559746785151808e-01 -2.889233128740946732e+00 1.357022858965279966e+00 -9.751158413333749220e-02 -3.669336630449899772e-01 5.859631314658808598e-01
-3.985834861810164109e-01 -2.881665607445015098e+00 1.357118340273617552e+00 -8.843025882737198806e-02 -3.601721238704058692e-01 5.761451351804377508e-01
-3.967100444854568253e-01 -2.874092643549205128e+00 1.357214374032474691e+00 -7.940320221579721949e-02 -3.535760821020721423e-01 5.663166308697915596e-01
-3.948356701437971683e-01 -2.866514297183807791e+00 1.357310975213960491e+00 -7.043347926937759684e-02 -3.471444051796597208e-01 5.564776985295878386e-01
-3.929603837628607432e-01 -2.858930628158174336e+00 1.357408158915187846e+00 -6.152414201324296616e-02 -3.408759021913425613e-01 5.466284187887133772e-01
-3.910842060054541269e-01 -2.851341695960465827e+00 1.357505940368467501e+00 -5.267822808590361117e-02 -3.347693237454185677e-01 5.367688729092429112e-01
-3.892071575915739268e-01 -2.843747559757432430e+00 1.357604334951816760e+00 -4.389875928148467832e-02 -3.288233618773421796e-01 5.268991427861756671e-01
-3.873292592997025219e-01 -2.836148278394220679e+00 1.357703358199769728e+00 -3.518874007600536480e-02 -3.230366499929786528e-01 5.170193109469580772e-01
-3.854505319681956754e-01 -2.828543910394213157e+00 1.357803025814479758e+00 -2.655115613855696388e-02 -3.174077628488518599e-01 5.071294605507887798e-01
-3.835709964967639607e-01 -2.820934513958891721e+00 1.357903353677103464e+00 -1.798897282826361632e-02 -3.119352165701556601e-01 4.972296753877020747e-01
-3.816906738480511097e-01 -2.813320146967733137e+00 1.358004357859454059e+00 -9.505133677938260028e-03 -3.066174687072749094e-01 4.873200398774261144e-01
-3.798095850493112824e-01 -2.805700866978124708e+00 1.358106054635913162e+00 -1.102558865378688857e-03 -3.014529183315302063e-01 4.774006390680124445e-01
-3.779277511941874224e-01 -2.798076731225310088e+00 1.358208460495589520e+00 7.215856326725611503e-03 -2.964399061708560268e-01 4.674715586342333973e-01
-3.760451934445931954e-01 -2.790447796622356424e+00 1.358311592154711755e+00 1.544724306127598368e-02 -2.915767147860846009e-01 4.575328848757442279e-01
-3.741619330327002890e-01 -2.782814119760147697e+00 1.358415466569243391e+00 2.358876050660729806e-02 -2.868615687884927823e-01 4.475847047150068314e-01
-3.722779912630330701e-01 -2.775175756907397151e+00 1.358520100947708364e+00 3.163759740463556458e-02 -2.822926350992354116e-01 4.376271056949717631e-01
-3.703933895146725996e-01 -2.767532764010685042e+00 1.358625512764211729e+00 3.959097364622465864e-02 -2.778680232512771298e-01 4.276601759765162325e-01
-3.685081492435711148e-01 -2.759885196694514597e+00 1.358731719771645086e+00 4.744614185266315953e-02 -2.735857857343892974e-01 4.176840043356351284e-01
-3.666222919849798645e-01 -2.752233110261388394e+00 1.358838740015060553e+00 5.520038896211310053e-02 -2.694439183837653573e-01 4.076986801603824095e-01
-3.647358393559898548e-01 -2.744576559691904727e+00 1.358946591845201501e+00 6.285103781986711713e-02 -2.654403608127751113e-01 3.977042934475609748e-01
-3.628488130581889459e-01 -2.736915599644870856e+00 1.359055293932173170e+00 7.039544877122660971e-02 -2.615729968903393043e-01 3.877009347991582366e-01
-3.609612348804348558e-01 -2.729250284457432674e+00 1.359164865279241408e+00 7.783102125578467145e-02 -2.578396552633934746e-01 3.776886954185259548e-01
-3.590731267017459594e-01 -2.721580668145223036e+00 1.359275325236742216e+00 8.515519540187799219e-02 -2.542381099248576248e-01 3.676676671063021651e-01
-3.571845104943106586e-01 -2.713906804402523409e+00 1.359386693516087208e+00 9.236545361994441539e-02 -2.507660808275122832e-01 3.576379422560735377e-01
-3.552954083266163243e-01 -2.706228746602441060e+00 1.359498990203849234e+00 9.945932219350261949e-02 -2.474212345441335614e-01 3.475996138497771115e-01
-3.534058423666982529e-01 -2.698546547797099571e+00 1.359612235775911948e+00 1.064343728664476352e-01 -2.442011849742184992e-01 3.375527754528396263e-01
-3.515158348855087489e-01 -2.690860260717840902e+00 1.359726451111666012e+00 1.132882244253342607e-01 -2.411034940975813612e-01 3.274975212090538990e-01
-3.496254082604081104e-01 -2.683169937775441660e+00 1.359841657508234603e+00 1.200185442753004539e-01 -2.381256727750793445e-01 3.174339458351908561e-01
-3.477345849787759624e-01 -2.675475631060339587e+00 1.359957876694712464e+00 1.266230500082639043e-01 -2.352651815966746440e-01 3.073621446153471659e-01
-3.458433876417441599e-01 -2.667777392342869813e+00 1.360075130846397196e+00 1.330995109620071171e-01 -2.325194317770113983e-01 2.972822133950274726e-01
-3.439518389680510380e-01 -2.660075273073510882e+00 1.360193442598997215e+00 1.394457497687472403e-01 -2.298857860986425194e-01 2.871942485749616747e-01
-3.420599617980162321e-01 -2.652369324383140547e+00 1.360312835062794878e+00 1.456596438917726610e-01 -2.273615599029943368e-01 2.770983471046565283e-01
-3.401677790976361804e-01 -2.644659597083299118e+00 1.360433331836746973e+00 1.517391271487135151e-01 -2.249440221291303388e-01 2.669946064756823501e-01
-3.382753139627993066e-01 -2.636946141666459908e+00 1.360554957022501954e+00 1.576821912199988240e-01 -2.226303964003140123e-01 2.568831247146950991e-01
-3.363825896236206647e-01 -2.629229008306306348e+00 1.360677735238312591e+00 1.634868871410412039e-01 -2.204178621583468001e-01 2.467640003761946144e-01
-3.344896294488942656e-01 -2.621508246858017532e+00 1.360801691632824273e+00 1.691513267766795447e-01 -2.183035558455959091e-01 2.366373325350196732e-01
-3.325964569506624224e-01 -2.613783906858556438e+00 1.360926851898715428e+00 1.746736842764010644e-01 -2.162845721345947325e-01 2.265032207785814822e-01
-3.307030957889010025e-01 -2.606056037526965241e+00 1.361053242286170528e+00 1.800521975088535953e-01 -2.143579652050462414e-01 2.163617651988366530e-01
-3.288095697763186998e-01 -2.598324687764663299e+00 1.361180889616160350e+00 1.852851694741558530e-01 -2.125207500680161843e-01 2.062130663840014699e-01
-3.269159028832683278e-01 -2.590589906155751798e+00 1.361309821293507083e+00 1.903709696925071082e-01 -2.107699039370523053e-01 1.960572254100093337e-01
-3.250221192427689143e-01 -2.582851740967321064e+00 1.361440065319712067e+00 1.953080355675950175e-01 -2.091023676459302649e-01 1.858943438317135766e-01
-3.231282431556361523e-01 -2.575110240149759644e+00 1.361571650305518189e+00 2.000948737232957075e-01 -2.075150471126647744e-01 1.757245236738379512e-01
-3.212342990957181010e-01 -2.567365451337069615e+00 1.361704605483186281e+00 2.047300613121665336e-01 -2.060048148493809350e-01 1.655478674216775414e-01
-3.193403117152350257e-01 -2.559617421847181440e+00 1.361838960718455560e+00 2.092122472942278266e-01 -2.045685115176034685e-01 1.553644780115529811e-01
-3.174463058502194901e-01 -2.551866198682274156e+00 1.361974746522165214e+00 2.135401536845358272e-01 -2.032029475284513609e-01 1.451744588210211739e-01
-3.155523065260537052e-01 -2.544111828529096009e+00 1.362111994061508735e+00 2.177125767680561097e-01 -2.019049046872014586e-01 1.349779136588457329e-01
-3.136583389631016905e-01 -2.536354357759289524e+00 1.362250735170893678e+00 2.217283882803489092e-01 -2.006711378816170566e-01 1.247749467547312335e-01
-3.117644285824315853e-01 -2.528593832429716581e+00 1.362391002362379533e+00 2.255865365525935307e-01 -1.994983768133904434e-01 1.145656627488247370e-01
-3.098706010116257792e-01 -2.520830298282788373e+00 1.362532828835663956e+00 2.292860476194837904e-01 -1.983833277720137289e-01 1.043501666809890649e-01
-3.079768820906731985e-01 -2.513063800746795362e+00 1.362676248487589614e+00 2.328260262885422094e-01 -1.973226754503256686e-01 9.412856397985222556e-02
-3.060832978779415292e-01 -2.505294384936243013e+00 1.362821295921139209e+00 2.362056571694133300e-01 -1.963130848009413398e-01 8.390096045163754346e-02
-3.041898746562229361e-01 -2.497522095652187080e+00 1.362968006453891601e+00 2.394242056617148506e-01 -1.953512029327297839e-01 7.366746226877965431e-02
-3.022966389388497266e-01 -2.489746977382575110e+00 1.363116416125904173e+00 2.424810189000394800e-01 -1.944336610464389992e-01 6.342817595833132038e-02
-3.004036174758748512e-01 -2.481969074302590172e+00 1.363266561706992785e+00 2.453755266547269498e-01 -1.935570764085392526e-01 5.318320839016673490e-02
-2.985108372603115789e-01 -2.474188430274999462e+00 1.363418480703374680e+00 2.481072421870385014e-01 -1.927180543622935005e-01 4.293266676498685985e-02
-2.966183255344270187e-01 -2.466405088850506910e+00 1.363572211363641928e+00 2.506757630573970275e-01 -1.919131903750281865e-01 3.267665860213278539e-02
-2.947261097960836018e-01 -2.458619093268111566e+00 1.363727792684031881e+00 2.530807718853764765e-01 -1.911390721205190601e-01 2.241529172721325874e-02
-2.928342178051227540e-01 -2.450830486455472634e+00 1.363885264412960430e+00 2.553220370601524403e-01 -1.903922815953764669e-01 1.214867425955289473e-02
-2.909426775897835382e-01 -2.443039311029280736e+00 1.364044667054781890e+00 2.573994134001549305e-01 -1.896693972682514939e-01 1.876914599467581837e-03
-2.890515174531506082e-01 -2.435245609295638047e+00 1.364206041872740860e+00 2.593128427606944397e-01 -1.889669962606630449e-01 -8.399878584625927042e-03
-2.871607659796238110e-01 -2.427449423250444660e+00 1.364369430891079427e+00 2.610623545883632435e-01 -1.882816565581739710e-01 -1.868159636925918049e-02
-2.852704520414020006e-01 -2.419650794579799591e+00 1.364534876896262849e+00 2.626480664210472105e-01 -1.876099592506337288e-01 -2.896812958911258035e-02
-2.833806048049745119e-01 -2.411849764660407125e+00 1.364702423437285983e+00 2.640701843324204656e-01 -1.869484908001366463e-01 -3.925936885035981316e-02
-2.814912537376107471e-01 -2.404046374560000476e+00 1.364872114825021798e+00 2.653290033198283382e-01 -1.862938453353244483e-01 -4.955520454414834297e-02
-2.796024286138413251e-01 -2.396240665037775663e+00 1.365043996130574255e+00 2.664249076345049927e-01 -1.856426269706066279e-01 -5.985552686020802204e-02
-2.777141595219211334e-01 -2.388432676544844036e+00 1.365218113182594450e+00 2.673583710531107771e-01 -1.849914521488527086e-01 -7.016022580057963698e-02
-2.758264768702656244e-01 -2.380622449224697235e+00 1.365394512563522067e+00 2.681299570896126250e-01 -1.843369520060500477e-01 -8.046919119345501137e-02
-2.739394113938514730e-01 -2.372810022913693473e+00 1.365573241604709498e+00 2.687403191465754793e-01 -1.836757747564137233e-01 -9.078231270712008860e-02
-2.720529941605717150e-01 -2.364995437141564238e+00 1.365754348380388006e+00 2.691902006049750051e-01 -1.830045880963719895e-01 -1.010994798639922587e-01
-2.701672565775360413e-01 -2.357178731131940985e+00 1.365937881700435064e+00 2.694804348516874892e-01 -1.823200816258436774e-01 -1.114205820547430198e-01
-2.682822303973046996e-01 -2.349359943802906692e+00 1.366123891101898691e+00 2.696119452438558994e-01 -1.816189692851750692e-01 -1.217455085524968006e-01
-2.663979477240472349e-01 -2.341539113767573621e+00 1.366312426839237704e+00 2.695857450093808172e-01 -1.808979918060815706e-01 -1.320741485270967575e-01
-2.645144410196139662e-01 -2.333716279334688615e+00 1.366503539873233253e+00 2.694029370828295855e-01 -1.801539191749119695e-01 -1.424063910594280391e-01
-2.626317431095088750e-01 -2.325891478509269472e+00 1.366697281858527457e+00 2.690647138761079749e-01 -1.793835531065193223e-01 -1.527421251557891102e-01
-2.607498871887529157e-01 -2.318064748993272417e+00 1.366893705129745840e+00 2.685723569832878521e-01 -1.785837295270091829e-01 -1.630812397623011556e-01
-2.588689068276255334e-01 -2.310236128186297755e+00 1.367092862686157373e+00 2.679272368190335207e-01 -1.777513210636003649e-01 -1.734236237793459756e-01
-2.569888359772714015e-01 -2.302405653186328838e+00 1.367294808174827292e+00 2.671308121901240229e-01 -1.768832395398183266e-01 -1.837691660760222279e-01
-2.551097089751608316e-01 -2.294573360790515437e+00 1.367499595872217144e+00 2.661846297996159905e-01 -1.759764384742181775e-01 -1.941177555046099679e-01
-2.532315605503894229e-01 -2.286739287495998418e+00 1.367707280664185232e+00 2.650903236832475862e-01 -1.750279155808183162e-01 -2.044692809150333024e-01
-2.513544258288047395e-01 -2.278903469500778822e+00 1.367917918024340596e+00 2.638496145777352586e-01 -1.740347152694088351e-01 -2.148236311693109413e-01
-2.494783403379449149e-01 -2.271065942704638463e+00 1.368131563990704347e+00 2.624643092206725425e-01 -1.729939311438712934e-01 -2.251806951559839620e-01
-2.476033400117760852e-01 -2.263226742710111150e+00 1.368348275140630843e+00 2.609362995817884334e-01 -1.719027084966615604e-01 -2.355403618045106284e-01
-2.457294611952133279e-01 -2.255385904823508536e+00 1.368568108563940511e+00 2.592675620253839242e-01 -1.707582467975594653e-01 -2.459025200996175498e-01
-2.438567406484100086e-01 -2.247543464056003693e+00 1.368791121834217028e+00 2.574601564038141444e-01 -1.695578021748076480e-01 -2.562670590955965499e-01
-2.419852155508011027e-01 -2.239699455124778193e+00 1.369017372978220015e+00 2.555162250819450476e-01 -1.682986898867406822e-01 -2.666338679305366721e-01
-2.401149235048831709e-01 -2.231853912454232258e+00 1.369246920443366378e+00 2.534379918925645514e-01 -1.669782867820002181e-01 -2.770028358404804103e-01
-2.382459025397165586e-01 -2.224006870177262396e+00 1.369479823063230572e+00 2.512277610227846569e-01 -1.655940337464274492e-01 -2.873738521734936491e-01
-2.363781911141314973e-01 -2.216158362136614102e+00 1.369716140021015383e+00 2.488879158315274731e-01 -1.641434381347242066e-01 -2.977468064036383755e-01
-2.345118281196229004e-01 -2.208308421886306494e+00 1.369955930810945910e+00 2.464209175982439159e-01 -1.626240761849677696e-01 -3.081215881448373106e-01
-2.326468528829152005e-01 -2.200457082693138666e+00 1.370199255197535715e+00 2.438293042030688085e-01 -1.610335954140680315e-01 -3.184980871646198031e-01
-2.307833051681800196e-01 -2.192604377538277749e+00 1.370446173172679805e+00 2.411156887386738390e-01 -1.593697169922556611e-01 -3.288761933977379925e-01
-2.289212252182787344e-01 -2.184750339306880562e+00 1.370696744910664622e+00 2.382827564286700284e-01 -1.576302374847555754e-01 -3.392557969584395483e-01
-2.270606537557284810e-01 -2.176895000788588330e+00 1.370951030720948483e+00 2.353332627345393613e-01 -1.558130309723892992e-01 -3.496367881524921062e-01
-2.252016319832643720e-01 -2.169038394678134640e+00 1.371209090998663616e+00 2.322700314078944839e-01 -1.539160511269805909e-01 -3.600190574889533535e-01
-2.233442015839779415e-01 -2.161180553576074637e+00 1.371470986172796280e+00 2.290959524891441612e-01 -1.519373332401716681e-01 -3.704024956916793787e-01
-2.214884047210126106e-01 -2.153321509989634119e+00 1.371736776651996115e+00 2.258139802536793805e-01 -1.498749962042955630e-01 -3.807869937105651248e-01
-2.196342840367965232e-01 -2.145461296333687429e+00 1.372006522767972747e+00 2.224271311067304024e-01 -1.477272444439758914e-01 -3.911724427325108944e-01
-2.177818826517927686e-01 -2.137599944931866336e+00 1.372280284716431709e+00 2.189384814280800340e-01 -1.454923697971528540e-01 -4.015587341921083575e-01
-2.159312441627465606e-01 -2.129737488017804381e+00 1.372558122495506572e+00 2.153511653678529258e-01 -1.431687533442715932e-01 -4.119457597820402883e-01
-2.140824126404087258e-01 -2.121873957736522431e+00 1.372840095841643127e+00 2.116683725946315597e-01 -1.407548671843850130e-01 -4.223334114631884240e-01
-2.122354326267135161e-01 -2.114009386145956793e+00 1.373126264162891408e+00 2.078933459971855635e-01 -1.382492761569809048e-01 -4.327215814744437838e-01
-2.103903491313904306e-01 -2.106143805218639198e+00 1.373416686469562942e+00 2.040293793411289691e-01 -1.356506395083458827e-01 -4.431101623422142866e-01
-2.085472076279876186e-01 -2.098277246843526456e+00 1.373711421302211910e+00 2.000798148818531130e-01 -1.329577125013416961e-01 -4.534990468896242799e-01
-2.067060540492845488e-01 -2.090409742827989081e+00 1.374010526656898712e+00 1.960480409351090803e-01 -1.301693479674801424e-01 -4.638881282454010990e-01
-2.048669347820719633e-01 -2.082541324899962465e+00 1.374314059907693952e+00 1.919374894066462334e-01 -1.272844978002387606e-01 -4.742772998524444339e-01
-2.030298966612759104e-01 -2.074672024710261908e+00 1.374622077726387115e+00 1.877516332823375711e-01 -1.243022143885799125e-01 -4.846664554760732324e-01
-2.011949869634027666e-01 -2.066801873835069525e+00 1.374934635999358168e+00 1.834939840802501942e-01 -1.212216519896811562e-01 -4.950554892119466421e-01
-1.993622533992827073e-01 -2.058930903778593891e+00 1.375251789741577024e+00 1.791680892661450253e-01 -1.180420680399247857e-01 -5.054442954936544385e-01
-1.975317441060864265e-01 -2.051059145975908660e+00 1.375573593007695550e+00 1.747775296339124651e-01 -1.147628244032246059e-01 -5.158327690999732207e-01
-1.957035076385924555e-01 -2.043186631795973707e+00 1.375900098800197036e+00 1.703259166524770940e-01 -1.113833885558142001e-01 -5.262208051617851545e-01
-1.938775929596806558e-01 -2.035313392544841893e+00 1.376231358974570940e+00 1.658168897807227316e-01 -1.079033347066582493e-01 -5.366082991686556003e-01
-1.920540494300266854e-01 -2.027439459469054572e+00 1.376567424141481810e+00 1.612541137520133727e-01 -1.043223448526902075e-01 -5.469951469750664597e-01
-1.902329267969741222e-01 -2.019564863759233830e+00 1.376908343565902415e+00 1.566412758299042807e-01 -1.006402097681151631e-01 -5.573812448063024672e-01
-1.884142751825576001e-01 -2.011689636553869232e+00 1.377254165063185765e+00 1.519820830366563902e-01 -9.685682992706912131e-02 -5.677664892639879834e-01
-1.865981450706540867e-01 -2.003813808943307073e+00 1.377604934892048938e+00 1.472802593561836071e-01 -9.297221635895258629e-02 -5.781507773312720699e-01
-1.847845872932348810e-01 -1.995937411973942588e+00 1.377960697644445176e+00 1.425395429130816849e-01 -8.898649143581227605e-02 -5.885340063776588471e-01
-1.829736530156942376e-01 -1.988060476652620867e+00 1.378321496132304702e+00 1.377636831294007935e-01 -8.489988959117944489e-02 -5.989160741634822482e-01
-1.811653937212289733e-01 -1.980183033951248728e+00 1.378687371271125617e+00 1.329564378608375508e-01 -8.071275796982391171e-02 -6.092968788440230599e-01
-1.793598611942429644e-01 -1.972305114811617521e+00 1.379058361960397328e+00 1.281215705140378303e-01 -7.642555700790865103e-02 -6.196763189732669153e-01
-1.775571075027508883e-01 -1.964426750150445766e+00 1.379434504960844521e+00 1.232628471467106523e-01 -7.203886094310174570e-02 -6.300542935073023543e-01
-1.757571849797560093e-01 -1.956547970864638941e+00 1.379815834768480798e+00 1.183840335522655662e-01 -6.755335825421937557e-02 -6.404307018073577273e-01
-1.739601462035746948e-01 -1.948668807836770878e+00 1.380202383485465090e+00 1.134888923306952568e-01 -6.296985203002947173e-02 -6.508054436424768330e-01
-1.721660439770837936e-01 -1.940789291940788974e+00 1.380594180687754857e+00 1.085811799474336592e-01 -5.828926026689451589e-02 -6.611784191918321785e-01
-1.703749313058632309e-01 -1.932909454047945452e+00 1.380991253289556742e+00 1.036646437819259692e-01 -5.351261609496660299e-02 -6.715495290466767520e-01
-1.685868613752087297e-01 -1.925029325032955985e+00 1.381393625404575554e+00 9.874301916765415577e-02 -4.864106793270028817e-02 -6.819186742119336397e-01
-1.668018875259910105e-01 -1.917148935780388364e+00 1.381801318204066931e+00 9.382002642594211572e-02 -4.367587956995144793e-02 -6.922857561073910704e-01
-1.650200632293316039e-01 -1.909268317191279873e+00 1.382214349771705653e+00 8.889936789410313178e-02 -3.861843017859811766e-02 -7.026506765685707201e-01
-1.632414420600715177e-01 -1.901387500189988700e+00 1.382632734955280718e+00 8.398472495029474238e-02 -3.347021425102791881e-02 -7.130133378472357508e-01
-1.614660776690081123e-01 -1.893506515731276263e+00 1.383056485215238496e+00 7.907975503683606355e-02 -2.823284146644056136e-02 -7.233736426115410234e-01
-1.596940237538739815e-01 -1.885625394807623589e+00 1.383485608470094608e+00 7.418808868374138221e-02 -2.290803648493877631e-02 -7.337314939458259300e-01
-1.579253340290340812e-01 -1.877744168456780383e+00 1.383920108938740290e+00 6.931332653422495049e-02 -1.749763866945475144e-02 -7.440867953500518439e-01
-1.561600621938755706e-01 -1.869862867769549020e+00 1.384359986979677437e+00 6.445903637392724761e-02 -1.200360173557335486e-02 -7.544394507388867410e-01
-1.543982618998663847e-01 -1.861981523897801249e+00 1.384805238927216298e+00 5.962875016561075547e-02 -6.427993329378267617e-03 -7.647893644404383240e-01
-1.526399867162588908e-01 -1.854100168062727150e+00 1.385255856924678675e+00 5.482596109106929738e-02 -7.729945334862264872e-04 -7.751364411946389810e-01
-1.508852900944145370e-01 -1.846218831563316787e+00 1.385711828754653707e+00 5.005412060198721758e-02 4.959100698524565587e-03 -7.854805861512851317e-01
-1.491342253307271770e-01 -1.838337545785072802e+00 1.386173137666357968e+00 4.531663548148023857e-02 1.076588617904139511e-02 -7.958217048677336258e-01
-1.473868455281215351e-01 -1.830456342208953036e+00 1.386639762200158499e+00 4.061686491803984111e-02 1.664484419439560270e-02 -8.061597033062588569e-01
-1.456432035561059379e-01 -1.822575252420537861e+00 1.387111676009323169e+00 3.595811759359512916e-02 2.259334628356235442e-02 -8.164944878310741450e-01
-1.439033520093574436e-01 -1.814694308119427113e+00 1.387588847679069426e+00 3.134364878739537286e-02 2.860865408719170944e-02 -8.268259652050209407e-01
-1.421673431648180497e-01 -1.806813541128856837e+00 1.388071240542986917e+00 2.677665749740554268e-02 3.468792026654643479e-02 -8.371540425859299583e-01
-1.404352289372834406e-01 -1.798932983405538533e+00 1.388558812496918593e+00 2.226028358089437997e-02 4.082818949188116164e-02 -8.474786275226587895e-01
-1.387070608334637356e-01 -1.791052667049712888e+00 1.389051515810391546e+00 1.779760491588167071e-02 4.702639949974507516e-02 -8.577996279508099953e-01
-1.369828899044988058e-01 -1.783172624315420229e+00 1.389549296935693956e+00 1.339163458509584625e-02 5.327938221866190815e-02 -8.681169521881352269e-01
-1.352627666969101750e-01 -1.775292887620979254e+00 1.390052096314704055e+00 9.045318084079378984e-03 5.958386496258771814e-02 -8.784305089296292612e-01
-1.335467412019732958e-01 -1.767413489559670037e+00 1.390559848183583691e+00 4.761530555060455860e-03 6.593647169151228837e-02 -8.887402072423205013e-01
-1.318348628034949899e-01 -1.759534462910621322e+00 1.391072480375458165e+00 5.430740481942031295e-04 7.233372433852824912e-02 -8.990459565597619385e-01
-1.301271802239813979e-01 -1.751655840649892770e+00 1.391589914121210469e+00 -3.607325188243248881e-03 7.877204420264938278e-02 -9.093476666762300153e-01
-1.284237414691834500e-01 -1.743777655961746387e+00 1.392112063848528036e+00 -7.687019387143778637e-03 8.524775340662138490e-02 -9.196452477406356074e-01
-1.267245937710083092e-01 -1.735899942250108019e+00 1.392638836979347206e+00 -1.169344190979570985e-02 9.175707641892838495e-02 -9.299386102501542295e-01
-1.250297835287857984e-01 -1.728022733150204715e+00 1.393170133725852855e+00 -1.562410985952999987e-02 9.829614163916389202e-02 -9.402276650435820171e-01
-1.233393562488810380e-01 -1.720146062540378384e+00 1.393705846885195720e+00 -1.947662666028338041e-02 1.048609830458859804e-01 -9.505123232944227007e-01
-1.216533564826457470e-01 -1.712269964554065993e+00 1.394245861633103045e+00 -2.324868459860396364e-02 1.114475419060516614e-01 -9.607924965037145659e-01
-1.199718277627020990e-01 -1.704394473591940518e+00 1.394790055316566413e+00 -2.693806732764569833e-02 1.180516685450783143e-01 -9.710680964926018399e-01
-1.182948125375543613e-01 -1.696519624334206444e+00 1.395338297245800385e+00 -3.054265233172615002e-02 1.246691241765489622e-01 -9.813390353946598310e-01
-1.166223521045268718e-01 -1.688645451753040483e+00 1.395890448485678892e+00 -3.406041335004661441e-02 1.312955827905364359e-01 -9.916052256479798155e-01
-1.149544865410264682e-01 -1.680771991125172171e+00 1.396446361646862089e+00 -3.748942275820077441e-02 1.379266330994957102e-01 -1.001866579987021888e+00
-1.132912546341310334e-01 -1.672899278044596816e+00 1.397005880676844392e+00 -4.082785390612675425e-02 1.445577805406266236e-01 -1.012123011434243436e+00
-1.116326938085078213e-01 -1.665027348435409671e+00 1.397568840651158384e+00 -4.407398341118584639e-02 1.511844493335843254e-01 -1.022374433291511009e+00
-1.099788400526661158e-01 -1.657156238564757800e+00 1.398135067564987510e+00 -4.722619340508016350e-02 1.578019845923810394e-01 -1.032620759131303245e+00
-1.083297278435528810e-01 -1.649285985055897630e+00 1.398704378125448011e+00 -5.028297373335255394e-02 1.644056544902765538e-01 -1.042861902787714179e+00
-1.066853900695006185e-01 -1.641416624901352428e+00 1.399276579544815879e+00 -5.324292410624387184e-02 1.709906524764450708e-01 -1.053097778347264812e+00
-1.050458579515403112e-01 -1.633548195476159037e+00 1.399851469334986831e+00 -5.610475619971344585e-02 1.775520995431580928e-01 -1.063328300139530613e+00
-1.034111609630944395e-01 -1.625680734551197215e+00 1.400428835103468606e+00 -5.886729570546345158e-02 1.840850465421892679e-01 -1.073553382727595595e+00
-1.017813267480679462e-01 -1.617814280306592245e+00 1.401008454351220456e+00 -6.152948432883909025e-02 1.905844765491409021e-01 -1.083772940898340087e+00
-1.001563810373575780e-01 -1.609948871345180610e+00 1.401590094272668452e+00 -6.409038173351366829e-02 1.970453072743278966e-01 -1.093986889652571515e+00
-9.853634756380280635e-02 -1.602084546706034729e+00 1.402173511558238994e+00 -6.654916743190097961e-02 2.034623935188601962e-01 -1.104195144195008638e+00
-9.692124797560563998e-02 -1.594221345878031659e+00 1.402758452199766026e+00 -6.890514262027469528e-02 2.098305296745159865e-01 -1.114397619924126559e+00
-9.531110174824852788e-02 -1.586359308813463542e+00 1.403344651299145207e+00 -7.115773195760999315e-02 2.161444522659747847e-01 -1.124594232421873174e+00
-9.370592609494343694e-02 -1.578498475941677803e+00 1.403931832880622732e+00 -7.330648528720129509e-02 2.223988425339626929e-01 -1.134784897443266605e+00
-9.210573587564874209e-02 -1.570638888182739112e+00 1.404519709707120256e+00 -7.535107930014839361e-02 2.285883290578283322e-01 -1.144969530905881383e+00
-9.051054350469422971e-02 -1.562780586961108220e+00 1.405107983101016478e+00 -7.729131913984088609e-02 2.347074904160466602e-01 -1.155148048879236278e+00
-8.892035885705751319e-02 -1.554923614219325678e+00 1.405696342769821250e+00 -7.912713994661169092e-02 2.407508578831256685e-01 -1.165320367574089966e+00
-8.733518917334015530e-02 -1.547068012431696005e+00 1.406284466637194086e+00 -8.085860834177083234e-02 2.467129181613740840e-01 -1.175486403331656993e+00
-8.575503896349501165e-02 -1.539213824617965187e+00 1.406872020679778235e+00 -8.248592385027031515e-02 2.525881161459526680e-01 -1.185646072612753121e+00
-8.417990990936075058e-02 -1.531361094356983976e+00 1.407458658770337934e+00 -8.400942026129409879e-02 2.583708577216343727e-01 -1.195799291986878954e+00
-8.260980076606361244e-02 -1.523509865800349861e+00 1.408044022527705552e+00 -8.542956692610970126e-02 2.640555125896622002e-01 -1.205945978121254480e+00
-8.104470726235191158e-02 -1.515660183686024620e+00 1.408627741174064640e+00 -8.674696999255804286e-02 2.696364171230802853e-01 -1.216086047769811662e+00
-7.948462199993189259e-02 -1.507812093351920346e+00 1.409209431400110679e+00 -8.796237357560576786e-02 2.751078772489083946e-01 -1.226219417762157038e+00
-7.792953435187988109e-02 -1.499965640749449047e+00 1.409788697238657518e+00 -8.907666086342447276e-02 2.804641713555042770e-01 -1.236346004992514347e+00
-7.637943036020999887e-02 -1.492120872457032732e+00 1.410365129947270590e+00 -9.009085515850800974e-02 2.856995532234538615e-01 -1.246465726408656938e+00
-7.483429263268193132e-02 -1.484277835693571745e+00 1.410938307900534427e+00 -9.100612085338333213e-02 2.908082549783062021e-01 -1.256578499000840843e+00
-7.329410023893878634e-02 -1.476436578331863370e+00 1.411507796492579292e+00 -9.182376434051531255e-02 2.957844900634825080e-01 -1.266684239790747846e+00
-7.175882860607074587e-02 -1.468597148911976902e+00 1.412073148050515758e+00 -9.254523485605203881e-02 3.006224562316557325e-01 -1.276782865820449642e+00
-7.022844941370631755e-02 -1.460759596654574555e+00 1.412633901759448474e+00 -9.317212525710361071e-02 3.053163385529131801e-01 -1.286874294141403530e+00
