6.172845029090989755e-04 -5.623644150616081916e+00 1.660143943513620046e+00 -2.279869003553680606e-02 -3.585891420638882554e+00 -1.567483173115729933e+00
6.172845029090989755e-04 -5.623644150616081916e+00 1.660143943513620046e+00 -2.279869003553680606e-02 -3.585891420638882554e+00 -1.567483173115729933e+00
5.064716427946207907e-04 -5.623350631673289080e+00 1.637410405286554349e+00 -2.272374332926255930e-02 -3.585626956842375090e+00 -1.567475163896212997e+00
2.972146481177252502e-04 -5.622760138708199129e+00 1.612443933594555068e+00 -2.257427011442732570e-02 -3.585101257066461766e+00 -1.567458191466105655e+00
4.816371848282352194e-06 -5.621869121297502936e+00 1.593621191372979862e+00 -2.235069773655383105e-02 -3.584317547049204578e+00 -1.567431300834420282e+00
-3.628375177646232450e-04 -5.620677109429814244e+00 1.582383573182657210e+00 -2.205346151001991856e-02 -3.583279050147108791e+00 -1.567393536285478284e+00
-8.053239849825314517e-04 -5.619185999028932343e+00 1.577145077896589642e+00 -2.168300550967814169e-02 -3.581988987032367344e+00 -1.567343941650565453e+00
-1.326150793585126548e-03 -5.617398700714993254e+00 1.575619551325825540e+00 -2.123978333264795945e-02 -3.580450575390122125e+00 -1.567281560576027744e+00
-1.929439246346266543e-03 -5.615318191826296434e+00 1.575897296963038707e+00 -2.072425882991017071e-02 -3.578667029615990369e+00 -1.567205436787812767e+00
-2.618102222608344274e-03 -5.612947057880446344e+00 1.576746680892850083e+00 -2.013690680736421323e-02 -3.576641560514131513e+00 -1.567114614352466351e+00
-3.393390931107085999e-03 -5.610287391470452967e+00 1.577538013111398962e+00 -1.947821369603916150e-02 -3.574377374996112522e+00 -1.567008137934592371e+00
-4.255221148631095282e-03 -5.607340891512833103e+00 1.578045915851793879e+00 -1.874867819117957343e-02 -3.571877675780847028e+00 -1.566885053050788068e+00
-5.202742212213774115e-03 -5.604109028834553641e+00 1.578261166682724648e+00 -1.794881185995723591e-02 -3.569145661095884048e+00 -1.566744406320064398e+00
-6.234832162474805359e-03 -5.600593192134599718e+00 1.578258901233037914e+00 -1.707913971758931448e-02 -3.566184524380322962e+00 -1.566585245710764518e+00
-7.350404936707403969e-03 -5.596794779731283143e+00 1.578125100297134153e+00 -1.614020077167264630e-02 -3.562997453989630081e+00 -1.566406620783995507e+00
-8.548539387388986305e-03 -5.592715238477947715e+00 1.577925741372652402e+00 -1.513254853457282958e-02 -3.559587632902632581e+00 -1.566207582933584641e+00
-9.828489699005222777e-03 -5.588356067111058145e+00 1.577700740037447869e+00 -1.405675150373516917e-02 -3.555958238430974472e+00 -1.565987185622578215e+00
-1.118963943951275380e-02 -5.583718802649627833e+00 1.577468967318519377e+00 -1.291339360981274414e-02 -3.552112441931294828e+00 -1.565744484616298005e+00
-1.263144344559955987e-02 -5.578805003133322948e+00 1.577236049378607952e+00 -1.170307463253430352e-02 -3.548053408520411178e+00 -1.565478538211971804e+00
-1.415338055714258740e-02 -5.573616233591011770e+00 1.577001032112035572e+00 -1.042641058426231095e-02 -3.543784296793770494e+00 -1.565188407464958020e+00
-1.575492419357516286e-02 -5.568154057314922412e+00 1.576760747240926630e+00 -9.084034061218115158e-03 -3.539308258547425812e+00 -1.564873156411579203e+00
-1.743552878353625199e-02 -5.562420031839112156e+00 1.576512084484969156e+00 -7.676594562377790296e-03 -3.534628438503804482e+00 -1.564531852288588709e+00
-1.919462675586673661e-02 -5.556415708046785973e+00 1.576252834440113659e+00 -6.204758776068165782e-03 -3.529747974041502090e+00 -1.564163565749285834e+00
-2.103163088772331754e-02 -5.550142630862729298e+00 1.575981754417885350e+00 -4.669210834318281156e-03 -3.524669994929357841e+00 -1.563767371076304036e+00
-2.294593831123465516e-02 -5.543602340435808351e+00 1.575698321891132458e+00 -3.070652535046257403e-03 -3.519397623065031677e+00 -1.563342346391090487e+00
-2.493693415591178436e-02 -5.536796373213529243e+00 1.575402438913779735e+00 -1.409803532186754138e-03 -3.513933972218316715e+00 -1.562887573860102020e+00
-2.700399407560710383e-02 -5.529726262687020721e+00 1.575094200889928464e+00 3.125985061120731268e-04 -3.508282147779386850e+00 -1.562402139897736797e+00
-2.914648565157477653e-02 -5.522393539804392404e+00 1.574773754532726056e+00 2.095797771069170257e-03 -3.502445246512190913e+00 -1.561885135366026800e+00
-3.136376897594261859e-02 -5.514799733142647931e+00 1.574441229396944975e+00 3.939020218452451982e-03 -3.496426356313168782e+00 -1.561335655771114217e+00
-3.365519676588933640e-02 -5.506946368941729730e+00 1.574096716449316480e+00 5.841473505163351926e-03 -3.490228555975478208e+00 -1.560752801456533945e+00
-3.602011428122223885e-02 -5.498834971081181244e+00 1.573740270445826983e+00 7.802346957002690570e-03 -3.483854914958883775e+00 -1.560135677793331732e+00
-3.845785921085023706e-02 -5.490467061048205366e+00 1.573371920649639710e+00 9.820811567374819473e-03 -3.477308493165460312e+00 -1.559483395367034841e+00
-4.096776160398239719e-02 -5.481844157919390170e+00 1.572991681703980626e+00 1.189602002666514252e-02 -3.470592340721236457e+00 -1.558795070161506757e+00
-4.354914386431260609e-02 -5.472967778361422120e+00 1.572599561517694866e+00 1.402710678200606853e-02 -3.463709497763896916e+00 -1.558069823739709037e+00
-4.620132079690252025e-02 -5.463839436647704773e+00 1.572195565809852758e+00 1.621318812712504304e-02 -3.456662994236643360e+00 -1.557306783421395613e+00
-4.892359968866453329e-02 -5.454460644685252824e+00 1.571779700123784984e+00 1.845336232194886433e-02 -3.449455849688281450e+00 -1.556505082457765532e+00
-5.171528040509185131e-02 -5.444832912046731366e+00 1.571351970314419866e+00 2.074670974161890724e-02 -3.442091073079623254e+00 -1.555663860203100546e+00
-5.457565549125655696e-02 -5.434957746004129397e+00 1.570912382328546242e+00 2.309229305455261227e-02 -3.434571662596220154e+00 -1.554782262283412875e+00
-5.750401027067789800e-02 -5.424836651562181089e+00 1.570460941783746067e+00 2.548915742916846999e-02 -3.426900605467481764e+00 -1.553859440762131117e+00
-6.049962293966236471e-02 -5.414471131490838474e+00 1.569997653587181574e+00 2.793633076887202388e-02 -3.419080877792170625e+00 -1.552894554302847618e+00
-6.356176465692554844e-02 -5.403862686356729839e+00 1.569522521681529392e+00 3.043282397488336621e-02 -3.411115444370261152e+00 -1.551886768329157062e+00
-6.668969962933120332e-02 -5.393012814553855172e+00 1.569035548908223499e+00 3.297763123647010075e-02 -3.403007258541128621e+00 -1.550835255181612693e+00
-6.988268519469223450e-02 -5.381923012333788670e+00 1.568536736959318389e+00 3.556973034813157297e-02 -3.394759262028021141e+00 -1.549739194271823939e+00
-7.313997190246028512e-02 -5.370594773835621005e+00 1.568026086377303230e+00 3.820808305326363341e-02 -3.386374384788736425e+00 -1.548597772233722747e+00
-7.646080359280857386e-02 -5.359029591115794133e+00 1.567503596572043190e+00 4.089163541381728162e-02 -3.377855544872416793e+00 -1.547410183072024159e+00
-7.984441747433448922e-02 -5.347228954177877469e+00 1.566969265846581694e+00 4.361931820544767691e-02 -3.369205648282337151e+00 -1.546175628307909333e+00
-8.329004420053474911e-02 -5.335194351002345847e+00 1.566423091414614666e+00 4.639004733763453514e-02 -3.360427588844561608e+00 -1.544893317121958098e+00
-8.679690794500966033e-02 -5.322927267576321952e+00 1.565865069419661193e+00 4.920272429824165683e-02 -3.351524248082290214e+00 -1.543562466494352803e+00
-9.036422647546558939e-02 -5.310429187923316974e+00 1.565295194942308621e+00 5.205623662196449952e-02 -3.342498495095727051e+00 -1.542182301342379880e+00
-9.399121122641017345e-02 -5.297701594132922409e+00 1.564713462003408662e+00 5.494945838210511802e-02 -3.333353186447285843e+00 -1.540752054655254000e+00
-9.767706737052116173e-02 -5.284745966390460126e+00 1.564119863573350422e+00 5.788125070509314574e-02 -3.324091166051903468e+00 -1.539270967626295450e+00
-1.014209938887950524e-01 -5.271563783006614656e+00 1.563514391571011242e+00 6.085046230716124882e-02 -3.314715265072202488e+00 -1.537738289782475842e+00
-1.052221836393678611e-01 -5.258156520447003324e+00 1.562897036872874734e+00 6.385593005256823274e-02 -3.305228301818260661e+00 -1.536153279111367231e+00
-1.090798234251700305e-01 -5.244525653361749917e+00 1.562267789315881394e+00 6.689647953274957537e-02 -3.295633081651687668e+00 -1.534515202185508853e+00
-1.129930940603586093e-01 -5.230672654615029060e+00 1.561626637696955866e+00 6.997092566576187944e-02 -3.285932396893719964e+00 -1.532823334284221906e+00
-1.169611704355053294e-01 -5.216598995314571496e+00 1.560973569780406134e+00 7.307807331537298501e-02 -3.276129026737011340e+00 -1.531076959512894797e+00
-1.209832215816727119e-01 -5.202306144841188917e+00 1.560308572295082907e+00 7.621671792913603527e-02 -3.266225737160753262e+00 -1.529275370919758403e+00
-1.250584107332579076e-01 -5.187795570878260598e+00 1.559631630942892366e+00 7.938564619477432582e-02 -3.256225280848785708e+00 -1.527417870610175532e+00
-1.291858953897899176e-01 -5.173068739441250230e+00 1.558942730398934495e+00 8.258363671418782193e-02 -3.246130397110324139e+00 -1.525503769858474135e+00
-1.333648273765837278e-01 -5.158127114907221866e+00 1.558241854314522445e+00 8.580946069438430412e-02 -3.235943811802886039e+00 -1.523532389217325811e+00
-1.375943529043168467e-01 -5.142972160044362084e+00 1.557528985318324954e+00 8.906188265461684184e-02 -3.225668237256996029e+00 -1.521503058624713356e+00
-1.418736126275223219e-01 -5.127605336041529682e+00 1.556804105017774109e+00 9.233966114900508948e-02 -3.215306372202255680e+00 -1.519415117508488455e+00
-1.462017417020227694e-01 -5.112028102537811591e+00 1.556067193999217002e+00 9.564154950390069132e-02 -3.204860901694335240e+00 -1.517267914888555724e+00
-1.505778698413052230e-01 -5.096241917652122311e+00 1.555318231832436338e+00 9.896629656924213481e-02 -3.194334497042404575e+00 -1.515060809476693304e+00
-1.550011213719281189e-01 -5.080248238012844197e+00 1.554557197071178010e+00 1.023126474831363986e-01 -3.183729815736503710e+00 -1.512793169774023561e+00
-1.594706152879189209e-01 -5.064048518787506836e+00 1.553784067251477774e+00 1.056793444488898781e-01 -3.173049501374428427e+00 -1.510464374166167634e+00
-1.639854653041478427e-01 -5.047644213712509931e+00 1.552998818890764410e+00 1.090651275236959039e-01 -3.162296183587543830e+00 -1.508073811016088284e+00
-1.685447799087045340e-01 -5.031036775122894156e+00 1.552201427488382413e+00 1.124687354181773680e-01 -3.151472477965086227e+00 -1.505620878754638126e+00
-1.731476624143175325e-01 -5.014227653982173294e+00 1.551391867530662161e+00 1.158889063059642122e-01 -3.140580985976357375e+00 -1.503104985968838125e+00
-1.777932110089195938e-01 -4.997218299912255191e+00 1.550570112484353613e+00 1.193243786424801889e-01 -3.129624294890327452e+00 -1.500525551487901676e+00
-1.824805188051781824e-01 -4.980010161223415110e+00 1.549736134802055965e+00 1.227738919920965954e-01 -3.118604977692100100e+00 -1.497882004467007144e+00
-1.872086738892095314e-01 -4.962604684944372124e+00 1.548889905915475707e+00 1.262361878627946410e-01 -3.107525592995640018e+00 -1.495173784468844413e+00
-1.919767593682896178e-01 -4.945003316852425002e+00 1.548031396231337009e+00 1.297100105474668641e-01 -3.096388684952211978e+00 -1.492400341542946318e+00
-1.967838534176186704e-01 -4.927207501503673370e+00 1.547160575138706751e+00 1.331941079709752784e-01 -3.085196783154001032e+00 -1.489561136302824051e+00
-2.016290293263569844e-01 -4.909218682263381872e+00 1.546277411001680591e+00 1.366872325420755985e-01 -3.073952402532319716e+00 -1.486655640000902556e+00
-2.065113555426893177e-01 -4.891038301336426919e+00 1.545381871162439413e+00 1.401881420092958019e-01 -3.062658043249844475e+00 -1.483683334601288317e+00
-2.114298957181252603e-01 -4.872667799797872235e+00 1.544473921928740667e+00 1.436956003198487097e-01 -3.051316190586303989e+00 -1.480643712850356453e+00
-2.163837087507627377e-01 -4.854108617623621669e+00 1.543553528578098133e+00 1.472083784806388074e-01 -3.039929314817020778e+00 -1.477536278345195520e+00
-2.213718488278299812e-01 -4.835362193721234547e+00 1.542620655360619875e+00 1.507252554204181749e-01 -3.028499871083793593e+00 -1.474360545599905148e+00
-2.263933654675073237e-01 -4.816429965960908000e+00 1.541675265487259638e+00 1.542450188521313770e-01 -3.017030299257511761e+00 -1.471116040109749612e+00
-2.314473035597675865e-01 -4.797313371206557875e+00 1.540717321136872320e+00 1.577664661344641006e-01 -3.005523023791913495e+00 -1.467802298413197759e+00
-2.365327034066032341e-01 -4.778013845347094168e+00 1.539746783434323696e+00 1.612884051316180734e-01 -2.993980453567997024e+00 -1.464418868151835751e+00
-2.416486007611018394e-01 -4.758532823327778161e+00 1.538763612461259145e+00 1.648096550703012919e-01 -2.982404981728478788e+00 -1.460965308128166162e+00
-2.467940268660022418e-01 -4.738871739181810483e+00 1.537767767239452743e+00 1.683290473929212883e-01 -2.970798985501803102e+00 -1.457441188361308537e+00
-2.519680084912198637e-01 -4.719032026062045304e+00 1.536759205747752155e+00 1.718454266059493141e-01 -2.959164826015117544e+00 -1.453846090140606950e+00
-2.571695679710166438e-01 -4.699015116272972747e+00 1.535737884911676066e+00 1.753576511224189949e-01 -2.947504848095764629e+00 -1.450179606077143912e+00
-2.623977232402908144e-01 -4.678822441302878943e+00 1.534703760583787657e+00 1.788645940974951665e-01 -2.935821380060738228e+00 -1.446441340153169497e+00
-2.676514878698091349e-01 -4.658455431856130424e+00 1.533656787539547484e+00 1.823651442560482727e-01 -2.924116733493612230e+00 -1.442630907769449022e+00
-2.729298711006977740e-01 -4.637915517885660144e+00 1.532596919494534138e+00 1.858582067111583247e-01 -2.912393203008516007e+00 -1.438747935790530397e+00
-2.782318778786413427e-01 -4.617204128625807869e+00 1.531524109077617712e+00 1.893427037724550177e-01 -2.900653066000718816e+00 -1.434792062587948225e+00
-2.835565088869118622e-01 -4.596322692625258277e+00 1.530438307828586808e+00 1.928175757431868920e-01 -2.888898582383372826e+00 -1.430762938081369562e+00
-2.889027605787306552e-01 -4.575272637780241070e+00 1.529339466194943320e+00 1.962817817048993219e-01 -2.877131994309975127e+00 -1.426660223777663106e+00
-2.942696252089551101e-01 -4.554055391367989536e+00 1.528227533521569592e+00 1.997343002885909047e-01 -2.865355525882180565e+00 -1.422483592807921138e+00
-2.996560908649554822e-01 -4.532672380080442487e+00 1.527102458044967914e+00 2.031741304312195406e-01 -2.853571382842660320e+00 -1.418232729962420446e+00
-3.050611414967864254e-01 -4.511125030058197538e+00 1.525964186891750396e+00 2.066002921164108164e-01 -2.841781752252695803e+00 -1.413907331723515792e+00
-3.104837569467577829e-01 -4.489414766924790356e+00 1.524812666067509204e+00 2.100118270981990443e-01 -2.829988802154146388e+00 -1.409507106296506551e+00
-3.159229129782112899e-01 -4.467543015821213714e+00 1.523647840447851065e+00 2.134077996066336136e-01 -2.818194681215544506e+00 -1.405031773638445891e+00
-3.213775813035548712e-01 -4.445511201440738525e+00 1.522469653769212394e+00 2.167872970340814220e-01 -2.806401518362109826e+00 -1.400481065484897814e+00
-3.268467296115577514e-01 -4.423320748064028862e+00 1.521278048635587021e+00 2.201494306010317592e-01 -2.794611422389463140e+00 -1.395854725374666705e+00
-3.323293215942730860e-01 -4.400973079594661996e+00 1.520072966511823553e+00 2.234933360002315239e-01 -2.782826481560972454e+00 -1.391152508672480081e+00
-3.378243169733066154e-01 -4.378469619594967277e+00 1.518854347751104283e+00 2.268181740179393557e-01 -2.771048763188547426e+00 -1.386374182589632964e+00
-3.433306715262191555e-01 -4.355811791322412141e+00 1.517622131626409798e+00 2.301231311311040528e-01 -2.759280313196805778e+00 -1.381519526202590997e+00
-3.488473371131895484e-01 -4.333001017766561880e+00 1.516376256371386066e+00 2.334074200792476406e-01 -2.747523155670581918e+00 -1.376588330469564303e+00
-3.543732617042004152e-01 -4.310038721686675345e+00 1.515116659237611074e+00 2.366702804098704815e-01 -2.735779292385847494e+00 -1.371580398245049182e+00
-3.599073894071727620e-01 -4.286926325650063596e+00 1.513843276547438110e+00 2.399109789961421102e-01 -2.724050702324023909e+00 -1.366495544292330999e+00
-3.654486604970000885e-01 -4.263665252071164424e+00 1.512556043676121176e+00 2.431288105256799170e-01 -2.712339341169841322e+00 -1.361333595293971577e+00
-3.709960114438692891e-01 -4.240256923250998788e+00 1.511254894813439442e+00 2.463230979592052061e-01 -2.700647140792895140e+00 -1.356094389860272864e+00
-3.765483749356623444e-01 -4.216702761415765721e+00 1.509939762331535817e+00 2.494931929578742547e-01 -2.688976008713116261e+00 -1.350777778535720008e+00
-3.821046798848770076e-01 -4.193004188752398775e+00 1.508610575454952807e+00 2.526384762780868876e-01 -2.677327827550444184e+00 -1.345383623803410034e+00
-3.876638514029051019e-01 -4.169162627437225765e+00 1.507267257988238907e+00 2.557583581325456601e-01 -2.665704454458920569e+00 -1.339911800087477900e+00
-3.932248107179837637e-01 -4.145179499652485333e+00 1.505909725038108826e+00 2.588522785164106277e-01 -2.654107720545700211e+00 -1.334362193753507952e+00
-3.987864750108237599e-01 -4.121056227585134124e+00 1.504537879301872438e+00 2.619197074973636519e-01 -2.642539430275355095e+00 -1.328734703106936310e+00
-4.043477571550051497e-01 -4.096794233405629981e+00 1.503151608793524607e+00 2.649601454684071822e-01 -2.631001360859972493e+00 -1.323029238389458628e+00
-4.099075653948050513e-01 -4.072394939234770916e+00 1.501750790126331170e+00 2.679731233622139053e-01 -2.619495261635480077e+00 -1.317245721773465217e+00
-4.154648030959045557e-01 -4.047859767129659225e+00 1.500335304300557615e+00 2.709582028259369668e-01 -2.608022853424990295e+00 -1.311384087354477757e+00
-4.210183688813544656e-01 -4.023190139158288048e+00 1.498905074806878401e+00 2.739149763552809480e-01 -2.596585827889588138e+00 -1.305444281141630025e+00
-4.265671601411550329e-01 -3.998387488931041567e+00 1.497460067655329352e+00 2.768430611193025692e-01 -2.585185813910941377e+00 -1.299426261018042927e+00
-4.321100742619227719e-01 -3.973453261954732696e+00 1.496000250069748461e+00 2.797420983358065438e-01 -2.573824377184974921e+00 -1.293329996697488049e+00
-4.376460088530245152e-01 -3.948388915740288940e+00 1.494525573795761231e+00 2.826117526357870835e-01 -2.562503020005283627e+00 -1.287155469677422115e+00
-4.431738615574598583e-01 -3.923195919817155985e+00 1.493035972737953410e+00 2.854517113774932557e-01 -2.551223181075148450e+00 -1.280902673188461405e+00
-4.486925297969130422e-01 -3.897875755734291126e+00 1.491531366813998671e+00 2.882616839109798934e-01 -2.539986235350592203e+00 -1.274571612140340759e+00
-4.542009106073824354e-01 -3.872429917082308215e+00 1.490011667084940150e+00 2.910414007940372860e-01 -2.528793493916503543e+00 -1.268162303064410468e+00
-4.596979006011819302e-01 -3.846859909543636213e+00 1.488476779852814458e+00 2.937906129606643324e-01 -2.517646203898366242e+00 -1.261674774052725878e+00
-4.651823960329019569e-01 -3.821167250964749407e+00 1.486926609164559876e+00 2.965090908433495875e-01 -2.506545548411943436e+00 -1.255109064693800569e+00
-4.706532929314771740e-01 -3.795353471441377913e+00 1.485361057929364792e+00 2.991966234506113209e-01 -2.495492646553393534e+00 -1.248465226005057938e+00
-4.761094872643989451e-01 -3.769420113408831430e+00 1.483780028129159323e+00 3.018530174013811518e-01 -2.484488553432203872e+00 -1.241743320362046488e+00
-4.815498751113916898e-01 -3.743368731732210186e+00 1.482183420632709137e+00 3.044780959180038993e-01 -2.473534260249458328e+00 -1.234943421424494092e+00
-4.869733528374282083e-01 -3.717200893794288419e+00 1.480571134835044544e+00 3.070716977796404401e-01 -2.462630694423424416e+00 -1.228065614059246746e+00
-4.923788172604274815e-01 -3.690918179579871339e+00 1.478943068353631984e+00 3.096336762383291030e-01 -2.451778719765425496e+00 -1.221109994260181075e+00
-4.977651658149605529e-01 -3.664522181756862729e+00 1.477299116803169499e+00 3.121638978998455549e-01 -2.440979136708015140e+00 -1.214076669065128566e+00
-5.031312967139138781e-01 -3.638014505754305183e+00 1.475639173647729008e+00 3.146622415718164922e-01 -2.430232682587894377e+00 -1.206965756469874140e+00
-5.084761091100798991e-01 -3.611396769837654563e+00 1.473963130133833399e+00 3.171285970816998256e-01 -2.419540031985944140e+00 -1.199777385339321656e+00
-5.137985032598059165e-01 -3.584670605181515146e+00 1.472270875255125455e+00 3.195628640674405552e-01 -2.408901797126755007e+00 -1.192511695315866538e+00
-5.190973806895876619e-01 -3.557837655939905641e+00 1.470562295725204915e+00 3.219649507436705416e-01 -2.398318528339604683e+00 -1.185168836725040808e+00
-5.243716443658770210e-01 -3.530899579313826475e+00 1.468837275936934139e+00 3.243347726466037084e-01 -2.387790714583181373e+00 -1.177748970478522672e+00
-5.296201988677827766e-01 -3.503858045615878769e+00 1.467095697943446408e+00 3.266722513609414680e-01 -2.377318784036076771e+00 -1.170252267974553062e+00
-5.348419505633044135e-01 -3.476714738331882160e+00 1.465337441408961494e+00 3.289773132321844318e-01 -2.366903104754898290e+00 -1.162678910995824655e+00
-5.400358077883022911e-01 -3.449471354179022065e+00 1.463562383574585679e+00 3.312498880680553315e-01 -2.356543985402049568e+00 -1.155029091604927283e+00
-5.452006810286711413e-01 -3.422129603160469102e+00 1.461770399210521987e+00 3.334899078326989397e-01 -2.346241676044574564e+00 -1.147303012037408587e+00
-5.503354831053411944e-01 -3.394691208616113176e+00 1.459961360568440503e+00 3.356973053376823279e-01 -2.335996369025871822e+00 -1.139500884592515861e+00
-5.554391293621595560e-01 -3.367157907269196837e+00 1.458135137317369434e+00 3.378720129338256273e-01 -2.325808199911566287e+00 -1.131622931521676589e+00
-5.605105378561913154e-01 -3.339531449268500651e+00 1.456291596493285656e+00 3.400139612081083951e-01 -2.315677248510803032e+00 -1.123669384914801395e+00
-5.655486295508291850e-01 -3.311813598225931798e+00 1.454430602427985164e+00 3.421230776899784609e-01 -2.305603539973973160e+00 -1.115640486584462909e+00
-5.705523285111292475e-01 -3.284006131249133098e+00 1.452552016695480397e+00 3.441992855715219068e-01 -2.295587045967693918e+00 -1.107536487948020509e+00
-5.755205621018464335e-01 -3.256110838968961474e+00 1.450655698057499388e+00 3.462425024460873968e-01 -2.285627685927667407e+00 -1.099357649907739543e+00
-5.804522611881290928e-01 -3.228129525561530322e+00 1.448741502400302528e+00 3.482526390700709795e-01 -2.275725328389888169e+00 -1.091104242728998308e+00
-5.853463603386104275e-01 -3.200064008764520018e+00 1.446809282668574115e+00 3.502295981525779256e-01 -2.265879792400252057e+00 -1.082776545916609212e+00
-5.902017980307923128e-01 -3.171916119887530083e+00 1.444858888799816388e+00 3.521732731777966752e-01 -2.256090849002419851e+00 -1.074374848089340695e+00
-5.950175168586735452e-01 -3.143687703816107515e+00 1.442890167652233657e+00 3.540835472649743743e-01 -2.246358222803610083e+00 -1.065899446852692334e+00
-5.997924637424031369e-01 -3.115380619009190610e+00 1.440902962940803000e+00 3.559602920709283302e-01 -2.236681593617609209e+00 -1.057350648669981519e+00
-6.045255901401326293e-01 -3.086996737489759113e+00 1.438897115140729932e+00 3.578033667399643236e-01 -2.227060598183923101e+00 -1.048728768731798766e+00
-6.092158522610636728e-01 -3.058537944828221278e+00 1.436872461428911452e+00 3.596126169062040523e-01 -2.217494831961884572e+00 -1.040034130823892511e+00
-6.138622112806951803e-01 -3.030006140118496560e+00 1.434828835621817955e+00 3.613878737531766583e-01 -2.207983850997980113e+00 -1.031267067193528231e+00
-6.184636335580947497e-01 -3.001403235946502157e+00 1.432766068064968090e+00 3.631289531354851552e-01 -2.198527173864367690e+00 -1.022427918414401393e+00
-6.230190908537077688e-01 -2.972731158350526037e+00 1.430683985556683968e+00 3.648356547673988759e-01 -2.189124283666381565e+00 -1.013517033250137311e+00
-6.275275605485820529e-01 -2.943991846773487797e+00 1.428582411277677711e+00 3.665077614829254649e-01 -2.179774630116100731e+00 -1.004534768516421206e+00
-6.319880258650673044e-01 -2.915187254006788908e+00 1.426461164686461114e+00 3.681450385719722829e-01 -2.170477631669084140e+00 -9.954814889418515111e-01
-6.363994760878670665e-01 -2.886319346125411744e+00 1.424320061418669958e+00 3.697472331969881565e-01 -2.161232677720795969e+00 -9.863575670275366303e-01
-6.407609067854375118e-01 -2.857390102414063104e+00 1.422158913204184305e+00 3.713140738942966590e-01 -2.152039130858957261e+00 -9.771633829054883202e-01
-6.450713200321048779e-01 -2.828401515284266754e+00 1.419977527771773440e+00 3.728452701640967981e-01 -2.142896329167588210e+00 -9.678993241958776528e-01
-6.493297246303915138e-01 -2.799355590182175835e+00 1.417775708739899665e+00 3.743405121528610713e-01 -2.133803588578145227e+00 -9.585657858631962958e-01
-6.535351363329833241e-01 -2.770254345486831138e+00 1.415553255527636667e+00 3.757994704316917067e-01 -2.124760205262976598e+00 -9.491631700713755171e-01
-6.576865780647751514e-01 -2.741099812398864355e+00 1.413309963236310640e+00 3.772217958737544286e-01 -2.115765458065672178e+00 -9.396918860379201988e-01
-6.617830801439797961e-01 -2.711894034819429145e+00 1.411045622531942323e+00 3.786071196336746603e-01 -2.106818610962726268e+00 -9.301523498870897244e-01
-6.658236805021295890e-01 -2.682639069219214800e+00 1.408760019543462194e+00 3.799550532314658891e-01 -2.097918915550624597e+00 -9.205449845021979050e-01
-6.698074249032768268e-01 -2.653336984497603357e+00 1.406452935741454802e+00 3.812651887430267283e-01 -2.089065613551917444e+00 -9.108702193770716882e-01
-6.737333671616277941e-01 -2.623989861831838244e+00 1.404124147799338029e+00 3.825370990989838127e-01 -2.080257939333766792e+00 -9.011284904667430373e-01
-6.776005693569145949e-01 -2.594599794516114777e+00 1.401773427398700145e+00 3.837703384932395489e-01 -2.071495122432165825e+00 -8.913202400373966272e-01
-6.814081020456834725e-01 -2.565168887790453489e+00 1.399400541057743474e+00 3.849644429019628555e-01 -2.062776390074550825e+00 -8.814459165156691700e-01
-6.851550444689809005e-01 -2.535699258659524169e+00 1.397005249896619672e+00 3.861189307134517690e-01 -2.054100969693512191e+00 -8.715059743373333445e-01
-6.888404847543940779e-01 -2.506193035701273608e+00 1.394587309405505016e+00 3.872333034688468789e-01 -2.045468091424160306e+00 -8.615008737954273910e-01
-6.924635201123563455e-01 -2.476652358865579551e+00 1.392146469284673671e+00 3.883070467129439707e-01 -2.036876990577235258e+00 -8.514310808879057557e-01
-6.960232570286752907e-01 -2.447079379263387811e+00 1.389682473477255265e+00 3.893396309540024247e-01 -2.028326910080154200e+00 -8.412970671648702936e-01
-6.995188114588724027e-01 -2.417476258947214518e+00 1.387195060615730835e+00 3.903305127309432687e-01 -2.019817102878108450e+00 -8.310993095754566351e-01
-7.029493090365172003e-01 -2.387845170684612217e+00 1.384683965085742319e+00 3.912791357857328123e-01 -2.011346834287198959e+00 -8.208382903144266773e-01
-7.063138853138376527e-01 -2.358188297726699023e+00 1.382148918825277573e+00 3.921849323382869401e-01 -2.002915384291660494e+00 -8.105144966685604579e-01
-7.096116860563290718e-01 -2.328507833584017028e+00 1.379589643885601680e+00 3.930473244362114871e-01 -1.994522049749339443e+00 -8.001284208629615424e-01
-7.128418673173391173e-01 -2.298805981759756811e+00 1.377005854184594869e+00 3.938657254233331462e-01 -1.986166146554072531e+00 -7.896805599072971305e-01
-7.160035955644588057e-01 -2.269084955482441934e+00 1.374397256511867393e+00 3.946395414994695039e-01 -1.977847011718603554e+00 -7.791714154420912308e-01
-7.190960478357495411e-01 -2.239346977435499930e+00 1.371763550907344253e+00 3.953681733665713183e-01 -1.969564005370377346e+00 -7.686014935851303020e-01
-7.221184119072855401e-01 -2.209594279481732926e+00 1.369104430703253161e+00 3.960510179561282929e-01 -1.961316512653036748e+00 -7.579713047780748392e-01
-7.250698864620501727e-01 -2.179829102381977801e+00 1.366419582308479486e+00 3.966874702320180579e-01 -1.953103945526428298e+00 -7.472813636333803800e-01
-7.279496812525432237e-01 -2.150053695507621043e+00 1.363708684910246216e+00 3.972769250626635995e-01 -1.944925744458395833e+00 -7.365321887816218549e-01
-7.307570172546674625e-01 -2.120270316547312017e+00 1.360971410174636187e+00 3.978187791559353870e-01 -1.936781380001930897e+00 -7.257243027193184259e-01
-7.334911268128829764e-01 -2.090481231208454638e+00 1.358207421970914819e+00 3.983124330498347687e-01 -1.928670354251678098e+00 -7.148582316573667272e-01
-7.361512537774144160e-01 -2.060688712914171550e+00 1.355416376103906417e+00 3.987572931517068264e-01 -1.920592202174271179e+00 -7.039345053701814292e-01
-7.387366536338439982e-01 -2.030895042496414504e+00 1.352597920077334148e+00 3.991527738183692775e-01 -1.912546492807367660e+00 -6.929536570456584776e-01
-7.412465936261464217e-01 -2.001102507885889281e+00 1.349751692890503785e+00 3.994982994692619083e-01 -1.904532830322803294e+00 -6.819162231360852422e-01
-7.436803528743231029e-01 -1.971313403799578978e+00 1.346877324776273532e+00 3.997933067245423300e-01 -1.896550854949816678e+00 -6.708227432100890564e-01
-7.460372224850784217e-01 -1.941530031426317304e+00 1.343974436934486816e+00 4.000372465598107108e-01 -1.888600243754840813e+00 -6.596737598057657026e-01
-7.483165056556173589e-01 -1.911754698111058914e+00 1.341042641311521733e+00 4.002295864690887384e-01 -1.880680711275023453e+00 -6.484698182850777703e-01
-7.505175177722006596e-01 -1.881989717038609289e+00 1.338081540353637466e+00 4.003698126274939373e-01 -1.872792010003153207e+00 -6.372114666896703250e-01
-7.526395865029487098e-01 -1.852237406917359941e+00 1.335090726660167482e+00 4.004574320450572933e-01 -1.864933930722372235e+00 -6.258992555981935935e-01
-7.546820518822207058e-01 -1.822500091663475708e+00 1.332069782576304595e+00 4.004919747030071253e-01 -1.857106302689552679e+00 -6.145337379852890969e-01
-7.566442663595004392e-01 -1.792780099924069948e+00 1.329018280001065921e+00 4.004729959226027702e-01 -1.849308993904339227e+00 -6.031154688848904266e-01
-7.585255948688696126e-01 -1.763079764769666546e+00 1.325935780131760611e+00 4.004000784243529343e-01 -1.841541910959640260e+00 -5.916450052588045905e-01
-7.603254148939880830e-01 -1.733401423389112850e+00 1.322821833167975081e+00 4.002728343438986536e-01 -1.833804998743032266e+00 -5.801229058671573124e-01
-7.620431165278139796e-01 -1.703747416787416480e+00 1.319675978006193295e+00 4.000909071964938168e-01 -1.826098239990673555e+00 -5.685497311408242993e-01
-7.636781025272325607e-01 -1.674120089487030949e+00 1.316497741914228747e+00 3.998539737820643869e-01 -1.818421654695830947e+00 -5.569260430559732633e-01
-7.652297883624979979e-01 -1.644521789233123865e+00 1.313286640176145603e+00 3.995617460230190821e-01 -1.810775299374672187e+00 -5.452524050108277232e-01
-7.666976022611156072e-01 -1.614954866703263825e+00 1.310042175751461979e+00 3.992139727273810723e-01 -1.803159266192697174e+00 -5.335293817047543907e-01
-7.680809852471266463e-01 -1.585421675222043802e+00 1.306763838880578010e+00 3.988104412700552714e-01 -1.795573681955680900e+00 -5.217575390198068153e-01
-7.693793911747724978e-01 -1.555924570481029612e+00 1.303451106745263433e+00 3.983509791852775650e-01 -1.788018706969486393e+00 -5.099374439048199870e-01
-7.705922867587565728e-01 -1.526465910264542813e+00 1.300103443059732022e+00 3.978354556637392903e-01 -1.780494533773689492e+00 -4.980696642621609826e-01
-7.717191515996713047e-01 -1.497048054181604471e+00 1.296720297685307610e+00 3.972637829481731608e-01 -1.773001385754377601e+00 -4.861547688372379605e-01
-7.727594782059237222e-01 -1.467673363404461639e+00 1.293301106211042661e+00 3.966359176216612270e-01 -1.765539515641998847e+00 -4.741933271108587644e-01
-7.737127720118153196e-01 -1.438344200413979479e+00 1.289845289534682138e+00 3.959518617832502030e-01 -1.758109203900514173e+00 -4.621859091945399456e-01
-7.745785513924746679e-01 -1.409062928752248034e+00 1.286352253429080994e+00 3.952116641059404412e-01 -1.750710757014523056e+00 -4.501330857288279308e-01
-7.753563476759216533e-01 -1.379831912782675474e+00 1.282821388068520196e+00 3.944154207724951955e-01 -1.743344505681349466e+00 -4.380354277847347544e-01
-7.760457051518088178e-01 -1.350653517457777397e+00 1.279252067572186569e+00 3.935632762850628796e-01 -1.736010802915470830e+00 -4.258935067683377040e-01
-7.766461810781126740e-01 -1.321530108094957079e+00 1.275643649517434142e+00 3.926554241449725646e-01 -1.728710022072875940e+00 -4.137078943286278121e-01
-7.771573456856469830e-01 -1.292464050160433864e+00 1.271995474428748274e+00 3.916921073995600633e-01 -1.721442554803247260e+00 -4.014791622686508243e-01
-7.775787821804936994e-01 -1.263457709061494683e+00 1.268306865237659897e+00 3.906736190534179087e-01 -1.714208808938073147e+00 -3.892078824600029296e-01
-7.779100867443268230e-01 -1.234513449947227670e+00 1.264577126754055980e+00 3.896003023418027622e-01 -1.707009206322944950e+00 -3.768946267607271583e-01
-7.781508685337985565e-01 -1.205633637517862233e+00 1.260805545102697822e+00 3.884725508645321401e-01 -1.699844180602476440e+00 -3.645399669366387041e-01
-7.783007496788419965e-01 -1.176820635842807938e+00 1.256991387119999359e+00 3.872908085791360033e-01 -1.692714174966392537e+00 -3.521444745861115888e-01
-7.783593652796443330e-01 -1.148076808187505016e+00 1.253133899754212077e+00 3.860555696525141411e-01 -1.685619639865403308e+00 -3.397087210683568115e-01
-7.783263634033056322e-01 -1.119404516849137110e+00 1.249232309431213661e+00 3.847673781707435237e-01 -1.678561030705516544e+00 -3.272332774352093021e-01
-7.782014050801204785e-01 -1.090806123001253347e+00 1.245285821409377602e+00 3.834268277072233055e-01 -1.671538805529489080e+00 -3.147187143664232911e-01
-7.779841643001521589e-01 -1.062283986547324588e+00 1.241293619085370059e+00 3.820345607498300544e-01 -1.664553422694100560e+00 -3.021656021084723198e-01
-7.776743280096853894e-01 -1.033840465983259627e+00 1.237254863286646689e+00 3.805912679880887883e-01 -1.657605338551860097e+00 -2.895745104168738759e-01
-7.772715961082007352e-01 -1.005477918268857351e+00 1.233168691532145589e+00 3.790976874619325088e-01 -1.650695005145724981e+00 -2.769460085019855855e-01
-7.767756814460348158e-01 -9.771986987082108556e-01 1.229034217263936357e+00 3.775546035739411055e-01 -1.643822867925267550e+00 -2.642806649782904471e-01
-7.761863098229909719e-01 -9.490051608390261961e-01 1.224850529042906810e+00 3.759628459674670409e-01 -1.636989363492648897e+00 -2.515790478171207045e-01
-7.755032199880081967e-01 -9.208996563308309291e-01 1.220616689705317892e+00 3.743232882733517064e-01 -1.630194917386562636e+00 -2.388417243027931569e-01
-7.747261636399551676e-01 -8.928845348920377845e-01 1.216331735531079428e+00 3.726368467284236763e-01 -1.623439941912171669e+00 -2.260692609921066409e-01
-7.738549054310726039e-01 -8.649621441857622273e-01 1.211994675327820126e+00 3.709044786693042051e-01 -1.616724834024858115e+00 -2.132622236771611612e-01
-7.728892229719515061e-01 -8.371348297543903527e-01 1.207604489488490973e+00 3.691271809054523789e-01 -1.610049973275385238e+00 -2.004211773514454342e-01
-7.718289068385881802e-01 -8.094049349528091852e-01 1.203160128997295741e+00 3.673059879756871426e-01 -1.603415719823832353e+00 -1.875466861791256767e-01
-7.706737605814234504e-01 -7.817748008902691836e-01 1.198660514418010692e+00 3.654419702927191871e-01 -1.596822412529404378e+00 -1.746393134674685821e-01
-7.694236007372624586e-01 -7.542467663807750355e-01 1.194104534851866406e+00 3.635362321806063224e-01 -1.590270367122949002e+00 -1.616996216423516042e-01
-7.680782568446439251e-01 -7.268231679018892777e-01 1.189491046809759922e+00 3.615899098103580456e-01 -1.583759874468749551e+00 -1.487281722267499995e-01
-7.666375714618155479e-01 -6.995063395619718349e-01 1.184818873083609780e+00 3.596041690391552637e-01 -1.577291198921813908e+00 -1.357255258221445882e-01
-7.651014001888176708e-01 -6.722986130756769541e-01 1.180086801541416985e+00 3.575802031589322416e-01 -1.570864576786599187e+00 -1.226922420927505086e-01
-7.634696116931889431e-01 -6.452023177476844396e-01 1.175293583836167333e+00 3.555192305603043779e-01 -1.564480214882763676e+00 -1.096288797524869185e-01
-7.617420877386250622e-01 -6.182197804646403227e-01 1.170437934090771348e+00 3.534224923180501188e-01 -1.558138289223204076e+00 -9.653599655458973416e-02
-7.599187232177000428e-01 -5.913533256952145933e-01 1.165518527440236651e+00 3.512912497046324356e-01 -1.551838943809282778e+00 -8.341414928377641202e-02
-7.579994261866102034e-01 -5.646052754983506006e-01 1.160533998477978779e+00 3.491267816383076816e-01 -1.545582289547796861e+00 -7.026389375085738409e-02
-7.559841179013448986e-01 -5.379779495397842837e-01 1.155482939577405999e+00 3.469303820726978294e-01 -1.539368403293860599e+00 -5.708578478970641884e-02
-7.538727328540265615e-01 -5.114736651169575765e-01 1.150363899106313426e+00 3.447033573346965363e-01 -1.533197327023509526e+00 -4.388037625647367435e-02
-7.516652188088039921e-01 -4.850947371924529961e-01 1.145175379694774342e+00 3.424470234178412231e-01 -1.527069067139456671e+00 -3.064822103094278979e-02
-7.493615368410876387e-01 -4.588434784357184881e-01 1.139915836707679597e+00 3.401627032383462423e-01 -1.520983593913037613e+00 -1.738987101993728912e-02
-7.469616613878927724e-01 -4.327221992723853106e-01 1.134583677312847261e+00 3.378517238610844742e-01 -1.514940841064995158e+00 -4.105877162661683566e-03
-7.444655803271011951e-01 -4.067332079392578237e-01 1.129177260638120739e+00 3.355154137029122130e-01 -1.508940705487387124e+00 9.203210562136196829e-03
-7.418732951156856714e-01 -3.808788105413931646e-01 1.123694899375484280e+00 3.331550997207602949e-01 -1.502983047108476633e+00 2.253684312727670391e-02
-7.391848210249710727e-01 -3.551613111059168659e-01 1.118134862700430165e+00 3.307721045919663205e-01 -1.497067688902096627e+00 3.589447244664909636e-02
-7.364001875058420188e-01 -3.295830116267586263e-01 1.112495379171952736e+00 3.283677438943821136e-01 -1.491194417042580156e+00 4.927555136318547552e-02
-7.335194386808017164e-01 -3.041462120977200811e-01 1.106774635957837205e+00 3.259433232937485880e-01 -1.485362981205958555e+00 6.267953363543783685e-02
-7.305426338661727970e-01 -2.788532105426311247e-01 1.100970767561802566e+00 3.235001357458522353e-01 -1.479573095017738815e+00 7.610587392283708896e-02
-7.274698478585459593e-01 -2.537063030753641257e-01 1.095081823527039422e+00 3.210394587208578732e-01 -1.473824436647204639e+00 8.955402776974330514e-02
-7.243011704666489914e-01 -2.287077840633076065e-01 1.089105702868395920e+00 3.185625514573125483e-01 -1.468116649547783314e+00 1.030234515883829000e-01
-7.210367030316214843e-01 -2.038599524090205506e-01 1.083040218108733965e+00 3.160706267665923663e-01 -1.462449342742252245e+00 1.165136026179906942e-01
-7.176765582631862150e-01 -1.791651117298913576e-01 1.076883123521976238e+00 3.135648499284039992e-01 -1.456822092993450557e+00 1.300239388849405986e-01
-7.142208608563239691e-01 -1.546255704467505154e-01 1.070632121090302036e+00 3.110463376653399559e-01 -1.451234447021334084e+00 1.435539191638306455e-01
-7.106697483232939927e-01 -1.302436418409520513e-01 1.064284855491516968e+00 3.085161571984857409e-01 -1.445685923763490255e+00 1.571030029395078242e-01
-7.070233717724597744e-01 -1.060216441134889109e-01 1.057838905393765572e+00 3.059753253859710531e-01 -1.440176016676135262e+00 1.706706503700007871e-01
-7.032818965515933440e-01 -8.196190046016926800e-02 1.051291774836512927e+00 3.034248079462389946e-01 -1.434704196072539073e+00 1.842563222503262599e-01
-6.994455027673549541e-01 -5.806673916505733501e-02 1.044640886057129903e+00 3.008655187676206322e-01 -1.429269911495773204e+00 1.978594799771585255e-01
-6.955143857247592099e-01 -3.433849370904518139e-02 1.037883573824065708e+00 2.982983193058301730e-01 -1.423872594122556290e+00 2.114795855143070669e-01
-6.914887563303131479e-01 -1.077950288916351695e-02 1.031017080816187592e+00 2.957240180707073618e-01 -1.418511659194963581e+00 2.251161013589812188e-01
-6.873688414901526489e-01 1.260788905501186719e-02 1.024038553562457210e+00 2.931433702035370348e-01 -1.413186508476670600e+00 2.387684905088102161e-01
-6.831548845221541155e-01 3.582133231030582010e-02 1.016945038497881315e+00 2.905570771460553314e-01 -1.407896532730360306e+00 2.524362164295836375e-01
-6.788471455902225227e-01 5.885847135535016150e-02 1.009733477899676934e+00 2.879657864021731850e-01 -1.402641114212868967e+00 2.661187430236713336e-01
-6.744459021635279550e-01 8.171694482278102356e-02 1.002400705604448605e+00 2.853700913932653571e-01 -1.397419629184614376e+00 2.798155345990955278e-01
-6.699514495014642357e-01 1.043943853582414150e-01 9.949434424032976843e-01 2.827705314078204912e-01 -1.392231450429782136e+00 2.935260558392062125e-01
-6.653641011631077351e-01 1.268884194758106432e-01 9.873582911467450041e-01 2.801675916459905880e-01 -1.387075949783753259e+00 3.072497717729267830e-01
-6.606841895411679211e-01 1.491966674096083523e-01 9.796417315620652433e-01 2.775617033595457750e-01 -1.381952500664187955e+00 3.209861477455207557e-01
-6.559120664209135976e-01 1.713167429614026460e-01 9.717901147774665738e-01 2.749532440875507300e-01 -1.376860480602189352e+00 3.347346493898538111e-01
-6.510481035648761905e-01 1.932462533440544306e-01 9.637996575337411942e-01 2.723425379879101382e-01 -1.371799273769948702e+00 3.484947425981015923e-01
-6.460926933241724068e-01 2.149827990206283346e-01 9.556664361225578608e-01 2.697298562648230980e-01 -1.366768273501261621e+00 3.622658934938591258e-01
-6.410462492786151989e-01 2.365239735392483666e-01 9.473863800027547688e-01 2.671154176920335632e-01 -1.361766884801299593e+00 3.760475684046071243e-01
-6.359092069071788922e-01 2.578673633636805462e-01 9.389552650819844581e-01 2.644993892316327422e-01 -1.356794526842019621e+00 3.898392338345035846e-01
-6.306820242906265861e-01 2.790105476996371792e-01 9.303687066317058996e-01 2.618818867479709711e-01 -1.351850635439630466e+00 4.036403564374436148e-01
-6.253651828479660502e-01 2.999510983167654743e-01 9.216221518493411535e-01 2.592629758161643094e-01 -1.346934665510510332e+00 4.174504029903545188e-01
-6.199591881092575418e-01 3.206865793664839259e-01 9.127108720280103782e-01 2.566426726244637191e-01 -1.342046093502034410e+00 4.312688403666766201e-01
-6.144645705270420644e-01 3.412145471957748200e-01 9.036299542959186359e-01 2.540209449696509969e-01 -1.337184419794771983e+00 4.450951355099880824e-01
-6.088818863285000438e-01 3.615325501569941480e-01 8.943742929211231374e-01 2.513977133444850742e-01 -1.332349171072548799e+00 4.589287554077222109e-01
-6.032117184110369346e-01 3.816381284139005459e-01 8.849385801550068154e-01 2.487728521160577078e-01 -1.327539902656930781e+00 4.727691670649434852e-01
-5.974546772841317077e-01 4.015288137441510585e-01 8.753172965802877847e-01 2.461461907938084503e-01 -1.322756200802698512e+00 4.866158374781293650e-01
-5.916114020603211454e-01 4.212021293385310727e-01 8.655047009098439936e-01 2.435175153857822572e-01 -1.317997684950965365e+00 5.004682336089210093e-01
-5.856825614979109806e-01 4.406555895970969416e-01 8.554948192725494449e-01 2.408865698415663670e-01 -1.313264009936649046e+00 5.143258223577917843e-01
-5.796688550995394706e-01 4.598866999228450325e-01 8.452814339197700644e-01 2.382530575802163653e-01 -1.308554868147071115e+00 5.281880705375990859e-01
-5.735710142702378223e-01 4.788929565134285582e-01 8.348580713036145573e-01 2.356166431013868023e-01 -1.303869991628512359e+00 5.420544448469698517e-01
-5.673898035385822602e-01 4.976718461514346714e-01 8.242179894898762349e-01 2.329769536777148153e-01 -1.299209154137642930e+00 5.559244118434787385e-01
-5.611260218447818859e-01 5.162208459938160132e-01 8.133541649230808801e-01 2.303335811263931832e-01 -1.294572173134826976e+00 5.697974379165816616e-01
-5.547805039008543160e-01 5.345374233615203252e-01 8.022592784558795209e-01 2.276860836577061509e-01 -1.289958911716414303e+00 5.836729892602608993e-01
-5.483541216273994934e-01 5.526190355301965340e-01 7.909257005922148975e-01 2.250339877982252823e-01 -1.285369280483207532e+00 5.975505318453460113e-01
-5.418477856716471530e-01 5.704631295229418697e-01 7.793454759159615941e-01 2.223767903862485518e-01 -1.280803239342380273e+00 6.114295313914627217e-01
-5.352624470120977973e-01 5.880671419062846184e-01 7.675103066602063651e-01 2.197139606369259424e-01 -1.276260799240254595e+00 6.253094533385811227e-01
-5.285990986554514048e-01 6.054284985907907313e-01 7.554115353288058943e-01 2.170449422744311907e-01 -1.271742023823445145e+00 6.391897628181233415e-01
-5.218587774312348770e-01 6.225446146376327761e-01 7.430401264033744679e-01 2.143691557284107818e-01 -1.267247031026001558e+00 6.530699246235897037e-01
-5.150425658914463689e-01 6.394128940732191069e-01 7.303866471315135778e-01 2.116860003918944466e-01 -1.262775994580283001e+00 6.669494031806803003e-01
-5.081515943237563393e-01 6.560307297146401595e-01 7.174412474806735052e-01 2.089948569376612886e-01 -1.258329145449480713e+00 6.808276625168691032e-01
-5.011870428894154017e-01 6.723955030100494668e-01 7.041936394534409338e-01 2.062950896900932474e-01 -1.253906773179754186e+00 6.947041662304034304e-01
-4.941501439012249697e-01 6.885045839003325341e-01 6.906330760016475834e-01 2.035860490493610064e-01 -1.249509227170154446e+00 7.085783774586992267e-01
-4.870421842612396301e-01 7.043553307110830275e-01 6.767483297661979202e-01 2.008670739647364922e-01 -1.245136917858645109e+00 7.224497588461029629e-01
-4.798645080813016550e-01 7.199450900865578262e-01 6.625276715361718693e-01 1.981374944538083216e-01 -1.240790317822612288e+00 7.363177725109920635e-01
-4.726185195069807499e-01 7.352711969772789402e-01 6.479588476100434091e-01 1.953966341642431048e-01 -1.236469962792481780e+00 7.501818800121883291e-01
-4.653056857519549117e-01 7.503309746872108832e-01 6.330290538988857518e-01 1.926438129746811112e-01 -1.232176452577203207e+00 7.640415423146630358e-01
-4.579275403176643611e-01 7.651217349696288750e-01 6.177249026234913343e-01 1.898783496313394825e-01 -1.227910451900494859e+00 7.778962197545126189e-01
-4.504856863164031777e-01 7.796407781275620508e-01 6.020323752285882124e-01 1.870995644168368943e-01 -1.223672691146902025e+00 7.917453720031832898e-01
-4.429817997372207938e-01 7.938853930231228873e-01 5.859367538916879781e-01 1.843067818476947228e-01 -1.219463967016923611e+00 8.055884580309243814e-01
-4.354176330449530119e-01 8.078528513829077440e-01 5.694226323806003132e-01 1.814993450136810904e-01 -1.215285125883895478e+00 8.194249360867372767e-01
-4.277950191256101875e-01 8.215404080709776125e-01 5.524739044700933688e-01 1.786766183833208566e-01 -1.211137062599607628e+00 8.332542636785991164e-01
-4.201158757828608592e-01 8.349453016015662143e-01 5.350737376511466303e-01 1.758379905312185687e-01 -1.207020719182191115e+00 8.470758975539737223e-01
-4.123822105988063091e-01 8.480647548082513865e-01 5.172045389547423877e-01 1.729828767945346957e-01 -1.202937083378515570e+00 8.608892936678369523e-01
-4.045961260695671302e-01 8.608959756410365927e-01 4.988479175761659778e-01 1.701107218267347843e-01 -1.198887187132351428e+00 8.746939071641968155e-01
-3.967598250128434589e-01 8.734361580881619957e-01 4.799846468919050646e-01 1.672210020578050738e-01 -1.194872104951156810e+00 8.884891923580241491e-01
-3.888756162746578871e-01 8.856824832414842419e-01 4.605946269965498496e-01 1.643132280563682490e-01 -1.190892952177498465e+00 9.022746027176202777e-01
-3.809459207744197440e-01 8.976321205331725395e-01 4.406568481789992497e-01 1.613869467894327170e-01 -1.186950883171393745e+00 9.160495908474590721e-01
-3.729732779285843125e-01 9.092822291752575836e-01 4.201493554728859547e-01 1.584417437758590674e-01 -1.183047089410070196e+00 9.298136084715393768e-01
-3.649603524900777440e-01 9.206299598350513591e-01 3.990492143952577564e-01 1.554772451299376024e-01 -1.179182797511912906e+00 9.435661064172827794e-01
-3.569099418369753862e-01 9.316724565803928826e-01 3.773324781747033896e-01 1.524931194917874266e-01 -1.175359267191629975e+00 9.573065346000113607e-01
-3.488249837419412636e-01 9.424068591306786757e-01 3.549741569286183895e-01 1.494890798416600997e-01 -1.171577789153867233e+00 9.710343420080377319e-01
-3.407085646529537937e-01 9.528303054522266891e-01 3.319481894672138278e-01 1.464648851955500930e-01 -1.167839682932765299e+00 9.847489766883954498e-01
-3.325639285160958969e-01 9.629399347401816911e-01 3.082274186150633088e-01 1.434203421799141731e-01 -1.164146294685131533e+00 9.984498857332411159e-01
-3.243944861722322659e-01 9.727328908337193880e-01 2.837835710967703817e-01 1.403553064836433606e-01 -1.160498994945142748e+00 1.012136515266951031e+00
-3.162038253602088567e-01 9.822063261161098069e-01 2.585872432666403986e-01 1.372696841858176420e-01 -1.156899176348695768e+00 1.025808310433936388e+00
-3.079957213603617960e-01 9.913574059567746843e-01 2.326078941938513889e-01 1.341634329581402330e-01 -1.153348251335752028e+00 1.039464715387194094e+00
-2.997741483131541318e-01 1.000183313758559400e+00 2.058138478917125869e-01 1.310365631413760168e-01 -1.149847649839185859e+00 1.053105173277609552e+00
-2.915432912488807871e-01 1.008681256680214133e+00 1.781723067479006051e-01 1.278891386954767728e-01 -1.146398816968894785e+00 1.066729126244022607e+00
-2.833075588650073029e-01 1.016848472111183455e+00 1.496493785489160788e-01 1.247212780234656371e-01 -1.143003210700190841e+00 1.080336015404059991e+00
-2.750715970882778305e-01 1.024682234983445461e+00 1.202101197439779945e-01 1.215331546695804787e-01 -1.139662299575686433e+00 1.093925280845736037e+00
-2.668403034582537137e-01 1.032179866012180369e+00 8.981859780257539505e-02 1.183249978925685897e-01 -1.136377560430165801e+00 1.107496361619816794e+00
-2.586188423672081127e-01 1.039338740962681307e+00 5.843797553673280715e-02 1.150970931154198518e-01 -1.133150476148258701e+00 1.121048695732934863e+00
-2.504126611875079345e-01 1.046156301043081882e+00 2.603062000110912405e-02 1.118497822532658614e-01 -1.129982533465014871e+00 1.134581720141437211e+00
-2.422275073112307719e-01 1.052630064518677244e+00 -7.441761852759409823e-03 1.085834639215511599e-01 -1.126875220819925971e+00 1.148094870745937524e+00
-2.340694461191613618e-01 1.058757639633073566e+00 -4.201795911931489186e-02 1.052985935270204787e-01 -1.123830026275359106e+00 1.161587582386541140e+00
-2.259448798899965638e-01 1.064536738905440316e+00 -7.773706281221040570e-02 1.019956832444644246e-01 -1.120848435510965135e+00 1.175059288838696148e+00
-2.178605676615035791e-01 1.069965194860931668e+00 -1.146382383688478862e-01 9.867530188263325119e-02 -1.117931929906180955e+00 1.188509422809619576e+00
-2.098236460718153062e-01 1.075040977263795661e+00 -1.527604565702139761e-01 9.533807464313097391e-02 -1.115081984723803377e+00 1.201937415935230735e+00
-2.018416512489921433e-01 1.079762211996516896e+00 -1.921421645650640275e-01 9.198468277653527869e-02 -1.112300067408603876e+00 1.215342698777516661e+00
-1.939225418813763924e-01 1.084127201913332783e+00 -2.328208620582753463e-01 8.861586314045075130e-02 -1.109587636016121870e+00 1.228724700822235283e+00
-1.860747236751477407e-01 1.088134450340927373e+00 -2.748325261971884537e-01 8.523240766465946250e-02 -1.106946137788299200e+00 1.242082850476850631e+00
-1.783070754471585695e-01 1.091782688407372248e+00 -3.182108099094221876e-01 8.183516272899973854e-02 -1.104377007894511209e+00 1.255416575068573959e+00
-1.706289770442426801e-01 1.095070907940839611e+00 -3.629859410096306638e-01 7.842502846012104623e-02 -1.101881668358890121e+00 1.268725300842362236e+00
-1.630503390628907923e-01 1.097998401958500736e+00 -4.091833065230842670e-01 7.500295795373984609e-02 -1.099461527197965971e+00 1.282008452958703248e+00
-1.555816339903509926e-01 1.100564814105070788e+00 -4.568218665177844473e-01 7.156995642959496085e-02 -1.097117977796493893e+00 1.295265455490985262e+00
-1.482339281557908395e-01 1.102770195794584573e+00 -5.059128557555524486e-01 6.812708032684842985e-02 -1.094852398554496009e+00 1.308495731422213648e+00
-1.410189144257927019e-01 1.104615064122578261e+00 -5.564597129384660779e-01 6.467543634470269975e-02 -1.092666152851973216e+00 1.321698702640776713e+00
-1.339489480751616668e-01 1.106100444328740551e+00 -6.084608028553678549e-01 6.121618044503980560e-02 -1.090560589365646038e+00 1.334873789934943433e+00
-1.270370938533236793e-01 1.107227868690438655e+00 -6.619169061488302530e-01 5.775051682246129525e-02 -1.088537042805751920e+00 1.348020412985684979e+00
-1.202972012534500451e-01 1.107999294816281122e+00 -7.168451501249614166e-01 5.427969685206368577e-02 -1.086596835149872486e+00 1.361137990357325744e+00
-1.137440335061007946e-01 1.108416911311439712e+00 -7.732989846604447770e-01 5.080501802591429195e-02 -1.084741277473628696e+00 1.374225939485408166e+00
-1.073934719705682272e-01 1.108482835850614912e+00 -8.313886066933036112e-01 4.732782288968384599e-02 -1.082971672510578909e+00 1.387283676660997278e+00
-1.012627765074103486e-01 1.108198801278490464e+00 -8.912865950148787242e-01 4.384949799101983681e-02 -1.081289318120932208e+00 1.400310617010424252e+00
-9.537076500138606805e-02 1.107566082470588853e+00 -9.531892934878151147e-01 4.037147285055599222e-02 -1.079695511919234630e+00 1.413306174469149301e+00
-8.973753889017190011e-02 1.106586120987899768e+00 -1.017188810413181210e+00 3.689521896397691958e-02 -1.078191557419495350e+00 1.426269761747950948e+00
-8.438301818990046055e-02 1.105262469756432608e+00 -1.083002994228341898e+00 3.342224883713275363e-02 -1.076778772227640069e+00 1.439200790288911458e+00
-7.932317457160274754e-02 1.103604623643710703e+00 -1.149531154644446662e+00 2.995411504088858062e-02 -1.075458499090416353e+00 1.452098670207484288e+00
-7.456287311798157069e-02 1.101633765599784986e+00 -1.214283535158668492e+00 2.649240923622887128e-02 -1.074232121071520663e+00 1.464962810214888833e+00
-7.008560219864717888e-02 1.099389251386353905e+00 -1.272912545992505029e+00 2.303876103306130851e-02 -1.073101082850114185e+00 1.477792617511358930e+00
-6.584474211026543344e-02 1.096932970522770390e+00 -1.319384175216664845e+00 1.959483633775677830e-02 -1.072066920793210976e+00 1.490587497633588221e+00
-6.177025631151017437e-02 1.094347501318389426e+00 -1.347751636254161944e+00 1.616233453050482799e-02 -1.071131299698425465e+00 1.503346854227190388e+00
