-1.089437610086850389e-01 9.254320875657748857e-01 -1.396460598657008001e+00 2.859559118500028946e-02 -8.989172643372947968e-01 1.598565318768117693e+00
-1.089437610086850389e-01 9.254320875657748857e-01 -1.396460598657008001e+00 2.859559118500028946e-02 -8.989172643372947968e-01 1.598565318768117693e+00
-1.089382450993846146e-01 9.253971505178248957e-01 -1.396620364391532254e+00 2.859654823791185976e-02 -8.989529594099749943e-01 1.598558510940116806e+00
-1.089272189721070261e-01 9.253273337409083643e-01 -1.396932642616617981e+00 2.859846268370282163e-02 -8.990243150501141534e-01 1.598544953565663063e+00
-1.089107045891856279e-01 9.252226922108890417e-01 -1.397390347630838470e+00 2.860133413510406938e-02 -8.991312967123961108e-01 1.598524704778358840e+00
-1.088887391478575023e-01 9.250832787410292468e-01 -1.397986561004907591e+00 2.860516148717570303e-02 -8.992738698067401781e-01 1.598497822563382131e+00
-1.088613740780663836e-01 9.249091441666248414e-01 -1.398714531154386487e+00 2.860994292683242263e-02 -8.994519996936777284e-01 1.598464364757012923e+00
-1.088286740736387759e-01 9.247003375317590645e-01 -1.399567672762873416e+00 2.861567594232863540e-02 -8.996656516797750802e-01 1.598424389046161131e+00
-1.087907161562919889e-01 9.244569062763930978e-01 -1.400539566062881880e+00 2.862235733270349428e-02 -8.999147910131034545e-01 1.598377952967897642e+00
-1.087475887719302065e-01 9.241788964222115155e-01 -1.401623955981435188e+00 2.862998321718624936e-02 -9.001993828787558938e-01 1.598325113908989126e+00
-1.086993909186845936e-01 9.238663527558313993e-01 -1.402814751157233975e+00 2.863854904456216918e-02 -9.005193923944121437e-01 1.598265929105435745e+00
-1.086462313061540286e-01 9.235193190081601999e-01 -1.404106022836074885e+00 2.864804960249933002e-02 -9.008747846059516062e-01 1.598200455642011075e+00
-1.085882275453053658e-01 9.231378380288505214e-01 -1.405492003651029220e+00 2.865847902683650930e-02 -9.012655244831146994e-01 1.598128750451805802e+00
-1.085255053684945487e-01 9.227219519549515470e-01 -1.406967086293715363e+00 2.866983081083247786e-02 -9.016915769152125115e-01 1.598050870315774086e+00
-1.084581978790727791e-01 9.222717023730004904e-01 -1.408525822082830947e+00 2.868209781437687511e-02 -9.021529067068866370e-01 1.597966871862283700e+00
-1.083864448300448646e-01 9.217871304739246874e-01 -1.410162919435937079e+00 2.869527227316290979e-02 -9.026494785739177518e-01 1.597876811566667499e+00
-1.083103919312496388e-01 9.212682772002449560e-01 -1.411873242250325067e+00 2.870934580782210852e-02 -9.031812571390839262e-01 1.597780745750779996e+00
-1.082301901845349329e-01 9.207151833851826561e-01 -1.413651808198623350e+00 2.872430943302125769e-02 -9.037482069280693420e-01 1.597678730582555051e+00
-1.081459952464013663e-01 9.201278898833700204e-01 -1.415493786944642896e+00 2.874015356652177139e-02 -9.043502923654236358e-01 1.597570822075567776e+00
-1.080579668175911806e-01 9.195064376929563688e-01 -1.417394498284791693e+00 2.875686803820160994e-02 -9.049874777705713136e-01 1.597457076088599104e+00
-1.079662680590993407e-01 9.188508680689863040e-01 -1.419349410220232643e+00 2.877444209903992633e-02 -9.056597273538730120e-01 1.597337548325202805e+00
-1.078710650340847371e-01 9.181612226279971534e-01 -1.421354136964796622e+00 2.879286443006455129e-02 -9.063670052127369425e-01 1.597212294333276938e+00
-1.077725261751595609e-01 9.174375434438548638e-01 -1.423404436893505487e+00 2.881212315126249410e-02 -9.071092753277832932e-01 1.597081369504635973e+00
-1.076708217765346837e-01 9.166798731349011797e-01 -1.425496210436408395e+00 2.883220583045351462e-02 -9.078865015590591447e-01 1.596944829074588235e+00
-1.075661235104980601e-01 9.158882549425443331e-01 -1.427625497922275555e+00 2.885309949212690878e-02 -9.086986476423055681e-01 1.596802728121514914e+00
-1.074586039677022931e-01 9.150627328014663275e-01 -1.429788477376549238e+00 2.887479062624159071e-02 -9.095456771852777900e-01 1.596655121566452618e+00
-1.073484362207361847e-01 9.142033514016628670e-01 -1.431981462277799100e+00 2.889726519698952723e-02 -9.104275536641167621e-01 1.596502064172678592e+00
-1.072357934104533894e-01 9.133101562425691711e-01 -1.434200899276784735e+00 2.892050865152265976e-02 -9.113442404197740210e-01 1.596343610545298830e+00
-1.071208483545299933e-01 9.123831936795488984e-01 -1.436443365882083212e+00 2.894450592864328264e-02 -9.122957006544895053e-01 1.596179815130839508e+00
-1.070037731777206819e-01 9.114225109630534893e-01 -1.438705568116099620e+00 2.896924146745799566e-02 -9.132818974283217761e-01 1.596010732216841532e+00
-1.068847389632818778e-01 9.104281562707781106e-01 -1.440984338145137045e+00 2.899469921599523090e-02 -9.143027936557323043e-01 1.595836415931457308e+00
-1.067639154250281386e-01 9.094001787331542630e-01 -1.443276631887069117e+00 2.902086263978638850e-02 -9.153583521022219394e-01 1.595656920243050836e+00
-1.066414705994871009e-01 9.083386284525353238e-01 -1.445579526600020426e+00 2.904771473041060578e-02 -9.164485353810216672e-01 1.595472298959801360e+00
-1.065175705576163617e-01 9.072435565164369553e-01 -1.447890218455332167e+00 2.907523801400315258e-02 -9.175733059498372146e-01 1.595282605729308578e+00
-1.063923791355452647e-01 9.061150150052028618e-01 -1.450206020097958293e+00 2.910341455972748070e-02 -9.187326261076471656e-01 1.595087894038202281e+00
-1.062660576838033721e-01 9.049530569944654879e-01 -1.452524358197312626e+00 2.913222598821087195e-02 -9.199264579915547024e-01 1.594888217211753778e+00
-1.061387648344973289e-01 9.037577365527758033e-01 -1.454842770991462642e+00 2.916165347994371243e-02 -9.211547635736943018e-01 1.594683628413491316e+00
-1.060106562858977169e-01 9.025291087347707686e-01 -1.457158905827444562e+00 2.919167778364230650e-02 -9.224175046581916115e-01 1.594474180644817496e+00
-1.058818846038980244e-01 9.012672295702441883e-01 -1.459470516700355658e+00 2.922227922457523719e-02 -9.237146428781776164e-01 1.594259926744630018e+00
-1.057525990398090754e-01 8.999721560494804429e-01 -1.461775461793761943e+00 2.925343771285321068e-02 -9.250461396928573166e-01 1.594040919388945543e+00
-1.056229453639531690e-01 8.986439461052022626e-01 -1.464071701023848870e+00 2.928513275168235022e-02 -9.264119563846329175e-01 1.593817211090525987e+00
-1.054930657145249917e-01 8.972826585914750464e-01 -1.466357293589628075e+00 2.931734344558084224e-02 -9.278120540562819762e-01 1.593588854198508153e+00
-1.053630984611880622e-01 8.958883532598993504e-01 -1.468630395531405952e+00 2.935004850855890690e-02 -9.292463936281889492e-01 1.593355900898036470e+00
-1.052331780828790336e-01 8.944610907334118455e-01 -1.470889257299616393e+00 2.938322627226197178e-02 -9.307149358356330282e-01 1.593118403209898171e+00
-1.051034350592958827e-01 8.930009324780011637e-01 -1.473132221336010739e+00 2.941685469407698261e-02 -9.322176412261279355e-01 1.592876412990161139e+00
-1.049739957755496389e-01 8.915079407726359539e-01 -1.475357719669103895e+00 2.945091136520178524e-02 -9.337544701568190053e-01 1.592629981929815974e+00
-1.048449824394645929e-01 8.899821786776820343e-01 -1.477564271525673156e+00 2.948537351867743309e-02 -9.353253827919325580e-01 1.592379161554419387e+00
-1.047165130110168929e-01 8.884237100020785372e-01 -1.479750480960010162e+00 2.952021803738336461e-02 -9.369303391002823389e-01 1.592124003223741591e+00
-1.045887011434069591e-01 8.868325992695230697e-01 -1.481915034502536921e+00 2.955542146199531192e-02 -9.385692988528286929e-01 1.591864558131416141e+00
-1.044616561352679912e-01 8.852089116839035876e-01 -1.484056698829301357e+00 2.959095999890579837e-02 -9.402422216202930283e-01 1.591600877304593098e+00
-1.043354828935188910e-01 8.835527130942002483e-01 -1.486174318453783672e+00 2.962680952810720081e-02 -9.419490667708270148e-01 1.591333011603593972e+00
-1.042102819063776831e-01 8.818640699590633014e-01 -1.488266813442355785e+00 2.966294561103709551e-02 -9.436897934677361821e-01 1.591061011721571550e+00
-1.040861492260586885e-01 8.801430493112616382e-01 -1.490333177154655742e+00 2.969934349838594320e-02 -9.454643606672592515e-01 1.590784928184170610e+00
-1.039631764606851055e-01 8.783897187221796354e-01 -1.492372474010054351e+00 2.973597813786678021e-02 -9.472727271164004259e-01 1.590504811349192860e+00
-1.038414507749568644e-01 8.766041462665260520e-01 -1.494383837281317184e+00 2.977282418194690181e-02 -9.491148513508167461e-01 1.590220711406263865e+00
-1.037210548991224640e-01 8.747864004874066346e-01 -1.496366466916485338e+00 2.980985599554135043e-02 -9.509906916927598486e-01 1.589932678376503983e+00
-1.036020671458126458e-01 8.729365503618939925e-01 -1.498319627389925301e+00 2.984704766366804568e-02 -9.529002062490722347e-01 1.589640762112200845e+00
-1.034845614343030962e-01 8.710546652672220835e-01 -1.500242645583427681e+00 2.988437299906441733e-02 -9.548433529092371641e-01 1.589345012296485837e+00
-1.033686073217831014e-01 8.691408149477121148e-01 -1.502134908698165905e+00 2.992180554976541298e-02 -9.568200893434870569e-01 1.589045478443013026e+00
-1.032542700412171777e-01 8.671950694825296679e-01 -1.503995862198254763e+00 2.995931860664261676e-02 -9.588303730009601900e-01 1.588742209895641189e+00
-1.031416105453963061e-01 8.652174992543592014e-01 -1.505825007786590009e+00 2.999688521090436086e-02 -9.608741611079144596e-01 1.588435255828118065e+00
-1.030306855567864610e-01 8.632081749190708697e-01 -1.507621901413581877e+00 3.003447816155668804e-02 -9.629514106659942119e-01 1.588124665243768385e+00
-1.029215476227920423e-01 8.611671673764440538e-01 -1.509386151319339842e+00 3.007207002282496697e-02 -9.650620784505525851e-01 1.587810486975184343e+00
-1.028142451760626214e-01 8.590945477420003362e-01 -1.511117416109802880e+00 3.010963313153595250e-02 -9.672061210090250327e-01 1.587492769683918947e+00
-1.027088225994821358e-01 8.569903873199924416e-01 -1.512815402867257353e+00 3.014713960446011379e-02 -9.693834946593578028e-01 1.587171561860182489e+00
-1.026053202954904375e-01 8.548547575775831131e-01 -1.514479865295626393e+00 3.018456134561409501e-02 -9.715941554884901521e-01 1.586846911822541228e+00
-1.025037747593979393e-01 8.526877301202397952e-01 -1.516110601900867660e+00 3.022187005352306235e-02 -9.738380593508889627e-01 1.586518867717620074e+00
-1.024042186563648704e-01 8.504893766683664369e-01 -1.517707454206759454e+00 3.025903722844276375e-02 -9.761151618671370933e-01 1.586187477519806821e+00
-1.023066809017276618e-01 8.482597690351810771e-01 -1.519270305006312771e+00 3.029603417954112102e-02 -9.784254184225741335e-01 1.585852789030960830e+00
-1.022111867443657729e-01 8.459989791058458719e-01 -1.520799076648996939e+00 3.033283203203912190e-02 -9.807687841659902261e-01 1.585514849880123034e+00
-1.021177578528129626e-01 8.437070788178457903e-01 -1.522293729363924264e+00 3.036940173431088713e-02 -9.831452140083731805e-01 1.585173707523229503e+00
-1.020264124038279124e-01 8.413841401426105371e-01 -1.523754259619093165e+00 3.040571406494266271e-02 -9.855546626217103201e-01 1.584829409242828335e+00
-1.019371651731496714e-01 8.390302350683648269e-01 -1.525180698516751754e+00 3.044173963975048067e-02 -9.879970844378382910e-01 1.584482002147798552e+00
-1.018500276281741335e-01 8.366454355841905777e-01 -1.526573110224903163e+00 3.047744891875638767e-02 -9.904724336473470503e-01 1.584131533173072315e+00
-1.017650080222977510e-01 8.342298136652789298e-01 -1.527931590444935095e+00 3.051281221312295358e-02 -9.929806641985343685e-01 1.583778049079360262e+00
-1.016821114906858864e-01 8.317834412593452242e-01 -1.529256264915324071e+00 3.054779969204591064e-02 -9.955217297964124024e-01 1.583421596452879054e+00
-1.016013401472323635e-01 8.293063902741792948e-01 -1.530547287951325108e+00 3.058238138960471530e-02 -9.980955839017686682e-01 1.583062221705082484e+00
-1.015226931824876888e-01 8.267987325662972120e-01 -1.531804841020531160e+00 3.061652721157078968e-02 -1.000702179730275088e+00 1.582699971072394574e+00
-1.014461669623429041e-01 8.242605399306612846e-01 -1.533029131354150421e+00 3.065020694217326230e-02 -1.003341470251651657e+00 1.582334890615946454e+00
-1.013717551272657058e-01 8.216918840914294586e-01 -1.534220390593822536e+00 3.068339025082197913e-02 -1.006013408188877412e+00 1.581967026221315686e+00
-1.012994486918953468e-01 8.190928366936968130e-01 -1.535378873473768557e+00 3.071604669878753857e-02 -1.008717946017452238e+00 1.581596423598268686e+00
-1.012292361448116906e-01 8.164634692961878493e-01 -1.536504856538038144e+00 3.074814574583828106e-02 -1.011455035964712090e+00 1.581223128280505152e+00
-1.011611035483035298e-01 8.138038533648583872e-01 -1.537598636892596682e+00 3.077965675683383764e-02 -1.014224630009193273e+00 1.580847185625406714e+00
-1.010950346379697329e-01 8.111140602673636568e-01 -1.538660530991969422e+00 3.081054900827515097e-02 -1.017026679880043138e+00 1.580468640813787129e+00
-1.010310109219957897e-01 8.083941612683511746e-01 -1.539690873460137777e+00 3.084079169481071525e-02 -1.019861137056486067e+00 1.580087538849646256e+00
-1.009690117799569992e-01 8.056442275255336627e-01 -1.540690015945361147e+00 3.087035393569884101e-02 -1.022727952767335191e+00 1.579703924559926476e+00
-1.009090145610074818e-01 8.028643300864974908e-01 -1.541658326008578328e+00 3.089920478122571562e-02 -1.025627077990551417e+00 1.579317842594271992e+00
-1.008509946813226921e-01 8.000545398862058954e-01 -1.542596186045023909e+00 3.092731321907902717e-02 -1.028558463452855065e+00 1.578929337424791024e+00
-1.007949257206709054e-01 7.972149277451510141e-01 -1.543503992238678624e+00 3.095464818067706486e-02 -1.031522059629385479e+00 1.578538453345820658e+00
-1.007407795179967175e-01 7.943455643681132106e-01 -1.544382153549153092e+00 3.098117854745292138e-02 -1.034517816743407925e+00 1.578145234473695036e+00
-1.006885262659071856e-01 7.914465203434852825e-01 -1.545231090730593504e+00 3.100687315709370687e-02 -1.037545684766068677e+00 1.577749724746515758e+00
-1.006381346039584151e-01 7.885178661431204716e-01 -1.546051235382180256e+00 3.103170080973451789e-02 -1.040605613416198505e+00 1.577351967923925846e+00
-1.005895717106475573e-01 7.855596721226629775e-01 -1.546843029029780769e+00 3.105563027410693927e-02 -1.043697552160158581e+00 1.576952007586885696e+00
-1.005428033940217597e-01 7.825720085223228928e-01 -1.547606922238301319e+00 3.107863029364196089e-02 -1.046821450211739668e+00 1.576549887137452588e+00
-1.004977941808222891e-01 7.795549454680561485e-01 -1.548343373754277108e+00 3.110066959252703878e-02 -1.049977256532108605e+00 1.576145649798562864e+00
-1.004545074040886499e-01 7.765085529731119429e-01 -1.549052849678224764e+00 3.112171688171710623e-02 -1.053164919829797874e+00 1.575739338613816543e+00
-1.004129052891532536e-01 7.734329009399143473e-01 -1.549735822666276519e+00 3.114174086489932686e-02 -1.056384388560742238e+00 1.575330996447265264e+00
-1.003729490379633715e-01 7.703280591622398976e-01 -1.550392771160603367e+00 3.116071024441140896e-02 -1.059635610928357785e+00 1.574920665983202683e+00
-1.003345989116730119e-01 7.671940973276618614e-01 -1.551024178648129803e+00 3.117859372711332192e-02 -1.062918534883672717e+00 1.574508389725958413e+00
-1.002978143114524046e-01 7.640310850202263193e-01 -1.551630532947036123e+00 3.119536003021213325e-02 -1.066233108125497431e+00 1.574094209999693517e+00
-1.002625538574685310e-01 7.608390917233330830e-01 -1.552212325520535785e+00 3.121097788703987297e-02 -1.069579278100643460e+00 1.573678168948200451e+00
-1.002287754659951097e-01 7.576181868227894745e-01 -1.552770050817414704e+00 3.122541605278417523e-02 -1.072956992004188592e+00 1.573260308534704111e+00
-1.001964364246151623e-01 7.543684396100129863e-01 -1.553304205638810664e+00 3.123864331017150650e-02 -1.076366196779779738e+00 1.572840670541667096e+00
-1.001654934654844231e-01 7.510899192853544015e-01 -1.553815288530711047e+00 3.125062847510283459e-02 -1.079806839119986872e+00 1.572419296570597425e+00
-1.001359028366279186e-01 7.477826949615199448e-01 -1.554303799201642189e+00 3.126134040224150951e-02 -1.083278865466692720e+00 1.571996228041858457e+00
-1.001076203712467638e-01 7.444468356670670417e-01 -1.554770237965022339e+00 3.127074799055323817e-02 -1.086782222011530408e+00 1.571571506194482604e+00
-1.000806015550160105e-01 7.410824103499548121e-01 -1.555215105205648429e+00 3.127882018879790671e-02 -1.090316854696364635e+00 1.571145172085986585e+00
-1.000548015913588079e-01 7.376894878811285361e-01 -1.555638900869786623e+00 3.128552600097310454e-02 -1.093882709213809923e+00 1.570717266592191352e+00
-1.000301754646854280e-01 7.342681370581196632e-01 -1.556042123978334191e+00 3.129083449170925318e-02 -1.097479731007793502e+00 1.570287830407042895e+00
-1.000066780015897161e-01 7.308184266086448222e-01 -1.556425272162523354e+00 3.129471479161598235e-02 -1.101107865274161268e+00 1.569856904042437273e+00
-9.998426392999870682e-02 7.273404251941886223e-01 -1.556788841221636188e+00 3.129713610257982281e-02 -1.104767056961323934e+00 1.569424527828047422e+00
-9.996288793627472469e-02 7.238342014135548119e-01 -1.557133324702202559e+00 3.129806770301288982e-02 -1.108457250770940705e+00 1.568990741911153730e+00
-9.994250472027201015e-02 7.202998238063746950e-01 -1.557459213498152417e+00 3.129747895305242528e-02 -1.112178391158647583e+00 1.568555586256477064e+00
-9.992306904835328296e-02 7.167373608565585918e-01 -1.557766995471399740e+00 3.129533929971110850e-02 -1.115930422334824978e+00 1.568119100646014008e+00
-9.990453580437416714e-02 7.131468809956833521e-01 -1.558057155092333002e+00 3.129161828197792039e-02 -1.119713288265398621e+00 1.567681324678875665e+00
-9.988686003864621910e-02 7.095284526063021513e-01 -1.558330173099695681e+00 3.128628553586942224e-02 -1.123526932672693324e+00 1.567242297771129111e+00
-9.986999701489177039e-02 7.058821440251725754e-01 -1.558586526179338794e+00 3.127931079943130355e-02 -1.127371299036314278e+00 1.566802059155641524e+00
-9.985390225520610064e-02 7.022080235463921127e-01 -1.558826686661334726e+00 3.127066391769006692e-02 -1.131246330594072980e+00 1.566360647881927193e+00
-9.983853158304484277e-02 6.985061594244378336e-01 -1.559051122234942355e+00 3.126031484755471823e-02 -1.135151970342951566e+00 1.565918102815997193e+00
-9.982384116425650766e-02 6.947766198771023749e-01 -1.559260295680922503e+00 3.124823366266831631e-02 -1.139088161040094471e+00 1.565474462640212172e+00
-9.980978754618187454e-02 6.910194730883233438e-01 -1.559454664620703257e+00 3.123439055820924695e-02 -1.143054845203844927e+00 1.565029765853137578e+00
-9.979632769484422794e-02 6.872347872109026978e-01 -1.559634681281901303e+00 3.121875585564211006e-02 -1.147051965114817662e+00 1.564584050769401768e+00
-9.978341903025558790e-02 6.834226303691111060e-01 -1.559800792279712578e+00 3.120130000741806742e-02 -1.151079462817008014e+00 1.564137355519557016e+00
-9.977101945986624476e-02 6.795830706611785121e-01 -1.559953438413687055e+00 3.118199360162454345e-02 -1.155137280118938126e+00 1.563689718049943833e+00
-9.975908741018583992e-02 6.757161761616663487e-01 -1.560093054479413155e+00 3.116080736658417838e-02 -1.159225358594838662e+00 1.563241176122556642e+00
-9.974758185660623222e-02 6.718220149237226213e-01 -1.560220069094638395e+00 3.113771217540289155e-02 -1.163343639585864508e+00 1.562791767314913649e+00
-9.973646235145693095e-02 6.679006549812189775e-01 -1.560334904539364409e+00 3.111267905046702364e-02 -1.167492064201340884e+00 1.562341529019929176e+00
-9.972568905032577757e-02 6.639521643507702020e-01 -1.560437976609456268e+00 3.108567916788928034e-02 -1.171670573320057196e+00 1.561890498445788422e+00
-9.971522273667796088e-02 6.599766110336360292e-01 -1.560529694483315355e+00 3.105668386190360911e-02 -1.175879107591580652e+00 1.561438712615824675e+00
-9.970502484480792127e-02 6.559740630175093790e-01 -1.560610460601169924e+00 3.102566462920874901e-02 -1.180117607437607408e+00 1.560986208368400963e+00
-9.969505748115928268e-02 6.519445882781882418e-01 -1.560680670556548355e+00 3.099259313326043278e-02 -1.184386013053349007e+00 1.560533022356792143e+00
-9.968528344404881114e-02 6.478882547811384285e-01 -1.560740712999501234e+00 3.095744120851207787e-02 -1.188684264408951918e+00 1.560079191049072111e+00
-9.967566624183096802e-02 6.438051304829446320e-01 -1.560790969551151042e+00 3.092018086460404658e-02 -1.193012301250942153e+00 1.559624750728001663e+00
-9.966617010954066658e-02 6.396952833326570165e-01 -1.560831814729152445e+00 3.088078429050121476e-02 -1.197370063103708304e+00 1.559169737490920804e+00
-9.965676002405167433e-02 6.355587812730318920e-01 -1.560863615883653965e+00 3.083922385857884238e-02 -1.201757489271016333e+00 1.558714187249642835e+00
-9.964740171778913025e-02 6.313956922416741335e-01 -1.560886733143361571e+00 3.079547212865675621e-02 -1.206174518837548337e+00 1.558258135730351990e+00
-9.963806169103484045e-02 6.272060841720805691e-01 -1.560901519371308055e+00 3.074950185198166430e-02 -1.210621090670477740e+00 1.557801618473503069e+00
-9.962870722286418235e-02 6.229900249945905522e-01 -1.560908320129944737e+00 3.070128597515754329e-02 -1.215097143421076220e+00 1.557344670833723965e+00
-9.961930638075386368e-02 6.187475826372469401e-01 -1.560907473655174904e+00 3.065079764402415738e-02 -1.219602615526345968e+00 1.556887327979721736e+00
-9.960982802889981058e-02 6.144788250265700302e-01 -1.560899310838960607e+00 3.059801020748348366e-02 -1.224137445210686126e+00 1.556429624894190455e+00
-9.960024183528475017e-02 6.101838200882498953e-01 -1.560884155220137792e+00 3.054289722127428303e-02 -1.228701570487577444e+00 1.555971596373722399e+00
-9.959051827753487296e-02 6.058626357477594482e-01 -1.560862322983086026e+00 3.048543245169448718e-02 -1.233294929161301123e+00 1.555513277028722330e+00
-9.958062864760508504e-02 6.015153399308936777e-01 -1.560834122963905335e+00 3.042558987927138775e-02 -1.237917458828692752e+00 1.555054701283323126e+00
-9.957054505533229072e-02 5.971420005642386064e-01 -1.560799856663760865e+00 3.036334370237978031e-02 -1.242569096880914437e+00 1.554595903375306065e+00
-9.956024043089596598e-02 5.927426855755721924e-01 -1.560759818269062960e+00 3.029866834080795907e-02 -1.247249780505253369e+00 1.554136917356022218e+00
-9.954968852622518571e-02 5.883174628942043904e-01 -1.560714294678160030e+00 3.023153843927148948e-02 -1.251959446686947475e+00 1.553677777090317624e+00
-9.953886391539099043e-02 5.838664004512568173e-01 -1.560663565534226693e+00 3.016192887087471713e-02 -1.256698032211043259e+00 1.553218516256461346e+00
-9.952774199402279753e-02 5.793895661798886820e-01 -1.560607903264040086e+00 3.008981474052017588e-02 -1.261465473664266312e+00 1.552759168346074858e+00
-9.951629897778706269e-02 5.748870280154710910e-01 -1.560547573122343490e+00 3.001517138827159911e-02 -1.266261707436599160e+00 1.552299766664066327e+00
-9.950451189996648016e-02 5.703588538957133913e-01 -1.560482833241503053e+00 2.993797439265922372e-02 -1.271086669723215712e+00 1.551840344328565324e+00
-9.949235860817705335e-02 5.658051117607464375e-01 -1.560413934686174731e+00 2.985819957393298293e-02 -1.275940296526434592e+00 1.551380934270862211e+00
-9.947981776026051937e-02 5.612258695531654462e-01 -1.560341121512700990e+00 2.977582299726334522e-02 -1.280822523657701550e+00 1.550921569235349518e+00
-9.946686881938870961e-02 5.566211952180353251e-01 -1.560264630832969290e+00 2.969082097588974720e-02 -1.285733286739603853e+00 1.550462281779465767e+00
-9.945349204841628932e-02 5.519911567028632504e-01 -1.560184692882468527e+00 2.960317007421701951e-02 -1.290672521207894663e+00 1.550003104273642185e+00
-9.943966850351759756e-02 5.473358219575399364e-01 -1.560101531092288774e+00 2.951284711085961493e-02 -1.295640162313542065e+00 1.549544068901252958e+00
-9.942538002714292056e-02 5.426552589342543698e-01 -1.560015362164815622e+00 2.941982916163360731e-02 -1.300636145124800302e+00 1.549085207658567276e+00
-9.941060924032879553e-02 5.379495355873840090e-01 -1.559926396152878203e+00 2.932409356249577465e-02 -1.305660404529339402e+00 1.548626552354703811e+00
-9.939533953439672054e-02 5.332187198733631117e-01 -1.559834836542119296e+00 2.922561791243144524e-02 -1.310712875236351938e+00 1.548168134611589419e+00
-9.937955506207341028e-02 5.284628797505321884e-01 -1.559740880336358382e+00 2.912438007628988593e-02 -1.315793491778698643e+00 1.547709985863919391e+00
-9.936324072806598795e-02 5.236820831789720243e-01 -1.559644718145730913e+00 2.902035818756818972e-02 -1.320902188515050035e+00 1.547252137359120372e+00
-9.934638217912403202e-02 5.188763981203222686e-01 -1.559546534277388208e+00 2.891353065114276449e-02 -1.326038899632065116e+00 1.546794620157316835e+00
-9.932896579362020251e-02 5.140458925375902544e-01 -1.559446506828556345e+00 2.880387614594918239e-02 -1.331203559146580506e+00 1.546337465131299771e+00
-9.931097867068051921e-02 5.091906343949489377e-01 -1.559344807781750220e+00 2.869137362760975848e-02 -1.336396100907832007e+00 1.545880702966497822e+00
-9.929240861889448988e-02 5.043106916575283982e-01 -1.559241603101955809e+00 2.857600233100967071e-02 -1.341616458599680373e+00 1.545424364160951969e+00
-9.927324414463456481e-02 4.994061322912015100e-01 -1.559137052835590564e+00 2.845774177282112821e-02 -1.346864565742866615e+00 1.544968479025291774e+00
-9.925347444001410280e-02 4.944770242623657275e-01 -1.559031311211064308e+00 2.833657175397606004e-02 -1.352140355697272867e+00 1.544513077682715840e+00
-9.923308937051168732e-02 4.895234355377233726e-01 -1.558924526740769201e+00 2.821247236208711262e-02 -1.357443761664208104e+00 1.544058190068973380e+00
-9.921207946228954855e-02 4.845454340840610330e-01 -1.558816842324328711e+00 2.808542397381726813e-02 -1.362774716688704535e+00 1.543603845932350005e+00
-9.919043588923269483e-02 4.795430878680299047e-01 -1.558708395352948139e+00 2.795540725719777159e-02 -1.368133153661839518e+00 1.543150074833654628e+00
-9.916815045973469134e-02 4.745164648559285214e-01 -1.558599317814710616e+00 2.782240317389500853e-02 -1.373519005323064590e+00 1.542696906146210800e+00
-9.914521560325570415e-02 4.694656330134886479e-01 -1.558489736400669123e+00 2.768639298142590993e-02 -1.378932204262557359e+00 1.542244369055849162e+00
-9.912162435667688787e-02 4.643906603056656701e-01 -1.558379772611594216e+00 2.754735823532248468e-02 -1.384372682923579179e+00 1.541792492560904337e+00
-9.909737035047544440e-02 4.592916146964345914e-01 -1.558269542865237112e+00 2.740528079124493477e-02 -1.389840373604862789e+00 1.541341305472212486e+00
-9.907244779474304319e-02 4.541685641485919689e-01 -1.558159158603978911e+00 2.726014280704413401e-02 -1.395335208463000631e+00 1.540890836413113085e+00
-9.904685146507022364e-02 4.490215766235652328e-01 -1.558048726402738282e+00 2.711192674477335210e-02 -1.400857119514848925e+00 1.540441113819453145e+00
-9.902057668831824866e-02 4.438507200812295550e-01 -1.557938348077018587e+00 2.696061537264894670e-02 -1.406406038639954392e+00 1.539992165939593871e+00
-9.899361932829951749e-02 4.386560624797329333e-01 -1.557828120790975879e+00 2.680619176696071373e-02 -1.411981897582986978e+00 1.539544020834419324e+00
-9.896597577138643853e-02 4.334376717753302133e-01 -1.557718137165400973e+00 2.664863931393203836e-02 -1.417584627956177901e+00 1.539096706377349744e+00
-9.893764291206849637e-02 4.281956159222262692e-01 -1.557608485385505448e+00 2.648794171152927743e-02 -1.423214161241784126e+00 1.538650250254355534e+00
-9.890861813847608153e-02 4.229299628724288995e-01 -1.557499249308415212e+00 2.632408297122146301e-02 -1.428870428794549508e+00 1.538204679963975030e+00
-9.887889931788923503e-02 4.176407805756112701e-01 -1.557390508570273724e+00 2.615704741968935543e-02 -1.434553361844197461e+00 1.537760022817334482e+00
-9.884848478224858570e-02 4.123281369789847384e-01 -1.557282338692863588e+00 2.598681970048513298e-02 -1.440262891497916087e+00 1.537316305938171146e+00
-9.881737331368509181e-02 4.069921000271813361e-01 -1.557174811189660391e+00 2.581338477564216333e-02 -1.445998948742862611e+00 1.536873556262858820e+00
-9.878556413008465764e-02 4.016327376621471323e-01 -1.557067993671236827e+00 2.563672792723514782e-02 -1.451761464448677597e+00 1.536431800540435821e+00
-9.875305687070287664e-02 3.962501178230456444e-01 -1.556961949949939195e+00 2.545683475889128078e-02 -1.457550369369995824e+00 1.535991065332636518e+00
-9.871985158184436171e-02 3.908443084461714623e-01 -1.556856740143761408e+00 2.527369119725171240e-02 -1.463365594148982041e+00 1.535551377013924190e+00
-9.868594870262081820e-02 3.854153774648738651e-01 -1.556752420779346169e+00 2.508728349338377323e-02 -1.469207069317876702e+00 1.535112761771527889e+00
-9.865134905080111261e-02 3.799633928094912072e-01 -1.556649044894051093e+00 2.489759822414463336e-02 -1.475074725301542822e+00 1.534675245605480853e+00
-9.861605380876586890e-02 3.744884224072946299e-01 -1.556546662137014314e+00 2.470462229349603203e-02 -1.480968492420025040e+00 1.534238854328662693e+00
-9.858006450957877698e-02 3.689905341824416540e-01 -1.556445318869163597e+00 2.450834293377054940e-02 -1.486888300891113124e+00 1.533803613566843138e+00
-9.854338302318590981e-02 3.634697960559396535e-01 -1.556345058262113223e+00 2.430874770688942060e-02 -1.492834080832917021e+00 1.533369548758729772e+00
-9.850601154275406834e-02 3.579262759456180998e-01 -1.556245920395899152e+00 2.410582450553213490e-02 -1.498805762266447239e+00 1.532936685156016665e+00
-9.846795257115796562e-02 3.523600417661104656e-01 -1.556147942355502245e+00 2.389956155425825013e-02 -1.504803275118197892e+00 1.532505047823437438e+00
-9.842920890762640873e-02 3.467711614288443434e-01 -1.556051158326120065e+00 2.368994741056937303e-02 -1.510826549223049486e+00 1.532074661638819890e+00
-9.838978363455598564e-02 3.411597028420402244e-01 -1.555955599687143698e+00 2.347697096593510252e-02 -1.516875514326862184e+00 1.531645551293143726e+00
-9.834968010450124976e-02 3.355257339107181602e-01 -1.555861295104801201e+00 2.326062144677148655e-02 -1.522950100089077052e+00 1.531217741290600953e+00
-9.830890192734900723e-02 3.298693225367128612e-01 -1.555768270623435257e+00 2.304088841537229801e-02 -1.529050236085323089e+00 1.530791255948658502e+00
-9.826745295768429811e-02 3.241905366186951243e-01 -1.555676549755379945e+00 2.281776177079335513e-02 -1.535175851810027803e+00 1.530366119398123947e+00
-9.822533728235494088e-02 3.184894440522011427e-01 -1.555586153569407548e+00 2.259123174968922371e-02 -1.541326876679055102e+00 1.529942355583213898e+00
-9.818255920824099647e-02 3.127661127296682553e-01 -1.555497100777726072e+00 2.236128892710469510e-02 -1.547503240032312322e+00 1.529519988261624830e+00
-9.813912325023506356e-02 3.070206105404768016e-01 -1.555409407821496615e+00 2.212792421721959668e-02 -1.553704871136371679e+00 1.529099041004606363e+00
-9.809503411943885920e-02 3.012530053709980837e-01 -1.555323088954851274e+00 2.189112887404714991e-02 -1.559931699187103948e+00 1.528679537197038085e+00
-9.805029671158098370e-02 2.954633651046476572e-01 -1.555238156327394927e+00 2.165089449208669123e-02 -1.566183653312308799e+00 1.528261500037507492e+00
-9.800491609566044926e-02 2.896517576219441725e-01 -1.555154620065171356e+00 2.140721300693090162e-02 -1.572460662574346024e+00 1.527844952538392143e+00
-9.795889750281983055e-02 2.838182508005724358e-01 -1.555072488350085047e+00 2.116007669582768702e-02 -1.578762655972767881e+00 1.527429917525943592e+00
-9.791224631545195067e-02 2.779629125154512437e-01 -1.554991767497760025e+00 2.090947817819654650e-02 -1.585089562446961864e+00 1.527016417640374435e+00
-9.786496805654298914e-02 2.720858106388051034e-01 -1.554912462033830156e+00 2.065541041610032338e-02 -1.591441310878789039e+00 1.526604475335946898e+00
-9.781706837925513431e-02 2.661870130402397283e-01 -1.554834574768654720e+00 2.039786671467198886e-02 -1.597817830095230596e+00 1.526194112881065656e+00
-9.776855305675086205e-02 2.602665875868206413e-01 -1.554758106870450129e+00 2.013684072249723872e-02 -1.604219048871030617e+00 1.525785352358372204e+00
-9.771942797226124133e-02 2.543246021431547765e-01 -1.554683057936836699e+00 1.987232643195321197e-02 -1.610644895931333309e+00 1.525378215664842330e+00
-9.766969910939964084e-02 2.483611245714749671e-01 -1.554609426064796462e+00 1.960431817950310934e-02 -1.617095299954326437e+00 1.524972724511885591e+00
-9.761937254272230746e-02 2.423762227317260987e-01 -1.554537207919041375e+00 1.933281064594647575e-02 -1.623570189573898315e+00 1.524568900425448348e+00
-9.756845442853678829e-02 2.363699644816540379e-01 -1.554466398798794780e+00 1.905779885662713113e-02 -1.630069493382274137e+00 1.524166764746118563e+00
-9.751695099595891758e-02 2.303424176768953391e-01 -1.554396992702990143e+00 1.877927818159776802e-02 -1.636593139932656094e+00 1.523766338629234163e+00
-9.746486853821853535e-02 2.242936501710688368e-01 -1.554328982393888836e+00 1.849724433574194415e-02 -1.643141057741858369e+00 1.523367643044992725e+00
-9.741221340421421515e-02 2.182237298158681282e-01 -1.554262359459124054e+00 1.821169337885306799e-02 -1.649713175292949252e+00 1.522970698778565168e+00
-9.735899199031666784e-02 2.121327244611550533e-01 -1.554197114372172228e+00 1.792262171567054335e-02 -1.656309421037907015e+00 1.522575526430210990e+00
-9.730521073242023866e-02 2.060207019550530649e-01 -1.554133236551272113e+00 1.763002609587464159e-02 -1.662929723400253579e+00 1.522182146415397064e+00
-9.725087609824188684e-02 1.998877301440415977e-01 -1.554070714416792898e+00 1.733390361404066674e-02 -1.669574010777669315e+00 1.521790578964917762e+00
-9.719599457986638491e-02 1.937338768730497707e-01 -1.554009535447060886e+00 1.703425170954993295e-02 -1.676242211544640259e+00 1.521400844125019081e+00
-9.714057268653682187e-02 1.875592099855505346e-01 -1.553949686232662053e+00 1.673106816646066641e-02 -1.682934254055080459e+00 1.521012961757524540e+00
-9.708461693768852263e-02 1.813637973236539302e-01 -1.553891152529228270e+00 1.642435111333761383e-02 -1.689650066644960980e+00 1.520626951539964189e+00
-9.702813385622496845e-02 1.751477067281996813e-01 -1.553833919308724720e+00 1.611409902304140190e-02 -1.696389577634929369e+00 1.520242832965705837e+00
-9.697112996203356705e-02 1.689110060388492318e-01 -1.553777970809249620e+00 1.580031071247703367e-02 -1.703152715332936440e+00 1.519860625344088501e+00
-9.691361176573942693e-02 1.626537630941766732e-01 -1.553723290583367111e+00 1.548298534230315229e-02 -1.709939408036845965e+00 1.519480347800559628e+00
-9.685558576269454045e-02 1.563760457317584507e-01 -1.553669861544982433e+00 1.516212241660095522e-02 -1.716749584037053467e+00 1.519102019276813875e+00
-9.679705842720005837e-02 1.500779217882617367e-01 -1.553617666014782461e+00 1.483772178250388277e-02 -1.723583171619095911e+00 1.518725658530935219e+00
-9.673803620695900496e-02 1.437594590995314725e-01 -1.553566685764258715e+00 1.450978362978866745e-02 -1.730440099066251403e+00 1.518351284137541279e+00
-9.667852551775661663e-02 1.374207255006756334e-01 -1.553516902058327265e+00 1.417830849042669462e-02 -1.737320294662151099e+00 1.517978914487929876e+00
-9.661853273836530642e-02 1.310617888261487174e-01 -1.553468295696567747e+00 1.384329723809799885e-02 -1.744223686693362030e+00 1.517608567790228902e+00
-9.655806420567125681e-02 1.246827169098340127e-01 -1.553420847053099907e+00 1.350475108766621170e-02 -1.751150203451987020e+00 1.517240262069548651e+00
-9.649712621001929613e-02 1.182835775851228677e-01 -1.553374536115117222e+00 1.316267159461595448e-02 -1.758099773238250396e+00 1.516874015168136358e+00
-9.643572499077292248e-02 1.118644386849929617e-01 -1.553329342520104017e+00 1.281706065445323978e-02 -1.765072324363068823e+00 1.516509844745533631e+00
-9.637386673208586663e-02 1.054253680420839112e-01 -1.553285245591751185e+00 1.246792050206844277e-02 -1.772067785150621022e+00 1.516147768278736319e+00
-9.631155755888166914e-02 9.896643348877087742e-02 -1.553242224374591141e+00 1.211525371106245835e-02 -1.779086083940909502e+00 1.515787803062357497e+00
-9.624880353303784386e-02 9.248770285723617590e-02 -1.553200257667378015e+00 1.175906319303612196e-02 -1.786127149092320732e+00 1.515429966208791779e+00
-9.618561064977053376e-02 8.598924397953811027e-02 -1.553159324055231938e+00 1.139935219684354989e-02 -1.793190908984174659e+00 1.515074274648383845e+00
-9.612198483421631467e-02 7.947112468767791871e-02 -1.553119401940570077e+00 1.103612430780927939e-02 -1.800277292019272224e+00 1.514720745129598312e+00
-9.605793193820683085e-02 7.293341281366416684e-02 -1.553080469572845734e+00 1.066938344690937512e-02 -1.807386226626445325e+00 1.514369394219192921e+00
-9.599345773723268194e-02 6.637617618957503129e-02 -1.553042505077122382e+00 1.029913386991844482e-02 -1.814517641263077685e+00 1.514020238302393739e+00
-9.592856792759231477e-02 5.979948264761780763e-02 -1.553005486481503716e+00 9.925380166521283881e-03 -1.821671464417625508e+00 1.513673293583073676e+00
-9.586326812372214512e-02 5.320340002018641989e-02 -1.552969391743443506e+00 9.548127259390238458e-03 -1.828847624612127021e+00 1.513328576083932564e+00
-9.579756385570359356e-02 4.658799613991615463e-02 -1.552934198774954755e+00 9.167380403227586017e-03 -1.836046050404715801e+00 1.512986101646681014e+00
-9.573146056694306627e-02 3.995333883973628541e-02 -1.552899885466745289e+00 8.783145183773339443e-03 -1.843266670392136319e+00 1.512645885932225598e+00
-9.566496361202074528e-02 3.329949595292003295e-02 -1.552866429711299734e+00 8.395427516780323840e-03 -1.850509413212237941e+00 1.512307944420858252e+00
-9.559807825470391374e-02 2.662653531313263766e-02 -1.552833809424935652e+00 8.004233646956394194e-03 -1.857774207546451173e+00 1.511972292412446128e+00
-9.553080966612073621e-02 1.993452475447632377e-02 -1.552802002568854700e+00 7.609570146873547575e-03 -1.865060982122261013e+00 1.511638945026626102e+00
-9.546316292309027507e-02 1.322353211153359798e-02 -1.552770987169211914e+00 7.211443915844457236e-03 -1.872369665715670539e+00 1.511307917203000395e+00
-9.539514300660451029e-02 6.493625219407661575e-03 -1.552740741336227526e+00 6.809862178766560442e-03 -1.879700187153658497e+00 1.510979223701335750e+00
-9.532675480045825489e-02 -2.551280862388427551e-04 -1.552711243282363984e+00 6.404832484933765946e-03 -1.887052475316637334e+00 1.510652879101764157e+00
-9.525800309002258048e-02 -7.022659969147970749e-03 -1.552682471339589920e+00 5.996362706817234822e-03 -1.894426459140890362e+00 1.510328897804987580e+00
-9.518889256115786734e-02 -1.380890259243228169e-02 -1.552654403975757047e+00 5.584461038814856476e-03 -1.901822067621000922e+00 1.510007294032483571e+00
-9.511942779926191305e-02 -2.061378811854319704e-02 -1.552627019810110642e+00 5.169135995970165764e-03 -1.909239229812267347e+00 1.509688081826715100e+00
-9.504961328844928337e-02 -2.743724870924157955e-02 -1.552600297627957149e+00 4.750396412660555512e-03 -1.916677874833112138e+00 1.509371275051341721e+00
-9.497945341085758941e-02 -3.427921652556986665e-02 -1.552574216394511097e+00 4.328251441254815646e-03 -1.924137931867487605e+00 1.509056887391433843e+00
-9.490895244607659709e-02 -4.113962372782664634e-02 -1.552548755267944891e+00 3.902710550741095297e-03 -1.931619330167269055e+00 1.508744932353689450e+00
-9.483811457069600548e-02 -4.801840247554334251e-02 -1.552523893611662542e+00 3.473783525325683380e-03 -1.939121999054631562e+00 1.508435423266654141e+00
-9.476694385796813336e-02 -5.491548492746245458e-02 -1.552499611005819791e+00 3.041480463002482759e-03 -1.946645867924421403e+00 1.508128373280942069e+00
-9.469544427758105898e-02 -6.183080324151790652e-02 -1.552475887258113030e+00 2.605811774093535343e-03 -1.954190866246518166e+00 1.507823795369461317e+00
-9.462361969553853558e-02 -6.876428957481717230e-02 -1.552452702413857466e+00 2.166788179761125477e-03 -1.961756923568185762e+00 1.507521702327640600e+00
-9.455147387414269966e-02 -7.571587608362539967e-02 -1.552430036765377386e+00 1.724420710492523268e-03 -1.969343969516403448e+00 1.507222106773658865e+00
-9.447901047207557523e-02 -8.268549492335086626e-02 -1.552407870860728512e+00 1.278720704556139676e-03 -1.976951933800196848e+00 1.506925021148677768e+00
-9.440623304457554377e-02 -8.967307824853198994e-02 -1.552386185511773098e+00 8.296998064303909293e-04 -1.984580746212961433e+00 1.506630457717076377e+00
-9.433314504370507447e-02 -9.667855821282711482e-02 -1.552364961801629528e+00 3.773699652059175902e-04 -1.992230336634762899e+00 1.506338428566688759e+00
-9.425974981870584302e-02 -1.037018669690041861e-01 -1.552344181091516173e+00 -7.825656703920255697e-05 -1.999900635034637109e+00 1.506048945609044010e+00
-9.418605061643760268e-02 -1.107429366689327566e-01 -1.552323825027008608e+00 -5.371672368899883809e-04 -2.007591571472866043e+00 1.505762020579608285e+00
-9.411205058189711647e-02 -1.178016994635779913e-01 -1.552303875543731948e+00 -9.993491912714917713e-04 -2.015303076103253321e+00 1.505477665038030821e+00
-9.403775275881369466e-02 -1.248780875029944504e-01 -1.552284314872505400e+00 -1.464789279151400975e-03 -2.023035079175385054e+00 1.505195890368390854e+00
-9.396316009031756289e-02 -1.319720329363234246e-01 -1.552265125543959456e+00 -1.933474053267564968e-03 -2.030787511036876047e+00 1.504916707779448304e+00
-9.388827541967789680e-02 -1.390834679117891604e-01 -1.552246290392644612e+00 -2.405389771881014799e-03 -2.038560302135615565e+00 1.504640128304896685e+00
-9.381310149110679009e-02 -1.462123245766979718e-01 -1.552227792560650466e+00 -2.880522400552844309e-03 -2.046353383021985994e+00 1.504366162803618234e+00
-9.373764095062617208e-02 -1.533585350774377964e-01 -1.552209615500750317e+00 -3.358857613945963327e-03 -2.054166684351085959e+00 1.504094821959942818e+00
-9.366189634699406685e-02 -1.605220315594793057e-01 -1.552191742979093236e+00 -3.840380797649999012e-03 -2.062000136884925894e+00 1.503826116283907499e+00
-9.358587013268714061e-02 -1.677027461673772368e-01 -1.552174159077458260e+00 -4.325077050030164127e-03 -2.069853671494621405e+00 1.503560056111520327e+00
-9.350956466493647035e-02 -1.749006110447735018e-01 -1.552156848195089367e+00 -4.812931184099103477e-03 -2.077727219162574634e+00 1.503296651605026346e+00
-9.343298220681323096e-02 -1.821155583344014062e-01 -1.552139795050127002e+00 -5.303927729411565817e-03 -2.085620710984639636e+00 1.503035912753175385e+00
-9.335612492836146969e-02 -1.893475201780894235e-01 -1.552122984680653239e+00 -5.798050933981738209e-03 -2.093534078172281543e+00 1.502777849371493391e+00
-9.327899490777494251e-02 -1.965964287167676350e-01 -1.552106402445365907e+00 -6.295284766222437878e-03 -2.101467252054722845e+00 1.502522471102556212e+00
-9.320159413261523695e-02 -2.038622160904730585e-01 -1.552090034023899223e+00 -6.795612916905738321e-03 -2.109420164081068361e+00 1.502269787416265157e+00
-9.312392450106818376e-02 -2.111448144383578640e-01 -1.552073865416804033e+00 -7.299018801145584767e-03 -2.117392745822430644e+00 1.502019807610126323e+00
-9.304598782323603157e-02 -2.184441558986962573e-01 -1.552057882945203637e+00 -7.805485560400268752e-03 -2.125384928974025645e+00 1.501772540809531487e+00
-9.296778582246251199e-02 -2.257601726088931393e-01 -1.552042073250141208e+00 -8.314996064496989192e-03 -2.133396645357276356e+00 1.501527995968042539e+00
-9.288932013668849130e-02 -2.330927967054929884e-01 -1.552026423291631207e+00 -8.827532913675328885e-03 -2.141427826921884492e+00 1.501286181867677261e+00
-9.281059231983528057e-02 -2.404419603241898518e-01 -1.552010920347429712e+00 -9.343078440651679528e-03 -2.149478405747902610e+00 1.501047107119199087e+00
-9.273160384321352256e-02 -2.478075955998368940e-01 -1.551995552011537605e+00 -9.861614712703303809e-03 -2.157548314047797344e+00 1.500810780162408653e+00
-9.265235609695504637e-02 -2.551896346664574988e-01 -1.551980306192449088e+00 -1.038312353377154884e-02 -2.165637484168495330e+00 1.500577209266438228e+00
-9.257285039146537220e-02 -2.625880096572559275e-01 -1.551965171111160169e+00 -1.090758644658362808e-02 -2.173745848593414465e+00 1.500346402530048140e+00
-9.249308795889482626e-02 -2.700026527046290870e-01 -1.551950135298948208e+00 -1.143498473479322153e-02 -2.181873339944483625e+00 1.500118367881926984e+00
-9.241306995462576779e-02 -2.774334959401778544e-01 -1.551935187594934762e+00 -1.196529942513923500e-02 -2.190019890984151729e+00 1.499893113080993379e+00
-9.233279745877412403e-02 -2.848804714947197336e-01 -1.551920317143444139e+00 -1.249851128962318342e-02 -2.198185434617394574e+00 1.499670645716700834e+00
-9.225227147770287406e-02 -2.923435114983012895e-01 -1.551905513391170333e+00 -1.303460084770290822e-02 -2.206369903893690143e+00 1.499450973209345062e+00
-9.217149294554585759e-02 -2.998225480802108045e-01 -1.551890766084163209e+00 -1.357354836850350327e-02 -2.214573232008985482e+00 1.499234102810373725e+00
-9.209046272573963299e-02 -3.073175133689907135e-01 -1.551876065264642612e+00 -1.411533387304608061e-02 -2.222795352307663563e+00 1.499020041602699749e+00
-9.200918161256188554e-02 -3.148283394924518142e-01 -1.551861401267655038e+00 -1.465993713649198227e-02 -2.231036198284481742e+00 1.498808796501015506e+00
-9.192765033267424890e-02 -3.223549585776861459e-01 -1.551846764717579763e+00 -1.520733769040392980e-02 -2.239295703586510644e+00 1.498600374252111678e+00
-9.184586954666817959e-02 -3.298973027510803124e-01 -1.551832146524496414e+00 -1.575751482502289746e-02 -2.247573802015061073e+00 1.498394781435196998e+00
-9.176383985061190018e-02 -3.374553041383292484e-01 -1.551817537880422870e+00 -1.631044759155977214e-02 -2.255870427527584265e+00 1.498192024462221550e+00
-9.168156177759714809e-02 -3.450288948644506526e-01 -1.551802930255432589e+00 -1.686611480450296574e-02 -2.264185514239577479e+00 1.497992109578202502e+00
-9.159903579928388440e-02 -3.526180070537978661e-01 -1.551788315393662243e+00 -1.742449504393973891e-02 -2.272518996426457161e+00 1.497795042861552739e+00
-9.151626232744165812e-02 -3.602225728300745278e-01 -1.551773685309215445e+00 -1.798556665789344949e-02 -2.280870808525442328e+00 1.497600830224411261e+00
-9.143324171548630752e-02 -3.678425243163485625e-01 -1.551759032281974093e+00 -1.854930776467363790e-02 -2.289240885137409531e+00 1.497409477412977363e+00
-9.134997426001044418e-02 -3.754777936350652823e-01 -1.551744348853323796e+00 -1.911569625524039279e-02 -2.297629161028740263e+00 1.497220990007846808e+00
-9.126646020230649858e-02 -3.831283129080627070e-01 -1.551729627821801349e+00 -1.968470979558218509e-02 -2.306035571133159046e+00 1.497035373424350446e+00
-9.118269972988124472e-02 -3.907940142565846653e-01 -1.551714862238672499e+00 -2.025632582910701779e-02 -2.314460050553558190e+00 1.496852632912896164e+00
-9.109869297796033272e-02 -3.984748298012950052e-01 -1.551700045403447303e+00 -2.083052157904589224e-02 -2.322902534563809240e+00 1.496672773559313052e+00
-9.101444003098202451e-02 -4.061706916622911390e-01 -1.551685170859339324e+00 -2.140727405086877144e-02 -2.331362958610559311e+00 1.496495800285198019e+00
-9.092994092407882811e-02 -4.138815319591186981e-01 -1.551670232388676185e+00 -2.198656003471330389e-02 -2.339841258315026984e+00 1.496321717848265731e+00
-9.084519564454610063e-02 -4.216072828107844117e-01 -1.551655224008267941e+00 -2.256835610782494811e-02 -2.348337369474777336e+00 1.496150530842700777e+00
-9.076020413329660697e-02 -4.293478763357705397e-01 -1.551640139964739484e+00 -2.315263863700797731e-02 -2.356851228065482751e+00 1.495982243699512493e+00
-9.067496628630028477e-02 -4.371032446520477510e-01 -1.551624974729832962e+00 -2.373938378108793323e-02 -2.365382770242669519e+00 1.495816860686892236e+00
-9.058948195600800835e-02 -4.448733198770886688e-01 -1.551609722995685336e+00 -2.432856749338590391e-02 -2.373931932343473772e+00 1.495654385910574424e+00
-9.050375095275899062e-02 -4.526580341278818587e-01 -1.551594379670087509e+00 -2.492016552420190517e-02 -2.382498650888359215e+00 1.495494823314198918e+00
-9.041777304617056032e-02 -4.604573195209442638e-01 -1.551578939871730345e+00 -2.551415342330944774e-02 -2.391082862582844193e+00 1.495338176679676945e+00
-9.033154796651000906e-02 -4.682711081723345270e-01 -1.551563398925441373e+00 -2.611050654245951341e-02 -2.399684504319206546e+00 1.495184449627559031e+00
-9.024507540604750910e-02 -4.760993321976656478e-01 -1.551547752357418597e+00 -2.670920003789353098e-02 -2.408303513178171595e+00 1.495033645617406481e+00
-9.015835502038969940e-02 -4.839419237121178607e-01 -1.551531995890463422e+00 -2.731020887286692705e-02 -2.416939826430608118e+00 1.494885767948165078e+00
-9.007138642979312104e-02 -4.917988148304510698e-01 -1.551516125439221128e+00 -2.791350782018064275e-02 -2.425593381539197235e+00 1.494740819758541450e+00
-8.998416922045715527e-02 -4.996699376670175052e-01 -1.551500137105429555e+00 -2.851907146472127536e-02 -2.434264116160095526e+00 1.494598804027382100e+00
-8.989670294579579779e-02 -5.075552243357732696e-01 -1.551484027173181124e+00 -2.912687420600963695e-02 -2.442951968144583041e+00 1.494459723574055987e+00
-8.980898712768781156e-02 -5.154546069502907724e-01 -1.551467792104201493e+00 -2.973689026075676534e-02 -2.451656875540700664e+00 1.494323581058838446e+00
-8.972102125770489711e-02 -5.233680176237702764e-01 -1.551451428533149102e+00 -3.034909366542916376e-02 -2.460378776594890571e+00 1.494190378983298872e+00
-8.963280479831736702e-02 -5.312953884690516659e-01 -1.551434933262937577e+00 -3.096345827882001495e-02 -2.469117609753610942e+00 1.494060119690690858e+00
-8.954433718407700526e-02 -5.392366515986251052e-01 -1.551418303260086118e+00 -3.157995778462785452e-02 -2.477873313664947119e+00 1.493932805366344985e+00
-8.945561782277675067e-02 -5.471917391246430284e-01 -1.551401535650098751e+00 -3.219856569404166285e-02 -2.486645827180204993e+00 1.493808438038064734e+00
-8.936664609658692693e-02 -5.551605831589305762e-01 -1.551384627712877107e+00 -3.281925534833259744e-02 -2.495435089355497738e+00 1.493687019576524388e+00
-8.927742136316767219e-02 -5.631431158129962533e-01 -1.551367576878166954e+00 -3.344199992145187317e-02 -2.504241039453321438e+00 1.493568551695670710e+00
-8.918794295675742945e-02 -5.711392691980425873e-01 -1.551350380721043365e+00 -3.406677242263483202e-02 -2.513063616944128498e+00 1.493453035953126617e+00
-8.909821018923717861e-02 -5.791489754249758981e-01 -1.551333036957434963e+00 -3.469354569900969659e-02 -2.521902761507875290e+00 1.493340473750598196e+00
-8.900822235117021586e-02 -5.871721666044169563e-01 -1.551315543439689693e+00 -3.532229243821324166e-02 -2.530758413035583132e+00 1.493230866334283702e+00
-8.891797871281742482e-02 -5.952087748467100869e-01 -1.551297898152185439e+00 -3.595298517101020580e-02 -2.539630511630876164e+00 1.493124214795286342e+00
-8.882747852512777598e-02 -6.032587322619329395e-01 -1.551280099206984620e+00 -3.658559627391737984e-02 -2.548518997611504133e+00 1.493020520070029056e+00
-8.873672102070402634e-02 -6.113219709599060359e-01 -1.551262144839536949e+00 -3.722009797183265661e-02 -2.557423811510870060e+00 1.492919782940673068e+00
-8.864570541474342535e-02 -6.193984230502014299e-01 -1.551244033404430622e+00 -3.785646234066703669e-02 -2.566344894079526817e+00 1.492822004035537997e+00
-8.855443090595351008e-02 -6.274880206421515894e-01 -1.551225763371192112e+00 -3.849466130998244889e-02 -2.575282186286696362e+00 1.492727183829525739e+00
-8.846289667744272611e-02 -6.355906958448578337e-01 -1.551207333320138826e+00 -3.913466666563143043e-02 -2.584235629321754324e+00 1.492635322644547013e+00
-8.837110189758606849e-02 -6.437063807671992155e-01 -1.551188741938282378e+00 -3.977645005240056791e-02 -2.593205164595713264e+00 1.492546420649950134e+00
-8.827904572086564539e-02 -6.518350075178398484e-01 -1.551169988015285384e+00 -4.041998297665767154e-02 -2.602190733742709039e+00 1.492460477862953994e+00
-8.818672728868594268e-02 -6.599765082052371223e-01 -1.551151070439471980e+00 -4.106523680900018430e-02 -2.611192278621456975e+00 1.492377494149082162e+00
-8.809414573016434435e-02 -6.681308149376492533e-01 -1.551131988193893640e+00 -4.171218278690676934e-02 -2.620209741316711138e+00 1.492297469222601647e+00
-8.800130016289633983e-02 -6.762978598231423888e-01 -1.551112740352448727e+00 -4.236079201739136740e-02 -2.629243064140717845e+00 1.492220402646962762e+00
-8.790818969369587621e-02 -6.844775749695981570e-01 -1.551093326076059542e+00 -4.301103547965891977e-02 -2.638292189634662055e+00 1.492146293835243664e+00
-8.781481341931088314e-02 -6.926698924847203287e-01 -1.551073744608902905e+00 -4.366288402776290906e-02 -2.647357060570102671e+00 1.492075142050596215e+00
-8.772117042711377599e-02 -7.008747444760412559e-01 -1.551053995274698671e+00 -4.431630839326374666e-02 -2.656437619950400730e+00 1.492006946406695622e+00
-8.762725979576739543e-02 -7.090920630509283118e-01 -1.551034077473053996e+00 -4.497127918788864503e-02 -2.665533811012138266e+00 1.491941705868193191e+00
-8.753308059586624446e-02 -7.173217803165898854e-01 -1.551013990675863763e+00 -4.562776690619255865e-02 -2.674645577226540283e+00 1.491879419251171290e+00
-8.743863189055317564e-02 -7.255638283800818211e-01 -1.550993734423768533e+00 -4.628574192821941630e-02 -2.683772862300878526e+00 1.491820085223601655e+00
-8.734391273611182005e-02 -7.338181393483123038e-01 -1.550973308322667554e+00 -4.694517452216349224e-02 -2.692915610179873909e+00 1.491763702305806794e+00
-8.724892218253456344e-02 -7.420846453280478539e-01 -1.550952712040288617e+00 -4.760603484703070792e-02 -2.702073765047084741e+00 1.491710268870924061e+00
-8.715365927406659718e-02 -7.503632784259184341e-01 -1.550931945302814086e+00 -4.826829295530022518e-02 -2.711247271326299391e+00 1.491659783145372842e+00
-8.705812304972587734e-02 -7.586539707484216688e-01 -1.550911007891561333e+00 -4.893191879558559526e-02 -2.720436073682918732e+00 1.491612243209324618e+00
-8.696231254379929720e-02 -7.669566544019283949e-01 -1.550889899639720682e+00 -4.959688221529479774e-02 -2.729640117025331048e+00 1.491567646997176366e+00
-8.686622678631529537e-02 -7.752712614926866586e-01 -1.550868620429145084e+00 -5.026315296329004340e-02 -2.738859346506288706e+00 1.491525992298026404e+00
-8.676986480349281605e-02 -7.835977241268261562e-01 -1.550847170187196200e+00 -5.093070069254523186e-02 -2.748093707524264406e+00 1.491487276756153779e+00
-8.667322561816709348e-02 -7.919359744103617871e-01 -1.550825548883643323e+00 -5.159949496280238218e-02 -2.757343145724808764e+00 1.491451497871500553e+00
-8.657630825019224652e-02 -8.002859444491978724e-01 -1.550803756527614929e+00 -5.226950524322681452e-02 -2.766607607001906111e+00 1.491418653000156969e+00
-8.647911171682093334e-02 -8.086475663491312638e-01 -1.550781793164603961e+00 -5.294070091506054149e-02 -2.775887037499330301e+00 1.491388739354849502e+00
-8.638163503306119095e-02 -8.170207722158548957e-01 -1.550759658873522184e+00 -5.361305127427318934e-02 -2.785181383611988526e+00 1.491361754005433138e+00
-8.628387721201069560e-02 -8.254054941549606728e-01 -1.550737353763806947e+00 -5.428652553421115662e-02 -2.794490591987271344e+00 1.491337693879384751e+00
-8.618583726516859667e-02 -8.338016642719421334e-01 -1.550714877972576788e+00 -5.496109282824402503e-02 -2.803814609526395607e+00 1.491316555762301599e+00
-8.608751420272518773e-02 -8.422092146721973371e-01 -1.550692231661837006e+00 -5.563672221240689025e-02 -2.813153383385728290e+00 1.491298336298401361e+00
-8.598890703382938705e-02 -8.506280774610308626e-01 -1.550669415015732744e+00 -5.631338266804054166e-02 -2.822506860978120535e+00 1.491283031991026631e+00
-8.589001476683452707e-02 -8.590581847436558061e-01 -1.550646428237849150e+00 -5.699104310442850568e-02 -2.831874989974235923e+00 1.491270639203151616e+00
-8.579083640952236967e-02 -8.674994686251960019e-01 -1.550623271548558169e+00 -5.766967236142964831e-02 -2.841257718303870305e+00 1.491261154157891733e+00
-8.569137096930565245e-02 -8.759518612106875768e-01 -1.550599945182409067e+00 -5.834923921210876524e-02 -2.850654994157286293e+00 1.491254572939018086e+00
-8.559161745340929106e-02 -8.844152946050800601e-01 -1.550576449385565603e+00 -5.902971236536152383e-02 -2.860066765986524651e+00 1.491250891491472830e+00
-8.549157486903062597e-02 -8.928897009132379381e-01 -1.550552784413282925e+00 -5.971106046853707355e-02 -2.869492982506740120e+00 1.491250105621889421e+00
-8.539124222347842241e-02 -9.013750122399408760e-01 -1.550528950527429117e+00 -6.039325211005442534e-02 -2.878933592697508370e+00 1.491252210999115757e+00
-8.529061852429141444e-02 -9.098711606898852722e-01 -1.550504947994045812e+00 -6.107625582201479247e-02 -2.888388545804140506e+00 1.491257203154739974e+00
-8.518970277933600455e-02 -9.183780783676842585e-01 -1.550480777080948558e+00 -6.176004008280980978e-02 -2.897857791339006006e+00 1.491265077483619805e+00
-8.508849399688371562e-02 -9.268956973778679220e-01 -1.550456438055366482e+00 -6.244457331972360498e-02 -2.907341279082839236e+00 1.491275829244415485e+00
-8.498699118566825639e-02 -9.354239498248835272e-01 -1.550431931181618372e+00 -6.312982391153046380e-02 -2.916838959086056171e+00 1.491289453560125766e+00
-8.488519335492250573e-02 -9.439627678130948496e-01 -1.550407256718826288e+00 -6.381576019108670117e-02 -2.926350781670067569e+00 1.491305945418626822e+00
-8.478309951439569336e-02 -9.525120834467819542e-01 -1.550382414918662910e+00 -6.450235044791688410e-02 -2.935876697428589033e+00 1.491325299673215365e+00
-8.468070867435052718e-02 -9.610718288301407508e-01 -1.550357406023133322e+00 -6.518956293079405939e-02 -2.945416657228954627e+00 1.491347511043153995e+00
-8.457801984554101649e-02 -9.696419360672814403e-01 -1.550332230262389643e+00 -6.587736585031520042e-02 -2.954970612213441150e+00 1.491372574114220972e+00
-8.447503203917053338e-02 -9.782223372622278479e-01 -1.550306887852576976e+00 -6.656572738144989065e-02 -2.964538513800341057e+00 1.491400483339262673e+00
-8.437174426683063944e-02 -9.868129645189160914e-01 -1.550281378993709325e+00 -6.725461566610207997e-02 -2.974120313685276074e+00 1.491431233038749582e+00
-8.426815554042076106e-02 -9.954137499411921386e-01 -1.550255703867575940e+00 -6.794399881566501320e-02 -2.983715963842515695e+00 1.491464817401335852e+00
-8.416426487204869966e-02 -1.004024625632810697e+00 -1.550229862635674527e+00 -6.863384491356985806e-02 -2.993325416526299243e+00 1.491501230484421958e+00
-8.406007127391217082e-02 -1.012645523697432992e+00 -1.550203855437170652e+00 -6.932412201782742200e-02 -3.002948624272163247e+00 1.491540466214721583e+00
-8.395557375816165013e-02 -1.021276376238623884e+00 -1.550177682386885358e+00 -7.001479816356240282e-02 -3.012585539898269271e+00 1.491582518388830714e+00
-8.385077133674434524e-02 -1.029917115359849866e+00 -1.550151343573305862e+00 -7.070584136554111665e-02 -3.022236116506743731e+00 1.491627380673801628e+00
-8.374566302122966877e-02 -1.038567673164475735e+00 -1.550124839056620019e+00 -7.139721962069039973e-02 -3.031900307485004387e+00 1.491675046607719102e+00
-8.364024782261623991e-02 -1.047227981755761483e+00 -1.550098168866773651e+00 -7.208890091061007088e-02 -3.041578066507111267e+00 1.491725509600281496e+00
-8.353452475112038700e-02 -1.055897973236859633e+00 -1.550071333001548535e+00 -7.278085320407703951e-02 -3.051269347535109144e+00 1.491778762933383851e+00
-8.342849281594648392e-02 -1.064577579710810795e+00 -1.550044331424661248e+00 -7.347304445954092045e-02 -3.060974104820377129e+00 1.491834799761705854e+00
-8.332215102503898185e-02 -1.073266733280540119e+00 -1.550017164063881792e+00 -7.416544262761151640e-02 -3.070692292904980025e+00 1.491893613113302930e+00
-8.321549838481638595e-02 -1.081965366048853294e+00 -1.549989830809169744e+00 -7.485801565353819575e-02 -3.080423866623030360e+00 1.491955195890200647e+00
-8.310853389988721862e-02 -1.090673410118432329e+00 -1.549962331510827962e+00 -7.555073147968122127e-02 -3.090168781102062834e+00 1.492019540868993577e+00
-8.300125657274795565e-02 -1.099390797591830005e+00 -1.549934665977673598e+00 -7.624355804797344760e-02 -3.099926991764406115e+00 1.492086640701447031e+00
-8.289366540346312928e-02 -1.108117460571466761e+00 -1.549906833975223330e+00 -7.693646330237369213e-02 -3.109698454328567063e+00 1.492156487915102581e+00
-8.278575938932765388e-02 -1.116853331159623597e+00 -1.549878835223894358e+00 -7.762941519131116852e-02 -3.119483124810623398e+00 1.492229074913887787e+00
-8.267753752451131866e-02 -1.125598341458438068e+00 -1.549850669397218716e+00 -7.832238167012012253e-02 -3.129280959525620354e+00 1.492304393978729493e+00
-8.256899879968571110e-02 -1.134352423569897628e+00 -1.549822336120070920e+00 -7.901533070346539178e-02 -3.139091915088977114e+00 1.492382437268170214e+00
-8.246014220163337682e-02 -1.143115509595834745e+00 -1.549793834966907591e+00 -7.970823026775847309e-02 -3.148915948417902566e+00 1.492463196818989868e+00
-8.235096671283954894e-02 -1.151887531637919793e+00 -1.549765165460018856e+00 -8.040104835356398638e-02 -3.158753016732824381e+00 1.492546664546829271e+00
-8.224147131106626651e-02 -1.160668421797655281e+00 -1.549736327067790853e+00 -8.109375296799692379e-02 -3.168603077558833192e+00 1.492632832246819419e+00
-8.213165496890904860e-02 -1.169458112176368303e+00 -1.549707319202977551e+00 -8.178631213710810255e-02 -3.178466088727116556e+00 1.492721691594213196e+00
-8.202151665333615171e-02 -1.178256534875204320e+00 -1.549678141220983463e+00 -8.247869390826162439e-02 -3.188342008376429337e+00 1.492813234145021983e+00
-8.191105532521045229e-02 -1.187063621995118723e+00 -1.549648792418154342e+00 -8.317086635250064974e-02 -3.198230794954560086e+00 1.492907451336655367e+00
-8.180026993879396802e-02 -1.195879305636870615e+00 -1.549619272030078099e+00 -8.386279756690259712e-02 -3.208132407219806304e+00 1.493004334488565954e+00
-8.168915944123508743e-02 -1.204703517901013932e+00 -1.549589579229891934e+00 -8.455445567692468356e-02 -3.218046804242474579e+00 1.493103874802896636e+00
-8.157772277203861888e-02 -1.213536190887889443e+00 -1.549559713126599014e+00 -8.524580883873814074e-02 -3.227973945406386047e+00 1.493206063365133174e+00
-8.146595886251847829e-02 -1.222377256697616765e+00 -1.549529672763390931e+00 -8.593682524155182856e-02 -3.237913790410400061e+00 1.493310891144760122e+00
-8.135386663523339057e-02 -1.231226647430085031e+00 -1.549499457115978585e+00 -8.662747310992530148e-02 -3.247866299269955626e+00 1.493418348995921630e+00
-8.124144500340524377e-02 -1.240084295184943119e+00 -1.549469065090930187e+00 -8.731772070606899638e-02 -3.257831432318609721e+00 1.493528427658084912e+00
-8.112869287032054011e-02 -1.248950132061592111e+00 -1.549438495524015247e+00 -8.800753633213448390e-02 -3.267809150209602276e+00 1.493641117756709491e+00
-8.101560912871473563e-02 -1.257824090159174180e+00 -1.549407747178555006e+00 -8.869688833249300686e-02 -3.277799413917439342e+00 1.493756409803919105e+00
-8.090219266013951027e-02 -1.266706101576562826e+00 -1.549376818743779749e+00 -8.938574509600366591e-02 -3.287802184739504252e+00 1.493874294199179609e+00
-8.078844233431313471e-02 -1.275596098412352219e+00 -1.549345708833193225e+00 -9.007407505826875438e-02 -3.297817424297674549e+00 1.493994761229979318e+00
-8.067435700845397573e-02 -1.284494012764847426e+00 -1.549314415982943283e+00 -9.076184670359394024e-02 -3.307845094536270292e+00 1.494117801072514462e+00
-8.055993552659704293e-02 -1.293399776732053308e+00 -1.549282938650199837e+00 -9.144902856722122997e-02 -3.317885157723701628e+00 1.494243403792379299e+00
-8.044517671889378496e-02 -1.302313322411661645e+00 -1.549251275211539269e+00 -9.213558923755155172e-02 -3.327937576454153223e+00 1.494371559345259559e+00
-8.033007940089521848e-02 -1.311234581901041363e+00 -1.549219423961336606e+00 -9.282149735835459881e-02 -3.338002313649281128e+00 1.494502257577631665e+00
-8.021464237281827891e-02 -1.320163487297226101e+00 -1.549187383110165905e+00 -9.350672163096540590e-02 -3.348079332559918520e+00 1.494635488227465281e+00
-8.009886441879565666e-02 -1.329099970696900890e+00 -1.549155150783207091e+00 -9.419123081646962881e-02 -3.358168596767811653e+00 1.494771240924930078e+00
-7.998274430610907704e-02 -1.338043964196390601e+00 -1.549122725018663882e+00 -9.487499373787622314e-02 -3.368270070187382004e+00 1.494909505193108279e+00
-7.986628078440617673e-02 -1.346995399891646183e+00 -1.549090103766188831e+00 -9.555797928227724447e-02 -3.378383717067502623e+00 1.495050270448710750e+00
-7.974947258490107382e-02 -1.355954209878232231e+00 -1.549057284885319463e+00 -9.624015640299604657e-02 -3.388509501993314021e+00 1.495193526002797757e+00
-7.963231841955870083e-02 -1.364920326251311877e+00 -1.549024266143924189e+00 -9.692149412172199052e-02 -3.398647389888056924e+00 1.495339261061505054e+00
-7.951481698026297007e-02 -1.373893681105633480e+00 -1.548991045216660423e+00 -9.760196153063227520e-02 -3.408797346014927676e+00 1.495487464726773297e+00
-7.939696693796906291e-02 -1.382874206535516404e+00 -1.548957619683444920e+00 -9.828152779450105569e-02 -3.418959335978967395e+00 1.495638125997083456e+00
-7.927876694183981499e-02 -1.391861834634835926e+00 -1.548923987027936544e+00 -9.896016215279568318e-02 -3.429133325728978665e+00 1.495791233768196449e+00
-7.916021561836636411e-02 -1.400856497497008135e+00 -1.548890144636034805e+00 -9.963783392175931675e-02 -3.439319281559468866e+00 1.495946776833897207e+00
-7.904131157047336598e-02 -1.409858127214973500e+00 -1.548856089794392377e+00 -1.003145124964800738e-01 -3.449517170112614828e+00 1.496104743886744304e+00
-7.892205337660873621e-02 -1.418866655881182215e+00 -1.548821819688945611e+00 -1.009901673529444432e-01 -3.459726958380233697e+00 1.496265123518823792e+00
-7.880243958981827945e-02 -1.427882015587576880e+00 -1.548787331403461920e+00 -1.016647680500808726e-01 -3.469948613705828411e+00 1.496427904222508154e+00
-7.868246873680530273e-02 -1.436904138425576960e+00 -1.548752621918108474e+00 -1.023382842317881181e-01 -3.480182103786648273e+00 1.496593074391220579e+00
-7.856213931697554609e-02 -1.445932956486059684e+00 -1.548717688108039781e+00 -1.030106856289509099e-01 -3.490427396675793492e+00 1.496760622320203904e+00
-7.844144980146751378e-02 -1.454968401859344951e+00 -1.548682526742009014e+00 -1.036819420614416010e-01 -3.500684460784353025e+00 1.496930536207294216e+00
-7.832039863216858078e-02 -1.464010406635175343e+00 -1.548647134481002663e+00 -1.043520234401081603e-01 -3.510953264883581060e+00 1.497102804153700450e+00
-7.819898422071715205e-02 -1.473058902902699252e+00 -1.548611507876902271e+00 -1.050208997687477885e-01 -3.521233778107105472e+00 1.497277414164788878e+00
-7.807720494749098572e-02 -1.482113822750451337e+00 -1.548575643371173038e+00 -1.056885411460672941e-01 -3.531525969953185129e+00 1.497454354150872025e+00
-7.795505916058226292e-02 -1.491175098266333432e+00 -1.548539537293582846e+00 -1.063549177676277324e-01 -3.541829810286985403e+00 1.497633611928003816e+00
-7.783254517475959866e-02 -1.500242661537596334e+00 -1.548503185860952591e+00 -1.070199999277763325e-01 -3.552145269342916301e+00 1.497815175218779604e+00
-7.770966127041722959e-02 -1.509316444650817601e+00 -1.548466585175941379e+00 -1.076837580215629364e-01 -3.562472317726996351e+00 1.497999031653141300e+00
-7.758640569251198937e-02 -1.518396379691883791e+00 -1.548429731225867689e+00 -1.083461625466423939e-01 -3.572810926419262234e+00 1.498185168769188946e+00
-7.746277664948841846e-02 -1.527482398745967362e+00 -1.548392619881568733e+00 -1.090071841051616364e-01 -3.583161066776217485e+00 1.498373574013996290e+00
-7.733877231219217496e-02 -1.536574433897507586e+00 -1.548355246896302218e+00 -1.096667934056334837e-01 -3.593522710533339826e+00 1.498564234744433010e+00
-7.721439081277270411e-02 -1.545672417230187001e+00 -1.548317607904690307e+00 -1.103249612647948796e-01 -3.603895829807627571e+00 1.498757138227992058e+00
-7.708963024357511074e-02 -1.554776280826911439e+00 -1.548279698421710870e+00 -1.109816586094515833e-01 -3.614280397100208209e+00 1.498952271643622991e+00
-7.696448865602212308e-02 -1.563885956769786478e+00 -1.548241513841737360e+00 -1.116368564783057904e-01 -3.624676385298970072e+00 1.499149622082570410e+00
-7.683896405948653641e-02 -1.573001377140093915e+00 -1.548203049437630874e+00 -1.122905260237703484e-01 -3.635083767681265510e+00 1.499349176549218621e+00
-7.671305442015470544e-02 -1.582122474018270442e+00 -1.548164300359887280e+00 -1.129426385137685118e-01 -3.645502517916673124e+00 1.499550921961942285e+00
-7.658675765988168238e-02 -1.591249179483882781e+00 -1.548125261635842076e+00 -1.135931653335166547e-01 -3.655932610069791533e+00 1.499754845153962624e+00
-7.646007165503877767e-02 -1.600381425615603259e+00 -1.548085928168936753e+00 -1.142420779872926340e-01 -3.666374018603097529e+00 1.499960932874209174e+00
-7.633299423535391814e-02 -1.609519144491186715e+00 -1.548046294738049555e+00 -1.148893481001890260e-01 -3.676826718379867298e+00 1.500169171788188871e+00
-7.620552318274580184e-02 -1.618662268187443853e+00 -1.548006355996893957e+00 -1.155349474198506254e-01 -3.687290684667149154e+00 1.500379548478859792e+00
-7.607765623015241840e-02 -1.627810728780218152e+00 -1.547966106473489090e+00 -1.161788478181968731e-01 -3.697765893138804216e+00 1.500592049447511789e+00
-7.594939106035475396e-02 -1.636964458344357887e+00 -1.547925540569704328e+00 -1.168210212931282133e-01 -3.708252319878603487e+00 1.500806661114653773e+00
-7.582072530479641581e-02 -1.646123388953691258e+00 -1.547884652560883145e+00 -1.174614399702176015e-01 -3.718749941383397761e+00 1.501023369820905895e+00
-7.569165654240020413e-02 -1.655287452680999749e+00 -1.547843436595549127e+00 -1.181000761043854708e-01 -3.729258734566343492e+00 1.501242161827899491e+00
-7.556218229838229661e-02 -1.664456581597991036e+00 -1.547801886695199469e+00 -1.187369020815591814e-01 -3.739778676760201481e+00 1.501463023319182799e+00
-7.543230004306514247e-02 -1.673630707775271897e+00 -1.547759996754187961e+00 -1.193718904203168729e-01 -3.750309745720708410e+00 1.501685940401133790e+00
-7.530200719068994020e-02 -1.682809763282320237e+00 -1.547717760539702780e+00 -1.200050137735151345e-01 -3.760851919630017637e+00 1.501910899103878316e+00
-7.517130109822972583e-02 -1.691993680187456661e+00 -1.547675171691843099e+00 -1.206362449299002992e-01 -3.771405177100208839e+00 1.502137885382216487e+00
-7.504017906420420991e-02 -1.701182390557816948e+00 -1.547632223723799383e+00 -1.212655568157045005e-01 -3.781969497176889128e+00 1.502366885116554807e+00
-7.490863832749722340e-02 -1.710375826459322290e+00 -1.547588910022140718e+00 -1.218929224962247704e-01 -3.792544859342856789e+00 1.502597884113845650e+00
-7.477667606617824370e-02 -1.719573919956650432e+00 -1.547545223847214935e+00 -1.225183151773866774e-01 -3.803131243521863603e+00 1.502830868108533169e+00
-7.464428939632897220e-02 -1.728776603113206356e+00 -1.547501158333664861e+00 -1.231417082072909230e-01 -3.813728630082444671e+00 1.503065822763506754e+00
-7.451147537087618455e-02 -1.737983807991092089e+00 -1.547456706491066925e+00 -1.237630750777436173e-01 -3.824336999841838391e+00 1.503302733671060931e+00
-7.437823097842879982e-02 -1.747195466651230600e+00 -1.547411861204662120e+00 -1.243823893913400258e-01 -3.834956333560644470e+00 1.503541586353863924e+00
-7.424455314212692614e-02 -1.756411511153336491e+00 -1.547366615236218657e+00 -1.249996248633820639e-01 -3.845586611945902344e+00 1.503782366265932202e+00
-7.411043871850102327e-02 -1.765631873555883580e+00 -1.547320961225029379e+00 -1.256147553237903780e-01 -3.856227815654268198e+00 1.504025058793613256e+00
-7.397588449634254215e-02 -1.774856485916076032e+00 -1.547274891689051968e+00 -1.262277547190099880e-01 -3.866879925295279019e+00 1.504269649256575248e+00
-7.384088719558737357e-02 -1.784085280289815056e+00 -1.547228399026193690e+00 -1.268385971139106838e-01 -3.877542921434725010e+00 1.504516122908804876e+00
-7.370544346621385468e-02 -1.793318188731669149e+00 -1.547181475515748694e+00 -1.274472566936807327e-01 -3.888216784598117037e+00 1.504764464939612356e+00
-7.356954988714997645e-02 -1.802555143295131668e+00 -1.547134113319923232e+00 -1.280537077032146975e-01 -3.898901494329126027e+00 1.505014660474644383e+00
-7.343320296519581514e-02 -1.811796076032964553e+00 -1.547086304485431052e+00 -1.286579243714869314e-01 -3.909597028002286923e+00 1.505266694576907094e+00
-7.329639913396010509e-02 -1.821040918997693492e+00 -1.547038040945126314e+00 -1.292598808030553659e-01 -3.920303359111800390e+00 1.505520552247796129e+00
-7.315913475282709300e-02 -1.830289604241578161e+00 -1.546989314519806813e+00 -1.298595509834620243e-01 -3.931020457268902035e+00 1.505776218428136692e+00
-7.302140610589075154e-02 -1.839542064008188316e+00 -1.546940116917972841e+00 -1.304569080683897209e-01 -3.941748277224658370e+00 1.506033677999060849e+00
-7.288320939853715208e-02 -1.848798230731524050e+00 -1.546890439736643641e+00 -1.310519243618852581e-01 -3.952486758213790363e+00 1.506292915783180586e+00
-7.274454075641292872e-02 -1.858058037036578014e+00 -1.546840274462264020e+00 -1.316445712673215418e-01 -3.963235822917774875e+00 1.506553916545765759e+00
-7.260539622440290164e-02 -1.867321415740002877e+00 -1.546789612471677566e+00 -1.322348192185558435e-01 -3.973995376094981768e+00 1.506816664995926702e+00
-7.246577176562904454e-02 -1.876588299850363573e+00 -1.546738445033281284e+00 -1.328226376993535129e-01 -3.984765304556102006e+00 1.507081145787802390e+00
-7.232566326046363514e-02 -1.885858622568392207e+00 -1.546686763308366963e+00 -1.334079952631300192e-01 -3.995545477139529122e+00 1.507347343521752370e+00
-7.218506650555250870e-02 -1.895132317287484103e+00 -1.546634558352590005e+00 -1.339908595034334515e-01 -4.006335743906441316e+00 1.507615242745553807e+00
-7.204397721286098788e-02 -1.904409317593954931e+00 -1.546581821117636535e+00 -1.345711970750807507e-01 -4.017135936115038497e+00 1.507884827955602969e+00
-7.190239100873885292e-02 -1.913689557267300501e+00 -1.546528542453095012e+00 -1.351489737156121862e-01 -4.027945866194747815e+00 1.508156083598119812e+00
-7.176030343300666969e-02 -1.922972970280456106e+00 -1.546474713108538790e+00 -1.357241542670590273e-01 -4.038765327720394538e+00 1.508428994070357909e+00
-7.161770993806508556e-02 -1.932259490800059876e+00 -1.546420323735825608e+00 -1.362967026980196616e-01 -4.049594095386360060e+00 1.508703543721817919e+00
-7.147460588802978521e-02 -1.941549053186713891e+00 -1.546365364891620020e+00 -1.368665821260390270e-01 -4.060431924980724361e+00 1.508979716855463948e+00
-7.133098655789398002e-02 -1.950841591995251534e+00 -1.546309827040146079e+00 -1.374337548402851938e-01 -4.071278553359385377e+00 1.509257497728945019e+00
-7.118684713272079023e-02 -1.960137041975001715e+00 -1.546253700556176724e+00 -1.379981823240919447e-01 -4.082133698413249689e+00 1.509536870555818977e+00
-7.104218270686801784e-02 -1.969435338070057995e+00 -1.546196975728264977e+00 -1.385598252782251905e-01 -4.092997059042381203e+00 1.509817819506780179e+00
-7.089698828324406121e-02 -1.978736415419692918e+00 -1.546139642762181632e+00 -1.391186436154125128e-01 -4.103868314654852689e+00 1.510100328710890505e+00
-7.075125877260406149e-02 -1.988040209358629795e+00 -1.546081691784608747e+00 -1.396745964846820565e-01 -4.114747125140493011e+00 1.510384382256814151e+00
-7.060498899288533692e-02 -1.997346655417314043e+00 -1.546023112847094927e+00 -1.402276422959831403e-01 -4.125633130844691188e+00 1.510669964194053749e+00
-7.045817366858478370e-02 -2.006655689322187186e+00 -1.545963895930279497e+00 -1.407777387450830364e-01 -4.136525952542262630e+00 1.510957058534191155e+00
-7.031080743018078283e-02 -2.015967246995961748e+00 -1.545904030948392016e+00 -1.413248428387351430e-01 -4.147425191411405088e+00 1.511245649252129120e+00
-7.016288481360240248e-02 -2.025281264557897032e+00 -1.545843507754033341e+00 -1.418689109201122789e-01 -4.158330429007738971e+00 1.511535720287336515e+00
-7.001440025974867143e-02 -2.034597678324078007e+00 -1.545782316143246682e+00 -1.424098986945007694e-01 -4.169241227238456027e+00 1.511827255545095561e+00
-6.986534811406081014e-02 -2.043916424807692866e+00 -1.545720445860882197e+00 -1.429477612552494947e-01 -4.180157128336595029e+00 1.512120238897749935e+00
-6.971572262615018112e-02 -2.053237440719314133e+00 -1.545657886606265130e+00 -1.434824531099686551e-01 -4.191077654835453359e+00 1.512414654185956886e+00
-6.956551794948517831e-02 -2.062560662967180214e+00 -1.545594628039170804e+00 -1.440139282069721471e-01 -4.202002309543134473e+00 1.512710485219938672e+00
-6.941472814113980316e-02 -2.071886028657478729e+00 -1.545530659786115812e+00 -1.445421399619592207e-01 -4.212930575517280118e+00 1.513007715780736451e+00
-6.926334716160731375e-02 -2.081213475094629395e+00 -1.545465971446970732e+00 -1.450670412849301150e-01 -4.223861916039988174e+00 1.513306329621465940e+00
-6.911136887468169454e-02 -2.090542939781570908e+00 -1.545400552601899680e+00 -1.455885846073297629e-01 -4.234795774592941875e+00 1.513606310468572413e+00
-6.895878704741070786e-02 -2.099874360420045605e+00 -1.545334392818635383e+00 -1.461067219094138170e-01 -4.245731574832753097e+00 1.513907642023088140e+00
-6.880559535012320538e-02 -2.109207674910889008e+00 -1.545267481660093978e+00 -1.466214047478323901e-01 -4.256668720566558761e+00 1.514210307961888713e+00
-6.865178735653447439e-02 -2.118542821354317596e+00 -1.545199808692338195e+00 -1.471325842834254605e-01 -4.267606595727884589e+00 1.514514291938950930e+00
-6.849735654393268591e-02 -2.127879738050218794e+00 -1.545131363492892040e+00 -1.476402113092246116e-01 -4.278544564352786850e+00 1.514819577586609567e+00
-6.834229629345014989e-02 -2.137218363498442297e+00 -1.545062135659415414e+00 -1.481442362786561939e-01 -4.289481970556318302e+00 1.515126148516814375e+00
-6.818659989042261116e-02 -2.146558636399091391e+00 -1.544992114818744433e+00 -1.486446093339390817e-01 -4.300418138509312982e+00 1.515433988322386405e+00
-6.803026052484024977e-02 -2.155900495652816051e+00 -1.544921290636301903e+00 -1.491412803346733040e-01 -4.311352372415546697e+00 1.515743080578273672e+00
-6.787327129189402175e-02 -2.165243880361107820e+00 -1.544849652825885045e+00 -1.496341988866126127e-01 -4.322283956489266998e+00 1.516053408842805261e+00
-6.771562519262076807e-02 -2.174588729826592903e+00 -1.544777191159835139e+00 -1.501233143706155182e-01 -4.333212154933127280e+00 1.516364956658944330e+00
-6.755731513465108862e-02 -2.183934983553329268e+00 -1.544703895479595079e+00 -1.506085759717701034e-01 -4.344136211916570289e+00 1.516677707555539101e+00
-6.739833393306335352e-02 -2.193282581247102847e+00 -1.544629755706659946e+00 -1.510899327086865640e-01 -4.355055351554667276e+00 1.516991645048571868e+00
-6.723867431134787631e-02 -2.202631462815723751e+00 -1.544554761853925484e+00 -1.515673334629512869e-01 -4.365968777887442087e+00 1.517306752642406220e+00
-6.707832890248500990e-02 -2.211981568369325135e+00 -1.544478904037439371e+00 -1.520407270087374973e-01 -4.376875674859718401e+00 1.517623013831030043e+00
-6.691729025014087062e-02 -2.221332838220662520e+00 -1.544402172488559488e+00 -1.525100620425669240e-01 -4.387775206301522068e+00 1.517940412099297864e+00
-6.675555080998477053e-02 -2.230685212885412216e+00 -1.544324557566525202e+00 -1.529752872132168762e-01 -4.398666515909067876e+00 1.518258930924166972e+00
-6.659310295113210487e-02 -2.240038633082471531e+00 -1.544246049771442975e+00 -1.534363511517657652e-01 -4.409548727226345832e+00 1.518578553775932649e+00
-6.642993895771670543e-02 -2.249393039734259858e+00 -1.544166639757693194e+00 -1.538932025017730465e-01 -4.420420943627368260e+00 1.518899264119456749e+00
-6.626605103059676760e-02 -2.258748373967018885e+00 -1.544086318347760001e+00 -1.543457899495871977e-01 -4.431282248299098114e+00 1.519221045415394045e+00
-6.610143128919801492e-02 -2.268104577111115017e+00 -1.544005076546487887e+00 -1.547940622547763767e-01 -4.442131704225103839e+00 1.519543881121412143e+00
-6.593607177349840309e-02 -2.277461590701340910e+00 -1.543922905555767722e+00 -1.552379682806746264e-01 -4.452968354169951404e+00 1.519867754693406514e+00
-6.576996444615837434e-02 -2.286819356477218790e+00 -1.543839796789655550e+00 -1.556774570250398226e-01 -4.463791220664412585e+00 1.520192649586710409e+00
-6.560310119480053381e-02 -2.296177816383302428e+00 -1.543755741889925259e+00 -1.561124776508157896e-01 -4.474599305991486808e+00 1.520518549257298790e+00
-6.543547383444286991e-02 -2.305536912569480457e+00 -1.543670732742059348e+00 -1.565429795169936966e-01 -4.485391592173304964e+00 1.520845437162984481e+00
-6.526707411008982052e-02 -2.314896587391280125e+00 -1.543584761491676005e+00 -1.569689122095664080e-01 -4.496167040958937378e+00 1.521173296764608995e+00
-6.509789369948476567e-02 -2.324256783410171501e+00 -1.543497820561397171e+00 -1.573902255725705412e-01 -4.506924593813172564e+00 1.521502111527225143e+00
-6.492792421602852637e-02 -2.333617443393870339e+00 -1.543409902668154476e+00 -1.578068697392094044e-01 -4.517663171906284525e+00 1.521831864921272315e+00
-6.475715721186744989e-02 -2.342978510316642726e+00 -1.543321000840936597e+00 -1.582187951630516232e-01 -4.528381676104852538e+00 1.522162540423742438e+00
-6.458558418115553645e-02 -2.352339927359609728e+00 -1.543231108438975374e+00 -1.586259526492991012e-01 -4.539078986963668072e+00 1.522494121519338606e+00
-6.441319656349431266e-02 -2.361701637911051144e+00 -1.543140219170371585e+00 -1.590282933861179304e-01 -4.549753964718782129e+00 1.522826591701623711e+00
-6.423998574755454549e-02 -2.371063585566710152e+00 -1.543048327111157025e+00 -1.594257689760269769e-01 -4.560405449281738299e+00 1.523159934474159094e+00
-6.406594307488386320e-02 -2.380425714130097514e+00 -1.542955426724792911e+00 -1.598183314673376487e-01 -4.571032260235052824e+00 1.523494133351633417e+00
-6.389105984390403004e-02 -2.389787967612797104e+00 -1.542861512882101271e+00 -1.602059333856382661e-01 -4.581633196828970078e+00 1.523829171860980214e+00
-6.371532731410192718e-02 -2.399150290234768779e+00 -1.542766580881625993e+00 -1.605885277653179011e-01 -4.592207037979577855e+00 1.524165033542484782e+00
-6.353873671041801452e-02 -2.408512626424653469e+00 -1.542670626470419748e+00 -1.609660681811227734e-01 -4.602752542268317981e+00 1.524501701950878196e+00
-6.336127922783604816e-02 -2.417874920820078266e+00 -1.542573645865253029e+00 -1.613385087797384876e-01 -4.613268447942938444e+00 1.524839160656419779e+00
-6.318294603617771732e-02 -2.427237118267958405e+00 -1.542475635774239739e+00 -1.617058043113925869e-01 -4.623753472919963414e+00 1.525177393245965130e+00
-6.300372828510605872e-02 -2.436599163824803238e+00 -1.542376593418872455e+00 -1.620679101614704298e-01 -4.634206314788724690e+00 1.525516383324022174e+00
-6.282361710934106225e-02 -2.445961002757019109e+00 -1.542276516556463362e+00 -1.624247823821391989e-01 -4.644625650817042484e+00 1.525856114513791439e+00
-6.264260363409102084e-02 -2.455322580541213107e+00 -1.542175403502979769e+00 -1.627763777239724374e-01 -4.655010137958588423e+00 1.526196570458191903e+00
-6.246067898070296193e-02 -2.464683842864496377e+00 -1.542073253156268864e+00 -1.631226536675682293e-01 -4.665358412861996484e+00 1.526537734820870629e+00
-6.227783427253569259e-02 -2.474044735624786107e+00 -1.541970065019662384e+00 -1.634635684551559720e-01 -4.675669091881808015e+00 1.526879591287197080e+00
-6.209406064105835177e-02 -2.483405204931110610e+00 -1.541865839225948775e+00 -1.637990811221833320e-01 -4.685940771091287260e+00 1.527222123565239231e+00
-6.190934923217780717e-02 -2.492765197103909092e+00 -1.541760576561705287e+00 -1.641291515288783587e-01 -4.696172026297208646e+00 1.527565315386722133e+00
-6.172369121279773496e-02 -2.502124658675335400e+00 -1.541654278491975338e+00 -1.644537403917790408e-01 -4.706361413056663778e+00 1.527909150507968716e+00
-6.153707777761226183e-02 -2.511483536389559124e+00 -1.541546947185279404e+00 -1.647728093152233397e-01 -4.716507466695963657e+00 1.528253612710819942e+00
-6.134950015613680613e-02 -2.520841777203066680e+00 -1.541438585538946082e+00 -1.650863208227930368e-01 -4.726608702331703604e+00 1.528598685803535862e+00
-6.116094961997867868e-02 -2.530199328284962412e+00 -1.541329197204747814e+00 -1.653942383887044287e-01 -4.736663614894077057e+00 1.528944353621675356e+00
-6.097141749034979546e-02 -2.539556137017268345e+00 -1.541218786614824365e+00 -1.656965264691158679e-01 -4.746670679151957728e+00 1.529290600028953451e+00
-6.078089514582368097e-02 -2.548912150995225279e+00 -1.541107359007878985e+00 -1.659931505333916146e-01 -4.756628349740932293e+00 1.529637408918076869e+00
-6.058937403033876762e-02 -2.558267318027590331e+00 -1.540994920455626360e+00 -1.662840770952903335e-01 -4.766535061193790668e+00 1.529984764211556048e+00
-6.039684566144980921e-02 -2.567621586136936696e+00 -1.540881477889474604e+00 -1.665692737440714888e-01 -4.776389227973571572e+00 1.530332649862491179e+00
-6.020330163882894881e-02 -2.576974903559951624e+00 -1.540767039127419080e+00 -1.668487091755125051e-01 -4.786189244509256646e+00 1.530681049855334486e+00
-6.000873365301784973e-02 -2.586327218747733969e+00 -1.540651612901126954e+00 -1.671223532228281738e-01 -4.795933485234164628e+00 1.531029948206624969e+00
-5.981313349443199284e-02 -2.595678480366089946e+00 -1.540535208883188956e+00 -1.673901768873279350e-01 -4.805620304623206884e+00 1.531379328965696507e+00
-5.961649306261806308e-02 -2.605028637295830674e+00 -1.540417837714511462e+00 -1.676521523691232307e-01 -4.815248037236975698e+00 1.531729176215355981e+00
-5.941880437576496643e-02 -2.614377638633065271e+00 -1.540299511031825164e+00 -1.679082530977146770e-01 -4.824814997768828384e+00 1.532079474072533420e+00
-5.922005958046891450e-02 -2.623725433689496622e+00 -1.540180241495281432e+00 -1.681584537624499498e-01 -4.834319481095021409e+00 1.532430206688900176e+00
-5.902025096175255586e-02 -2.633071971992714477e+00 -1.540060042816105979e+00 -1.684027303428446420e-01 -4.843759762327992213e+00 1.532781358251455561e+00
-5.881937095333793913e-02 -2.642417203286486771e+00 -1.539938929784280486e+00 -1.686410601387575980e-01 -4.853134096872889991e+00 1.533132912983080631e+00
-5.861741214817273865e-02 -2.651761077531051392e+00 -1.539816918296219139e+00 -1.688734218004124821e-01 -4.862440720487431811e+00 1.533484855143056880e+00
-5.841436730920881309e-02 -2.661103544903406171e+00 -1.539694025382404963e+00 -1.690997953582565883e-01 -4.871677849345191547e+00 1.533837169027549852e+00
-5.821022938043185491e-02 -2.670444555797596653e+00 -1.539570269234951772e+00 -1.693201622526477879e-01 -4.880843680102385562e+00 1.534189838970055897e+00
-5.800499149814049987e-02 -2.679784060825003422e+00 -1.539445669235051328e+00 -1.695345053633607602e-01 -4.889936389968267960e+00 1.534542849341809623e+00
-5.779864700247289849e-02 -2.689122010814628538e+00 -1.539320245980269508e+00 -1.697428090389029864e-01 -4.898954136779211765e+00 1.534896184552153153e+00
-5.759118944917831356e-02 -2.698458356813377534e+00 -1.539194021311647065e+00 -1.699450591256320142e-01 -4.907895059076587074e+00 1.535249829048862091e+00
-5.738261262163093374e-02 -2.707793050086342301e+00 -1.539067018340562587e+00 -1.701412429966631390e-01 -4.916757276188514325e+00 1.535603767318430624e+00
-5.717291054308258624e-02 -2.717126042117080864e+00 -1.538939261475314124e+00 -1.703313495805582056e-01 -4.925538888315573516e+00 1.535957983886311107e+00
-5.696207748915069896e-02 -2.726457284607894049e+00 -1.538810776447368411e+00 -1.705153693897855094e-01 -4.934237976620576838e+00 1.536312463317108357e+00
-5.675010800053718885e-02 -2.735786729480100821e+00 -1.538681590337231508e+00 -1.706932945489400832e-01 -4.942852603322477556e+00 1.536667190214725975e+00
-5.653699689597367628e-02 -2.745114328874310949e+00 -1.538551731599887784e+00 -1.708651188227142959e-01 -4.951380811794511061e+00 1.537022149222463829e+00
-5.632273928538773788e-02 -2.754440035150693245e+00 -1.538421230089752845e+00 -1.710308376436076860e-01 -4.959820626666647136e+00 1.537377325023063568e+00
-5.610733058328443157e-02 -2.763763800889242006e+00 -1.538290117085086228e+00 -1.711904481393645983e-01 -4.968170053932425390e+00 1.537732702338701962e+00
-5.589076652233680026e-02 -2.773085578890039038e+00 -1.538158425311801691e+00 -1.713439491601290443e-01 -4.976427081060271540e+00 1.538088265930929399e+00
-5.567304316717840151e-02 -2.782405322173512552e+00 -1.538026188966618690e+00 -1.714913413053042734e-01 -4.984589677109344308e+00 1.538444000600550643e+00
-5.545415692839034821e-02 -2.791722983980689854e+00 -1.537893443739488442e+00 -1.716326269501057267e-01 -4.992655792849999052e+00 1.538799891187448310e+00
-5.523410457667469325e-02 -2.801038517773448255e+00 -1.537760226835229505e+00 -1.717678102717949684e-01 -5.000623360888930335e+00 1.539155922570343504e+00
-5.501288325720538747e-02 -2.810351877234757989e+00 -1.537626576994304939e+00 -1.718968972755820779e-01 -5.008490295799050251e+00 1.539512079666495392e+00
-5.479049050414723510e-02 -2.819663016268921574e+00 -1.537492534512669318e+00 -1.720198958201835382e-01 -5.016254494254157592e+00 1.539868347431333939e+00
-5.456692425533266749e-02 -2.828971889001805184e+00 -1.537358141260610545e+00 -1.721368156430227447e-01 -5.023913835168448472e+00 1.540224710858025592e+00
-5.434218286708542706e-02 -2.838278449781065138e+00 -1.537223440700512533e+00 -1.722476683850593382e-01 -5.031466179840900388e+00 1.540581154976968792e+00
-5.411626512917934451e-02 -2.847582653176366385e+00 -1.537088477903455708e+00 -1.723524676152338453e-01 -5.038909372104567908e+00 1.540937664855217548e+00
-5.388917027991976805e-02 -2.856884453979592564e+00 -1.536953299564574937e+00 -1.724512288545133054e-01 -5.046241238480814850e+00 1.541294225595829737e+00
-5.366089802133427317e-02 -2.866183807205048506e+00 -1.536817954017087873e+00 -1.725439695995233946e-01 -5.053459588338482966e+00 1.541650822337137683e+00
-5.343144853445843528e-02 -2.875480668089652081e+00 -1.536682491244906412e+00 -1.726307093457522812e-01 -5.060562214058014874e+00 1.542007440251938810e+00
-5.320082249470155927e-02 -2.884774992093117607e+00 -1.536546962893736490e+00 -1.727114696103112523e-01 -5.067546891200504611e+00 1.542364064546603686e+00
-5.296902108727636477e-02 -2.894066734898126381e+00 -1.536411422280573591e+00 -1.727862739542364023e-01 -5.074411378681675799e+00 1.542720680460097915e+00
-5.273604602267557839e-02 -2.903355852410487881e+00 -1.536275924401492521e+00 -1.728551480043157840e-01 -5.081153418950730583e+00 1.543077273262915661e+00
-5.250189955217750282e-02 -2.912642300759285430e+00 -1.536140525937630619e+00 -1.729181194744260075e-01 -5.087770738174036467e+00 1.543433828255921236e+00
-5.226658448336143209e-02 -2.921926036297010310e+00 -1.536005285259258057e+00 -1.729752181863618288e-01 -5.094261046423578243e+00 1.543790330769096997e+00
-5.203010419561285294e-02 -2.931207015599679444e+00 -1.535870262427826205e+00 -1.730264760901563115e-01 -5.100622037870627068e+00 1.544146766160192641e+00
-5.179246265559717122e-02 -2.940485195466938428e+00 -1.535735519195878140e+00 -1.730719272839394141e-01 -5.106851390986991035e+00 1.544503119813274594e+00
-5.155366443267950932e-02 -2.949760532922145462e+00 -1.535601119004706749e+00 -1.731116080331396578e-01 -5.112946768747208992e+00 1.544859377137169920e+00
-5.131371471426694059e-02 -2.959032985212439737e+00 -1.535467126979636943e+00 -1.731455567891106995e-01 -5.118905818835083998e+00 1.545215523563804760e+00
-5.107261932104823626e-02 -2.968302509808786738e+00 -1.535333609922805653e+00 -1.731738142071655717e-01 -5.124726173854412536e+00 1.545571544546429976e+00
-5.083038472210491682e-02 -2.977569064406003552e+00 -1.535200636303311938e+00 -1.731964231640007457e-01 -5.130405451543731843e+00 1.545927425557734436e+00
-5.058701804986591444e-02 -2.986832606922763311e+00 -1.535068276244599739e+00 -1.732134287744922785e-01 -5.135941254994904170e+00 1.546283152087839285e+00
-5.034252711487680054e-02 -2.996093095501571657e+00 -1.534936601508935627e+00 -1.732248784078463111e-01 -5.141331172875314159e+00 1.546638709642170983e+00
-5.009692042035304715e-02 -3.005350488508719220e+00 -1.534805685478837223e+00 -1.732308217030858466e-01 -5.146572779653463492e+00 1.546994083739210657e+00
-4.985020717648509792e-02 -3.014604744534206127e+00 -1.534675603135303268e+00 -1.732313105838562406e-01 -5.151663635827699039e+00 1.547349259908113561e+00
-4.960239731446145633e-02 -3.023855822391636750e+00 -1.534546431032691283e+00 -1.732263992725314172e-01 -5.156601288157808938e+00 1.547704223686196645e+00
-4.935350150017431270e-02 -3.033103681118082484e+00 -1.534418247270083135e+00 -1.732161443036032422e-01 -5.161383269899189052e+00 1.548058960616290447e+00
-4.910353114757023962e-02 -3.042348279973910330e+00 -1.534291131458974000e+00 -1.732006045363364000e-01 -5.166007101039263638e+00 1.548413456243950437e+00
