-8.791541226902925832e-01 -4.745539024098128777e+00 1.057250743753513494e-01 9.216580134025721405e-01 -4.678820345747396026e+00 -3.158178206283638101e+00
-8.791541226902925832e-01 -4.745539024098128777e+00 1.057250743753513494e-01 9.216580134025721405e-01 -4.678820345747396026e+00 -3.158178206283638101e+00
-8.791621987662122661e-01 -4.745522021407760249e+00 4.753871411728139984e-01 9.215884768936396521e-01 -4.678815196362917206e+00 -3.157975455107594254e+00
-8.791196328969875795e-01 -4.745468097531503560e+00 8.811658718099956156e-01 9.214520522436376870e-01 -4.678805091319723886e+00 -3.157571506608506606e+00
-8.790448190114100724e-01 -4.745326391340572769e+00 1.186776381432540495e+00 9.212513853689764387e-01 -4.678790263147900141e+00 -3.156967915349713216e+00
-8.789818119252550410e-01 -4.745077939070271533e+00 1.368771253083127748e+00 9.209891197516869576e-01 -4.678770979622516535e+00 -3.156166236627681254e+00
-8.789498311908230388e-01 -4.744727875567909869e+00 1.452957530652529528e+00 9.206678964841839008e-01 -4.678747540244815539e+00 -3.155168026494017841e+00
-8.789435114828583195e-01 -4.744281498257890917e+00 1.476531957468960821e+00 9.202903543384440832e-01 -4.678720272768959632e+00 -3.153974841776721494e+00
-8.789486064207718830e-01 -4.743739987017601578e+00 1.470564926037019493e+00 9.198591298527831750e-01 -4.678689529772792177e+00 -3.152588240100697714e+00
-8.789524175605443190e-01 -4.743103208256413517e+00 1.455094113350391627e+00 9.193768574306208086e-01 -4.678655685272845588e+00 -3.151009779907560926e+00
-8.789476790174083343e-01 -4.742371249209891282e+00 1.440363602306410806e+00 9.188461694457930040e-01 -4.678619131383782381e+00 -3.149241020474732977e+00
-8.789323546473212234e-01 -4.741544442762259948e+00 1.430039746578678717e+00 9.182696963491864262e-01 -4.678580275022492962e+00 -3.147283521933861294e+00
-8.789077203799096072e-01 -4.740623117437076317e+00 1.424272593337250870e+00 9.176500667716440685e-01 -4.678539534657095267e+00 -3.145138845288561580e+00
-8.788763498644319716e-01 -4.739607524865777854e+00 1.421840135850160891e+00 9.169899076183692932e-01 -4.678497337101176434e+00 -3.142808552431495706e+00
-8.788407395142602274e-01 -4.738497881433609393e+00 1.421344193461148597e+00 9.162918441501575195e-01 -4.678454114353599813e+00 -3.140294206160793689e+00
-8.788026727055252563e-01 -4.737294412346003902e+00 1.421712143644840776e+00 9.155585000470496393e-01 -4.678410300484302731e+00 -3.137597370195820190e+00
-8.787631220818993283e-01 -4.735997365763142675e+00 1.422295372100951250e+00 9.147924946577655758e-01 -4.678366328637693528e+00 -3.134719606053466556e+00
-8.787224290838431262e-01 -4.734607008205882650e+00 1.422787575376064817e+00 9.139964430125049333e-01 -4.678322628045041398e+00 -3.131662473062806651e+00
-8.786805585089282333e-01 -4.733123615783404681e+00 1.423097842751392728e+00 9.131729558060536212e-01 -4.678279621089675544e+00 -3.128427528379108757e+00
-8.786373150412959410e-01 -4.731547467677706287e+00 1.423242234637087433e+00 9.123246393476587279e-01 -4.678237720425434176e+00 -3.125016326997206217e+00
-8.785924823855220112e-01 -4.729878842735276478e+00 1.423272768842561042e+00 9.114540954742376133e-01 -4.678197326148816337e+00 -3.121430421764202379e+00
-8.785458897366558162e-01 -4.728118018220216712e+00 1.423240474731650718e+00 9.105639214238478996e-01 -4.678158823025404978e+00 -3.117671363391516071e+00
-8.784974282053665817e-01 -4.726265269728574303e+00 1.423181696102387983e+00 9.096567096663144003e-01 -4.678122577771167911e+00 -3.113740700466237410e+00
-8.784470410628455461e-01 -4.724320871591840110e+00 1.423117029498373265e+00 9.087350476883077066e-01 -4.678088936389336538e+00 -3.109639979461799264e+00
-8.783947053983132136e-01 -4.722285097384006924e+00 1.423055339512687700e+00 9.078015177302513061e-01 -4.678058221563637709e+00 -3.105370744747932399e+00
-8.783404151122745640e-01 -4.720158220344362832e+00 1.422998568160504185e+00 9.068586964726976785e-01 -4.678030730108702073e+00 -3.100934538599898094e+00
-8.782841691058613787e-01 -4.717940513655710433e+00 1.422945495645038028e+00 9.059091546697521924e-01 -4.678006730478579733e+00 -3.096332901206942712e+00
-8.782259648728328871e-01 -4.715632250589328223e+00 1.422894049656092896e+00 9.049554567278251804e-01 -4.677986460334373930e+00 -3.091567370680010196e+00
-8.781657960989522893e-01 -4.713233704556679449e+00 1.422842417935490600e+00 9.040001602275897774e-01 -4.677970124172028399e+00 -3.086639483058646771e+00
-8.781036525862694342e-01 -4.710745149109826002e+00 1.422789396146679763e+00 9.030458153876912419e-01 -4.677957891011451430e+00 -3.081550772317099618e+00
-8.780395211644630438e-01 -4.708166857921838755e+00 1.422734348915596803e+00 9.020949644685307689e-01 -4.677949892148168587e+00 -3.076302770369542916e+00
-8.779733867638054301e-01 -4.705499104765616281e+00 1.422677035488511876e+00 9.011501411150567575e-01 -4.677946218968820347e+00 -3.070897007074428586e+00
-8.779052332642435230e-01 -4.702742163499133099e+00 1.422617433077179028e+00 9.002138696374377691e-01 -4.677946920831835165e+00 -3.065335010237946634e+00
-8.778350440229502061e-01 -4.699896308058694849e+00 1.422555608874151334e+00 8.992886642286843646e-01 -4.677952003014721249e+00 -3.059618305616566669e+00
-8.777628021280684534e-01 -4.696961812458686936e+00 1.422491646372068042e+00 8.983770281184823014e-01 -4.677961424729445206e+00 -3.053748416918606878e+00
-8.776884904730007930e-01 -4.693938950795529585e+00 1.422425612899781866e+00 8.974814526627550304e-01 -4.677975097207458077e+00 -3.047726865804817997e+00
-8.776120917387877363e-01 -4.690827997253749437e+00 1.422357551845983004e+00 8.966044163685286117e-01 -4.677992881855947083e+00 -3.041555171887901476e+00
-8.775335883452708430e-01 -4.687629226112790981e+00 1.422287486400325207e+00 8.957483838541250298e-01 -4.678014588486976599e+00 -3.035234852730980926e+00
-8.774529624041903508e-01 -4.684342911753899052e+00 1.422215426609486189e+00 8.949158047446614805e-01 -4.678039973621173075e+00 -3.028767423844981987e+00
-8.773701956871473584e-01 -4.680969328666783724e+00 1.422141375705653799e+00 8.941091125030825593e-01 -4.678068738867751541e+00 -3.022154398684874010e+00
-8.772852696095220226e-01 -4.677508751456014302e+00 1.422065334379114754e+00 8.933307231967682061e-01 -4.678100529382620998e+00 -3.015397288644734886e+00
-8.771981652264341234e-01 -4.673961454847263219e+00 1.421987303094088162e+00 8.925830342009621887e-01 -4.678134932406308621e+00 -3.008497603051623059e+00
-8.771088632359198556e-01 -4.670327713693491312e+00 1.421907283022748159e+00 8.918684228394236913e-01 -4.678171475883591945e+00 -3.001456849158198548e+00
-8.770173438720754167e-01 -4.666607801804034672e+00 1.421825276149834894e+00 8.911892444417530701e-01 -4.678209627631003897e+00 -2.994276529977405232e+00
-8.769235869120086679e-01 -4.662801991960960457e+00 1.421741285048876202e+00 8.905478308116209218e-01 -4.678248794146797174e+00 -2.986958144292965134e+00
-8.768275716823266119e-01 -4.658910555935777076e+00 1.421655312577641217e+00 8.899464886360862748e-01 -4.678288319510439663e+00 -2.979503186668689629e+00
-8.767292770646365474e-01 -4.654933764506314908e+00 1.421567361689048514e+00 8.893874978374933793e-01 -4.678327484373514977e+00 -2.971913147456456183e+00
-8.766286815004111777e-01 -4.650871887473954303e+00 1.421477435301355507e+00 8.888731098697616462e-01 -4.678365505043866612e+00 -2.964189512802800852e+00
-8.765257629953833174e-01 -4.646725193681128019e+00 1.421385536210022060e+00 8.884055459608198868e-01 -4.678401532664855367e+00 -2.956333764654059504e+00
-8.764204991235942099e-01 -4.642493951029106114e+00 1.421291667065310849e+00 8.879869953039973840e-01 -4.678434652491508139e+00 -2.948347380760201641e+00
-8.763128670312699819e-01 -4.638178426496048168e+00 1.421195830411656535e+00 8.876196132001977768e-01 -4.678463883265301604e+00 -2.940231834677013545e+00
-8.762028434408620781e-01 -4.633778886155240251e+00 1.421098028681586189e+00 8.873055191537407849e-01 -4.678488176689326039e+00 -2.931988595766888306e+00
-8.760904046550532787e-01 -4.629295595193548607e+00 1.420998264167737890e+00 8.870467949240234962e-01 -4.678506417005478646e+00 -2.923619129197867927e+00
-8.759755265605508878e-01 -4.624728817930067848e+00 1.420896539058583485e+00 8.868454825365544858e-01 -4.678517420675207816e+00 -2.915124895941088923e+00
-8.758581846320450115e-01 -4.620078817835048035e+00 1.420792855444968916e+00 8.867035822555986435e-01 -4.678519936165459470e+00 -2.906507352766382279e+00
-8.757383539361642821e-01 -4.615345857549050912e+00 1.420687215310669771e+00 8.866230505221058822e-01 -4.678512643841167495e+00 -2.897767952236320443e+00
-8.756160091353714092e-01 -4.610530198902194066e+00 1.420579620540844301e+00 8.866057978598451683e-01 -4.678494155965719159e+00 -2.888908142698231263e+00
-8.754911244918581747e-01 -4.605632102933661542e+00 1.420470072952878970e+00 8.866536867535622646e-01 -4.678463016810562536e+00 -2.879929368274483092e+00
-8.753636738716084054e-01 -4.600651829911419632e+00 1.420358574269622087e+00 8.867685295020899527e-01 -4.678417702875227846e+00 -2.870833068850858538e+00
-8.752336307483132849e-01 -4.595589639352038347e+00 1.420245126096650434e+00 8.869520860508538496e-01 -4.678356623218707711e+00 -2.861620680062983535e+00
-8.751009682071498874e-01 -4.590445790040646123e+00 1.420129729927744888e+00 8.872060618071168081e-01 -4.678278119903192867e+00 -2.852293633280706509e+00
-8.749656589485275138e-01 -4.585220540051086147e+00 1.420012387179548474e+00 8.875321054418873201e-01 -4.678180468550944937e+00 -2.842853355590358344e+00
-8.748276752920575161e-01 -4.579914146766165928e+00 1.419893099181688934e+00 8.879318066831892731e-01 -4.678061879014904001e+00 -2.833301269775219566e+00
-8.746869891804546215e-01 -4.574526866898110278e+00 1.419771867146649269e+00 8.884066941035648757e-01 -4.677920496163793906e+00 -2.823638794293680920e+00
-8.745435721832005571e-01 -4.569058956509049807e+00 1.419648692220679909e+00 8.889582329068781430e-01 -4.677754400781887867e+00 -2.813867343255233688e+00
-8.743973955005988064e-01 -4.563510671031769661e+00 1.419523575435671647e+00 8.895878227189414345e-01 -4.677561610583750529e+00 -2.803988326394537101e+00
-8.742484299674589954e-01 -4.557882265290485790e+00 1.419396517744497821e+00 8.902967953860390082e-01 -4.677340081344004474e+00 -2.794003149043196021e+00
-8.740966460570097629e-01 -4.552173993521759776e+00 1.419267520011350481e+00 8.910864127855576688e-01 -4.677087708142168232e+00 -2.783913212099355050e+00
-8.739420138847966424e-01 -4.546386109395438524e+00 1.419136582994839024e+00 8.919578646540671230e-01 -4.676802326722067527e+00 -2.773719911995132570e+00
-8.737845032124379463e-01 -4.540518866035741397e+00 1.419003707372469947e+00 8.929122664366504480e-01 -4.676481714965597725e+00 -2.763424640661780174e+00
-8.736240834515076603e-01 -4.534572516042305601e+00 1.418868893720088398e+00 8.939506571624366016e-01 -4.676123594480198875e+00 -2.753028785492498187e+00
-8.734607236672607966e-01 -4.528547311511396778e+00 1.418732142525218176e+00 8.950739973511345760e-01 -4.675725632299164047e+00 -2.742533729303112899e+00
-8.732943925825220610e-01 -4.522443504057122254e+00 1.418593454182680791e+00 8.962831669551550862e-01 -4.675285442693867921e+00 -2.731940850290574208e+00
-8.731250585815485410e-01 -4.516261344832816604e+00 1.418452828998272963e+00 8.975789633419951619e-01 -4.674800589096752113e+00 -2.721251521989105804e+00
-8.729526897138139008e-01 -4.510001084552332173e+00 1.418310267191758900e+00 8.989620993209922473e-01 -4.674268586133958792e+00 -2.710467113223823166e+00
-8.727772536978847251e-01 -4.503662973511445955e+00 1.418165768887917455e+00 9.004332012205753522e-01 -4.673686901765580437e+00 -2.699588988062577410e+00
-8.725987179252157055e-01 -4.497247261609220281e+00 1.418019334101781936e+00 9.019928070199491055e-01 -4.673052959531920791e+00 -2.688618505765243860e+00
-8.724170494638836537e-01 -4.490754198369319994e+00 1.417870962774078203e+00 9.036413645394113514e-01 -4.672364140904192276e+00 -2.677557020730868320e+00
-8.722322150625044790e-01 -4.484184032961490374e+00 1.417720654763086507e+00 9.053792296948928175e-01 -4.671617787736997762e+00 -2.666405882442553388e+00
-8.720441811541159716e-01 -4.477537014223004874e+00 1.417568409874113033e+00 9.072066648206131845e-01 -4.670811204820625839e+00 -2.655166435409993309e+00
-8.718529138603156037e-01 -4.470813390680075550e+00 1.417414227777088254e+00 9.091238370649938894e-01 -4.669941662530312954e+00 -2.643840019110114348e+00
-8.716583789948451066e-01 -4.464013410569275919e+00 1.417258108059210597e+00 9.111308168636824689e-01 -4.669006399569981980e+00 -2.632427967925452972e+00
-8.714605420674090830e-01 -4.457137321858828827e+00 1.417100050216567819e+00 9.132275764941546470e-01 -4.668002625807543104e+00 -2.620931611080299817e+00
-8.712593682875746648e-01 -4.450185372270017758e+00 1.416940053622670170e+00 9.154139887166790057e-01 -4.666927525198450333e+00 -2.609352272574965603e+00
-8.710548225683374390e-01 -4.443157809298470262e+00 1.416778117599308384e+00 9.176898255052624576e-01 -4.665778258794368583e+00 -2.597691271117491763e+00
-8.708468695302685747e-01 -4.436054880235464459e+00 1.416614241380461214e+00 9.200547568734697146e-01 -4.664551967833098445e+00 -2.585949920053680628e+00
-8.706354735053716265e-01 -4.428876832189179602e+00 1.416448424121124150e+00 9.225083497981431124e-01 -4.663245776906615347e+00 -2.574129527295360820e+00
-8.704205985410677915e-01 -4.421623912105913767e+00 1.416280664848616810e+00 9.250500672457724338e-01 -4.661856797202756475e+00 -2.562231395246329591e+00
-8.702022084037945859e-01 -4.414296366791195858e+00 1.416110962509256499e+00 9.276792673043695592e-01 -4.660382129817041807e+00 -2.550256820726542806e+00
-8.699802665828817450e-01 -4.406894442930840761e+00 1.415939316043642648e+00 9.303952024253052677e-01 -4.658818869129795814e+00 -2.538207094894291860e+00
-8.697547362951260075e-01 -4.399418387111925455e+00 1.415765724221887956e+00 9.331970187781091219e-01 -4.657164106244566781e+00 -2.526083503166922206e+00
-8.695255804880593908e-01 -4.391868445843757129e+00 1.415590185751565810e+00 9.360837557212038362e-01 -4.655414932483274981e+00 -2.513887325139611217e+00
-8.692927618440364768e-01 -4.384244865578579287e+00 1.415412699211765268e+00 9.390543453922376438e-01 -4.653568442933107896e+00 -2.501619834502482487e+00
-8.690562427837733583e-01 -4.376547892732324918e+00 1.415233263077614323e+00 9.421076124198187740e-01 -4.651621740040969399e+00 -2.489282298956086326e+00
-8.688159854700914231e-01 -4.368777773705282641e+00 1.415051875761316635e+00 9.452422737608238146e-01 -4.649571937249395326e+00 -2.476875980125450738e+00
-8.685719518120252891e-01 -4.360934754902679344e+00 1.414868535601184529e+00 9.484569386650476552e-01 -4.647416162669536277e+00 -2.464402133472749945e+00
-8.683241034688401472e-01 -4.353019082755224645e+00 1.414683240883626292e+00 9.517501087691405681e-01 -4.645151562785902577e+00 -2.451862008208726351e+00
-8.680724018541547959e-01 -4.345031003739322273e+00 1.414495989862741832e+00 9.551201783222185160e-01 -4.642775306187473028e+00 -2.439256847202670553e+00
-8.678168081403677681e-01 -4.336970764397348077e+00 1.414306780583188150e+00 9.585654345446257274e-01 -4.640284587319833953e+00 -2.426587886890943846e+00
-8.675572832616620378e-01 -4.328838611357943122e+00 1.414115610976223181e+00 9.620840581229722632e-01 -4.637676630251700516e+00 -2.413856357184723134e+00
-8.672937879176711995e-01 -4.320634791356039450e+00 1.413922478913473002e+00 9.656741238406180150e-01 -4.634948692451816399e+00 -2.401063481376829678e+00
-8.670262825776088311e-01 -4.312359551252713530e+00 1.413727382142909272e+00 9.693336013461222311e-01 -4.632098068569447946e+00 -2.388210476047316622e+00
-8.667547274838498517e-01 -4.304013138055034382e+00 1.413530318404301989e+00 9.730603560597590462e-01 -4.629122094213198757e+00 -2.375298550967925415e+00
-8.664790826564301440e-01 -4.295595798935704757e+00 1.413331285371772772e+00 9.768521502195933737e-01 -4.626018149721808470e+00 -2.362328909006479183e+00
-8.661993078972161086e-01 -4.287107781252709415e+00 1.413130280622721946e+00 9.807066440672242980e-01 -4.622783663921209651e+00 -2.349302746030171196e+00
-8.659153627936768682e-01 -4.278549332568606367e+00 1.412927301557227677e+00 9.846213971731472281e-01 -4.619416117862036764e+00 -2.336221250808486527e+00
-8.656272067221317812e-01 -4.269920700670158276e+00 1.412722345563752091e+00 9.885938699017624565e-01 -4.615913048531509411e+00 -2.323085604915721802e+00
-8.653347988523677481e-01 -4.261222133587483363e+00 1.412515409855130466e+00 9.926214250154037355e-01 -4.612272052534065914e+00 -2.309896982633225626e+00
-8.650380981506085032e-01 -4.252453879612995813e+00 1.412306491568619649e+00 9.967013294174257299e-01 -4.608490789733925119e+00 -2.296656550851020384e+00
-8.647370633835697040e-01 -4.243616187320370159e+00 1.412095587763744886e+00 1.000830756032576430e+00 -4.604566986854774058e+00 -2.283365468969581702e+00
-8.644316531224839339e-01 -4.234709305583497674e+00 1.411882695409242272e+00 1.005006785823526538e+00 -4.600498441030613783e+00 -2.270024888801397189e+00
-8.641218257469550634e-01 -4.225733483594864559e+00 1.411667811415632912e+00 1.009226409943299041e+00 -4.596283023300626880e+00 -2.256635954472605565e+00
-8.638075394491103731e-01 -4.216688970884293397e+00 1.411450932619101151e+00 1.013486532021019570e+00 -4.591918682043356625e+00 -2.243199802325332115e+00
-8.634887522377112656e-01 -4.207576017337309793e+00 1.411232055717330569e+00 1.017783970579188901e+00 -4.587403446344072933e+00 -2.229717560820227984e+00
-8.631654219415703100e-01 -4.198394873213349143e+00 1.411011177298558295e+00 1.022115461580137552e+00 -4.582735429290059059e+00 -2.216190350439398493e+00
-8.628375062132018769e-01 -4.189145789163802647e+00 1.410788293852959452e+00 1.026477661099517880e+00 -4.577912831187830101e+00 -2.202619283589525967e+00
-8.625049625326020042e-01 -4.179829016250039331e+00 1.410563401792084504e+00 1.030867148124350319e+00 -4.572933942696513654e+00 -2.189005464505773713e+00
-8.621677482112228841e-01 -4.170444805961226464e+00 1.410336497449347082e+00 1.035280427472028641e+00 -4.567797147873001506e+00 -2.175349989156758035e+00
-8.618258203959251462e-01 -4.160993410232181056e+00 1.410107577023202774e+00 1.039713932827020848e+00 -4.562500927123689820e+00 -2.161653945150182832e+00
-8.614791360724626257e-01 -4.151475081460844763e+00 1.409876636587686694e+00 1.044164029893210444e+00 -4.557043860056031903e+00 -2.147918411639518688e+00
-8.611276520688802005e-01 -4.141890072525742816e+00 1.409643672196056574e+00 1.048627019657711212e+00 -4.551424628225415603e+00 -2.134144459231547497e+00
-8.607713250599512422e-01 -4.132238636803053922e+00 1.409408679787262475e+00 1.053099141761660640e+00 -4.545642017773764643e+00 -2.120333149896020952e+00
-8.604101115708975289e-01 -4.122521028183962599e+00 1.409171655268835810e+00 1.057576577973480036e+00 -4.539694921955750750e+00 -2.106485536875862152e+00
-8.600439679818243643e-01 -4.112737501091524805e+00 1.408932594358029311e+00 1.062055455762031420e+00 -4.533582343545985438e+00 -2.092602664599166662e+00
-8.596728505306532320e-01 -4.102888310497784019e+00 1.408691492658622701e+00 1.066531851964547695e+00 -4.527303397123544570e+00 -2.078685568593310329e+00
-8.592967153166120031e-01 -4.092973711940259385e+00 1.408448345698788629e+00 1.071001796544002627e+00 -4.520857311230670028e+00 -2.064735275399375514e+00
-8.589155183042707087e-01 -4.082993961538664784e+00 1.408203148942834826e+00 1.075461276432562396e+00 -4.514243430399943691e+00 -2.050752802489862692e+00
-8.585292153275380089e-01 -4.072949316011258425e+00 1.407955897741994367e+00 1.079906239454308414e+00 -4.507461217048893687e+00 -2.036739158187791165e+00
-8.581377620933985373e-01 -4.062840032691243053e+00 1.407706587318966251e+00 1.084332598323423769e+00 -4.500510253236706504e+00 -2.022695341588309770e+00
-8.577411141852568921e-01 -4.052666369542860636e+00 1.407455212828747193e+00 1.088736234712152307e+00 -4.493390242279948765e+00 -2.008622342482154988e+00
-8.573392270669223381e-01 -4.042428585177274769e+00 1.407201769286353432e+00 1.093113003383145321e+00 -4.486101010224597729e+00 -1.994521141281148990e+00
-8.569320560860497205e-01 -4.032126938868790589e+00 1.406946251593832908e+00 1.097458736380677813e+00 -4.478642507171375797e+00 -1.980392708946473235e+00
-8.565195564777190462e-01 -4.021761690570719416e+00 1.406688654554874240e+00 1.101769247274756891e+00 -4.471014808452413725e+00 -1.966238006919124759e+00
-8.561016833681248661e-01 -4.011333100930864148e+00 1.406428972904502084e+00 1.106040335452923351e+00 -4.463218115655845253e+00 -1.952057987052932209e+00
-8.556783917786390248e-01 -4.000841431306982443e+00 1.406167201280165369e+00 1.110267790453239423e+00 -4.455252757498014304e+00 -1.937853591550745991e+00
-8.552496366295125885e-01 -3.990286943782077156e+00 1.405903334122858839e+00 1.114447396333340112e+00 -4.447119190538940003e+00 -1.923625752903439734e+00
-8.548153727424958603e-01 -3.979669901179682334e+00 1.405637365811015949e+00 1.118574936068601033e+00 -4.438817999741730524e+00 -1.909375393830932355e+00
-8.543755548449915027e-01 -3.968990567078966691e+00 1.405369290637843882e+00 1.122646195973832306e+00 -4.430349898874314185e+00 -1.895103427227584847e+00
-8.539301375739268840e-01 -3.958249205829622586e+00 1.405099102793754051e+00 1.126656970142252856e+00 -4.421715730751849094e+00 -1.880810756109454918e+00
-8.534790754793069034e-01 -3.947446082566716363e+00 1.404826796406461797e+00 1.130603064896093635e+00 -4.412916467317969271e+00 -1.866498273565552424e+00
-8.530223230284471603e-01 -3.936581463225554689e+00 1.404552365321276808e+00 1.134480303241398147e+00 -4.403953209567944782e+00 -1.852166862712112838e+00
-8.525598346075758949e-01 -3.925655614556173401e+00 1.404275803437619263e+00 1.138284529322167060e+00 -4.394827187309502392e+00 -1.837817396650209378e+00
-8.520915645272715278e-01 -3.914668804137713565e+00 1.403997104579540744e+00 1.142011612866885351e+00 -4.385539758763547624e+00 -1.823450738426981577e+00
-8.516174670265610480e-01 -3.903621300392781990e+00 1.403716262328790654e+00 1.145657453621380828e+00 -4.376092410005387734e+00 -1.809067741000141893e+00
-8.511374962748975426e-01 -3.892513372601616339e+00 1.403433270213828576e+00 1.149217985762108762e+00 -4.366486754245440416e+00 -1.794669247205965767e+00
-8.506516063765334756e-01 -3.881345290916283552e+00 1.403148121605046761e+00 1.152689182283537450e+00 -4.356724530951212593e+00 -1.780256089731490521e+00
-8.501597513735982270e-01 -3.870117326374805433e+00 1.402860809754439497e+00 1.156067059353199644e+00 -4.346807604812169323e+00 -1.765829091089584635e+00
-8.496618852494430829e-01 -3.858829750914804180e+00 1.402571327805328227e+00 1.159347680629497779e+00 -4.336737964545972268e+00 -1.751389063598014273e+00
-8.491579619322189298e-01 -3.847482837387017796e+00 1.402279668832306259e+00 1.162527161535243492e+00 -4.326517721550724005e+00 -1.736936809362830347e+00
-8.486479352989779734e-01 -3.836076859568867903e+00 1.401985825702155353e+00 1.165601673481051481e+00 -4.316149108405626933e+00 -1.722473120265383129e+00
-8.481317591782021603e-01 -3.824612092177984479e+00 1.401689791140156238e+00 1.168567448033523304e+00 -4.305634477219337342e+00 -1.707998777953246838e+00
-8.476093873527928979e-01 -3.813088810885368662e+00 1.401391557911474406e+00 1.171420781022366464e+00 -4.294976297828432266e+00 -1.693514553834919889e+00
-8.470807735655924153e-01 -3.801507292328556886e+00 1.401091118675894087e+00 1.174158036580477571e+00 -4.284177155851053520e+00 -1.679021209079276877e+00
-8.465458715232317966e-01 -3.789867814124923573e+00 1.400788465757337731e+00 1.176775651111842569e+00 -4.273239750596486530e+00 -1.664519494618331263e+00
-8.460046348969392227e-01 -3.778170654884462021e+00 1.400483591509436021e+00 1.179270137182026890e+00 -4.262166892833625376e+00 -1.650010151154464033e+00
-8.454570173278108669e-01 -3.766416094222670541e+00 1.400176488142932385e+00 1.181638087325852959e+00 -4.250961502422217819e+00 -1.635493909171020555e+00
-8.449029724301019284e-01 -3.754604412773223210e+00 1.399867147680258661e+00 1.183876177767404947e+00 -4.239626605809805326e+00 -1.620971488948452555e+00
-8.443424537939447916e-01 -3.742735892200625525e+00 1.399555562076045589e+00 1.185981172047409604e+00 -4.228165333397104320e+00 -1.606443600583585596e+00
-8.437754149893983424e-01 -3.730810815212560527e+00 1.399241723082087274e+00 1.187949924553194592e+00 -4.216580916778438493e+00 -1.591910944013076534e+00
-8.432018095691030668e-01 -3.718829465572341064e+00 1.398925622264858504e+00 1.189779383946852453e+00 -4.204876685857944274e+00 -1.577374209041400910e+00
-8.426215910708733103e-01 -3.706792128111202178e+00 1.398607251151734232e+00 1.191466596487200436e+00 -4.193056065846662683e+00 -1.562834075373159548e+00
-8.420347130222028964e-01 -3.694699088740470927e+00 1.398286601230301684e+00 1.193008709241280885e+00 -4.181122574145264892e+00 -1.548291212649020032e+00
-8.414411289447607523e-01 -3.682550634463298778e+00 1.397963663811418566e+00 1.194402973181422745e+00 -4.169079817115588504e+00 -1.533746280486149027e+00
-8.408407923573749665e-01 -3.670347053386755487e+00 1.397638430049578995e+00 1.195646746164012120e+00 -4.156931486747571292e+00 -1.519199928523070842e+00
-8.402336567791617306e-01 -3.658088634733723588e+00 1.397310890954106988e+00 1.196737495786494909e+00 -4.144681357223523932e+00 -1.504652796468973319e+00
-8.396196757328614479e-01 -3.645775668854426499e+00 1.396981037335011333e+00 1.197672802119164492e+00 -4.132333281387603918e+00 -1.490105514156184308e+00
-8.389988027472674581e-01 -3.633408447237872707e+00 1.396648859979246371e+00 1.198450360308358498e+00 -4.119891187122574294e+00 -1.475558701597316613e+00
-8.383709913622955368e-01 -3.620987262523289729e+00 1.396314349494355511e+00 1.199067983048433206e+00 -4.107359073641726255e+00 -1.461012969046652676e+00
-8.377361951319503008e-01 -3.608512408511524328e+00 1.395977496214485747e+00 1.199523602919369436e+00 -4.094741007697524360e+00 -1.446468917065659054e+00
-8.370943676257126542e-01 -3.595984180175989309e+00 1.395638290471418630e+00 1.199815274587597180e+00 -4.082041119714275190e+00 -1.431927136591929273e+00
-8.364454624339100475e-01 -3.583402873673976252e+00 1.395296722331945238e+00 1.199941176867746373e+00 -4.069263599851396407e+00 -1.417388209012748979e+00
-8.357894331692953260e-01 -3.570768786357628510e+00 1.394952781773560746e+00 1.199899614642963908e+00 -4.056412693999162933e+00 -1.402852706241897618e+00
-8.351262334711844204e-01 -3.558082216784772989e+00 1.394606458678000260e+00 1.199689020642161763e+00 -4.043492699714637872e+00 -1.388321190801192317e+00
-8.344558170094432681e-01 -3.545343464729633354e+00 1.394257742738866712e+00 1.199307957072423214e+00 -4.030507962103345498e+00 -1.373794215905604688e+00
-8.337781374874229101e-01 -3.532552831193560117e+00 1.393906623592278793e+00 1.198755117104862045e+00 -4.017462869650914925e+00 -1.359272325551829308e+00
-8.330931486464596691e-01 -3.519710618415316183e+00 1.393553090659068516e+00 1.198029326213059464e+00 -4.004361850011472157e+00 -1.344756054611177198e+00
-8.324008042683670450e-01 -3.506817129881536488e+00 1.393197133237059404e+00 1.197129543362437598e+00 -3.991209365756396732e+00 -1.330245928925521737e+00
-8.317010581793526924e-01 -3.493872670337105468e+00 1.392838740345508031e+00 1.196054862050440093e+00 -3.978009910091306445e+00 -1.315742465407480744e+00
-8.309938642516423446e-01 -3.480877545795396877e+00 1.392477900778185562e+00 1.194804511196502439e+00 -3.964768002545647541e+00 -1.301246172143241342e+00
-8.302791764057750878e-01 -3.467832063548281329e+00 1.392114603282440521e+00 1.193377855881233351e+00 -3.951488184638425771e+00 -1.286757548499662285e+00
-8.295569486153911987e-01 -3.454736532176117869e+00 1.391748836487257224e+00 1.191774397935057683e+00 -3.938175015529234546e+00 -1.272277085233983307e+00
-8.288271349112414921e-01 -3.441591261557594095e+00 1.391380588763561743e+00 1.189993776376284451e+00 -3.924833067658756391e+00 -1.257805264608030438e+00
-8.280896893831369843e-01 -3.428396562879407306e+00 1.391009848605964327e+00 1.188035767698605305e+00 -3.911466922382980105e+00 -1.243342560503960970e+00
-8.273445661872106394e-01 -3.415152748645768455e+00 1.390636604152258426e+00 1.185900286008695348e+00 -3.898081165608454413e+00 -1.228889438544351620e+00
-8.265917195466212508e-01 -3.401860132688084626e+00 1.390260843322449258e+00 1.183587383014198302e+00 -3.884680383431805328e+00 -1.214446356214910594e+00
-8.258311037541492539e-01 -3.388519030174095725e+00 1.389882553811487842e+00 1.181097247863608812e+00 -3.871269157790519166e+00 -1.200013762990630006e+00
-8.250626731747450204e-01 -3.375129757617783888e+00 1.389501723141526757e+00 1.178430206837786764e+00 -3.857852062128090509e+00 -1.185592100463411125e+00
-8.242863822488089021e-01 -3.361692632888282795e+00 1.389118338707674649e+00 1.175586722895617608e+00 -3.844433657080957190e+00 -1.171181802473357569e+00
-8.235021854962162324e-01 -3.348207975219133381e+00 1.388732387738089713e+00 1.172567395074430419e+00 -3.831018486191312356e+00 -1.156783295243422049e+00
-8.227100375195982584e-01 -3.334676105217033282e+00 1.388343857356389321e+00 1.169372957747637276e+00 -3.817611071652103227e+00 -1.142396997514733670e+00
-8.219098930086153887e-01 -3.321097344870534762e+00 1.387952734370160091e+00 1.166004279739390581e+00 -3.804215910084957297e+00 -1.128023320685253461e+00
-8.211017067413978188e-01 -3.307472017558906519e+00 1.387559005498193665e+00 1.162462363300513113e+00 -3.790837468361895279e+00 -1.113662668950439416e+00
-8.202854335891820448e-01 -3.293800448060824060e+00 1.387162657157059886e+00 1.158748342946540832e+00 -3.777480179471481403e+00 -1.099315439446597598e+00
-8.194610285179100284e-01 -3.280082962562929083e+00 1.386763675711156329e+00 1.154863484160102205e+00 -3.764148438434719246e+00 -1.084982022396121515e+00
-8.186284465934386967e-01 -3.266319888668069993e+00 1.386362047303431488e+00 1.150809181960531058e+00 -3.750846598276606159e+00 -1.070662801253797536e+00
-8.177876429843420336e-01 -3.252511555403592158e+00 1.385957757938994339e+00 1.146586959342749124e+00 -3.737578966055909557e+00 -1.056358152855783938e+00
-8.169385729661291506e-01 -3.238658293229765395e+00 1.385550793423433680e+00 1.142198465588001977e+00 -3.724349798958047852e+00 -1.042068447570704715e+00
-8.160811919244029822e-01 -3.224760434047555080e+00 1.385141139271864885e+00 1.137645474450065031e+00 -3.711163300456139069e+00 -1.027794049450488023e+00
-8.152154553568463635e-01 -3.210818311206899089e+00 1.384728780864970421e+00 1.132929882218978390e+00 -3.698023616542823966e+00 -1.013535316384429841e+00
-8.143413188775390221e-01 -3.196832259514550856e+00 1.384313703273017504e+00 1.128053705665132522e+00 -3.684934832036979913e+00 -9.992926002545943209e-01
-8.134587382185869409e-01 -3.182802615242110278e+00 1.383895891398306821e+00 1.123019079867969339e+00 -3.671900966970305547e+00 -9.850662470908593260e-01
-8.125676692337486795e-01 -3.168729716133198426e+00 1.383475329964671818e+00 1.117828255932354686e+00 -3.658925973056868841e+00 -9.708565972269271871e-01
-8.116680679022125755e-01 -3.154613901411130072e+00 1.383052003454252610e+00 1.112483598595179979e+00 -3.646013730248366613e+00 -9.566639854585635705e-01
-8.107598903314655603e-01 -3.140455511786534259e+00 1.382625896111981945e+00 1.106987583726555702e+00 -3.633168043379433776e+00 -9.424887412023740252e-01
-8.098430927601729667e-01 -3.126254889464765263e+00 1.382196991932601815e+00 1.101342795727870749e+00 -3.620392638904157856e+00 -9.283311886544570735e-01
-8.089176315608903600e-01 -3.112012378153180769e+00 1.381765274759106488e+00 1.095551924831903001e+00 -3.607691161729452034e+00 -9.141916469493664987e-01
-8.079834632442350895e-01 -3.097728323068195788e+00 1.381330728401473307e+00 1.089617764308185466e+00 -3.595067172146967138e+00 -9.000704303201889633e-01
-8.070405444650359250e-01 -3.083403070942090984e+00 1.380893336344697353e+00 1.083543207577644107e+00 -3.582524142867077543e+00 -8.859678482597024285e-01
-8.060888320242776128e-01 -3.069036970030162959e+00 1.380453081692422312e+00 1.077331245239734780e+00 -3.570065456155909533e+00 -8.718842056805023999e-01
-8.051282828699811711e-01 -3.054630370117552118e+00 1.380009947337055065e+00 1.070984962017051068e+00 -3.557694401080033764e+00 -8.578198030744588198e-01
-8.041588541006731150e-01 -3.040183622525983509e+00 1.379563916004742152e+00 1.064507533620013158e+00 -3.545414170858755654e+00 -8.437749366725101341e-01
-8.031805029697824949e-01 -3.025697080120414384e+00 1.379114970190383760e+00 1.057902223536689723e+00 -3.533227860327754044e+00 -8.297498986047322500e-01
-8.021931868890989081e-01 -3.011171097315487266e+00 1.378663092095492315e+00 1.051172379752672414e+00 -3.521138463516642503e+00 -8.157449770595774918e-01
-8.011968634312962578e-01 -2.996606030082279215e+00 1.378208263877006567e+00 1.044321431402955414e+00 -3.509148871339871079e+00 -8.017604564428559843e-01
-8.001914903360928255e-01 -2.982002235953981284e+00 1.377750467420135294e+00 1.037352885361344512e+00 -3.497261869404564738e+00 -7.877966175353172673e-01
-7.991770255132570888e-01 -2.967360074032331596e+00 1.377289684074114229e+00 1.030270322772351088e+00 -3.485480135937202739e+00 -7.738537376499490250e-01
-7.981534270417280919e-01 -2.952679904993909865e+00 1.376825894863444200e+00 1.023077395528307232e+00 -3.473806239828988396e+00 -7.599320907883938547e-01
-7.971206531715380184e-01 -2.937962091095949635e+00 1.376359080725836570e+00 1.015777822696891208e+00 -3.462242638802229600e+00 -7.460319477949415301e-01
-7.960786623297159137e-01 -2.923206996182164286e+00 1.375889222430161762e+00 1.008375386902844895e+00 -3.450791677698231474e+00 -7.321535765114522976e-01
-7.950274131248917797e-01 -2.908414985688246190e+00 1.375416300562395611e+00 1.000873930668761735e+00 -3.439455586888245264e+00 -7.182972419295892141e-01
-7.939668643519222080e-01 -2.893586426647650534e+00 1.374940295315106642e+00 9.932773527179310502e-01 -3.428236480807311803e+00 -7.044632063422476831e-01
-7.928969749934087208e-01 -2.878721687697386233e+00 1.374461186677686353e+00 9.855896042457608086e-01 -3.417136356613267978e+00 -6.906517294926046713e-01
-7.918177042241129060e-01 -2.863821139083031930e+00 1.373978954360046689e+00 9.778146851608359169e-01 -3.406157092968681077e+00 -6.768630687229291176e-01
-7.907290114142827564e-01 -2.848885152664249354e+00 1.373493577691927259e+00 9.699566403034828310e-01 -3.395300448949422734e+00 -6.630974791205236363e-01
-7.896308561314556718e-01 -2.833914101920467665e+00 1.373005035844192534e+00 9.620195556435455764e-01 -3.384568063077908917e+00 -6.493552136611788761e-01
-7.885231981456285455e-01 -2.818908361955413167e+00 1.372513307493259838e+00 9.540075544621356984e-01 -3.373961452480874534e+00 -6.356365233518875835e-01
-7.874059974294982389e-01 -2.803868309502892231e+00 1.372018371125093283e+00 9.459247935215401304e-01 -3.363482012172558377e+00 -6.219416573700111694e-01
-7.862792141634422638e-01 -2.788794322931640757e+00 1.371520204896035544e+00 9.377754592292379954e-01 -3.353131014463929027e+00 -6.082708632024017570e-01
-7.851428087383095500e-01 -2.773686782250385452e+00 1.371018786692684399e+00 9.295637637975524559e-01 -3.342909608495723717e+00 -5.946243867798742810e-01
-7.839967417591575671e-01 -2.758546069112184362e+00 1.370514094035016228e+00 9.212939414039991171e-01 -3.332818819895487117e+00 -5.810024726109576099e-01
-7.828409740476370837e-01 -2.743372566818971237e+00 1.370006104187756923e+00 9.129702443568484815e-01 -3.322859550558341368e+00 -5.674053639115771430e-01
-7.816754666461965817e-01 -2.728166660326236226e+00 1.369494794225786238e+00 9.045969392700827783e-01 -3.313032578550990870e+00 -5.538333027324628954e-01
-7.805001808233350546e-01 -2.712928736247303796e+00 1.368980140837523729e+00 8.961783032496742907e-01 -3.303338558136602821e+00 -5.402865300852122132e-01
-7.793150780760683682e-01 -2.697659182857797155e+00 1.368462120372022861e+00 8.877186200973226082e-01 -3.293778019921009825e+00 -5.267652860640605894e-01
-7.781201201331818806e-01 -2.682358390100064938e+00 1.367940708871445699e+00 8.792221765354797380e-01 -3.284351371119376584e+00 -5.132698099659190882e-01
-7.769152689588355587e-01 -2.667026749586944412e+00 1.367415882049261677e+00 8.706932584568545241e-01 -3.275058895941326931e+00 -4.998003404065373689e-01
-7.757004867561652084e-01 -2.651664654605989213e+00 1.366887615170868209e+00 8.621361472001104476e-01 -3.265900756092122492e+00 -4.863571154341326808e-01
-7.744757359690382925e-01 -2.636272500123466145e+00 1.366355883211966438e+00 8.535551158596753618e-01 -3.256876991391052023e+00 -4.729403726384374673e-01
-7.732409792862473541e-01 -2.620850682787950081e+00 1.365820660788384933e+00 8.449544256280738797e-01 -3.247987520502505721e+00 -4.595503492583400962e-01
-7.719961796447738500e-01 -2.605399600934095616e+00 1.365281922150308969e+00 8.363383221802251910e-01 -3.239232141781269725e+00 -4.461872822852220311e-01
-7.707413002329842611e-01 -2.589919654586215980e+00 1.364739641143333682e+00 8.277110320979219615e-01 -3.230610534227464470e+00 -4.328514085625963514e-01
-7.694763044933790042e-01 -2.574411245462488562e+00 1.364193791375123865e+00 8.190767593391430346e-01 -3.222122258549686258e+00 -4.195429648836812575e-01
-7.682011561280019940e-01 -2.558874776977709153e+00 1.363644346098109805e+00 8.104396817588960245e-01 -3.213766758336722429e+00 -4.062621880850170730e-01
-7.669158191021410165e-01 -2.543310654246643043e+00 1.363091278132722461e+00 8.018039476810608912e-01 -3.205543361333063501e+00 -3.930093151368315163e-01
-7.656202576471748955e-01 -2.527719284087627916e+00 1.362534559854673200e+00 7.931736725246940622e-01 -3.197451280816951513e+00 -3.797845832300860702e-01
-7.643144362630496236e-01 -2.512101075025669594e+00 1.361974163291775231e+00 7.845529354895621754e-01 -3.189489617079141581e+00 -3.665882298596396249e-01
-7.629983197224723401e-01 -2.496456437295607511e+00 1.361410060171043268e+00 7.759457763023385191e-01 -3.181657358999467000e+00 -3.534204929032848108e-01
-7.616718730760574374e-01 -2.480785782844840082e+00 1.360842221761837667e+00 7.673561920259543978e-01 -3.173953385718760067e+00 -3.402816106966867760e-01
-7.603350616549864327e-01 -2.465089525336476406e+00 1.360270618923182129e+00 7.587881339363811151e-01 -3.166376468404155098e+00 -3.271718221052853370e-01
-7.589878510745343698e-01 -2.449368080152078075e+00 1.359695222049349228e+00 7.502455044676805684e-01 -3.158925272104245785e+00 -3.140913665933189880e-01
-7.576302072367162577e-01 -2.433621864394064360e+00 1.359116001120360906e+00 7.417321542314165850e-01 -3.151598357693189190e+00 -3.010404842866749586e-01
-7.562620963340261904e-01 -2.417851296888332335e+00 1.358532925673596958e+00 7.332518791062914154e-01 -3.144394183898544082e+00 -2.880194160333091613e-01
-7.548834848525942665e-01 -2.402056798187007569e+00 1.357945964743165534e+00 7.248084174077221720e-01 -3.137311109412521226e+00 -2.750284034594219773e-01
-7.534943395749402750e-01 -2.386238790571117097e+00 1.357355086553295953e+00 7.164054471336531726e-01 -3.130347395081852113e+00 -2.620676890226212308e-01
-7.520946275775501899e-01 -2.370397698053131386e+00 1.356760258789731388e+00 7.080465832933773296e-01 -3.123501206175113509e+00 -2.491375160598127969e-01
-7.506843162331902075e-01 -2.354533946379575138e+00 1.356161448524268121e+00 6.997353753181901892e-01 -3.116770614722933708e+00 -2.362381288340238694e-01
-7.492633732118785250e-01 -2.338647963033030130e+00 1.355558622732208951e+00 6.914753045576088608e-01 -3.110153601929302347e+00 -2.233697725751563334e-01
-7.478317664904921003e-01 -2.322740177233912018e+00 1.354951748892063268e+00 6.832697818613034935e-01 -3.103648060649892848e+00 -2.105326935173396086e-01
-7.463894643722089883e-01 -2.306811019940981478e+00 1.354340795020940291e+00 6.751221452477591534e-01 -3.097251797934632123e+00 -1.977271389334952223e-01
-7.449364355068208710e-01 -2.290860923851638198e+00 1.353725729850144388e+00 6.670356576644376201e-01 -3.090962537632205187e+00 -1.849533571643691976e-01
-7.434726489137288841e-01 -2.274890323401600689e+00 1.353106522819420121e+00 6.590135048398336748e-01 -3.084777923052875792e+00 -1.722115976428523210e-01
-7.419980740054669122e-01 -2.258899654764958687e+00 1.352483142770310565e+00 6.510587932261732158e-01 -3.078695519685751059e+00 -1.595021109163284878e-01
-7.405126805901085518e-01 -2.242889355855612887e+00 1.351855555935480568e+00 6.431745480378484592e-01 -3.072712817968076493e+00 -1.468251486659857552e-01
-7.390164388410827012e-01 -2.226859866331466709e+00 1.351223723140003496e+00 6.353637113824917027e-01 -3.066827236102531273e+00 -1.341809637208243866e-01
-7.375093192217854199e-01 -2.210811627603324947e+00 1.350587595263607943e+00 6.276291404884515313e-01 -3.061036122920158142e+00 -1.215698100680792371e-01
-7.359912923368989723e-01 -2.194745082851011553e+00 1.349947112088567991e+00 6.199736060295908402e-01 -3.055336760785100303e+00 -1.089919428604129437e-01
-7.344623287639331366e-01 -2.178660677040976434e+00 1.349302200569852728e+00 6.123997905490761173e-01 -3.049726368538276056e+00 -9.644761841914603617e-02
-7.329223988576051285e-01 -2.162558856947444319e+00 1.348652781091990382e+00 6.049102869773035351e-01 -3.044202104475888682e+00 -8.393709423433894090e-02
-7.313714726558668833e-01 -2.146440071163920216e+00 1.347998791372635674e+00 5.975075972511343370e-01 -3.038761069360600864e+00 -7.146062895909160995e-02
-7.298095201754799533e-01 -2.130304770070848619e+00 1.347340182948342679e+00 5.901941312177312327e-01 -3.033400309475114298e+00 -5.901848240316125843e-02
-7.282365116555202800e-01 -2.114153405812532416e+00 1.346676939333459666e+00 5.829722054477339821e-01 -3.028116819677805882e+00 -4.661091552185418763e-02
-7.266524210704073949e-01 -2.097986426966411688e+00 1.346009050838218091e+00 5.758440792250660856e-01 -3.022907550304073876e+00 -3.423819039699464717e-02
-7.250572262305319260e-01 -2.081804278434891575e+00 1.345336504580251447e+00 5.688119529852284639e-01 -3.017769408518010010e+00 -2.190057021451962543e-02
-7.234509087226073110e-01 -2.065607401352690609e+00 1.344659283948812734e+00 5.618779667636881747e-01 -3.012699259730935886e+00 -9.598319240559845603e-03
-7.218334538415127621e-01 -2.049396232996188782e+00 1.343977371061148007e+00 5.550441986545280315e-01 -3.007693929086949325e+00 2.668297204063009576e-03
-7.202048505611524654e-01 -2.033171206689996069e+00 1.343290747596813661e+00 5.483126632836605729e-01 -3.002750203016302244e+00 1.489901277325906409e-02
-7.185650915175042508e-01 -2.016932751714015648e+00 1.342599402652032481e+00 5.416853102951156851e-01 -2.997864830856962648e+00 2.709356012893742588e-02
-7.169141731170727283e-01 -2.000681293199542576e+00 1.341903320487073614e+00 5.351640228616133532e-01 -2.993034526543997487e+00 3.925167097543927341e-02
-7.152520954426053734e-01 -1.984417252047911528e+00 1.341202465378304343e+00 5.287506162215833694e-01 -2.988255970367277747e+00 5.137307609969643529e-02
-7.135788619075889017e-01 -1.968141044877186996e+00 1.340496749873277826e+00 5.224468362417544753e-01 -2.983525810796387567e+00 6.345750541226054253e-02
-7.118944757567587933e-01 -1.951853090097219301e+00 1.339786072572263009e+00 5.162543254901333922e-01 -2.978840665735561277e+00 7.550468799679618814e-02
-7.101989398571668666e-01 -1.935553807931976067e+00 1.339070336037176068e+00 5.101746228596181210e-01 -2.974197125879311621e+00 8.751435216302851094e-02
-7.084922567785696401e-01 -1.919243620412624196e+00 1.338349452932808381e+00 5.042091632974831095e-01 -2.969591758061750575e+00 9.948622550260836916e-02
-7.067744289732127427e-01 -1.902922951359526937e+00 1.337623345657957818e+00 4.983592776356478571e-01 -2.965021108596424426e+00 1.114200349488732172e-01
-7.050454589503467595e-01 -1.886592226364828040e+00 1.336891943212379363e+00 4.926261925235543848e-01 -2.960481706603306229e+00 1.233155068385071995e-01
-7.033053494001849648e-01 -1.870251872779261859e+00 1.336155178343495731e+00 4.870110304652356947e-01 -2.955970067319561689e+00 1.351723669771927594e-01
-7.015541032719668779e-01 -1.853902319703547796e+00 1.335412985034190925e+00 4.815148099531609827e-01 -2.951482695391316469e+00 1.469903407090275560e-01
-6.997917238117737915e-01 -1.837543997983692723e+00 1.334665296922111555e+00 4.761384457016756833e-01 -2.947016088143580959e+00 1.587691529895169096e-01
-6.980182145753544010e-01 -1.821177340208935291e+00 1.333912046289412290e+00 4.708827489756893248e-01 -2.942566738824924144e+00 1.705085284591133232e-01
-6.962335794249207011e-01 -1.804802780711515453e+00 1.333153163751279680e+00 4.657484280146704236e-01 -2.938131139824272431e+00 1.822081915218384807e-01
-6.944378225209097977e-01 -1.788420755566535902e+00 1.332388578178662408e+00 4.607360885523514304e-01 -2.933705785856710602e+00 1.938678664269357643e-01
-6.926309483128829658e-01 -1.772031702591772007e+00 1.331618216893507789e+00 4.558462344279142209e-01 -2.929287177115554641e+00 2.054872773521904950e-01
-6.908129615339638763e-01 -1.755636061346914634e+00 1.330842005668135153e+00 4.510792682861319847e-01 -2.924871822388166898e+00 2.170661484908740779e-01
-6.889838671958807836e-01 -1.739234273133175801e+00 1.330059868875818507e+00 4.464354923667054331e-01 -2.920456242132516422e+00 2.286042041402795988e-01
-6.871436705866904582e-01 -1.722826780992028795e+00 1.329271729316562345e+00 4.419151093792793028e-01 -2.916036971512543374e+00 2.401011687934455630e-01
-6.852923772660614032e-01 -1.706414029704197421e+00 1.328477508316785904e+00 4.375182234630938249e-01 -2.911610563388928874e+00 2.515567672317448600e-01
-6.834299930628274788e-01 -1.689996465788857094e+00 1.327677125856316698e+00 4.332448412294955253e-01 -2.907173591263693346e+00 2.629707246208224936e-01
-6.815565240745736775e-01 -1.673574537502085402e+00 1.326870500521910134e+00 4.290948728829390713e-01 -2.902722652176315421e+00 2.743427666091176609e-01
-6.796719766670918927e-01 -1.657148694835140379e+00 1.326057549517176026e+00 4.250681334224199470e-01 -2.898254369548041165e+00 2.856726194268631724e-01
-6.777763574747648345e-01 -1.640719389512765414e+00 1.325238188406038242e+00 4.211643439156403934e-01 -2.893765395974038590e+00 2.969600099882202526e-01
-6.758696733969468129e-01 -1.624287074991780599e+00 1.324412331145140787e+00 4.173831328467872970e-01 -2.889252415959933096e+00 3.082046659945254508e-01
-6.739519315952792189e-01 -1.607852206459440492e+00 1.323579890054023434e+00 4.137240375338588905e-01 -2.884712148602193604e+00 3.194063160399074341e-01
-6.720231394910254341e-01 -1.591415240831198119e+00 1.322740775830580251e+00 4.101865056172149249e-01 -2.880141350208526241e+00 3.305646897179107535e-01
-6.700833047633161232e-01 -1.574976636749312320e+00 1.321894897573696825e+00 4.067698966125516957e-01 -2.875536816857806599e+00 3.416795177300724351e-01
-6.681324353483617529e-01 -1.558536854580662379e+00 1.321042162430325462e+00 4.034734835254266683e-01 -2.870895386898427049e+00 3.527505319957316976e-01
-6.661705394330381669e-01 -1.542096356415072478e+00 1.320182475892420104e+00 4.002964545286582521e-01 -2.866213943382180052e+00 3.637774657636150266e-01
-6.641976254541823721e-01 -1.525655606062938929e+00 1.319315741675177733e+00 3.972379146963092023e-01 -2.861489416432987376e+00 3.747600537227175344e-01
-6.622137020965466192e-01 -1.509215069052955993e+00 1.318441861496999268e+00 3.942968877928760829e-01 -2.856718785549134942e+00 3.856980321155463742e-01
-6.602187782874495703e-01 -1.492775212630188530e+00 1.317560735250996595e+00 3.914723181151575915e-01 -2.851899081837329319e+00 3.965911388518996716e-01
-6.582128631948991337e-01 -1.476336505753866657e+00 1.316672260951143203e+00 3.887630723853680026e-01 -2.847027390177438999e+00 4.074391136234376543e-01
-6.561959662256769965e-01 -1.459899419094906392e+00 1.315776334624897626e+00 3.861679416898061712e-01 -2.842100851317818311e+00 4.182416980194403888e-01
-6.541680970221253055e-01 -1.443464425033619047e+00 1.314872850261228576e+00 3.836856434605175892e-01 -2.837116663900085545e+00 4.289986356431779724e-01
-6.521292654589406768e-01 -1.427031997657375317e+00 1.313961699556137397e+00 3.813148235002447040e-01 -2.832072086411332457e+00 4.397096722282123338e-01
-6.500794816362327477e-01 -1.410602612758723673e+00 1.313042772087416710e+00 3.790540580450519892e-01 -2.826964439064231449e+00 4.503745557554420520e-01
-6.480187558762504629e-01 -1.394176747832663654e+00 1.312115955182569182e+00 3.769018558655088391e-01 -2.821791105602926564e+00 4.609930365704212329e-01
-6.459470987188284941e-01 -1.377754882074506693e+00 1.311181134000345416e+00 3.748566604002964153e-01 -2.816549535035196339e+00 4.715648674997514611e-01
-6.438645209184464813e-01 -1.361337496376852751e+00 1.310238191359495152e+00 3.729168519197456622e-01 -2.811237243290559018e+00 4.820898039678953029e-01
-6.417710334396136140e-01 -1.344925073326986187e+00 1.309287007657662150e+00 3.710807497170910407e-01 -2.805851814804380062e+00 4.925676041151139661e-01
-6.396666474517026524e-01 -1.328518097204564263e+00 1.308327460872570125e+00 3.693466143258095080e-01 -2.800390904026058170e+00 5.029980289140788541e-01
-6.375513743244891618e-01 -1.312117053978873127e+00 1.307359426495732668e+00 3.677126497581235665e-01 -2.794852236852781502e+00 5.133808422866382726e-01
-6.354252256233516860e-01 -1.295722431305675215e+00 1.306382777457660405e+00 3.661770057630026054e-01 -2.789233611988868766e+00 5.237158112218419648e-01
-6.332882131043960916e-01 -1.279334718525026116e+00 1.305397384067780164e+00 3.647377801028517386e-01 -2.783532902228197159e+00 5.340027058905564283e-01
-6.311403487093359965e-01 -1.262954406658584272e+00 1.304403113919985646e+00 3.633930208448477028e-01 -2.777748055662006443e+00 5.442412997612142700e-01
-6.289816445596494443e-01 -1.246581988406541441e+00 1.303399831690554400e+00 3.621407286610786036e-01 -2.771877096813354591e+00 5.544313697151440623e-01
-6.268121129485857423e-01 -1.230217958145363166e+00 1.302387399260216627e+00 3.609788591399808455e-01 -2.765918127695747408e+00 5.645726961608373839e-01
-6.246317663358373906e-01 -1.213862811924498075e+00 1.301365675550357537e+00 3.599053251045561952e-01 -2.759869328797287302e+00 5.746650631463983139e-01
-6.224406173408674192e-01 -1.197517047464177864e+00 1.300334516548093733e+00 3.589179989339781329e-01 -2.753728959991668113e+00 5.847082584722128606e-01
-6.202386787375075983e-01 -1.181181164152369956e+00 1.299293775176349142e+00 3.580147148870425067e-01 -2.747495361375899225e+00 5.947020738022588127e-01
-6.180259634475882002e-01 -1.164855663042300815e+00 1.298243301057820709e+00 3.571932714245755758e-01 -2.741166954035451742e+00 6.046463047743250163e-01
-6.158024845316886209e-01 -1.148541046849614666e+00 1.297182940532621842e+00 3.564514335292688907e-01 -2.734742240737183749e+00 6.145407511091690589e-01
-6.135682551810899277e-01 -1.132237819949688085e+00 1.296112536763645684e+00 3.557869350197474523e-01 -2.728219806551048343e+00 6.243852167184940072e-01
-6.113232887131501148e-01 -1.115946488374635059e+00 1.295031929470402687e+00 3.551974808552355034e-01 -2.721598319402542376e+00 6.341795098114610951e-01
-6.090675985632065803e-01 -1.099667559810505235e+00 1.293940954734663862e+00 3.546807494318194864e-01 -2.714876530554762191e+00 6.439234429995260856e-01
-6.068011982747070210e-01 -1.083401543595150951e+00 1.292839444952446959e+00 3.542343948660237052e-01 -2.708053275021706341e+00 6.536168333996292823e-01
-6.045241014897950738e-01 -1.067148950715650635e+00 1.291727228803416505e+00 3.538560492637672361e-01 -2.701127471914761102e+00 6.632595027359076134e-01
-6.022363219406836610e-01 -1.050910293805575879e+00 1.290604131105191010e+00 3.535433249716554149e-01 -2.694098124723883103e+00 6.728512774409508568e-01
-5.999378734402158742e-01 -1.034686087142542288e+00 1.289469972743957804e+00 3.532938168124090117e-01 -2.686964321531055688e+00 6.823919887529706907e-01
-5.976287698725393227e-01 -1.018476846645985479e+00 1.288324570555376303e+00 3.531051042984443278e-01 -2.679725235160967500e+00 6.918814728127964386e-01
-5.953090251834416424e-01 -1.002283089874511646e+00 1.287167737223269937e+00 3.529747538230634252e-01 -2.672380123269099350e+00 7.013195707585880845e-01
-5.929786533704618501e-01 -9.861053360235922938e-01 1.285999281082026213e+00 3.529003208272513126e-01 -2.664928328368395327e+00 7.107061288187291881e-01
-5.906376684714249592e-01 -9.699441059232380979e-01 1.284819005917972712e+00 3.528793519415313051e-01 -2.657369277795648355e+00 7.200409984029667587e-01
-5.882860845512907222e-01 -9.537999220364454800e-01 1.283626711080448679e+00 3.529093870992118243e-01 -2.649702483619763793e+00 7.293240361916945025e-01
-5.859239156926920877e-01 -9.376733084567239196e-01 1.282422191230348840e+00 3.529879616210361837e-01 -2.641927542492129799e+00 7.385551042222054940e-01
-5.835511759839595580e-01 -9.215647909062263388e-01 1.281205236252209945e+00 3.531126082686568690e-01 -2.634044135441663492e+00 7.477340699736098051e-01
-5.811678795075476689e-01 -9.054748967335157772e-01 1.279975630956956989e+00 3.532808592662830538e-01 -2.626052027615353612e+00 7.568608064493396181e-01
-5.787740403255539068e-01 -8.894041549121833867e-01 1.278733154974296848e+00 3.534902482880832864e-01 -2.617951067966295398e+00 7.659351922569704874e-01
-5.763696724654816528e-01 -8.733530960394793041e-01 1.277477582611789231e+00 3.537383124114945598e-01 -2.609741188890206676e+00 7.749571116863034348e-01
-5.739547899056263169e-01 -8.573222523349812718e-01 1.276208682745307410e+00 3.540225940349628342e-01 -2.601422405812107375e+00 7.839264547854748466e-01
-5.715294065607882112e-01 -8.413121576392019740e-01 1.274926218712302051e+00 3.543406427573354556e-01 -2.592994816725096907e+00 7.928431174334507059e-01
-5.690935362684389487e-01 -8.253233474124579416e-01 1.273629948106638210e+00 3.546900172187726907e-01 -2.584458601683096379e+00 8.017070014106117970e-01
-5.666471927736269620e-01 -8.093563587337930798e-01 1.272319622585660559e+00 3.550682869025914012e-01 -2.575814022248775537e+00 8.105180144671466635e-01
-5.641903897132596324e-01 -7.934117303000607357e-01 1.270994987471111504e+00 3.554730338966060055e-01 -2.567061420898066437e+00 8.192760703886440288e-01
-5.617231405962160862e-01 -7.774900024258104558e-01 1.269655781789782223e+00 3.559018546125528593e-01 -2.558201220384320074e+00 8.279810890592257389e-01
-5.592454587866328986e-01 -7.615917170428225802e-01 1.268301737986192723e+00 3.563523614648902438e-01 -2.549233923060463702e+00 8.366329965216684483e-01
-5.567573574850646079e-01 -7.457174177000185367e-01 1.266932581716508688e+00 3.568221845049722729e-01 -2.540160110165349927e+00 8.452317250355466660e-01
-5.542588497087976851e-01 -7.298676495636451378e-01 1.265548031637337756e+00 3.573089730127623209e-01 -2.530980441072609555e+00 8.537772131319026903e-01
-5.517499482717389547e-01 -7.140429594178616668e-01 1.264147799212971934e+00 3.578103970427475300e-01 -2.521695652506541041e+00 8.622694056663153805e-01
-5.492306657641170542e-01 -6.982438956656569218e-01 1.262731588618996703e+00 3.583241489258292001e-01 -2.512306557724155454e+00 8.707082538690849027e-01
-5.467010145335515769e-01 -6.824710083292453433e-01 1.261299096431993672e+00 3.588479447256495147e-01 -2.502814045666194254e+00 8.790937153917790514e-01
-5.441610066642448285e-01 -6.667248490512820425e-01 1.259850011304070039e+00 3.593795256504088709e-01 -2.493219080077645700e+00 8.874257543522133806e-01
-5.416106539541192255e-01 -6.510059710966888957e-01 1.258384013732154028e+00 3.599166594171122613e-01 -2.483522698601823286e+00 8.957043413765994888e-01
-5.390499678913677206e-01 -6.353149293544086973e-01 1.256900775910041013e+00 3.604571415713522242e-01 -2.473726011846520745e+00 9.039294536380607648e-01
-5.364789596321586362e-01 -6.196522803389790113e-01 1.255399961210641679e+00 3.609987967595416070e-01 -2.463830202426216420e+00 9.121010748924925915e-01
-5.338976399737630496e-01 -6.040185821938406363e-01 1.253881223751617924e+00 3.615394799539468629e-01 -2.453836523981940410e+00 9.202191955120306854e-01
-5.313060193243293039e-01 -5.884143946949444981e-01 1.252344207495702744e+00 3.620770776302917326e-01 -2.443746300181252273e+00 9.282838125164935006e-01
-5.287041076623606450e-01 -5.728402792564510904e-01 1.250788545721709610e+00 3.626095088999670146e-01 -2.433560923695934353e+00 9.362949296008118427e-01
-5.260919144917115542e-01 -5.572967989375818831e-01 1.249213860906236429e+00 3.631347265955219283e-01 -2.423281855161814047e+00 9.442525571598494594e-01
-5.234694487991782275e-01 -5.417845184491643096e-01 1.247619764984356561e+00 3.636507183092705375e-01 -2.412910622122012239e+00 9.521567123097975927e-01
-5.208367190207440212e-01 -5.263040041596029894e-01 1.246005860284077338e+00 3.641555073851120428e-01 -2.402448817955751714e+00 9.600074189081279075e-01
-5.181937330271052522e-01 -5.108558240975558107e-01 1.244371741234843176e+00 3.646471538631463893e-01 -2.391898100794815019e+00 9.678047075700553226e-01
-5.155404981431559452e-01 -4.954405479530024081e-01 1.242716995779219458e+00 3.651237553906901967e-01 -2.381260192411224885e+00 9.755486156694607169e-01
-5.128770211908553200e-01 -4.800587470701911386e-01 1.241041207029696114e+00 3.655834480751541937e-01 -2.370536877109473917e+00 9.832391873500559987e-01
-5.102033085615362840e-01 -4.647109944353315925e-01 1.239343953103897444e+00 3.660244072914223823e-01 -2.359730000609731260e+00 9.908764735336573759e-01
-5.075193662887058643e-01 -4.493978646646237252e-01 1.237624799818533239e+00 3.664448484438237452e-01 -2.348841468923984266e+00 9.984605319260396739e-01
-5.048252000106581150e-01 -4.341199340114227923e-01 1.235883298926320650e+00 3.668430276842138404e-01 -2.337873247223839712e+00 1.005991427019581330e+00
-5.021208149077625027e-01 -4.188777803794252463e-01 1.234118973565694111e+00 3.672172425846671473e-01 -2.326827358705377602e+00 1.013469230093566376e+00
-4.994062154216102889e-01 -4.036719833886373010e-01 1.232331310026778093e+00 3.675658328305365652e-01 -2.315705883344672866e+00 1.020894019211291859e+00
-4.966814049208945758e-01 -3.885031337290802966e-01 1.230519775834433061e+00 3.678871907818839215e-01 -2.304510934183340076e+00 1.028265879152570728e+00
-4.939463856322223179e-01 -3.733718332057840428e-01 1.228683828358220875e+00 3.681797617162548830e-01 -2.293244655335858972e+00 1.035584901343586939e+00
-4.912011587060129414e-01 -3.582786947591891646e-01 1.226822917236147559e+00 3.684420440112711193e-01 -2.281909220011112183e+00 1.042851183784407221e+00
-4.884457243240209467e-01 -3.432243424772165596e-01 1.224936483813743093e+00 3.686725892697918505e-01 -2.270506828548245259e+00 1.050064830973767016e+00
-4.856800818044152424e-01 -3.282094116070393142e-01 1.223023959328237709e+00 3.688700023870118416e-01 -2.259039706471985820e+00 1.057225953831947951e+00
-4.829042296864733963e-01 -3.132345485695973153e-01 1.221084762868005713e+00 3.690329415633795129e-01 -2.247510102564471701e+00 1.064334669620845109e+00
-4.801181657920856605e-01 -2.983004109772036117e-01 1.219118299691004825e+00 3.691601182638318823e-01 -2.235920286958355430e+00 1.071391101862408934e+00
-4.773218872702518767e-01 -2.834076676535035588e-01 1.217123959836843738e+00 3.692502971251653276e-01 -2.224272549251388398e+00 1.078395380255487312e+00
-4.745153906300644819e-01 -2.685569986550699895e-01 1.215101116977476137e+00 3.693022958133554967e-01 -2.212569196643559444e+00 1.085347640590364371e+00
-4.716986717657192796e-01 -2.537490952937595523e-01 1.213049127637508384e+00 3.693149848318620920e-01 -2.200812552098914576e+00 1.092248024662048733e+00
-4.688717259797270387e-01 -2.389846601585636776e-01 1.210967330508021300e+00 3.692872872840650134e-01 -2.189004952530975601e+00 1.099096680181722574e+00
-4.660345480061915402e-01 -2.242644071374497727e-01 1.208855045872877065e+00 3.692181785904333768e-01 -2.177148747014737484e+00 1.105893760686965877e+00
-4.631871320362356825e-01 -2.095890614383364436e-01 1.206711574926680131e+00 3.691066861622180895e-01 -2.165246295025639700e+00 1.112639425450712150e+00
-4.603294717441562267e-01 -1.949593596095580139e-01 1.204536199180437750e+00 3.689518890331054957e-01 -2.153299964707717340e+00 1.119333839389275109e+00
-4.574615603162185407e-01 -1.803760495593609292e-01 1.202328179835129962e+00 3.687529174514634356e-01 -2.141312131169423427e+00 1.125977172969141460e+00
-4.545833904822772498e-01 -1.658398905747464624e-01 1.200086757069498189e+00 3.685089524345676049e-01 -2.129285174807775238e+00 1.132569602112701412e+00
-4.516949545492634499e-01 -1.513516533398036046e-01 1.197811149206021719e+00 3.682192252859941561e-01 -2.117221479663960348e+00 1.139111308103445186e+00
-4.487962444353046365e-01 -1.369121199534477640e-01 1.195500551974981507e+00 3.678830170785153397e-01 -2.105123431808276990e+00 1.145602477490459625e+00
-4.458872517066819197e-01 -1.225220839466638623e-01 1.193154137598157805e+00 3.674996581035423482e-01 -2.092993417757076369e+00 1.152043301992242030e+00
-4.429679676154592016e-01 -1.081823502996108743e-01 1.190771053885407715e+00 3.670685272891581752e-01 -2.080833822920972853e+00 1.158433978400039921e+00
-4.400383831385209499e-01 -9.389373545835155710e-02 1.188350423392145805e+00 3.665890515881131684e-01 -2.068647030085441596e+00 1.164774708481035370e+00
-4.370984890198631456e-01 -7.965706735108923908e-02 1.185891342335536169e+00 3.660607053375781739e-01 -2.056435417923344833e+00 1.171065698881054162e+00
-4.341482758131299802e-01 -6.547318540452895519e-02 1.183392879606586678e+00 3.654830095918004673e-01 -2.044201359540673391e+00 1.177307161027381976e+00
-4.311877339265474673e-01 -5.134294055981758476e-02 1.180854075782791446e+00 3.648555314295558460e-01 -2.031947221056014552e+00 1.183499311031561030e+00
-4.282168536711143947e-01 -3.726719528802124870e-02 1.178273941958168702e+00 3.641778832380258013e-01 -2.019675360212370929e+00 1.189642369592155635e+00
-4.252356253102684835e-01 -2.324682360584873209e-02 1.175651458546674410e+00 3.634497219746584129e-01 -2.007388125022182113e+00 1.195736561897775108e+00
-4.222440391114117286e-01 -9.282711091453066388e-03 1.172985574095161576e+00 3.626707484084251698e-01 -1.995087852445267540e+00 1.201782117530024507e+00
-4.192420854003733321e-01 4.624245100159463107e-03 1.170275204044923800e+00 3.618407063413217051e-01 -1.982776867101570417e+00 1.207779270367362656e+00
-4.162297546191408570e-01 1.847313622150092982e-02 1.167519229302214523e+00 3.609593818123170150e-01 -1.970457480016253982e+00 1.213728258488923073e+00
-4.132070373850837974e-01 3.226304191688722511e-02 1.164716494757133791e+00 3.600266022847914416e-01 -1.958131987397754514e+00 1.219629324078762789e+00
-4.101739245519107069e-01 4.599303020619061044e-02 1.161865807894311597e+00 3.590422358186541318e-01 -1.945802669450749089e+00 1.225482713331115470e+00
-4.071304072749768466e-01 5.966215746858072322e-02 1.158965937275241664e+00 3.580061902289188858e-01 -1.933471789221538284e+00 1.231288676356231182e+00
-4.040764770802686146e-01 7.326946842598491827e-02 1.156015610905341884e+00 3.569184122315025576e-01 -1.921141591476452692e+00 1.237047467086884955e+00
-4.010121259366277169e-01 8.681399612639140173e-02 1.153013514483451019e+00 3.557788865779807352e-01 -1.908814301612676623e+00 1.242759343185494414e+00
-3.979373463309922032e-01 1.002947619264000778e-01 1.149958289577182713e+00 3.545876351800354431e-01 -1.896492124602718654e+00 1.248424565952515053e+00
-3.948521313469042227e-01 1.137107754733621690e-01 1.146848531775652047e+00 3.533447162252212337e-01 -1.884177243970106552e+00 1.254043400235420824e+00
-3.917564747474360787e-01 1.270610346871308138e-01 1.143682788653108018e+00 3.520502232847675383e-01 -1.871871820798309383e+00 1.259616114339083381e+00
-3.886503710617508767e-01 1.403445257409963176e-01 1.140459557626221532e+00 3.507042844148554606e-01 -1.859577992771051402e+00 1.265142979936988876e+00
-3.855338156752539658e-01 1.535602230416586167e-01 1.137177283766393598e+00 3.493070612521170792e-01 -1.847297873244878375e+00 1.270624271983979980e+00
-3.824068049244891410e-01 1.667070892085735778e-01 1.133834357492562228e+00 3.478587481047957786e-01 -1.835033550352061393e+00 1.276060268629903849e+00
-3.792693361971576360e-01 1.797840750522228248e-01 1.130429112337167918e+00 3.463595710401302652e-01 -1.822787086134963541e+00 1.281451251134530622e+00
-3.761214080400384629e-01 1.927901195521943833e-01 1.126959822246461185e+00 3.448097869696179485e-01 -1.810560515709751961e+00 1.286797503783433383e+00
-3.729630202704929953e-01 2.057241498339683616e-01 1.123424698662579990e+00 3.432096827320858523e-01 -1.798355846461368035e+00 1.292099313805816774e+00
-3.697941740910667408e-01 2.185850811437601848e-01 1.119821886943753286e+00 3.415595741765056204e-01 -1.786175057267254118e+00 1.297356971293376571e+00
-3.666148722010420524e-01 2.313718168196787772e-01 1.116149465036900157e+00 3.398598052446418771e-01 -1.774020097750620195e+00 1.302570769120596328e+00
-3.634251189362254220e-01 2.440832482671178028e-01 1.112405439512858196e+00 3.381107470550192007e-01 -1.761892887561561150e+00 1.307741002866603441e+00
-3.602249204054919218e-01 2.567182549304236616e-01 1.108587741881916555e+00 3.363127969882102608e-01 -1.749795315687255215e+00 1.312867970738404777e+00
-3.570142846305073281e-01 2.692757042617790475e-01 1.104694225117052842e+00 3.344663777748219102e-01 -1.737729239789985058e+00 1.317951973495933737e+00
-3.537932216942852870e-01 2.817544516886565376e-01 1.100722659912129586e+00 3.325719365867546573e-01 -1.725696485572009387e+00 1.322993314378529073e+00
-3.505617438981075695e-01 2.941533405798555378e-01 1.096670730735805233e+00 3.306299441322573252e-01 -1.713698846167414747e+00 1.327992299033013079e+00
-3.473198659275019695e-01 3.064712022095736899e-01 1.092536031743545299e+00 3.286408937557114829e-01 -1.701738081559905247e+00 1.332949235443361191e+00
-3.440676050291463506e-01 3.187068557198005081e-01 1.088316062359704794e+00 3.266053005426170497e-01 -1.689815918026758457e+00 1.337864433862019586e+00
-3.408049811978751675e-01 3.308591080810519003e-01 1.084008222550753020e+00 3.245237004301982919e-01 -1.677934047608074852e+00 1.342738206742980056e+00
-3.375320173740342655e-01 3.429267540507661138e-01 1.079609807998972437e+00 3.223966493245611353e-01 -1.666094127600400210e+00 1.347570868676490896e+00
-3.342487396539928213e-01 3.549085761299437536e-01 1.075118004676115735e+00 3.202247222245633296e-01 -1.654297780075462132e+00 1.352362736325478432e+00
-3.309551775107438809e-01 3.668033445168488171e-01 1.070529882892670148e+00 3.180085123534037717e-01 -1.642546591421452984e+00 1.357114128363676064e+00
-3.276513640229867796e-01 3.786098170569527355e-01 1.065842390621228430e+00 3.157486302978306236e-01 -1.630842111908572978e+00 1.361825365415517464e+00
-3.243373361090818863e-01 3.903267391874871706e-01 1.061052345838450650e+00 3.134457031560095031e-01 -1.619185855276384700e+00 1.366496769997574745e+00
-3.210131347598810247e-01 4.019528438746045040e-01 1.056156427910756701e+00 3.111003736939285114e-01 -1.607579298344178120e+00 1.371128666461987944e+00
-3.176788052661426720e-01 4.134868515410854428e-01 1.051151168563143390e+00 3.087132995110382083e-01 -1.596023880642472470e+00 1.375721380941580918e+00
-3.143343974436885180e-01 4.249274699848504255e-01 1.046032943819049654e+00 3.062851522155533024e-01 -1.584521004065174932e+00 1.380275241296544886e+00
-3.109799658765678432e-01 4.362733942940737464e-01 1.040797969415906188e+00 3.038166166094624643e-01 -1.573072032543450849e+00 1.384790577063135908e+00
-3.076155702274870896e-01 4.475233067738502157e-01 1.035442303539437114e+00 3.013083898840192010e-01 -1.561678291738726632e+00 1.389267719404004175e+00
-3.042412757061935258e-01 4.586758769135066416e-01 1.029961853884575618e+00 2.987611808254344581e-01 -1.550341068756311724e+00 1.393707001060169315e+00
-3.008571522622415229e-01 4.697297701403551073e-01 1.024352344864067010e+00 2.961757039131845959e-01 -1.539061650710529250e+00 1.398108756315122214e+00
-2.974632748996585141e-01 4.806836476722260443e-01 1.018609295508036583e+00 2.935526791621440035e-01 -1.527841324705619730e+00 1.402473320958766312e+00
-2.940597238906864641e-01 4.915361663267612258e-01 1.012728003844189484e+00 2.908928319670139873e-01 -1.516681377819353749e+00 1.406801032251416617e+00
-2.906465849718946615e-01 5.022859783093895913e-01 1.006703534187345817e+00 2.881968929490076325e-01 -1.505583097089980171e+00 1.411092228888019884e+00
-2.872239495644380858e-01 5.129317309909300349e-01 1.000530704844213803e+00 2.854655978051967580e-01 -1.494547769504788626e+00 1.415347250962096348e+00
-2.837919150330474594e-01 5.234720666777921139e-01 9.942040750195475507e-01 2.826996871603775219e-01 -1.483576681991813029e+00 1.419566439929723867e+00
-2.803505849860520316e-01 5.339056223747711272e-01 9.877179301360973218e-01 2.798999064214200416e-01 -1.472671121415104700e+00 1.423750138573740553e+00
-2.769000696120319516e-01 5.442310295378520735e-01 9.810662655165514057e-01 2.770670056345084786e-01 -1.461832374571698345e+00 1.427898690967844608e+00
-2.734404860496364442e-01 5.544469138146350673e-01 9.742427683249541559e-01 2.742017393452581553e-01 -1.451061728191021860e+00 1.432012442440731448e+00
-2.699719587877841276e-01 5.645518947700880474e-01 9.672407978701407227e-01 2.713048664617669914e-01 -1.440360468936956462e+00 1.436091739540310996e+00
-2.664946200960026657e-01 5.745445855959490089e-01 9.600533642543326307e-01 2.683771501206126953e-01 -1.429729883412479641e+00 1.440136929997937409e+00
-2.630086104861532048e-01 5.844235928022181170e-01 9.526731053575715480e-01 2.654193575560646057e-01 -1.419171258166413541e+00 1.444148362692697418e+00
-2.595140792084191794e-01 5.941875158897733655e-01 9.450922620374015981e-01 2.624322599724953076e-01 -1.408685879702097576e+00 1.448126387615647825e+00
-2.560111847848014488e-01 6.038349470029942268e-01 9.373026514496025641e-01 2.594166324199936868e-01 -1.398275034489296687e+00 1.452071355834425814e+00
-2.525000955843803574e-01 6.133644705615637349e-01 9.292956382116215330e-01 2.563732536733904777e-01 -1.387940008977602613e+00 1.455983619457611011e+00
-2.489809904439241883e-01 6.227746628702011122e-01 9.210621032873714809e-01 2.533029061146869765e-01 -1.377682089612344729e+00 1.459863531599266961e+00
-2.454540593384980651e-01 6.320640917051010277e-01 9.125924104500225953e-01 2.502063756189930599e-01 -1.367502562852510373e+00 1.463711446343552991e+00
-2.419195041078104902e-01 6.412313158762801280e-01 9.038763700274652368e-01 2.470844514440172501e-01 -1.357402715190544562e+00 1.467527718709395579e+00
-2.383775392438556295e-01 6.502748847646993013e-01 8.949031997255487703e-01 2.439379261232573759e-01 -1.347383833174329304e+00 1.471312704615184819e+00
-2.348283927462743170e-01 6.591933378333401095e-01 8.856614821227364320e-01 2.407675953627669285e-01 -1.337447203431425535e+00 1.475066760843620983e+00
-2.312723070514824952e-01 6.679852041107343652e-01 8.761391187528896340e-01 2.375742579417293721e-01 -1.327594112695261952e+00 1.478790245006657234e+00
-2.277095400442150641e-01 6.766490016462833879e-01 8.663232804100553519e-01 2.343587156169102403e-01 -1.317825847832819530e+00 1.482483515510522931e+00
-2.241403661603483810e-01 6.851832369370791653e-01 8.562003531942463663e-01 2.311217730308622320e-01 -1.308143695875138235e+00 1.486146931520941017e+00
-2.205650775899097304e-01 6.935864043249857502e-01 8.457558801557960582e-01 2.278642376240771483e-01 -1.298548944049528586e+00 1.489780852928351162e+00
-2.169839855920729921e-01 7.018569853644036627e-01 8.349744980427149521e-01 2.245869195511756011e-01 -1.289042879813579123e+00 1.493385640313167784e+00
-2.133974219344444423e-01 7.099934481608309866e-01 8.238398686684930139e-01 2.212906316011327146e-01 -1.279626790890970423e+00 1.496961654911142858e+00
-2.098057404697839523e-01 7.179942466808020285e-01 8.123346045280906980e-01 2.179761891215138414e-01 -1.270301965309571735e+00 1.500509258578987426e+00
-2.062093188658589149e-01 7.258578200343999143e-01 8.004401882276600544e-01 2.146444099468240996e-01 -1.261069691442219920e+00 1.504028813760133865e+00
-2.026085605060466976e-01 7.335825917329437118e-01 7.881368851402030806e-01 2.112961143310466694e-01 -1.251931258048798679e+00 1.507520683450439103e+00
-1.990038965800131621e-01 7.411669689247943893e-01 7.754036488323584608e-01 2.079321248843872816e-01 -1.242887954320689659e+00 1.510985231164085896e+00
-1.953957883864639866e-01 7.486093416141290646e-01 7.622180187763347714e-01 2.045532665142529849e-01 -1.233941069927382728e+00 1.514422820899601563e+00
-1.917847298730404049e-01 7.559080818693262316e-01 7.485560096850537581e-01 2.011603663705259226e-01 -1.225091895065334668e+00 1.517833817106005068e+00
-1.881712504406090058e-01 7.630615430291989298e-01 7.343919920752083330e-01 1.977542537951203494e-01 -1.216341720509365842e+00 1.521218584649149941e+00
-1.845559180433561375e-01 7.700680589186470471e-01 7.196985634807782084e-01 1.943357602759069325e-01 -1.207691837666581947e+00 1.524577488778131595e+00
-1.809393426193660614e-01 7.769259430881945150e-01 7.044464100082735714e-01 1.909057194050692852e-01 -1.199143538632604145e+00 1.527910895091756149e+00
-1.773221798912660851e-01 7.836334880967319449e-01 6.886041578195483126e-01 1.874649668418427728e-01 -1.190698116250963778e+00 1.531219169505343203e+00
-1.737051355806796815e-01 7.901889648616968742e-01 6.721382145140955000e-01 1.840143402797456140e-01 -1.182356864174965771e+00 1.534502678217531058e+00
-1.700889700860249709e-01 7.965906221082938998e-01 6.550126003205216652e-01 1.805546794182824044e-01 -1.174121076932749475e+00 1.537761787677214276e+00
-1.664745036778043641e-01 8.028366859572590997e-01 6.371887694497265775e-01 1.770868259392448518e-01 -1.165992049995059787e+00 1.540996864550498779e+00
-1.628626222718222438e-01 8.089253597005843233e-01 6.186254226472557294e-01 1.736116234875125786e-01 -1.157971079846972451e+00 1.544208275687920739e+00
-1.592542838479248379e-01 8.148548238292807611e-01 5.992783121060032414e-01 1.701299176564673443e-01 -1.150059464063425185e+00 1.547396388091866415e+00
-1.556505255871899474e-01 8.206232363923042783e-01 5.791000410014287558e-01 1.666425559780170262e-01 -1.142258501388298875e+00 1.550561568884006647e+00
-1.520524718072302495e-01 8.262287337866949244e-01 5.580398607993447557e-01 1.631503879173060723e-01 -1.134569491818398390e+00 1.553704185273053096e+00
-1.484613427808562092e-01 8.316694321040687399e-01 5.360434709254804364e-01 1.596542648721144264e-01 -1.126993736691673575e+00 1.556824604522426547e+00
-1.448784645278257122e-01 8.369434291904314094e-01 5.130528269563375821e-01 1.561550401770043228e-01 -1.119532538780726227e+00 1.559923193918228757e+00
-1.413052796712134240e-01 8.420488076148417989e-01 4.890059659196529518e-01 1.526535691122319349e-01 -1.112187202392019181e+00 1.563000320737353954e+00
-1.377433594492822877e-01 8.469836387909097652e-01 4.638368599324466102e-01 1.491507089175162504e-01 -1.104959033470700014e+00 1.566056352215578373e+00
-1.341944169659190500e-01 8.517459885542528752e-01 4.374753130596364392e-01 1.456473188106364169e-01 -1.097849339712372974e+00 1.569091655515936212e+00
-1.306603217477243506e-01 8.563339245712411341e-01 4.098469206115057939e-01 1.421442600109519283e-01 -1.090859430681951014e+00 1.572106597697138675e+00
-1.271431156475290036e-01 8.607455260417120613e-01 3.808731153089105481e-01 1.386423957678686314e-01 -1.083990617941032575e+00 1.575101545682262350e+00
-1.236450300876469344e-01 8.649788962611495435e-01 3.504713309814904143e-01 1.351425913943687940e-01 -1.077244215183565057e+00 1.578076866227415165e+00
-1.201685045636171623e-01 8.690321787268411313e-01 3.185553216486590733e-01 1.316457143055843604e-01 -1.070621538381893778e+00 1.581032925890578422e+00
-1.167162062207903750e-01 8.729035776046405459e-01 2.850356813935795985e-01 1.281526340625406268e-01 -1.064123905943391346e+00 1.583970091000558522e+00
-1.132910501581844143e-01 8.765913835095862083e-01 2.498206183874943087e-01 1.246642224211267358e-01 -1.057752638879328799e+00 1.586888727626049489e+00
-1.098962198927913025e-01 8.800940056803732148e-01 2.128170433751187529e-01 1.211813533864292136e-01 -1.051509060987076527e+00 1.589789201544752340e+00
-1.065351871167031783e-01 8.834100117172152267e-01 1.739320377914552740e-01 1.177049032724591937e-01 -1.045394499047366477e+00 1.592671878212630787e+00
-1.032117294870149582e-01 8.865381760636292796e-01 1.330747676798484103e-01 1.142357507674286454e-01 -1.039410283038572747e+00 1.595537122733280855e+00
-9.992994470269800367e-02 8.894775382862993851e-01 9.015890417207927943e-02 1.107747770047077251e-01 -1.033557746369810459e+00 1.598385299827331130e+00
-9.669425855973545758e-02 8.922274718662315252e-01 4.510559711898923241e-02 1.073228656395749381e-01 -1.027838226135573407e+00 1.601216773801901416e+00
-9.350942408641138570e-02 8.947877635699086341e-01 -2.152976982059795485e-03 1.038809029320011401e-01 -1.022253063394165107e+00 1.604031908520052063e+00
-9.038050834223776420e-02 8.971587024352780659e-01 -5.166950978920303861e-02 1.004497778355836202e-01 -1.016803603473484863e+00 1.606831067370321664e+00
-8.731286317293940336e-02 8.993411759297584851e-01 -1.034769669270028392e-01 9.703038209292513816e-02 -1.011491196307706009e+00 1.609614613236185487e+00
-8.431207636552906504e-02 9.013367689322215881e-01 -1.575836344612459305e-01 9.362361033770316698e-02 -1.006317196809453307e+00 1.612382908465574527e+00
-8.138390049283039662e-02 9.031478589993060524e-01 -2.139680017585677274e-01 9.023036020371943966e-02 -1.001282965282102921e+00 1.615136314840227794e+00
-7.853415850835010481e-02 9.047776992066385304e-01 -2.725737376300069181e-01 8.685153244132204353e-02 -9.963898678785247931e-01 1.617875193544966006e+00
-7.576862796990557758e-02 9.062304782050496499e-01 -3.333050605148683565e-01 8.348803104160829047e-02 -9.916392771134407980e-01 1.620599905136837160e+00
-7.309290952148650433e-02 9.075113466434361342e-01 -3.960228168187114317e-01 8.014076336892628216e-02 -9.870325724374464649e-01 1.623310809513968778e+00
-7.051228949508647759e-02 9.086264004369288827e-01 -4.605415528812294435e-01 7.681064030222195527e-02 -9.825711408831483418e-01 1.626008265884198112e+00
-6.803161038267580007e-02 9.095826149286230233e-01 -5.266277919783298733e-01 7.349857638597789844e-02 -9.782563777963924068e-01 1.628692632733371060e+00
-6.565516540170879267e-02 9.103877296878888359e-01 -5.939996078644169675e-01 7.020548998937969909e-02 -9.740896876675244620e-01 1.631364267793133704e+00
-6.338663352550744090e-02 9.110500905965945861e-01 -6.623274979902352699e-01 6.693230347916612200e-02 -9.700724850801236698e-01 1.634023528008132775e+00
-6.122906885145584788e-02 9.115784620079692147e-01 -7.312364558760089395e-01 6.367994340502503015e-02 -9.662061958013850038e-01 1.636670769502552192e+00
-5.918495417194857833e-02 9.119818248997280108e-01 -8.003091837233123895e-01 6.044934069897545115e-02 -9.624922580432682118e-01 1.639306347545754772e+00
-5.725632535188385219e-02 9.122691750423541635e-01 -8.690905675518587614e-01 5.724143089041544563e-02 -9.589321239313570722e-01 1.641930616516764641e+00
-5.544497283479343785e-02 9.124493285819221811e-01 -9.370938187176580669e-01 5.405715433883084842e-02 -9.555272612294856138e-01 1.644543929867364085e+00
-5.375272725441049282e-02 9.125307356569374306e-01 -1.003808788588935297e+00 5.089745648653454246e-02 -9.522791553826670530e-01 1.647146640083415381e+00
-5.218182393364845240e-02 9.125213056342662554e-01 -1.068712190698292153e+00 4.776328813414565388e-02 -9.491893119614966956e-01 1.649739098643870472e+00
-5.073528174348185260e-02 9.124282731055011197e-01 -1.131276574259814760e+00 4.465560574176263842e-02 -9.462592596207093365e-01 1.652321655976836112e+00
-4.941706987962823927e-02 9.122581887075984497e-01 -1.190968350225296568e+00 4.157537175859649103e-02 -9.434905537268338804e-01 1.654894661411730139e+00
-4.823152430454191730e-02 9.120171871514770601e-01 -1.247214452677206209e+00 3.852355498251636146e-02 -9.408847808721034767e-01 1.657458463126258552e+00
-4.718107214947375727e-02 9.117117100905200999e-01 -1.299306157721232147e+00 3.550113094643947420e-02 -9.384435645815463189e-01 1.660013408086218334e+00
-4.626119743733869694e-02 9.113497461736477234e-01 -1.346211521682557422e+00 3.250908231504257007e-02 -9.361685726417743325e-01 1.662559841975083108e+00
-4.545273024637030979e-02 9.109422918591132401e-01 -1.386317415292077637e+00 2.954839923482011077e-02 -9.340615265917922017e-01 1.665098109108454905e+00
-4.471584734798150773e-02 9.105040883721411404e-01 -1.417271315477113269e+00 2.662007944960564920e-02 -9.321242136808445267e-01 1.667628552324767144e+00
-4.400006441415982295e-02 9.100519007640253122e-01 -1.436393737517886793e+00 2.372512752500033351e-02 -9.303584986658992584e-01 1.670151512836821839e+00
