-3.373919659738404929e-03 -3.672878362991460754e+00 -1.633937416355051742e+00 1.436891563419353743e-02 -5.376644301400345327e+00 1.636872270958781739e+00
-3.373919659738404929e-03 -3.672878362991460754e+00 -1.633937416355051742e+00 1.436891563419353743e-02 -5.376644301400345327e+00 1.636872270958781739e+00
-3.494224094246455893e-03 -3.672803618599194131e+00 -7.329420659548100403e-01 1.435140284369187079e-02 -5.376672515025194166e+00 1.636847934348254485e+00
-3.717111602164974941e-03 -3.672825865115032951e+00 2.560812846388054176e-01 1.431643665603527307e-02 -5.376728606136923716e+00 1.636799451518945014e+00
-3.829288652912929154e-03 -3.673044684964611228e+00 1.000968009557116956e+00 1.426407447193327876e-02 -5.376812237337538214e+00 1.636727012834293227e+00
-3.745848790498420601e-03 -3.673289351094956690e+00 1.444575097362653437e+00 1.419437177257552689e-02 -5.376923069969736346e+00 1.636630808624037980e+00
-3.552916944877955972e-03 -3.673482822143903093e+00 1.649806065089884921e+00 1.410738219284495346e-02 -5.377060764117560510e+00 1.636511029178745691e+00
-3.319611181429473964e-03 -3.673642387732685144e+00 1.707321340939354615e+00 1.400315759442855718e-02 -5.377224978606911066e+00 1.636367864744260103e+00
-3.079934342765475608e-03 -3.673796684586675632e+00 1.692846786397611769e+00 1.388174813607298552e-02 -5.377415371004517830e+00 1.636201505516073684e+00
-2.850229587821640886e-03 -3.673961343411523472e+00 1.655216947108381742e+00 1.374320234053773293e-02 -5.377631597615145864e+00 1.636012141633625960e+00
-2.637452012046953911e-03 -3.674140264566343017e+00 1.619396556350036320e+00 1.358756715940365005e-02 -5.377873313477658179e+00 1.635799963174528138e+00
-2.442888138083677135e-03 -3.674331616730248218e+00 1.594319326100221978e+00 1.341488803687748178e-02 -5.378140172360556193e+00 1.635565160148719999e+00
-2.264978963700736356e-03 -3.674532135985751680e+00 1.580349732611477043e+00 1.322520897318527934e-02 -5.378431826757317680e+00 1.635307922492557076e+00
-2.101402346283640261e-03 -3.674739033700575419e+00 1.574509020646929880e+00 1.301857258773925045e-02 -5.378747927881669000e+00 1.635028440062834765e+00
-1.950188483695133477e-03 -3.674950446830974382e+00 1.573389596615821340e+00 1.279502018206958754e-02 -5.379088125662790709e+00 1.634726902630747825e+00
-1.810064197236901842e-03 -3.675165293474034645e+00 1.574377587302482562e+00 1.255459180245157430e-02 -5.379452068740453896e+00 1.634403499875785926e+00
-1.680382004099522601e-03 -3.675382990596333332e+00 1.575892569389114373e+00 1.229732630215654189e-02 -5.379839404460057928e+00 1.634058421379571469e+00
-1.560911332662940059e-03 -3.675603211749786325e+00 1.577188330962384200e+00 1.202326140327401524e-02 -5.380249778867574939e+00 1.633691856619636784e+00
-1.451639108694635118e-03 -3.675825728956850114e+00 1.578043501012808658e+00 1.173243375807328862e-02 -5.380682836704395733e+00 1.633303994963146488e+00
-1.352631501197680552e-03 -3.676050329734321664e+00 1.578497311429549077e+00 1.142487900989037561e-02 -5.381138221402088639e+00 1.632895025660565880e+00
-1.263958375496596412e-03 -3.676276784633156769e+00 1.578676553698393104e+00 1.110063185353835948e-02 -5.381615575077104197e+00 1.632465137839279379e+00
-1.185663153699826299e-03 -3.676504841840840143e+00 1.578705569313471724e+00 1.075972609524189494e-02 -5.382114538525399894e+00 1.632014520497151899e+00
-1.117758649641298167e-03 -3.676734232538245717e+00 1.578672894374903324e+00 1.040219471210057645e-02 -5.382634751217066693e+00 1.631543362496042926e+00
-1.060234094440011977e-03 -3.676964678114945873e+00 1.578628688456397589e+00 1.002806991108433007e-02 -5.383175851290939562e+00 1.631051852555279291e+00
-1.013064502185634808e-03 -3.677195895666745429e+00 1.578594527718415241e+00 9.637383187564331488e-03 -5.383737475549206231e+00 1.630540179245077104e+00
-9.762183025585997528e-04 -3.677427601140397240e+00 1.578575127109887122e+00 9.230165383380568855e-03 -5.384319259452058581e+00 1.630008530979923931e+00
-9.496621594703852365e-04 -3.677659510682191879e+00 1.578567503815891948e+00 8.806446744449445557e-03 -5.384920837112382230e+00 1.629457096011917683e+00
-9.333633536574383917e-04 -3.677891340963315159e+00 1.578566602379295025e+00 8.366256977908850118e-03 -5.385541841290532261e+00 1.628886062424070857e+00
-9.272905615611490293e-04 -3.678122809073502975e+00 1.578568003597964786e+00 7.909625308801498250e-03 -5.386181903389153369e+00 1.628295618123571487e+00
-9.314138018139553679e-04 -3.678353632319316002e+00 1.578568770568923085e+00 7.436580536300581995e-03 -5.386840653448130567e+00 1.627685950835014106e+00
-9.457040790097422274e-04 -3.678583528067342900e+00 1.578567352835437809e+00 6.947151089474155883e-03 -5.387517720139617161e+00 1.627057248093587649e+00
-9.701330121481216776e-04 -3.678812213661072583e+00 1.578563161186162800e+00 6.441365082589420657e-03 -5.388212730763229708e+00 1.626409697238242247e+00
-1.004672561342537847e-03 -3.679039406393955769e+00 1.578556137189136122e+00 5.919250369957265376e-03 -5.388925311241348659e+00 1.625743485404821609e+00
-1.049294868042515132e-03 -3.679264823512296889e+00 1.578546441460763505e+00 5.380834600315567359e-03 -5.389655086114606419e+00 1.625058799519173425e+00
-1.103972182357263777e-03 -3.679488182228122906e+00 1.578534274319767672e+00 4.826145270751810296e-03 -5.390401678537548591e+00 1.624355826290228233e+00
-1.168676842765762561e-03 -3.679709199731634683e+00 1.578519796795032848e+00 4.255209780167842903e-03 -5.391164710274500393e+00 1.623634752203056308e+00
-1.243381280234411631e-03 -3.679927593199851188e+00 1.578503111772988188e+00 3.668055482280278140e-03 -5.391943801695581406e+00 1.622895763511895462e+00
-1.328058029271439455e-03 -3.680143079801759587e+00 1.578484273161501861e+00 3.064709738158796770e-03 -5.392738571772947687e+00 1.622139046233164406e+00
-1.422679737375161842e-03 -3.680355376701493153e+00 1.578463303074392643e+00 2.445199968303930424e-03 -5.393548638077279911e+00 1.621364786138457026e+00
-1.527219170144195623e-03 -3.680564201060927854e+00 1.578440207253881455e+00 1.809553704258469453e-03 -5.394373616774527314e+00 1.620573168747519333e+00
-1.641649212257014498e-03 -3.680769270042544505e+00 1.578414985469437815e+00 1.157798639754195613e-03 -5.395213122622899427e+00 1.619764379321211756e+00
-1.765942865590664412e-03 -3.680970300812853591e+00 1.578387637128823684e+00 4.899626813926194480e-04 -5.396066768970097627e+00 1.618938602854455677e+00
-1.900073245771215832e-03 -3.681167010546348095e+00 1.578358163477150189e+00 -1.939260011435978842e-04 -5.396934167750862876e+00 1.618096024069182182e+00
-2.044013578098550707e-03 -3.681359116429827605e+00 1.578326567911173761e+00 -8.938389253460195250e-04 -5.397814929484789914e+00 1.617236827407256827e+00
-2.197737193366185431e-03 -3.681546335666936454e+00 1.578292855476766121e+00 -1.609747246612329430e-03 -5.398708663274509156e+00 1.616361197023406193e+00
-2.361217523813062026e-03 -3.681728385482800014e+00 1.578257032194409826e+00 -2.341621709444373367e-03 -5.399614976804095967e+00 1.615469316778120890e+00
-2.534428099253579342e-03 -3.681904983128716058e+00 1.578219104523605809e+00 -3.089432599125471052e-03 -5.400533476337852079e+00 1.614561370230576109e+00
-2.717342543361635394e-03 -3.682075845886862542e+00 1.578179079029612186e+00 -3.853149693873559462e-03 -5.401463766719478699e+00 1.613637540631549294e+00
-2.909934570054751538e-03 -3.682240691075038264e+00 1.578136962220047623e+00 -4.632742217473846680e-03 -5.402405451371494749e+00 1.612698010916322700e+00
-3.112177979937074020e-03 -3.682399236051443037e+00 1.578092760468383204e+00 -5.428178792395231544e-03 -5.403358132295012162e+00 1.611742963697584630e+00
-3.324046656766607884e-03 -3.682551198219542687e+00 1.578046480021671361e+00 -6.239427393388983362e-03 -5.404321410069905518e+00 1.610772581258354430e+00
-3.545514563942543749e-03 -3.682696295032959366e+00 1.577998127019922370e+00 -7.066455301578056930e-03 -5.405294883855384036e+00 1.609787045544901929e+00
-3.776555741002219670e-03 -3.682834244000450674e+00 1.577947707522287413e+00 -7.909229059032366060e-03 -5.406278151390951692e+00 1.608786538159676649e+00
-4.017144300123134948e-03 -3.682964762690958516e+00 1.577895227541587175e+00 -8.767714423844410326e-03 -5.407270808997755474e+00 1.607771240354250786e+00
-4.267254422631363772e-03 -3.683087568738734774e+00 1.577840693029210373e+00 -9.641876325691686039e-03 -5.408272451580296014e+00 1.606741333022254636e+00
-4.526860355528320064e-03 -3.683202379848510066e+00 1.577784109891329445e+00 -1.053167882190403706e-02 -5.409282672628700439e+00 1.605696996692335787e+00
-4.795936408030798161e-03 -3.683308913800751316e+00 1.577725483971321063e+00 -1.143708505403430789e-02 -5.410301064221263445e+00 1.604638411521140728e+00
-5.074456948115006402e-03 -3.683406888456988604e+00 1.577664821071735002e+00 -1.235805720493350635e-02 -5.411327217027511516e+00 1.603565757286304461e+00
-5.362396399082225776e-03 -3.683496021765191308e+00 1.577602126951521466e+00 -1.329455645633691174e-02 -5.412360720311573559e+00 1.602479213379453649e+00
-5.659729236131722310e-03 -3.683576031765241066e+00 1.577537407325379615e+00 -1.424654294696631532e-02 -5.413401161936017836e+00 1.601378958799203556e+00
-5.966429982948627531e-03 -3.683646636594442914e+00 1.577470667857024500e+00 -1.521397573114818477e-02 -5.414448128366260882e+00 1.600265172144227366e+00
-6.282473208311401339e-03 -3.683707554493085290e+00 1.577401914152450235e+00 -1.619681273795532325e-02 -5.415501204675458702e+00 1.599138031606319288e+00
-6.607833522710342480e-03 -3.683758503810070639e+00 1.577331151762957573e+00 -1.719501073087057949e-02 -5.416559974549705281e+00 1.597997714963474758e+00
-6.942485574967802511e-03 -3.683799203008640610e+00 1.577258386196109141e+00 -1.820852526798437052e-02 -5.417624020293676068e+00 1.596844399573004170e+00
-7.286404048889772236e-03 -3.683829370672110581e+00 1.577183622909098082e+00 -1.923731066271489390e-02 -5.418692922836958914e+00 1.595678262364662814e+00
-7.639563659922541349e-03 -3.683848725509696109e+00 1.577106867296508064e+00 -2.028131994508429806e-02 -5.419766261740660340e+00 1.594499479833832556e+00
-8.001939151830341282e-03 -3.683856986362362917e+00 1.577028124714279445e+00 -2.134050482352851594e-02 -5.420843615204755217e+00 1.593308228034724161e+00
-8.373505293365238189e-03 -3.683853872208785241e+00 1.576947400451036652e+00 -2.241481564725892120e-02 -5.421924560075692234e+00 1.592104682573626251e+00
-8.754236874968400126e-03 -3.683839102171333924e+00 1.576864699744152665e+00 -2.350420136917673666e-02 -5.423008671854717022e+00 1.590889018602171578e+00
-9.144108705474923021e-03 -3.683812395522132022e+00 1.576780027781164550e+00 -2.460860950933433169e-02 -5.424095524706459948e+00 1.589661410810608189e+00
-9.543095608839077815e-03 -3.683773471689146373e+00 1.576693389697022774e+00 -2.572798611897045631e-02 -5.425184691468223797e+00 1.588422033421154067e+00
-9.951172420869552199e-03 -3.683722050262338676e+00 1.576604790582947668e+00 -2.686227574511408298e-02 -5.426275743659719097e+00 1.587171060181373106e+00
-1.036831398598456536e-02 -3.683657850999883632e+00 1.576514235446947687e+00 -2.801142139575596782e-02 -5.427368251493406071e+00 1.585908664357589037e+00
-1.079449515395980788e-02 -3.683580593834448802e+00 1.576421729252534210e+00 -2.917536450558625913e-02 -5.428461783885206060e+00 1.584635018728344447e+00
-1.122969077669805360e-02 -3.683489998879523331e+00 1.576327276901377639e+00 -3.035404490233306260e-02 -5.429555908465750313e+00 1.583350295577878653e+00
-1.167387570500818400e-02 -3.683385786435805720e+00 1.576230883238464608e+00 -3.154740077367591822e-02 -5.430650191592262033e+00 1.582054666689694189e+00
-1.212702478540511955e-02 -3.683267676997631579e+00 1.576132553078818388e+00 -3.275536863476194438e-02 -5.431744198360997977e+00 1.580748303340142602e+00
-1.258911285691904913e-02 -3.683135391259454217e+00 1.576032291164173094e+00 -3.397788329631837301e-02 -5.432837492620174125e+00 1.579431376292061762e+00
-1.306011474792793600e-02 -3.682988650122367424e+00 1.575930102186812398e+00 -3.521487783336803290e-02 -5.433929636983532596e+00 1.578104055788479787e+00
-1.354000527297940723e-02 -3.682827174700717965e+00 1.575825990769384566e+00 -3.646628355455325265e-02 -5.435020192844097764e+00 1.576766511546306093e+00
-1.402875922964891275e-02 -3.682650686328706513e+00 1.575719961471579555e+00 -3.773202997207628084e-02 -5.436108720388898696e+00 1.575418912750135458e+00
-1.452635139538919345e-02 -3.682458906567078305e+00 1.575612018801868075e+00 -3.901204477225200806e-02 -5.437194778614162338e+00 1.574061428046110045e+00
-1.503275652441102284e-02 -3.682251557209866188e+00 1.575502167206270787e+00 -4.030625378670411874e-02 -5.438277925341077790e+00 1.572694225535805845e+00
-1.554794934455539651e-02 -3.682028360291183855e+00 1.575390411090229925e+00 -4.161458096417364194e-02 -5.439357717231846578e+00 1.571317472770168200e+00
-1.607190455420531502e-02 -3.681789038092011968e+00 1.575276754775161603e+00 -4.293694834297462348e-02 -5.440433709806553608e+00 1.569931336743509487e+00
-1.660459681917006436e-02 -3.681533313147106412e+00 1.575161202533492233e+00 -4.427327602408701046e-02 -5.441505457460326767e+00 1.568535983887568319e+00
-1.714600076960359071e-02 -3.681260908251915431e+00 1.575043758603210442e+00 -4.562348214490466458e-02 -5.442572513481320762e+00 1.567131580065629803e+00
-1.769609099694767138e-02 -3.680971546469579803e+00 1.574924427138970184e+00 -4.698748285363615884e-02 -5.443634430069106855e+00 1.565718290566699977e+00
-1.825484205087918310e-02 -3.680664951137924135e+00 1.574803212231871141e+00 -4.836519228437344275e-02 -5.444690758353831761e+00 1.564296280099766179e+00
-1.882222843625250969e-02 -3.680340845876524991e+00 1.574680117920644218e+00 -4.975652253280010706e-02 -5.445741048415627006e+00 1.562865712788082284e+00
-1.939822461007655735e-02 -3.679998954593812766e+00 1.574555148155481588e+00 -5.116138363259709054e-02 -5.446784849304802556e+00 1.561426752163537657e+00
-1.998280497847130729e-02 -3.679639001494245054e+00 1.574428306878948636e+00 -5.257968353251160631e-02 -5.447821709062552031e+00 1.559979561161088490e+00
-2.057594389367052232e-02 -3.679260711085531099e+00 1.574299597939295081e+00 -5.401132807411494763e-02 -5.448851174742208592e+00 1.558524302113255100e+00
-2.117761565101330956e-02 -3.678863808185822482e+00 1.574169025116923581e+00 -5.545622097024302533e-02 -5.449872792431096791e+00 1.557061136744682495e+00
-2.178779448595283968e-02 -3.678448017931025937e+00 1.574036592139604895e+00 -5.691426378415358200e-02 -5.450886107273006154e+00 1.555590226166827295e+00
-2.240645457107890565e-02 -3.678013065782109958e+00 1.573902302681188692e+00 -5.838535590935024777e-02 -5.451890663490985389e+00 1.554111730872608677e+00
-2.303357001316132593e-02 -3.677558677532492215e+00 1.573766160337456199e+00 -5.986939455013590150e-02 -5.452886004410937737e+00 1.552625810731196765e+00
-2.366911485017746467e-02 -3.677084579315470059e+00 1.573628168633534496e+00 -6.136627470285373198e-02 -5.453871672485648858e+00 1.551132624982870523e+00
-2.431306304836633458e-02 -3.676590497611666120e+00 1.573488331070260982e+00 -6.287588913785968625e-02 -5.454847209319419576e+00 1.549632332233902510e+00
-2.496538849932195686e-02 -3.676076159256532971e+00 1.573346651063267210e+00 -6.439812838222618019e-02 -5.455812155693291920e+00 1.548125090451569541e+00
-2.562606501704430342e-02 -3.675541291447931069e+00 1.573203131983251346e+00 -6.593288070313270410e-02 -5.456766051590483002e+00 1.546611056959173114e+00
-2.629506633503689642e-02 -3.674985621753680487e+00 1.573057777109389432e+00 -6.748003209203802533e-02 -5.457708436222972637e+00 1.545090388431195505e+00
-2.697236610339286481e-02 -3.674408878119180599e+00 1.572910589633141010e+00 -6.903946624955846489e-02 -5.458638848058275705e+00 1.543563240888521149e+00
-2.765793788587811441e-02 -3.673810788875088384e+00 1.572761572746780967e+00 -7.061106457110137569e-02 -5.459556824846837131e+00 1.542029769693748609e+00
-2.835175515711790828e-02 -3.673191082744990510e+00 1.572610729545983466e+00 -7.219470613323911157e-02 -5.460461903649935778e+00 1.540490129546507436e+00
-2.905379129966503479e-02 -3.672549488853216193e+00 1.572458063018220331e+00 -7.379026768084305521e-02 -5.461353620868084846e+00 1.538944474478928459e+00
-2.976401960112928097e-02 -3.671885736732520833e+00 1.572303576121830027e+00 -7.539762361497559517e-02 -5.462231512270019351e+00 1.537392957851168696e+00
-3.048241325132772933e-02 -3.671199556331966374e+00 1.572147271769966270e+00 -7.701664598155498476e-02 -5.463095113022451876e+00 1.535835732347017535e+00
-3.120894533947217095e-02 -3.670490678024810549e+00 1.571989152812097945e+00 -7.864720446077452798e-02 -5.463943957720184486e+00 1.534272949969580635e+00
-3.194358885133109782e-02 -3.669758832616385913e+00 1.571829222026495332e+00 -8.028916635728530760e-02 -5.464777580416555480e+00 1.532704762037049528e+00
-3.268631666639031097e-02 -3.669003751352038822e+00 1.571667482101372970e+00 -8.194239659114889440e-02 -5.465595514654566500e+00 1.531131319178521633e+00
-3.343710155503713810e-02 -3.668225165925141251e+00 1.571503935653981721e+00 -8.360675768959889564e-02 -5.466397293498647336e+00 1.529552771329972582e+00
-3.419591617572850101e-02 -3.667422808485100383e+00 1.571338585272538335e+00 -8.528210977959475858e-02 -5.467182449566762692e+00 1.527969267730225678e+00
-3.496273307224333909e-02 -3.666596411645448583e+00 1.571171433441786780e+00 -8.696831058116430424e-02 -5.467950515063383143e+00 1.526380956917105847e+00
-3.573752467088748414e-02 -3.665745708491878752e+00 1.571002482581215220e+00 -8.866521540153843306e-02 -5.468701021812798047e+00 1.524787986723587396e+00
-3.652026327769097858e-02 -3.664870432590463967e+00 1.570831735068831669e+00 -9.037267713005839309e-02 -5.469433501292506605e+00 1.523190504274068768e+00
-3.731092107565803229e-02 -3.663970317995850490e+00 1.570659193217248673e+00 -9.209054623390670880e-02 -5.470147484667601034e+00 1.521588655980737004e+00
-3.810947012202532680e-02 -3.663045099259429005e+00 1.570484859243217457e+00 -9.381867075460913197e-02 -5.470842502825459697e+00 1.519982587540017027e+00
-3.891588234549182845e-02 -3.662094511437565370e+00 1.570308735286999768e+00 -9.555689630538316548e-02 -5.471518086410872783e+00 1.518372443929090210e+00
-3.973012954348472542e-02 -3.661118290099849570e+00 1.570130823453144586e+00 -9.730506606931169089e-02 -5.472173765861951367e+00 1.516758369402504858e+00
-4.055218337945992735e-02 -3.660116171337485458e+00 1.569951125751168242e+00 -9.906302079831025287e-02 -5.472809071446361529e+00 1.515140507488848209e+00
-4.138201538013552838e-02 -3.659087891771620527e+00 1.569769644125306396e+00 -1.008305988129249015e-01 -5.473423533297959942e+00 1.513519000987564089e+00
-4.221959693276994274e-02 -3.658033188561818694e+00 1.569586380514773616e+00 -1.026076360029624379e-01 -5.474016681454147992e+00 1.511893991965821415e+00
-4.306489928253152272e-02 -3.656951799414589477e+00 1.569401336736731212e+00 -1.043939658289393252e-01 -5.474588045893474586e+00 1.510265621755551901e+00
-4.391789352975213057e-02 -3.655843462591788828e+00 1.569214514445169240e+00 -1.061894193243410334e-01 -5.475137156573669728e+00 1.508634030950475768e+00
-4.477855062711273704e-02 -3.654707916919079924e+00 1.569025915304959051e+00 -1.079938250987145382e-01 -5.475663543470019157e+00 1.506999359403176530e+00
-4.564684137707529510e-02 -3.653544901794527622e+00 1.568835540957497443e+00 -1.098070093416157744e-01 -5.476166736614478836e+00 1.505361746222357411e+00
-4.652273642925461999e-02 -3.652354157197316820e+00 1.568643392991200924e+00 -1.116287958274024272e-01 -5.476646266135261953e+00 1.503721329770203896e+00
-4.740620627776793994e-02 -3.651135423696403315e+00 1.568449472848279624e+00 -1.134590059208485657e-01 -5.477101662296529838e+00 1.502078247659760946e+00
-4.829722125851098474e-02 -3.649888442459050530e+00 1.568253781776774325e+00 -1.152974585836115951e-01 -5.477532455538915990e+00 1.500432636752453197e+00
-4.919575154631673775e-02 -3.648612955259561641e+00 1.568056321114751794e+00 -1.171439703815084776e-01 -5.477938176520105173e+00 1.498784633155686219e+00
-5.010176715250588830e-02 -3.647308704488107178e+00 1.567857092188439827e+00 -1.189983554926209164e-01 -5.478318356155793545e+00 1.497134372220503051e+00
-5.101523792234700927e-02 -3.645975433159676093e+00 1.567656096200283455e+00 -1.208604257163205242e-01 -5.478672525661392179e+00 1.495481988539388629e+00
-5.193613353236897767e-02 -3.644612884922861618e+00 1.567453334268788412e+00 -1.227299904831371802e-01 -5.479000216594210215e+00 1.493827615944098852e+00
-5.286442348775554495e-02 -3.643220804068688867e+00 1.567248807390069443e+00 -1.246068568654235265e-01 -5.479300960895782779e+00 1.492171387503592905e+00
-5.380007711963921690e-02 -3.641798935539535265e+00 1.567042516459795198e+00 -1.264908295888376166e-01 -5.479574290934263736e+00 1.490513435522046848e+00
-5.474306358246618792e-02 -3.640347024938060283e+00 1.566834462368321690e+00 -1.283817110447702248e-01 -5.479819739547871826e+00 1.488853891537010643e+00
-5.569335185147634981e-02 -3.638864818536236445e+00 1.566624645884478806e+00 -1.302793013035631886e-01 -5.480036840088334138e+00 1.487192886317672214e+00
-5.665091072000492944e-02 -3.637352063284432724e+00 1.566413067743092524e+00 -1.321833981285901460e-01 -5.480225126464722152e+00 1.485530549863119276e+00
-5.761570879699867698e-02 -3.635808506820489061e+00 1.566199728619424025e+00 -1.340937969911639993e-01 -5.480384133187741647e+00 1.483867011400702873e+00
-5.858771450445804385e-02 -3.634233897478927222e+00 1.565984629110384718e+00 -1.360102910863140169e-01 -5.480513395414293498e+00 1.482202399384575653e+00
-5.956689607482654192e-02 -3.632627984300155433e+00 1.565767769686528199e+00 -1.379326713494461454e-01 -5.480612448992517649e+00 1.480536841494247469e+00
-6.055322154837813886e-02 -3.630990517039616172e+00 1.565549150805190637e+00 -1.398607264738054301e-01 -5.480680830506991619e+00 1.478870464633255111e+00
-6.154665877075809338e-02 -3.629321246177125815e+00 1.565328772843422867e+00 -1.417942429287857020e-01 -5.480718077324375770e+00 1.477203394927881996e+00
-6.254717539045402674e-02 -3.627619922926101914e+00 1.565106636054727218e+00 -1.437330049791215314e-01 -5.480723727639512433e+00 1.475535757726095465e+00
-6.355473885615138541e-02 -3.625886299242946809e+00 1.564882740616287737e+00 -1.456767947049086853e-01 -5.480697320521607629e+00 1.473867677596420789e+00
-6.456931641417006096e-02 -3.624120127836417904e+00 1.564657086610959258e+00 -1.476253920224452065e-01 -5.480638395960735210e+00 1.472199278326989935e+00
-6.559087510590823344e-02 -3.622321162177126741e+00 1.564429674105193957e+00 -1.495785747059749926e-01 -5.480546494914808164e+00 1.470530682924609867e+00
-6.661938176541756795e-02 -3.620489156507072259e+00 1.564200503034479883e+00 -1.515361184102398118e-01 -5.480421159356718697e+00 1.468862013613975170e+00
-6.765480301676070340e-02 -3.618623865849203369e+00 1.563969573322290474e+00 -1.534977966938394500e-01 -5.480261932321567997e+00 1.467193391836954408e+00
-6.869710527163665204e-02 -3.616725046017071676e+00 1.563736884881397726e+00 -1.554633810434070951e-01 -5.480068357954162472e+00 1.465524938251939746e+00
-6.974625472703095685e-02 -3.614792453624407820e+00 1.563502437449685090e+00 -1.574326408986957138e-01 -5.479839981557174333e+00 1.463856772733342027e+00
-7.080221736254106724e-02 -3.612825846094805282e+00 1.563266230696497727e+00 -1.594053436784399480e-01 -5.479576349639261323e+00 1.462189014371113371e+00
-7.186495893789812683e-02 -3.610824981671407752e+00 1.563028264085243535e+00 -1.613812548070460151e-01 -5.479277009963498202e+00 1.460521781470410785e+00
-7.293444499017966154e-02 -3.608789619426673756e+00 1.562788537009854872e+00 -1.633601377421059486e-01 -5.478941511595949443e+00 1.458855191551215791e+00
-7.401064083130828863e-02 -3.606719519272227448e+00 1.562547048891985257e+00 -1.653417540027503074e-01 -5.478569404954467537e+00 1.457189361348152801e+00
-7.509351154580583276e-02 -3.604614441968724048e+00 1.562303799126736781e+00 -1.673258631987946665e-01 -5.478160241857757740e+00 1.455524406810382976e+00
-7.618302198846049755e-02 -3.602474149135923565e+00 1.562058787053700160e+00 -1.693122230606843026e-01 -5.477713575574570726e+00 1.453860443101550937e+00
-7.727913678186311419e-02 -3.600298403262736535e+00 1.561812011929151423e+00 -1.713005894702546716e-01 -5.477228960873079089e+00 1.452197584599855151e+00
-7.838182031404813954e-02 -3.598086967717160967e+00 1.561563472846285050e+00 -1.732907164922991294e-01 -5.476705954070533622e+00 1.450535944898140084e+00
-7.949103673583209073e-02 -3.595839606756364937e+00 1.561313168770067206e+00 -1.752823564069443674e-01 -5.476144113082977327e+00 1.448875636804145106e+00
-8.060674995823730038e-02 -3.593556085536802946e+00 1.561061098561737026e+00 -1.772752597427855736e-01 -5.475542997475137952e+00 1.447216772340745639e+00
-8.172892365000804238e-02 -3.591236170124387783e+00 1.560807261028077653e+00 -1.792691753108647257e-01 -5.474902168510799250e+00 1.445559462746328183e+00
-8.285752123516622325e-02 -3.588879627504874215e+00 1.560551654899739793e+00 -1.812638502392819595e-01 -5.474221189202411075e+00 1.443903818475215095e+00
-8.399250589061595107e-02 -3.586486225594117450e+00 1.560294278830675285e+00 -1.832590300086804624e-01 -5.473499624361468641e+00 1.442249949198200820e+00
-8.513384054368165754e-02 -3.584055733248554976e+00 1.560035131523838769e+00 -1.852544584884493473e-01 -5.472737040648684825e+00 1.440597963803141202e+00
-8.628148787007181020e-02 -3.581587920275715042e+00 1.559774211522305221e+00 -1.872498779738395180e-01 -5.471933006625099516e+00 1.438947970395639375e+00
-8.743541029124828057e-02 -3.579082557444641655e+00 1.559511517238957534e+00 -1.892450292236753928e-01 -5.471087092802593865e+00 1.437300076299767415e+00
-8.859556997186220084e-02 -3.576539416496496759e+00 1.559247047081248283e+00 -1.912396514988254637e-01 -5.470198871694379683e+00 1.435654388058931197e+00
-8.976192881760852726e-02 -3.573958270155191741e+00 1.558980799284648056e+00 -1.932334826014724949e-01 -5.469267917865971995e+00 1.434011011436801430e+00
-9.093444847258695674e-02 -3.571338892138022469e+00 1.558712772067268437e+00 -1.952262589151044225e-01 -5.468293807985993737e+00 1.432370051418263124e+00
-9.211309031706561845e-02 -3.568681057166589898e+00 1.558442963444765184e+00 -1.972177154452123549e-01 -5.467276120877045287e+00 1.430731612210524251e+00
-9.329781546479259946e-02 -3.565984540977432005e+00 1.558171371336424249e+00 -1.992075858606879302e-01 -5.466214437566688567e+00 1.429095797244210209e+00
-9.448858476049527833e-02 -3.563249120332947939e+00 1.557897993715634977e+00 -2.011956025358946909e-01 -5.465108341338099862e+00 1.427462709174524891e+00
-9.568535877785483423e-02 -3.560474573032588186e+00 1.557622828430895501e+00 -2.031814965934781170e-01 -5.463957417781074355e+00 1.425832449882521225e+00
-9.688809781703926205e-02 -3.557660677923761394e+00 1.557345873194222907e+00 -2.051649979477809527e-01 -5.462761254842768643e+00 1.424205120476464526e+00
-9.809676190221663927e-02 -3.554807214912774072e+00 1.557067125692540799e+00 -2.071458353490499282e-01 -5.461519442878725705e+00 1.422580821293200515e+00
-9.931131077936547480e-02 -3.551913964976137539e+00 1.556786583563744220e+00 -2.091237364282194922e-01 -5.460231574703641400e+00 1.420959651899697862e+00
-1.005317039140066621e-01 -3.548980710171877107e+00 1.556504244258353653e+00 -2.110984277424040878e-01 -5.458897245642166496e+00 1.419341711094553204e+00
-1.017579004885455080e-01 -3.546007233650583235e+00 1.556220105060061254e+00 -2.130696348210092406e-01 -5.457516053579794857e+00 1.417727096909551454e+00
-1.029898593996619455e-01 -3.542993319666753127e+00 1.555934163217419952e+00 -2.150370822124759440e-01 -5.456087599013427436e+00 1.416115906611260966e+00
-1.042275392561032854e-01 -3.539938753590339271e+00 1.555646416009665245e+00 -2.170004935315392181e-01 -5.454611485101549917e+00 1.414508236702868516e+00
-1.054708983767113362e-01 -3.536843321918388128e+00 1.555356860560507481e+00 -2.189595915072904964e-01 -5.453087317715018756e+00 1.412904182926016050e+00
-1.067198947878932047e-01 -3.533706812286570020e+00 1.555065493948484701e+00 -2.209140980317532976e-01 -5.451514705487438661e+00 1.411303840262585263e+00
-1.079744862214126050e-01 -3.530529013480921297e+00 1.554772313137703810e+00 -2.228637342091099316e-01 -5.449893259865717710e+00 1.409707302936611839e+00
-1.092346301119749702e-01 -3.527309715449505667e+00 1.554477314872244609e+00 -2.248082204053931110e-01 -5.448222595159900372e+00 1.408114664416259432e+00
-1.105002835944947776e-01 -3.524048709314152816e+00 1.554180495931767103e+00 -2.267472762987835511e-01 -5.446502328593079589e+00 1.406526017415934637e+00
-1.117714035021750291e-01 -3.520745787382423497e+00 1.553881852975619093e+00 -2.286806209305662363e-01 -5.444732080351788461e+00 1.404941453898269854e+00
-1.130479463641138327e-01 -3.517400743159704302e+00 1.553581382513972819e+00 -2.306079727565348569e-01 -5.442911473635548170e+00 1.403361065076324410e+00
-1.143298684027281020e-01 -3.514013371361123017e+00 1.553279081111471394e+00 -2.325290496988309530e-01 -5.441040134706147668e+00 1.401784941415738839e+00
-1.156171255320127822e-01 -3.510583467923848566e+00 1.552974945100844772e+00 -2.344435691983592640e-01 -5.439117692936656923e+00 1.400213172637018610e+00
-1.169096733547741185e-01 -3.507110830019267045e+00 1.552668970708879437e+00 -2.363512482678205295e-01 -5.437143780861042330e+00 1.398645847717868484e+00
-1.182074671602698912e-01 -3.503595256065197727e+00 1.552361154095186935e+00 -2.382518035450767735e-01 -5.435118034222746530e+00 1.397083054895651433e+00
-1.195104619220720837e-01 -3.500036545738431037e+00 1.552051491355172619e+00 -2.401449513471397290e-01 -5.433040092023759371e+00 1.395524881669682804e+00
-1.208186122957851522e-01 -3.496434499987076006e+00 1.551739978454365732e+00 -2.420304077244299912e-01 -5.430909596572522702e+00 1.393971414803752307e+00
-1.221318726166633895e-01 -3.492788921043172845e+00 1.551426611366065966e+00 -2.439078885155028520e-01 -5.428726193531864475e+00 1.392422740328573605e+00
-1.234501968977164271e-01 -3.489099612435470288e+00 1.551111385959794697e+00 -2.457771094022853375e-01 -5.426489531966999458e+00 1.390878943544429092e+00
-1.247735388274537199e-01 -3.485366379002087900e+00 1.550794297907829966e+00 -2.476377859657738212e-01 -5.424199264393381625e+00 1.389340109023814218e+00
-1.261018517672208294e-01 -3.481589026903369355e+00 1.550475342645932564e+00 -2.494896337420707544e-01 -5.421855046823875313e+00 1.387806320614002331e+00
-1.274350887484312911e-01 -3.477767363634596265e+00 1.550154515593595406e+00 -2.513323682787158564e-01 -5.419456538815450308e+00 1.386277661439835329e+00
-1.287732024705809109e-01 -3.473901198039180738e+00 1.549831812189243152e+00 -2.531657051915627288e-01 -5.417003403516250870e+00 1.384754213906447484e+00
-1.301161452995216183e-01 -3.469990340321745137e+00 1.549507227869543424e+00 -2.549893602218470945e-01 -5.414495307711727712e+00 1.383236059702093845e+00
-1.314638692655568375e-01 -3.466034602061454528e+00 1.549180757816095433e+00 -2.568030492935529097e-01 -5.411931921870084317e+00 1.381723279801009951e+00
-1.328163260606559926e-01 -3.462033796225175042e+00 1.548852396981452273e+00 -2.586064885711355510e-01 -5.409312920187707263e+00 1.380215954466261774e+00
-1.341734670357214720e-01 -3.457987737180802323e+00 1.548522140419309912e+00 -2.603993945177378033e-01 -5.406637980634943830e+00 1.378714163252640068e+00
-1.355352431991380113e-01 -3.453896240710843557e+00 1.548189982974493617e+00 -2.621814839534205022e-01 -5.403906785000482493e+00 1.377217985009697054e+00
-1.369016052141454332e-01 -3.449759124025851165e+00 1.547855919467593377e+00 -2.639524741137055930e-01 -5.401119018935417238e+00 1.375727497884735362e+00
-1.382725033969722517e-01 -3.445576205778233092e+00 1.547519944429478933e+00 -2.657120827084609171e-01 -5.398274371997327847e+00 1.374242779325899999e+00
-1.396478877138171149e-01 -3.441347306075815737e+00 1.547182052581947964e+00 -2.674600279810911418e-01 -5.395372537694104409e+00 1.372763906085145091e+00
-1.410277077799176049e-01 -3.437072246496254646e+00 1.546842238316532336e+00 -2.691960287678882846e-01 -5.392413213527128768e+00 1.371290954221406455e+00
-1.424119128564168280e-01 -3.432750850100499740e+00 1.546500496116413936e+00 -2.709198045574138236e-01 -5.389396101033529618e+00 1.369823999103688017e+00
-1.438004518491010908e-01 -3.428382941447333021e+00 1.546156820167980950e+00 -2.726310755502474592e-01 -5.386320905828544170e+00 1.368363115414302777e+00
-1.451932733053540869e-01 -3.423968346607100255e+00 1.545811204496539304e+00 -2.743295627187586905e-01 -5.383187337646869963e+00 1.366908377152104226e+00
-1.465903254117303378e-01 -3.419506893176068818e+00 1.545463643094967310e+00 -2.760149878669405643e-01 -5.379995110383396728e+00 1.365459857635671348e+00
-1.479915559922040380e-01 -3.414998410290840614e+00 1.545114129798676350e+00 -2.776870736906403847e-01 -5.376743942134244669e+00 1.364017629506515616e+00
-1.493969125057085789e-01 -3.410442728642741450e+00 1.544762658415334000e+00 -2.793455438376231115e-01 -5.373433555236247550e+00 1.362581764732448297e+00
-1.508063420444302749e-01 -3.405839680492632304e+00 1.544409222661432768e+00 -2.809901229679001577e-01 -5.370063676306692457e+00 1.361152334610956194e+00
-1.522197913317695217e-01 -3.401189099685613115e+00 1.544053816251584665e+00 -2.826205368139001473e-01 -5.366634036281742404e+00 1.359729409772514774e+00
-1.536372067206936698e-01 -3.396490821665796300e+00 1.543696432660909279e+00 -2.842365122410210332e-01 -5.363144370455425580e+00 1.358313060183992338e+00
-1.550585341911392967e-01 -3.391744683491035417e+00 1.543337065364809746e+00 -2.858377773079729955e-01 -5.359594418517331427e+00 1.356903355152113910e+00
-1.564837193484024114e-01 -3.386950523848323513e+00 1.542975707485192194e+00 -2.874240613271319966e-01 -5.355983924589541978e+00 1.355500363326878732e+00
-1.579127074199546954e-01 -3.382108183068347262e+00 1.542612352054031577e+00 -2.889950949248791257e-01 -5.352312637263118233e+00 1.354104152705029707e+00
-1.593454432534313070e-01 -3.377217503140860000e+00 1.542246991897900488e+00 -2.905506101019443288e-01 -5.348580309633939933e+00 1.352714790633529285e+00
-1.607818713140487521e-01 -3.372278327730023673e+00 1.541879619968395732e+00 -2.920903402937845561e-01 -5.344786699338208713e+00 1.351332343812993608e+00
-1.622219356837611981e-01 -3.367290502189904444e+00 1.541510229183776115e+00 -2.936140204304704127e-01 -5.340931568586089639e+00 1.349956878301336483e+00
-1.636655800597441590e-01 -3.362253873580260954e+00 1.541138812129051461e+00 -2.951213869970275017e-01 -5.337014684196502934e+00 1.348588459517208182e+00
-1.651127477512472908e-01 -3.357168290681796563e+00 1.540765361311850157e+00 -2.966121780932697849e-01 -5.333035817629699693e+00 1.347227152243588133e+00
-1.665633816777656595e-01 -3.352033604012048862e+00 1.540389869013355506e+00 -2.980861334936977802e-01 -5.328994745020077417e+00 1.345873020631422223e+00
-1.680174243664168954e-01 -3.346849665841176602e+00 1.540012327703204953e+00 -2.995429947071916454e-01 -5.324891247207803602e+00 1.344526128203283877e+00
-1.694748179516081255e-01 -3.341616330208323493e+00 1.539632729526143384e+00 -3.009825050364935417e-01 -5.320725109769865568e+00 1.343186537856907892e+00
-1.709355041719547996e-01 -3.336333452937471744e+00 1.539251066385817657e+00 -3.024044096376662938e-01 -5.316496123051028810e+00 1.341854311868751148e+00
-1.723994243676036653e-01 -3.331000891653406626e+00 1.538867330164805480e+00 -3.038084555791165098e-01 -5.312204082193172638e+00 1.340529511897641468e+00
-1.738665194788779067e-01 -3.325618505798251245e+00 1.538481512657081662e+00 -3.051943919005600803e-01 -5.307848787164461513e+00 1.339212198988436242e+00
-1.753367300446141142e-01 -3.320186156647978670e+00 1.538093605517738771e+00 -3.065619696715538578e-01 -5.303430042787292464e+00 1.337902433575781203e+00
-1.768099962001132008e-01 -3.314703707328827686e+00 1.537703600222720901e+00 -3.079109420497940230e-01 -5.298947658765600366e+00 1.336600275487797251e+00
-1.782862576748666661e-01 -3.309171022833963249e+00 1.537311488356447819e+00 -3.092410643391563241e-01 -5.294401449711380714e+00 1.335305783949777281e+00
-1.797654537920140017e-01 -3.303587970040541943e+00 1.536917261246287802e+00 -3.105520940473303626e-01 -5.289791235170225647e+00 1.334019017587877221e+00
-1.812475234657695833e-01 -3.297954417726408405e+00 1.536520910110249938e+00 -3.118437909432576483e-01 -5.285116839646616604e+00 1.332740034432752241e+00
-1.827324051996505605e-01 -3.292270236586885446e+00 1.536122425699116834e+00 -3.131159171141547626e-01 -5.280378092628033038e+00 1.331468891923384357e+00
-1.842200370827892508e-01 -3.286535299251405196e+00 1.535721798724263731e+00 -3.143682370221543287e-01 -5.275574828608356803e+00 1.330205646910816109e+00
-1.857103567884543227e-01 -3.280749480301007992e+00 1.535319019977203547e+00 -3.156005175606277358e-01 -5.270706887110564232e+00 1.328950355661836280e+00
-1.872033015734118622e-01 -3.274912656285947854e+00 1.534914080099329725e+00 -3.168125281099067880e-01 -5.265774112708142773e+00 1.327703073862691152e+00
-1.886988082761705821e-01 -3.269024705743056369e+00 1.534506969609399807e+00 -3.180040405925307900e-01 -5.260776355045528874e+00 1.326463856623007365e+00
-1.901968133151876461e-01 -3.263085509213301094e+00 1.534097678830842248e+00 -3.191748295281535697e-01 -5.255713468858077775e+00 1.325232758479474748e+00
-1.916972526866584370e-01 -3.257094949259231154e+00 1.533686197994343692e+00 -3.203246720881323117e-01 -5.250585313991560810e+00 1.324009833399568681e+00
-1.932000619632119331e-01 -3.251052910482683078e+00 1.533272517211472952e+00 -3.214533481493552780e-01 -5.245391755420086177e+00 1.322795134785333948e+00
-1.947051762922132334e-01 -3.244959279542618535e+00 1.532856626222792062e+00 -3.225606403477481732e-01 -5.240132663263630697e+00 1.321588715477177933e+00
-1.962125303926545716e-01 -3.238813945172698272e+00 1.532438514740988911e+00 -3.236463341312058040e-01 -5.234807912804553709e+00 1.320390627757653590e+00
-1.977220585541544784e-01 -3.232616798199517305e+00 1.532018172367842102e+00 -3.247102178118547178e-01 -5.229417384502986543e+00 1.319200923355295929e+00
-1.992336946353497062e-01 -3.226367731560948471e+00 1.531595588743935421e+00 -3.257520826178245676e-01 -5.223960964011533648e+00 1.318019653448259998e+00
-2.007473720634737613e-01 -3.220066640324654728e+00 1.531170753266629214e+00 -3.267717227444435490e-01 -5.218438542189096196e+00 1.316846868668182235e+00
-2.022630238320642648e-01 -3.213713421706199114e+00 1.530743654768513817e+00 -3.277689354048534676e-01 -5.212850015113678737e+00 1.315682619103899720e+00
-2.037805824967505730e-01 -3.207307975086691521e+00 1.530314282326523223e+00 -3.287435208799776021e-01 -5.207195284094509269e+00 1.314526954305201611e+00
-2.052999801760185261e-01 -3.200850202031955138e+00 1.529882624857504148e+00 -3.296952825677677001e-01 -5.201474255682852821e+00 1.313379923286692286e+00
-2.068211485497354618e-01 -3.194340006311224833e+00 1.529448671108141200e+00 -3.306240270318465124e-01 -5.195686841682170432e+00 1.312241574531523458e+00
-2.083440188574708085e-01 -3.187777293915944110e+00 1.529012409890360580e+00 -3.315295640493458595e-01 -5.189832959156880143e+00 1.311111955995282186e+00
-2.098685218983817602e-01 -3.181161973078860061e+00 1.528573829439844323e+00 -3.324117066582388813e-01 -5.183912530440699662e+00 1.309991115109735427e+00
-2.113945880268637001e-01 -3.174493954292378017e+00 1.528132917950538516e+00 -3.332702712039177229e-01 -5.177925483144087515e+00 1.308879098786447814e+00
-2.129221471518935871e-01 -3.167773150327645393e+00 1.527689663540448883e+00 -3.341050773851444444e-01 -5.171871750160971004e+00 1.307775953420626358e+00
-2.144511287359611995e-01 -3.160999476253692819e+00 1.527244054208069191e+00 -3.349159482989839121e-01 -5.165751269673712898e+00 1.306681724894781294e+00
-2.159814617940532810e-01 -3.154172849456619687e+00 1.526796077535304441e+00 -3.357027104852779442e-01 -5.159563985158023058e+00 1.305596458582555464e+00
-2.175130748905671763e-01 -3.147293189658363133e+00 1.526345721290300439e+00 -3.364651939699601080e-01 -5.153309845385899202e+00 1.304520199352476206e+00
-2.190458961401626492e-01 -3.140360418936694042e+00 1.525892972976402584e+00 -3.372032323079917626e-01 -5.146988804428730191e+00 1.303452991571581787e+00
-2.205798532057749728e-01 -3.133374461744559358e+00 1.525437819929884808e+00 -3.379166626252538830e-01 -5.140600821658823705e+00 1.302394879109243009e+00
-2.221148732973055040e-01 -3.126335244929541624e+00 1.524980249253008679e+00 -3.386053256596572303e-01 -5.134145861750147866e+00 1.301345905340857811e+00
-2.236508831696940036e-01 -3.119242697753386473e+00 1.524520247896193226e+00 -3.392690658015369287e-01 -5.127623894678224659e+00 1.300306113151571186e+00
-2.251878091217170419e-01 -3.112096751911667347e+00 1.524057802247197557e+00 -3.399077311330473972e-01 -5.121034895718947766e+00 1.299275544939983318e+00
-2.267255769920635822e-01 -3.104897341553061185e+00 1.523592898881803936e+00 -3.405211734668991963e-01 -5.114378845446976740e+00 1.298254242621739385e+00
-2.282641121605232803e-01 -3.097644403299524729e+00 1.523125524470970049e+00 -3.411092483839990863e-01 -5.107655729732501371e+00 1.297242247633204171e+00
-2.298033395488177644e-01 -3.090337876266672446e+00 1.522655665337040221e+00 -3.416718152702613587e-01 -5.100865539737325705e+00 1.296239600935184644e+00
-2.313431836182255896e-01 -3.082977702083303129e+00 1.522183307498178095e+00 -3.422087373527465948e-01 -5.094008271910588803e+00 1.295246343016584145e+00
-2.328835683675300472e-01 -3.075563824911452304e+00 1.521708437033922889e+00 -3.427198817345590287e-01 -5.087083927982577691e+00 1.294262513898137179e+00
-2.344244173336069159e-01 -3.068096191467017952e+00 1.521231039694202369e+00 -3.432051194291266816e-01 -5.080092514958593597e+00 1.293288153135940366e+00
-2.359656535894967266e-01 -3.060574751039285779e+00 1.520751100876601702e+00 -3.436643253934605902e-01 -5.073034045111555201e+00 1.292323299825151484e+00
-2.375071997419292424e-01 -3.052999455510942539e+00 1.520268605755075386e+00 -3.440973785601565971e-01 -5.065908535972842408e+00 1.291367992603657422e+00
-2.390489779299535544e-01 -3.045370259378296751e+00 1.519783539674004036e+00 -3.445041618687933460e-01 -5.058716010323092149e+00 1.290422269655586263e+00
-2.405909098267375867e-01 -3.037687119772104261e+00 1.519295887632426956e+00 -3.448845622965130975e-01 -5.051456496182696654e+00 1.289486168714789160e+00
-2.421329166374286135e-01 -3.029949996477674379e+00 1.518805634504841739e+00 -3.452384708876155006e-01 -5.044130026801309619e+00 1.288559727068248506e+00
-2.436749190987387292e-01 -3.022158851955462744e+00 1.518312764721933883e+00 -3.455657827818516825e-01 -5.036736640645562701e+00 1.287642981559831368e+00
-2.452168374761862224e-01 -3.014313651361073099e+00 1.517817262714607374e+00 -3.458663972418996035e-01 -5.029276381386440065e+00 1.286735968593804014e+00
-2.467585915648492778e-01 -3.006414362566024678e+00 1.517319112597921293e+00 -3.461402176801111619e-01 -5.021749297886541896e+00 1.285838724138240075e+00
-2.483001006874703542e-01 -2.998460956178330861e+00 1.516818298362828665e+00 -3.463871516841179887e-01 -5.014155444185740329e+00 1.284951283728582583e+00
-2.498412836942680848e-01 -2.990453405563155531e+00 1.516314803768805008e+00 -3.466071110414328804e-01 -5.006494879486301564e+00 1.284073682471012834e+00
-2.513820589618924739e-01 -2.982391686863017366e+00 1.515808612355482810e+00 -3.468000117628866064e-01 -4.998767668136911091e+00 1.283205955045978897e+00
-2.529223443926381654e-01 -2.974275779018437760e+00 1.515299707590889167e+00 -3.469657741052807332e-01 -4.990973879616210418e+00 1.282348135711540715e+00
-2.544620574148100389e-01 -2.966105663789048830e+00 1.514788072584979384e+00 -3.471043225928179821e-01 -4.983113588515115211e+00 1.281500258306764284e+00
-2.560011149809893749e-01 -2.957881325773930925e+00 1.514273690382974769e+00 -3.472155860377987846e-01 -4.975186874519341274e+00 1.280662356255173329e+00
-2.575394335686604919e-01 -2.949602752432326280e+00 1.513756543802586618e+00 -3.472994975601506051e-01 -4.967193822390379765e+00 1.279834462568083531e+00
-2.590769291795972928e-01 -2.941269934104387751e+00 1.513236615389459194e+00 -3.473559946061322568e-01 -4.959134521946523932e+00 1.279016609847850816e+00
-2.606135173388248738e-01 -2.932882864031812087e+00 1.512713887476792252e+00 -3.473850189661943366e-01 -4.951009068043615180e+00 1.278208830291251319e+00
-2.621491130941394632e-01 -2.924441538378649952e+00 1.512188342178750311e+00 -3.473865167912394969e-01 -4.942817560553478096e+00 1.277411155692774747e+00
-2.636836310156919216e-01 -2.915945956252117277e+00 1.511659961489351112e+00 -3.473604386086595053e-01 -4.934560104343834297e+00 1.276623617447859793e+00
-2.652169851965465730e-01 -2.907396119723395955e+00 1.511128727012935213e+00 -3.473067393372375466e-01 -4.926236809257390270e+00 1.275846246555971009e+00
-2.667490892509896683e-01 -2.898792033847950478e+00 1.510594620229311236e+00 -3.472253783002796634e-01 -4.917847790088059057e+00 1.275079073623871517e+00
-2.682798563152211657e-01 -2.890133706686166093e+00 1.510057622387431575e+00 -3.471163192386172436e-01 -4.909393166559065769e+00 1.274322128868805581e+00
-2.698091990468588497e-01 -2.881421149324117970e+00 1.509517714150389045e+00 -3.469795303221599458e-01 -4.900873063299302501e+00 1.273575442121619439e+00
-2.713370296216831568e-01 -2.872654375893870515e+00 1.508974876183234226e+00 -3.468149841603112016e-01 -4.892287609818692928e+00 1.272839042829873257e+00
-2.728632597355621359e-01 -2.863833403594044924e+00 1.508429088388143269e+00 -3.466226578118258295e-01 -4.883636940484439748e+00 1.272112960061073439e+00
-2.743878005994704883e-01 -2.854958252710174449e+00 1.507880331604517954e+00 -3.464025327935139620e-01 -4.874921194496094401e+00 1.271397222505573188e+00
-2.759105629499779000e-01 -2.846028946637984447e+00 1.507328586008100491e+00 -3.461545950830606233e-01 -4.866140515844176839e+00 1.270691858479584546e+00
-2.774314570456101747e-01 -2.837045511903502515e+00 1.506773831582155498e+00 -3.458788351255384641e-01 -4.857295053284107489e+00 1.269996895928178215e+00
-2.789503926674260503e-01 -2.828007978183319615e+00 1.506216047788519807e+00 -3.455752478390999860e-01 -4.848384960310082370e+00 1.269312362428302920e+00
-2.804672791166437085e-01 -2.818916378324443528e+00 1.505655213741989407e+00 -3.452438326202130203e-01 -4.839410395130038012e+00 1.268638285191674875e+00
-2.819820252138382499e-01 -2.809770748364748272e+00 1.505091308718475629e+00 -3.448845933480116366e-01 -4.830371520640377447e+00 1.267974691067659920e+00
-2.834945393028541760e-01 -2.800571127553914241e+00 1.504524311300738493e+00 -3.444975383872668773e-01 -4.821268504399223609e+00 1.267321606546300439e+00
-2.850047292470521687e-01 -2.791317558372730989e+00 1.503954199714343076e+00 -3.440826805910729980e-01 -4.812101518601328287e+00 1.266679057761074700e+00
-2.865125024286650501e-01 -2.782010086553106998e+00 1.503380952076082577e+00 -3.436400373021731292e-01 -4.802870740051439213e+00 1.266047070491716164e+00
-2.880177657505960109e-01 -2.772648761098047920e+00 1.502804546266656383e+00 -3.431696303538084858e-01 -4.793576350138694764e+00 1.265425670167009686e+00
-2.895204256369236506e-01 -2.763233634301894170e+00 1.502224960261103082e+00 -3.426714860695348475e-01 -4.784218534810302792e+00 1.264814881867481366e+00
-2.910203880368087970e-01 -2.753764761771047453e+00 1.501642171728620578e+00 -3.421456352623764019e-01 -4.774797484545828752e+00 1.264214730328096614e+00
-2.925175584247081684e-01 -2.744242202443406331e+00 1.501056157500031185e+00 -3.415921132330104193e-01 -4.765313394331163188e+00 1.263625239941036149e+00
-2.940118417955587815e-01 -2.734666018607180948e+00 1.500466894205676471e+00 -3.410109597669035986e-01 -4.755766463631782237e+00 1.263046434758423597e+00
-2.955031426659204818e-01 -2.725036275920609707e+00 1.499874358402688790e+00 -3.404022191311875667e-01 -4.746156896367800471e+00 1.262478338494861241e+00
-2.969913650766348723e-01 -2.715353043431943281e+00 1.499278526572454862e+00 -3.397659400699875043e-01 -4.736484900886767768e+00 1.261920974530018391e+00
-2.984764125955545189e-01 -2.705616393598593294e+00 1.498679374679654952e+00 -3.391021757996165453e-01 -4.726750689938709726e+00 1.261374365911167805e+00
-2.999581883161172580e-01 -2.695826402306067848e+00 1.498076878409408952e+00 -3.384109840026540694e-01 -4.716954480650216830e+00 1.260838535355690793e+00
-3.014365948582293231e-01 -2.685983148887170380e+00 1.497471013325664790e+00 -3.376924268212604385e-01 -4.707096494498669514e+00 1.260313505253477517e+00
-3.029115343707965424e-01 -2.676086716141456989e+00 1.496861754292478475e+00 -3.369465708494067679e-01 -4.697176957285913446e+00 1.259799297669483176e+00
-3.043829085287062530e-01 -2.666137190353280673e+00 1.496249076085932828e+00 -3.361734871248169831e-01 -4.687196099113570824e+00 1.259295934345976198e+00
-3.058506185358688123e-01 -2.656134661310810774e+00 1.495632953021381439e+00 -3.353732511196902411e-01 -4.677154154357161531e+00 1.258803436705028700e+00
-3.073145651246044219e-01 -2.646079222324853930e+00 1.495013359408613018e+00 -3.345459427309820377e-01 -4.667051361640958795e+00 1.258321825850744480e+00
-3.087746485600458279e-01 -2.635970970247232703e+00 1.494390269291459239e+00 -3.336916462699724972e-01 -4.656887963813660214e+00 1.257851122571546520e+00
-3.102307686416205801e-01 -2.625810005489628729e+00 1.493763655998983308e+00 -3.328104504508505035e-01 -4.646664207923241641e+00 1.257391347342398547e+00
-3.116828247002362828e-01 -2.615596432041328523e+00 1.493133492448404542e+00 -3.319024483785165125e-01 -4.636380345192002927e+00 1.256942520326888912e+00
-3.131307155986151058e-01 -2.605330357487077642e+00 1.492499751566769284e+00 -3.309677375359704743e-01 -4.626036630992847343e+00 1.256504661379395760e+00
-3.145743397360815097e-01 -2.595011893025096050e+00 1.491862405950001191e+00 -3.300064197705109836e-01 -4.615633324824464090e+00 1.256077790047240406e+00
-3.160135950498838553e-01 -2.584641153485188525e+00 1.491221427817431167e+00 -3.290186012794891202e-01 -4.605170690287375912e+00 1.255661925572645554e+00
-3.174483790162803132e-01 -2.574218257346535310e+00 1.490576788790653362e+00 -3.280043925945933525e-01 -4.594648995058234320e+00 1.255257086894733476e+00
-3.188785886493220589e-01 -2.563743326754603480e+00 1.489928460406730215e+00 -3.269639085662284228e-01 -4.584068510866812218e+00 1.254863292651554829e+00
-3.203041205049951268e-01 -2.553216487539149426e+00 1.489276413950394229e+00 -3.258972683462930120e-01 -4.573429513470622432e+00 1.254480561181965603e+00
-3.217248706839656580e-01 -2.542637869231404668e+00 1.488620620321938537e+00 -3.248045953710058664e-01 -4.562732282631830394e+00 1.254108910527557130e+00
-3.231407348330129770e-01 -2.532007605081303403e+00 1.487961049321969931e+00 -3.236860173428857679e-01 -4.551977102094003413e+00 1.253748358434387145e+00
-3.245516081389656082e-01 -2.521325832073152640e+00 1.487297671098844809e+00 -3.225416662120785261e-01 -4.541164259559361760e+00 1.253398922354674871e+00
-3.259573853378220920e-01 -2.510592690943553862e+00 1.486630455470861589e+00 -3.213716781566766656e-01 -4.530294046665292562e+00 1.253060619448551183e+00
-3.273579607170349348e-01 -2.499808326198184716e+00 1.485959371430279008e+00 -3.201761935621467714e-01 -4.519366758960699393e+00 1.252733466585761013e+00
-3.287532281127480416e-01 -2.488972886127372774e+00 1.485284387959994401e+00 -3.189553570003594296e-01 -4.508382695883480729e+00 1.252417480347191470e+00
-3.301430809155802559e-01 -2.478086522823273352e+00 1.484605473758100924e+00 -3.177093172078896965e-01 -4.497342160737787253e+00 1.252112677026359311e+00
-3.315274120739347685e-01 -2.467149392195837621e+00 1.483922596722826670e+00 -3.164382270635698879e-01 -4.486245460671554497e+00 1.251819072631020990e+00
-3.329061140916480532e-01 -2.456161653988305105e+00 1.483235724477677930e+00 -3.151422435651077270e-01 -4.475092906653522995e+00 1.251536682884468510e+00
-3.342790790315218197e-01 -2.445123471793358760e+00 1.482544824641346404e+00 -3.138215278051993962e-01 -4.463884813451169720e+00 1.251265523226895215e+00
-3.356461985218315291e-01 -2.434035013069079767e+00 1.481849863591157890e+00 -3.124762449469981607e-01 -4.452621499608765632e+00 1.251005608816786019e+00
-3.370073637495940022e-01 -2.422896449153396414e+00 1.481150807845407646e+00 -3.111065641986762165e-01 -4.441303287425074409e+00 1.250756954532244114e+00
-3.383624654688974220e-01 -2.411707955280498972e+00 1.480447623480789510e+00 -3.097126587872203185e-01 -4.429930502930924163e+00 1.250519574972119852e+00
-3.397113940033211765e-01 -2.400469710595588779e+00 1.479740275959017470e+00 -3.082947059319586791e-01 -4.418503475868108765e+00 1.250293484457157378e+00
-3.410540392462502179e-01 -2.389181898169606022e+00 1.479028730308711292e+00 -3.068528868173067137e-01 -4.407022539668379757e+00 1.250078697031055563e+00
-3.423902906634609389e-01 -2.377844705014170668e+00 1.478312951406522968e+00 -3.053873865639762930e-01 -4.395488031430102360e+00 1.249875226461490962e+00
-3.437200372991052189e-01 -2.366458322096538947e+00 1.477592903655870593e+00 -3.038983942004829797e-01 -4.383900291897638191e+00 1.249683086241152319e+00
-3.450431677781865547e-01 -2.355022944353595271e+00 1.476868550590057172e+00 -3.023861026337542612e-01 -4.372259665440477505e+00 1.249502289588648285e+00
-3.463595703045328489e-01 -2.343538770705920982e+00 1.476139855220933939e+00 -3.008507086186746338e-01 -4.360566500031128889e+00 1.249332849449273475e+00
-3.476691326628791878e-01 -2.332006004072023408e+00 1.475406780600625023e+00 -2.992924127273940971e-01 -4.348821147224454897e+00 1.249174778495798943e+00
-3.489717422277341941e-01 -2.320424851382508535e+00 1.474669289455460053e+00 -2.977114193178532764e-01 -4.337023962136740352e+00 1.249028089129237129e+00
-3.502672859682140483e-01 -2.308795523594164401e+00 1.473927343347731567e+00 -2.961079365013763454e-01 -4.325175303424447115e+00 1.248892793479418062e+00
-3.515556504432947316e-01 -2.297118235702472866e+00 1.473180903877416181e+00 -2.944821761095789414e-01 -4.313275533262672212e+00 1.248768903405653052e+00
-3.528367218111208015e-01 -2.285393206755784057e+00 1.472429931867231812e+00 -2.928343536606745623e-01 -4.301325017324091782e+00 1.248656430497250724e+00
-3.541103858292463102e-01 -2.273620659867933380e+00 1.471674387392860828e+00 -2.911646883255774587e-01 -4.289324124759081869e+00 1.248555386073971540e+00
-3.553765278549881335e-01 -2.261800822231036179e+00 1.470914229901989945e+00 -2.894734028929106251e-01 -4.277273228174878206e+00 1.248465781186408163e+00
-3.566350328472759346e-01 -2.249933925128341450e+00 1.470149418832727761e+00 -2.877607237331401557e-01 -4.265172703614144467e+00 1.248387626616201285e+00
-3.578857853761521213e-01 -2.238020203947861830e+00 1.469379913477370181e+00 -2.860268807621694220e-01 -4.253022930533804313e+00 1.248320932876362921e+00
-3.591286696311388749e-01 -2.226059898194808095e+00 1.468605672167838661e+00 -2.842721074045281293e-01 -4.240824291784696776e+00 1.248265710211573953e+00
-3.603635694198502049e-01 -2.214053251503496966e+00 1.467826652511651675e+00 -2.824966405555013882e-01 -4.228577173590071681e+00 1.248221968598312914e+00
-3.615903681696532312e-01 -2.202000511649370385e+00 1.467042811528925572e+00 -2.807007205426752527e-01 -4.216281965524430575e+00 1.248189717744827787e+00
-3.628089489310266091e-01 -2.189901930560954391e+00 1.466254105625339532e+00 -2.788845910874822587e-01 -4.203939060493816271e+00 1.248168967091161985e+00
-3.640191943810364705e-01 -2.177757764331390788e+00 1.465460490453318387e+00 -2.770484992655696810e-01 -4.191548854715042793e+00 1.248159725809102616e+00
-3.652209868250386182e-01 -2.165568273229932394e+00 1.464661921546864365e+00 -2.751926954662244906e-01 -4.179111747693862178e+00 1.248162002802078341e+00
-3.664142082063007733e-01 -2.153333721714388194e+00 1.463858353949527791e+00 -2.733174333516020793e-01 -4.166628142204367613e+00 1.248175806704915125e+00
-3.675987401114462760e-01 -2.141054378442315720e+00 1.463049741995191333e+00 -2.714229698151007231e-01 -4.154098444267704693e+00 1.248201145883494512e+00
-3.687744637736818931e-01 -2.128730516281543306e+00 1.462236039404023469e+00 -2.695095649393527415e-01 -4.141523063131541171e+00 1.248238028434450086e+00
-3.699412600771617154e-01 -2.116362412321303843e+00 1.461417198862253519e+00 -2.675774819533450755e-01 -4.128902411248562387e+00 1.248286462184724055e+00
-3.710990095562532454e-01 -2.103950347882468819e+00 1.460593172630888503e+00 -2.656269871889316847e-01 -4.116236904255269557e+00 1.248346454691135365e+00
-3.722475924027157101e-01 -2.091494608528065235e+00 1.459763912360124039e+00 -2.636583500369042432e-01 -4.103526960951157321e+00 1.248418013239853019e+00
-3.733868884705776603e-01 -2.078995484074128264e+00 1.458929369197245585e+00 -2.616718429020243319e-01 -4.090773003276362729e+00 1.248501144845732380e+00
-3.745167772830312325e-01 -2.066453268599516502e+00 1.458089493216134125e+00 -2.596677411581287398e-01 -4.077975456291452971e+00 1.248595856251685010e+00
-3.756371380319237785e-01 -2.053868260455991468e+00 1.457244234017436524e+00 -2.576463231017230848e-01 -4.065134748154697775e+00 1.248702153927965464e+00
-3.767478495853082698e-01 -2.041240762278476950e+00 1.456393540681979681e+00 -2.556078699056783532e-01 -4.052251310100734472e+00 1.248820044071283553e+00
-3.778487904947059883e-01 -2.028571080994719278e+00 1.455537361623058690e+00 -2.535526655725670042e-01 -4.039325576420097264e+00 1.248949532603892409e+00
-3.789398390006409878e-01 -2.015859527834419573e+00 1.454675644250729150e+00 -2.514809968867715018e-01 -4.026357984436867987e+00 1.249090625172727842e+00
-3.800208730340776109e-01 -2.003106418338818528e+00 1.453808335564619192e+00 -2.493931533658349242e-01 -4.013348974485688281e+00 1.249243327148366278e+00
-3.810917702259062345e-01 -1.990312072370082452e+00 1.452935381617517452e+00 -2.472894272116446246e-01 -4.000298989889900625e+00 1.249407643623911879e+00
-3.821524079097146087e-01 -1.977476814119874637e+00 1.452056727707080608e+00 -2.451701132609118428e-01 -3.987208476939153812e+00 1.249583579413914070e+00
-3.832026631272232309e-01 -1.964600972118851097e+00 1.451172318420770990e+00 -2.430355089350083875e-01 -3.974077884866506594e+00 1.249771139053144298e+00
-3.842424126346863922e-01 -1.951684879244937942e+00 1.450282097884728838e+00 -2.408859141895157430e-01 -3.960907665826367108e+00 1.249970326795313280e+00
-3.852715329128174604e-01 -1.938728872731770858e+00 1.449386008919961277e+00 -2.387216314631762926e-01 -3.947698274872184498e+00 1.250181146611710536e+00
-3.862899001660342058e-01 -1.925733294176489530e+00 1.448483993785334656e+00 -2.365429656261582581e-01 -3.934450169933466857e+00 1.250403602189767538e+00
-3.872973903316500044e-01 -1.912698489547785208e+00 1.447575993586235343e+00 -2.343502239285834843e-01 -3.921163811794963650e+00 1.250637696931528264e+00
-3.882938790815507191e-01 -1.899624809193983133e+00 1.446661948905622941e+00 -2.321437159475636669e-01 -3.907839664073001984e+00 1.250883433952147517e+00
-3.892792418323877124e-01 -1.886512607851435375e+00 1.445741799453999610e+00 -2.299237535336630112e-01 -3.894478193191382331e+00 1.251140816078289753e+00
-3.902533537515928130e-01 -1.873362244652212905e+00 1.444815484077188961e+00 -2.276906507570816418e-01 -3.881079868358059848e+00 1.251409845846469082e+00
-3.912160897637446122e-01 -1.860174083131731937e+00 1.443882940695448092e+00 -2.254447238532014952e-01 -3.867645161541108489e+00 1.251690525501246709e+00
-3.921673245567177113e-01 -1.846948491235522072e+00 1.442944106432624718e+00 -2.231862911681765094e-01 -3.854174547446367782e+00 1.251982856993502313e+00
-3.931069325896437983e-01 -1.833685841326674337e+00 1.441998917873174468e+00 -2.209156731032358434e-01 -3.840668503492174590e+00 1.252286841978488274e+00
-3.940347881048106293e-01 -1.820386510193177765e+00 1.441047310179095930e+00 -2.186331920591760292e-01 -3.827127509786271808e+00 1.252602481813924973e+00
-3.949507651280169673e-01 -1.807050879054088899e+00 1.440089217674703104e+00 -2.163391723804103106e-01 -3.813552049102405750e+00 1.252929777557981739e+00
-3.958547374771246852e-01 -1.793679333566572165e+00 1.439124573660710782e+00 -2.140339402979851979e-01 -3.799942606855243987e+00 1.253268729967261130e+00
-3.967465787685087730e-01 -1.780272263832358703e+00 1.438153310129302254e+00 -2.117178238725059003e-01 -3.786299671076152507e+00 1.253619339494637552e+00
-3.976261624200609357e-01 -1.766830064403567713e+00 1.437175358608146158e+00 -2.093911529365352076e-01 -3.772623732388558970e+00 1.253981606287041028e+00
-3.984933616657605482e-01 -1.753353134289739934e+00 1.436190649389661900e+00 -2.070542590366305225e-01 -3.758915283983161437e+00 1.254355530183315581e+00
-3.993480495603292657e-01 -1.739841876963626355e+00 1.435199112214772477e+00 -2.047074753748285014e-01 -3.745174821593023395e+00 1.254741110711799612e+00
-4.001900989936122977e-01 -1.726296700367156323e+00 1.434200675434281536e+00 -2.023511367499878366e-01 -3.731402843469057817e+00 1.255138347088043060e+00
-4.010193826939875139e-01 -1.712718016917423203e+00 1.433195265654605421e+00 -1.999855794981601764e-01 -3.717599850353741964e+00 1.255547238212442851e+00
-4.018357732272737626e-01 -1.699106243511796510e+00 1.432182809082286123e+00 -1.976111414328689253e-01 -3.703766345455403730e+00 1.255967782667711585e+00
-4.026391430142353678e-01 -1.685461801534048565e+00 1.431163230790049701e+00 -1.952281617850155360e-01 -3.689902834422633227e+00 1.256399978716430610e+00
-4.034293643388975337e-01 -1.671785116859159093e+00 1.430136454570831495e+00 -1.928369811427643465e-01 -3.676009825319439095e+00 1.256843824298397028e+00
-4.042063093549971287e-01 -1.658076619858634526e+00 1.429102403509191710e+00 -1.904379413905248064e-01 -3.662087828598532102e+00 1.257299317028048202e+00
-4.049698501009686979e-01 -1.644336745405210909e+00 1.428060999162480194e+00 -1.880313856481151680e-01 -3.648137357076245646e+00 1.257766454191742822e+00
-4.057198585039130667e-01 -1.630565932877677593e+00 1.427012161792449163e+00 -1.856176582094952454e-01 -3.634158925906835869e+00 1.258245232744966247e+00
-4.064562063871941522e-01 -1.616764626165742680e+00 1.425955810427253612e+00 -1.831971044810268012e-01 -3.620153052556252860e+00 1.258735649309562943e+00
-4.071787654796944489e-01 -1.602933273674254089e+00 1.424891862803546294e+00 -1.807700709198928612e-01 -3.606120256777110011e+00 1.259237700170921848e+00
-4.078874074244748238e-01 -1.589072328327914896e+00 1.423820235583916904e+00 -1.783369049714163268e-01 -3.592061060581278831e+00 1.259751381275058257e+00
-4.085820037910692926e-01 -1.575182247575375172e+00 1.422740844197739829e+00 -1.758979550067639730e-01 -3.577975988214238789e+00 1.260276688225723474e+00
-4.092624260859639151e-01 -1.561263493393637791e+00 1.421653602653424775e+00 -1.734535702599772633e-01 -3.563865566128172624e+00 1.260813616281408089e+00
-4.099285457610680750e-01 -1.547316532291609370e+00 1.420558423534371784e+00 -1.710041007649645561e-01 -3.549730322955535478e+00 1.261362160352261341e+00
-4.105802342227200530e-01 -1.533341835313642321e+00 1.419455217835676741e+00 -1.685498972922510330e-01 -3.535570789482767040e+00 1.261922314997063754e+00
-4.112173628387914004e-01 -1.519339878043473480e+00 1.418343895254139397e+00 -1.660913112852235585e-01 -3.521387498622627898e+00 1.262494074420102086e+00
-4.118398029505184743e-01 -1.505311140607626719e+00 1.417224364463332442e+00 -1.636286947964367411e-01 -3.507180985387764682e+00 1.263077432467983652e+00
-4.124474258886855482e-01 -1.491256107678692988e+00 1.416096532779803185e+00 -1.611624004240907737e-01 -3.492951786865019059e+00 1.263672382626487734e+00
-4.130401029859755435e-01 -1.477175268478509995e+00 1.414960305503589089e+00 -1.586927812475835420e-01 -3.478700442187667718e+00 1.264278918017263775e+00
-4.136177055806020686e-01 -1.463069116780757462e+00 1.413815586582181982e+00 -1.562201907636905918e-01 -3.464427492509693618e+00 1.264897031394559335e+00
-4.141801050296531339e-01 -1.448938150913799294e+00 1.412662278741928956e+00 -1.537449828225206372e-01 -3.450133480980202005e+00 1.265526715141932712e+00
-4.147271727250755879e-01 -1.434782873763885913e+00 1.411500282706216858e+00 -1.512675115629429912e-01 -3.435818952716326979e+00 1.266167961268827247e+00
-4.152587800992844080e-01 -1.420603792777678898e+00 1.410329497438230106e+00 -1.487881313480366174e-01 -3.421484454776761996e+00 1.266820761407175144e+00
-4.157747986347763436e-01 -1.406401419964207644e+00 1.409149820253178031e+00 -1.463071967003836682e-01 -3.407130536135056786e+00 1.267485106807956008e+00
-4.162750998759366383e-01 -1.392176271897167084e+00 1.407961147229164434e+00 -1.438250622374039889e-01 -3.392757747653413425e+00 1.268160988337733164e+00
-4.167595554474629593e-01 -1.377928869717091498e+00 1.406763372292800574e+00 -1.413420826066373592e-01 -3.378366642056559233e+00 1.268848396475221074e+00
-4.172280370604674049e-01 -1.363659739133013638e+00 1.405556387846434552e+00 -1.388586124211995676e-01 -3.363957773906472326e+00 1.269547321307750387e+00
-4.176804165281992609e-01 -1.349369410424400950e+00 1.404340084861697591e+00 -1.363750061950786963e-01 -3.349531699576784316e+00 1.270257752527688577e+00
-4.181165657838543104e-01 -1.335058418443201944e+00 1.403114351969637852e+00 -1.338916182775835295e-01 -3.335088977224683671e+00 1.270979679428875242e+00
-4.185363568861658612e-01 -1.320727302614635335e+00 1.401879076195137408e+00 -1.314088027887068688e-01 -3.320630166765714097e+00 1.271713090902972354e+00
-4.189396620364315149e-01 -1.306376606938317586e+00 1.400634142537308557e+00 -1.289269135548304912e-01 -3.306155829849994898e+00 1.272457975435881572e+00
-4.193263535901294303e-01 -1.292006879989323842e+00 1.399379433959373920e+00 -1.264463040440458597e-01 -3.291666529836928756e+00 1.273214321104110480e+00
-4.196963040692696101e-01 -1.277618674919433595e+00 1.398114831459101204e+00 -1.239673273008977950e-01 -3.277162831768354323e+00 1.273982115571048013e+00
-4.200493861765909331e-01 -1.263212549457039202e+00 1.396840214212509590e+00 -1.214903358821218804e-01 -3.262645302345168030e+00 1.274761346083277624e+00
-4.203854728125970275e-01 -1.248789065908198381e+00 1.395555459097241879e+00 -1.190156817918608390e-01 -3.248114509901851577e+00 1.275551999466852493e+00
-4.207044370866477867e-01 -1.234348791156937519e+00 1.394260440845674243e+00 -1.165437164170726458e-01 -3.233571024381620695e+00 1.276354062123558286e+00
-4.210061523311353637e-01 -1.219892296665399556e+00 1.392955031934940413e+00 -1.140747904634389909e-01 -3.219015417313182414e+00 1.277167520027175263e+00
-4.212904921150817938e-01 -1.205420158473086367e+00 1.391639102831622177e+00 -1.116092538912659138e-01 -3.204448261787459895e+00 1.277992358719681976e+00
-4.215573302621662966e-01 -1.190932957196733533e+00 1.390312521811472246e+00 -1.091474558515506954e-01 -3.189870132434371008e+00 1.278828563307439881e+00
-4.218065408669873229e-01 -1.176431278029889782e+00 1.388975154656827193e+00 -1.066897446219069179e-01 -3.175281605399185914e+00 1.279676118457401701e+00
-4.220379983080372877e-01 -1.161915710742286389e+00 1.387626865083424477e+00 -1.042364675425724863e-01 -3.160683258319011202e+00 1.280535008393292706e+00
-4.222515772678440693e-01 -1.147386849679258525e+00 1.386267514010103508e+00 -1.017879709526970239e-01 -3.146075670299926408e+00 1.281405216891800869e+00
-4.224471527435419427e-01 -1.132845293760601724e+00 1.384896959832618180e+00 -9.934460012699421194e-02 -3.131459421894970063e+00 1.282286727278772798e+00
-4.226246000624441224e-01 -1.118291646479325774e+00 1.383515058217436700e+00 -9.690669921261783892e-02 -3.116835095082504559e+00 1.283179522425383245e+00
-4.227837948956015279e-01 -1.103726515899899674e+00 1.382121662289582220e+00 -9.447461116650007762e-02 -3.102203273245729420e+00 1.284083584744300621e+00
-4.229246132753370357e-01 -1.089150514656610724e+00 1.380716622969848650e+00 -9.204867769254163057e-02 -3.087564541151580855e+00 1.284998896185850725e+00
-4.230469316188121831e-01 -1.074564259952055956e+00 1.379299788676598748e+00 -8.962923917877912983e-02 -3.072919484928884337e+00 1.285925438234216456e+00
-4.231506267482879058e-01 -1.059968373554034393e+00 1.377871004382236864e+00 -8.721663463536033500e-02 -3.058268692048985216e+00 1.286863191903597325e+00
-4.232355758989879146e-01 -1.045363481793425198e+00 1.376430112200562217e+00 -8.481120163239588838e-02 -3.043612751305322828e+00 1.287812137734341889e+00
-4.233016567367858807e-01 -1.030750215561058614e+00 1.374976951547261406e+00 -8.241327623865270235e-02 -3.028952252795679367e+00 1.288772255789107479e+00
-4.233487473793040023e-01 -1.016129210305248165e+00 1.373511358950699535e+00 -8.002319295978729818e-02 -3.014287787902035998e+00 1.289743525649070133e+00
-4.233767264156668153e-01 -1.001501106027886667e+00 1.372033167584663538e+00 -7.764128467778921849e-02 -2.999619949274190400e+00 1.290725926410008828e+00
-4.233854729206321665e-01 -9.868665472812403472e-01 1.370542207759011033e+00 -7.526788259043570850e-02 -2.984949330812463497e+00 1.291719436678568478e+00
-4.233748664773260839e-01 -9.722261831645013785e-01 1.369038306647074821e+00 -7.290331615052339509e-02 -2.970276527649440723e+00 1.292724034568447422e+00
-4.233447871974230781e-01 -9.575806673196076702e-01 1.367521287954824194e+00 -7.054791300576596091e-02 -2.955602136133273383e+00 1.293739697696532520e+00
-4.232951157377837226e-01 -9.429306579269138844e-01 1.365990972010415527e+00 -6.820199893930097013e-02 -2.940926753812604488e+00 1.294766403179202108e+00
-4.232257333200792893e-01 -9.282768176999423027e-01 1.364447175541130708e+00 -6.586589781031827739e-02 -2.926250979420940368e+00 1.295804127628512159e+00
-4.231365217483952779e-01 -9.136198138804965119e-01 1.362889711835670647e+00 -6.353993149532052853e-02 -2.911575412862471346e+00 1.296852847148466381e+00
-4.230273634308379105e-01 -8.989603182337222442e-01 1.361318390794383326e+00 -6.122441982940889094e-02 -2.896900655197667707e+00 1.297912537331238125e+00
-4.228981414034897468e-01 -8.842990070424971982e-01 1.359733017968658197e+00 -5.891968054792111331e-02 -2.882227308629046636e+00 1.298983173253471346e+00
-4.227487393418303818e-01 -8.696365611018621600e-01 1.358133395500913387e+00 -5.662602922858329946e-02 -2.867555976488231906e+00 1.300064729472594660e+00
-4.225790415876080619e-01 -8.549736657124951122e-01 1.356519321730627281e+00 -5.434377923410427247e-02 -2.852887263223622849e+00 1.301157180023085669e+00
-4.223889331717028961e-01 -8.403110106741200624e-01 1.354890591352810869e+00 -5.207324165526946991e-02 -2.838221774388812069e+00 1.302260498412751710e+00
-4.221782998409932541e-01 -8.256492902782617271e-01 1.353246994183402441e+00 -4.981472525459115785e-02 -2.823560116632388706e+00 1.303374657619133403e+00
-4.219470280689614494e-01 -8.109892033012298107e-01 1.351588316233508946e+00 -4.756853640992088350e-02 -2.808902897686949895e+00 1.304499630085907746e+00
-4.216950050838931818e-01 -7.963314529962515209e-01 1.349914338999586461e+00 -4.533497905900482627e-02 -2.794250726360364645e+00 1.305635387719292106e+00
-4.214221188885434732e-01 -7.816767470858256850e-01 1.348224839584665657e+00 -4.311435464404944629e-02 -2.779604212526192164e+00 1.306781901884459085e+00
-4.211282582835491062e-01 -7.670257977529133520e-01 1.346519590372366570e+00 -4.090696205714108857e-02 -2.764963967116262022e+00 1.307939143401965820e+00
-4.208133128879328888e-01 -7.523793216319214494e-01 1.344798359032224333e+00 -3.871309758610451401e-02 -2.750330602113799650e+00 1.309107082544373135e+00
-4.204771731618893726e-01 -7.377380397997788108e-01 1.343060908981478674e+00 -3.653305486022036253e-02 -2.735704730545479357e+00 1.310285689032676171e+00
-4.201197304384933773e-01 -7.231026777659623761e-01 1.341306998525329197e+00 -3.436712479683777521e-02 -2.721086966475511737e+00 1.311474932032821616e+00
-4.197408769449242905e-01 -7.084739654625842320e-01 1.339536381065236093e+00 -3.221559554835423667e-02 -2.706477925000299045e+00 1.312674780152326415e+00
-4.193405058289330078e-01 -6.938526372334363757e-01 1.337748804470569208e+00 -3.007875244946865353e-02 -2.691878222243087038e+00 1.313885201436895134e+00
-4.189185111783324533e-01 -6.792394318229719730e-01 1.335944011387399266e+00 -2.795687796537945149e-02 -2.677288475351038421e+00 1.315106163367073755e+00
-4.184747880475687687e-01 -6.646350923645072406e-01 1.334121738661428580e+00 -2.585025164035687287e-02 -2.662709302492741514e+00 1.316337632854988948e+00
-4.180092324781294888e-01 -6.500403663686937783e-01 1.332281717631281559e+00 -2.375915004657290844e-02 -2.648141322855699364e+00 1.317579576241037165e+00
-4.175217415257496123e-01 -6.354560057107967452e-01 1.330423674163251802e+00 -2.168384673358188588e-02 -2.633585156645283476e+00 1.318831959290607259e+00
-4.170122132908308799e-01 -6.208827666177092475e-01 1.328547328062732014e+00 -1.962461217804745486e-02 -2.619041425083479258e+00 1.320094747190882378e+00
-4.164805469427527718e-01 -6.063214096545754828e-01 1.326652393057176083e+00 -1.758171373405520779e-02 -2.604510750408833175e+00 1.321367904547777750e+00
-4.159266427467924188e-01 -5.917726997106029785e-01 1.324738576746188778e+00 -1.555541558381218561e-02 -2.589993755876998094e+00 1.322651395382733241e+00
-4.153504020929541518e-01 -5.772374059843179417e-01 1.322805579982586410e+00 -1.354597868890733067e-02 -2.575491065762283593e+00 1.323945183129700220e+00
-4.147517275188052355e-01 -5.627163019682952516e-01 1.320853096692709672e+00 -1.155366074229773055e-02 -2.561003305360661120e+00 1.325249230632121522e+00
-4.141305227326265714e-01 -5.482101654337272478e-01 1.318880814461197426e+00 -9.578716120403164141e-03 -2.546531100992256214e+00 1.326563500140002017e+00
-4.134866926481474136e-01 -5.337197784136820111e-01 1.316888413830293425e+00 -7.621395835817536268e-03 -2.532075080005107726e+00 1.327887953306951196e+00
-4.128201434121516189e-01 -5.192459271863429926e-01 1.314875567874728146e+00 -5.681947490430189207e-03 -2.517635870779578067e+00 1.329222551187302814e+00
-4.121307824293060085e-01 -5.047894022578232054e-01 1.312841942214617585e+00 -3.760615229020936034e-03 -2.503214102733335000e+00 1.330567254233223196e+00
-4.114185183904531806e-01 -4.903509983443772313e-01 1.310787195276385875e+00 -1.857639693211950854e-03 -2.488810406327041314e+00 1.331922022291924135e+00
-4.106832613081471961e-01 -4.759315143535371995e-01 1.308710977584087054e+00 2.674202409326878471e-05 -2.474425413070453494e+00 1.333286814602929304e+00
-4.099249225456096379e-01 -4.615317533638627623e-01 1.306612931524081755e+00 1.892296423174054734e-03 -2.460059755531701864e+00 1.334661589795368641e+00
-4.091434148457186448e-01 -4.471525226048251866e-01 1.304492690660635112e+00 3.738793642286249164e-03 -2.445714067344494591e+00 1.336046305885321583e+00
-4.083386523541295277e-01 -4.327946334367283043e-01 1.302349880024771922e+00 5.566007501670284727e-03 -2.431388983217078525e+00 1.337440920273262890e+00
-4.075105506503996500e-01 -4.184589013299091498e-01 1.300184115853478373e+00 7.373715547412394364e-03 -2.417085138940739952e+00 1.338845389741514680e+00
-4.066590267792466462e-01 -4.041461458426311992e-01 1.297995005221713738e+00 9.161699094637430416e-03 -2.402803171399879201e+00 1.340259670451709129e+00
-4.057839992808583429e-01 -3.898571905986072395e-01 1.295782146067897767e+00 1.092974327035531323e-02 -2.388543718582389896e+00 1.341683717942350418e+00
-4.048853882258692249e-01 -3.755928632633018793e-01 1.293545126577429372e+00 1.267763705602798982e-02 -2.374307419590184320e+00 1.343117487126388232e+00
-4.039631152457697216e-01 -3.613539955197619946e-01 1.291283524954181416e+00 1.440517332949283434e-02 -2.360094914651027054e+00 1.344560932288931143e+00
-4.030171035648308919e-01 -3.471414230435354575e-01 1.288996908985958534e+00 1.611214890603886521e-02 -2.345906845132557539e+00 1.346014007084955111e+00
-4.020472780305460736e-01 -3.329559854773553873e-01 1.286684835858576070e+00 1.779836457952230569e-02 -2.331743853555353407e+00 1.347476664537072155e+00
-4.010535651462040496e-01 -3.187985264048953660e-01 1.284346852067038469e+00 1.946362516330961412e-02 -2.317606583605570147e+00 1.348948857033354765e+00
-4.000358931071884006e-01 -3.046698933232856454e-01 1.281982492640854066e+00 2.110773953040754464e-02 -2.303495680149673763e+00 1.350430536325261333e+00
-3.989941918316151082e-01 -2.905709376153944312e-01 1.279591280756968485e+00 2.273052065335323668e-02 -2.289411789248962048e+00 1.351921653525483880e+00
-3.979283929909729900e-01 -2.765025145215274094e-01 1.277172727488957049e+00 2.433178564376365857e-02 -2.275355558174538828e+00 1.353422159105985623e+00
-3.968384300426999745e-01 -2.624654831106290054e-01 1.274726331432863402e+00 2.591135579152225449e-02 -2.261327635422400117e+00 1.354932002896043652e+00
-3.957242382632492061e-01 -2.484607062503685349e-01 1.272251578736023570e+00 2.746905660357611134e-02 -2.247328670729219713e+00 1.356451134080348453e+00
-3.945857547876497895e-01 -2.344890505760028887e-01 1.269747942421652231e+00 2.900471784230548161e-02 -2.233359315088757846e+00 1.357979501197156269e+00
-3.934229186456789096e-01 -2.205513864581933881e-01 1.267214881725268194e+00 3.051817356334094941e-02 -2.219420220769668717e+00 1.359517052136544502e+00
-3.922356707951390464e-01 -2.066485879712423035e-01 1.264651841647836950e+00 3.200926215343309622e-02 -2.205512041331615603e+00 1.361063734138641568e+00
-3.910239541555410314e-01 -1.927815328597248801e-01 1.262058252434006045e+00 3.347782636776962251e-02 -2.191635431642726672e+00 1.362619493791994874e+00
-3.897877136413909760e-01 -1.789511025050884996e-01 1.259433529071046776e+00 3.492371336696410006e-02 -2.177791047897192467e+00 1.364184277031913473e+00
-3.885268961955191114e-01 -1.651581818911878052e-01 1.256777070584990552e+00 3.634677475366611399e-02 -2.163979547633286593e+00 1.365758029138904872e+00
-3.872414508203124717e-01 -1.514036595697447751e-01 1.254088259731650501e+00 3.774686660903568691e-02 -2.150201589750675435e+00 1.367340694737207318e+00
-3.859313286121308084e-01 -1.376884276241678862e-01 1.251366462793936041e+00 3.912384952877807909e-02 -2.136457834528518784e+00 1.368932217793316308e+00
-3.845964828009856284e-01 -1.240133816324426874e-01 1.248611029926440130e+00 4.047758865875478174e-02 -2.122748943644320541e+00 1.370532541614617239e+00
-3.832368688028127690e-01 -1.103794206271433431e-01 1.245821293130536134e+00 4.180795372709206204e-02 -2.109075580209038847e+00 1.372141608848021832e+00
-3.818524442527879703e-01 -9.678744705724318109e-02 1.242996565538405873e+00 4.311481907935876823e-02 -2.095438408785872841e+00 1.373759361478732677e+00
-3.804431690379130315e-01 -8.323836674944873337e-02 1.240136140672293052e+00 4.439806371349858116e-02 -2.081838095408455214e+00 1.375385740828989789e+00
-3.790090053286415683e-01 -6.973308886908791138e-02 1.237239291913824646e+00 4.565757131449817152e-02 -2.068275307599114488e+00 1.377020687556864020e+00
-3.775499176130513446e-01 -5.627252588049280746e-02 1.234305272765627626e+00 4.689323028896312529e-02 -2.054750714386340160e+00 1.378664141655179032e+00
-3.760658727444051164e-01 -4.285759350529749767e-02 1.231333315458053024e+00 4.810493379937905156e-02 -2.041264986321767783e+00 1.380316042450449698e+00
-3.745568399801613713e-01 -2.948921068064347395e-02 1.228322629673033628e+00 4.929257979810838797e-02 -2.027818795497288384e+00 1.381976328601915327e+00
-3.730227910146204917e-01 -1.616829951788201214e-02 1.225272401970473046e+00 5.045607106109543938e-02 -2.014412815561915870e+00 1.383644938100549782e+00
-3.714637000150380342e-01 -2.895785260504268877e-03 1.222181795370323787e+00 5.159531522143419313e-02 -2.001047721738016705e+00 1.385321808268187072e+00
-3.698795436638568912e-01 1.032740375941632038e-02 1.219049948081451396e+00 5.271022480240640518e-02 -1.987724190837951266e+00 1.387006875756674251e+00
-3.682703011959990724e-01 2.350033616449787033e-02 1.215875972775264602e+00 5.380071725056766174e-02 -1.974442901279404694e+00 1.388700076547072504e+00
-3.666359544392507885e-01 3.662207757587987444e-02 1.212658955476152212e+00 5.486671496862965958e-02 -1.961204533099827785e+00 1.390401345948850897e+00
-3.649764878531926993e-01 4.969169065713119338e-02 1.209397954866580749e+00 5.590814534794720514e-02 -1.948009767970945827e+00 1.392110618599216032e+00
-3.632918885724570335e-01 6.270823515917678392e-02 1.206092000859726898e+00 5.692494080073212670e-02 -1.934859289212626177e+00 1.393827828462503415e+00
-3.615821464457290579e-01 7.567076796483940271e-02 1.202740093616422312e+00 5.791703879199203153e-02 -1.921753781806443406e+00 1.395552908829558181e+00
-3.598472540766056715e-01 8.857834313407852989e-02 1.199341202078025193e+00 5.888438187135502933e-02 -1.908693932407850014e+00 1.397285792317194630e+00
-3.580872068611698489e-01 1.014300119479547568e-01 1.195894263339889241e+00 5.982691770470692505e-02 -1.895680429357339492e+00 1.399026410867741710e+00
-3.563020030333564070e-01 1.142248229547058180e-01 1.192398180855108736e+00 6.074459910536929297e-02 -1.882713962691938914e+00 1.400774695748585152e+00
-3.544916437041170099e-01 1.269618220140706910e-01 1.188851823364755589e+00 6.163738406497477895e-02 -1.869795224155862634e+00 1.402530577551765356e+00
-3.526561329045824755e-01 1.396400523423348972e-01 1.185254023429435977e+00 6.250523578414032833e-02 -1.856924907210277809e+00 1.404293986193652977e+00
-3.507954776287620646e-01 1.522585545567785026e-01 1.181603575900521896e+00 6.334812270279648050e-02 -1.844103707042052953e+00 1.406064850914680697e+00
-3.489096878760048481e-01 1.648163667203221827e-01 1.177899236173859832e+00 6.416601853009870626e-02 -1.831332320572742312e+00 1.407843100279082105e+00
-3.469987766915720862e-01 1.773125243847246679e-01 1.174139718578204539e+00 6.495890227405734518e-02 -1.818611446466402271e+00 1.409628662174714275e+00
-3.450627602079980871e-01 1.897460606325434007e-01 1.170323695252518892e+00 6.572675827137335058e-02 -1.805941785134440813e+00 1.411421463812921440e+00
-3.431016576942758634e-01 2.021160061208475689e-01 1.166449793948416191e+00 6.646957621632182400e-02 -1.793324038742048376e+00 1.413221431728390654e+00
-3.411154916006253202e-01 2.144213891222670476e-01 1.162516596171102590e+00 6.718735118961065289e-02 -1.780758911212377171e+00 1.415028491779155351e+00
-3.391042876042694720e-01 2.266612355657922073e-01 1.158522634832456877e+00 6.788008368669479209e-02 -1.768247108230839526e+00 1.416842569146598674e+00
-3.370680746514956860e-01 2.388345690750877104e-01 1.154466392487841109e+00 6.854777964588036621e-02 -1.755789337247498860e+00 1.418663588335503212e+00
-3.350068850046788449e-01 2.509404110062014581e-01 1.150346299117971816e+00 6.919045047608414489e-02 -1.743386307478794528e+00 1.420491473174153807e+00
-3.329207542898067196e-01 2.629777804837547528e-01 1.146160729761664721e+00 6.980811308401665971e-02 -1.731038729908811469e+00 1.422326146814478109e+00
-3.308097215443855932e-01 2.749456944351260645e-01 1.141908002361067931e+00 7.040078990117032420e-02 -1.718747317288771281e+00 1.424167531732234426e+00
-3.286738292697639618e-01 2.868431676236902206e-01 1.137586374883460261e+00 7.096850891032646658e-02 -1.706512784135913119e+00 1.426015549727252196e+00
-3.265131234809307559e-01 2.986692126788068613e-01 1.133194042595056183e+00 7.151130367158409218e-02 -1.694335846731438444e+00 1.427870121923753066e+00
-3.243276537574485419e-01 3.104228401232820289e-01 1.128729134992198402e+00 7.202921334784274932e-02 -1.682217223118000149e+00 1.429731168770685512e+00
-3.221174732933031470e-01 3.221030583976389750e-01 1.124189712915522055e+00 7.252228272989436064e-02 -1.670157633095761263e+00 1.431598610042105202e+00
-3.198826389499220824e-01 3.337088738814113498e-01 1.119573765461663317e+00 7.299056226114813972e-02 -1.658157798216859380e+00 1.433472364837574009e+00
-3.176232113119958345e-01 3.452392909113779496e-01 1.114879206592768401e+00 7.343410806190364681e-02 -1.646218441778553476e+00 1.435352351582664276e+00
-3.153392547449063166e-01 3.566933117960395805e-01 1.110103871548447252e+00 7.385298195311568170e-02 -1.634340288815446129e+00 1.437238488029482175e+00
-3.130308374539183536e-01 3.680699368260356152e-01 1.105245513026712256e+00 7.424725147943242454e-02 -1.622524066091551198e+00 1.439130691257200612e+00
-3.106980315450414420e-01 3.793681642798070186e-01 1.100301797134361825e+00 7.461698993178562944e-02 -1.610770502090662415e+00 1.441028877672684061e+00
-3.083409130877114990e-01 3.905869904244783086e-01 1.095270299280029169e+00 7.496227636936624028e-02 -1.599080327006267233e+00 1.442932963011197778e+00
-3.059595621814965583e-01 4.017254095114770607e-01 1.090148499298471352e+00 7.528319564117773310e-02 -1.587454272729254434e+00 1.444842862337086586e+00
-3.035540630212699709e-01 4.127824137654778625e-01 1.084933777158300305e+00 7.557983840688450861e-02 -1.575893072835118147e+00 1.446758490044554479e+00
-3.011245039707526328e-01 4.237569933682987511e-01 1.079623407696581383e+00 7.585230115696585396e-02 -1.564397462570596531e+00 1.448679759858441995e+00
-2.986709776371256342e-01 4.346481364351539867e-01 1.074214555132348314e+00 7.610068623238704089e-02 -1.552968178838312507e+00 1.450606584835075541e+00
-2.961935809480457094e-01 4.454548289828279550e-01 1.068704267468719493e+00 7.632510184348613447e-02 -1.541605960180794099e+00 1.452538877363189096e+00
-2.936924152339259186e-01 4.561760548905500201e-01 1.063089470458323804e+00 7.652566208820789362e-02 -1.530311546763291286e+00 1.454476549164886556e+00
-2.911675863150356425e-01 4.668107958515692602e-01 1.057366961068999300e+00 7.670248696983776593e-02 -1.519085680354938184e+00 1.456419511296603186e+00
-2.886192045926934679e-01 4.773580313150995735e-01 1.051533400728206002e+00 7.685570241386444068e-02 -1.507929104309072343e+00 1.458367674150139237e+00
-2.860473851471265205e-01 4.878167384181359978e-01 1.045585307950621656e+00 7.698544028392434457e-02 -1.496842563543469229e+00 1.460320947453742191e+00
-2.834522478406950041e-01 4.981858919058481661e-01 1.039519051058951149e+00 7.709183839729823184e-02 -1.485826804518041389e+00 1.462279240273236525e+00
-2.808339174329474441e-01 5.084644640418831685e-01 1.033330839331649154e+00 7.717504053934236274e-02 -1.474882575212931091e+00 1.464242461013226526e+00
-2.781925236974860938e-01 5.186514245038127413e-01 1.027016714291874466e+00 7.723519647733124993e-02 -1.464010625104278152e+00 1.466210517418326420e+00
-2.755282015486555380e-01 5.287457402648785276e-01 1.020572540409286688e+00 7.727246197336279376e-02 -1.453211705139676013e+00 1.468183316574409814e+00
-2.728410911787513271e-01 5.387463754614119082e-01 1.013993995031134965e+00 7.728699879641737214e-02 -1.442486567712130796e+00 1.470160764909953954e+00
-2.701313382057196621e-01 5.486522912436981869e-01 1.007276557802899930e+00 7.727897473353777247e-02 -1.431835966633540291e+00 1.472142768197411078e+00
-2.673990938340567447e-01 5.584624456103997048e-01 1.000415498870619313e+00 7.724856360007090195e-02 -1.421260657107085379e+00 1.474129231554628161e+00
-2.646445150255879453e-01 5.681757932235971253e-01 9.934058667462092318e-01 7.719594524899651977e-02 -1.410761395698882481e+00 1.476120059446315524e+00
-2.618677646863405983e-01 5.777912852039923663e-01 9.862424755037652035e-01 7.712130557940360953e-02 -1.400338940307729985e+00 1.478115155685567617e+00
-2.590690118727547175e-01 5.873078689059552104e-01 9.789198904310659755e-01 7.702483654401813540e-02 -1.389994050133991355e+00 1.480114423435462401e+00
-2.562484320131064308e-01 5.967244876690172006e-01 9.714324130232155907e-01 7.690673615567827914e-02 -1.379727485648080787e+00 1.482117765210704929e+00
-2.534062071499010860e-01 6.060400805452514916e-01 9.637740646123571508e-01 7.676720849280177505e-02 -1.369540008558146837e+00 1.484125082879276691e+00
-2.505425262028295741e-01 6.152535819997595468e-01 9.559385692633651788e-01 7.660646370384908976e-02 -1.359432381776160881e+00 1.486136277664184879e+00
-2.476575852589522897e-01 6.243639215842557988e-01 9.479193351196638639e-01 7.642471801078619398e-02 -1.349405369383106290e+00 1.488151250145243187e+00
-2.447515878906756370e-01 6.333700235807837586e-01 9.397094346537530063e-01 7.622219371130863064e-02 -1.339459736594308836e+00 1.490169900260881919e+00
-2.418247455070490493e-01 6.422708066150795148e-01 9.313015827083203080e-01 7.599911918011313661e-02 -1.329596249722840184e+00 1.492192127310085770e+00
-2.388772777361068134e-01 6.510651832347269519e-01 9.226881136854115928e-01 7.575572886897528890e-02 -1.319815676142713556e+00 1.494217829954314292e+00
-2.359094128489780673e-01 6.597520594528996085e-01 9.138609563881180398e-01 7.549226330563242604e-02 -1.310118784251431023e+00 1.496246906219494743e+00
-2.329213882251490730e-01 6.683303342538797764e-01 9.048116071693486084e-01 7.520896909153626519e-02 -1.300506343431401923e+00 1.498279253498124408e+00
-2.299134508663270293e-01 6.767988990583271303e-01 8.955311010167857910e-01 7.490609889855059933e-02 -1.290979124010438461e+00 1.500314768551354261e+00
-2.268858579648002360e-01 6.851566371463837513e-01 8.860099803115905059e-01 7.458391146428490492e-02 -1.281537897222120748e+00 1.502353347511157011e+00
-2.238388775321580315e-01 6.934024230364101982e-01 8.762382611931748277e-01 7.424267158622681329e-02 -1.272183435164878418e+00 1.504394885882559096e+00
-2.207727890959161332e-01 7.015351218174421533e-01 8.662053967904747021e-01 7.388265011468228560e-02 -1.262916510760570432e+00 1.506439278545945504e+00
-2.176878844688791004e-01 7.095535884317163422e-01 8.559002380519229458e-01 7.350412394429779728e-02 -1.253737897712869476e+00 1.508486419759410335e+00
-2.145844686043547611e-01 7.174566669068465075e-01 8.453109911963725409e-01 7.310737600427512362e-02 -1.244648370465163190e+00 1.510536203161183089e+00
-2.114628605455682320e-01 7.252431895352700053e-01 8.344251714370478634e-01 7.269269524731455934e-02 -1.235648704157373601e+00 1.512588521772121775e+00
-2.083233944787692415e-01 7.329119759984834559e-01 8.232295531096290864e-01 7.226037663726625482e-02 -1.226739674582344897e+00 1.514643267998243115e+00
-2.051664209035704844e-01 7.404618324358356318e-01 8.117101154040397004e-01 7.181072113536997314e-02 -1.217922058141827968e+00 1.516700333633315134e+00
-2.019923079329220550e-01 7.478915504552654525e-01 7.998519840247885204e-01 7.134403568510476468e-02 -1.209196631802313959e+00 1.518759609861562554e+00
-1.988014427411688712e-01 7.551999060877045977e-01 7.876393675561834673e-01 7.086063319563518093e-02 -1.200564173050254979e+00 1.520820987260383284e+00
-1.955942331745116614e-01 7.623856586839954375e-01 7.750554885939940908e-01 7.036083252376930386e-02 -1.192025459847319446e+00 1.522884355803163059e+00
-1.923711095435536311e-01 7.694475497564070565e-01 7.620825091258351947e-01 6.984495845448378260e-02 -1.183581270585350786e+00 1.524949604862116059e+00
-1.891325266197612653e-01 7.763843017668063951e-01 7.487014496136266128e-01 6.931334168007252661e-02 -1.175232384040221234e+00 1.527016623211251867e+00
-1.858789658587115812e-01 7.831946168661634289e-01 7.348921010880179461e-01 6.876631877761041345e-02 -1.166979579326328675e+00 1.529085299029391720e+00
-1.826109378754052215e-01 7.898771755895621638e-01 7.206329302778792245e-01 6.820423218497305429e-02 -1.158823635851454981e+00 1.531155519903239837e+00
-1.793289852024995690e-01 7.964306355167023455e-01 7.059009763749158894e-01 6.762743017530212231e-02 -1.150765333270650004e+00 1.533227172830518459e+00
-1.760336853596839168e-01 8.028536299065951454e-01 6.906717397423870475e-01 6.703626683003865994e-02 -1.142805451440087161e+00 1.535300144223181285e+00
-1.727256542713634102e-01 8.091447663218946929e-01 6.749190611431346021e-01 6.643110201024281236e-02 -1.134944770371175693e+00 1.537374319910733700e+00
-1.694055500673258274e-01 8.153026252585604539e-01 6.586149916611744315e-01 6.581230132624195373e-02 -1.127184070185403009e+00 1.539449585143611632e+00
-1.660740773085382649e-01 8.213257588039226675e-01 6.417296525315454581e-01 6.518023610571758997e-02 -1.119524131068739159e+00 1.541525824596616356e+00
-1.627319916809766565e-01 8.272126893503539691e-01 6.242310843999643311e-01 6.453528336021500944e-02 -1.111965733225787289e+00 1.543602922372441455e+00
-1.593801052031381116e-01 8.329619083974959537e-01 6.060850858048524303e-01 6.387782574991598961e-02 -1.104509656835046982e+00 1.545680762005281261e+00
-1.560192919951535473e-01 8.385718754835043143e-01 5.872550405609167079e-01 6.320825154672753132e-02 -1.097156682004658101e+00 1.547759226464497262e+00
-1.526504946584520961e-01 8.440410172921826160e-01 5.677017346165752487e-01 6.252695459570599412e-02 -1.089907588727511367e+00 1.549838198158397962e+00
-1.492747313172596846e-01 8.493677269942425667e-01 5.473831625709528748e-01 6.183433427465387378e-02 -1.082763156837733831e+00 1.551917558938085140e+00
-1.458931033720216874e-01 8.545503638890252773e-01 5.262543260037360060e-01 6.113079545191947572e-02 -1.075724165968420465e+00 1.553997190101398918e+00
-1.425068040178913142e-01 8.595872534296846723e-01 5.042670247526666039e-01 6.041674844238613395e-02 -1.068791395509880005e+00 1.556076972396913227e+00
-1.391171275739953028e-01 8.644766877261460536e-01 4.813696446473476609e-01 5.969260896179379161e-02 -1.061965624567347000e+00 1.558156786028016105e+00
-1.357254796683981801e-01 8.692169266383791282e-01 4.575069462088695027e-01 5.895879807906806436e-02 -1.055247631921259810e+00 1.560236510657120768e+00
-1.323333883174273029e-01 8.738061995933144033e-01 4.326198616225900850e-01 5.821574216680409919e-02 -1.048638195987941835e+00 1.562316025409901998e+00
-1.289425159315384650e-01 8.782427082896422377e-01 4.066453081462783059e-01 5.746387285001200440e-02 -1.042138094780429292e+00 1.564395208879640009e+00
-1.255546722676836036e-01 8.825246304835676625e-01 3.795160316650699195e-01 5.670362695271613518e-02 -1.035748105871824976e+00 1.566473939131655113e+00
-1.221718283384663761e-01 8.866501250982956606e-01 3.511604974752795538e-01 5.593544644256513709e-02 -1.029469006360749894e+00 1.568552093707828776e+00
-1.187961312703995909e-01 8.906173389601788060e-01 3.215028496108388034e-01 5.515977837351018764e-02 -1.023301572837673312e+00 1.570629549631205935e+00
-1.154299200751402465e-01 8.944244155375802308e-01 2.904629683403427420e-01 5.437707482645330603e-02 -1.017246581352913459e+00 1.572706183410696568e+00
-1.120757422646449786e-01 8.980695061609296204e-01 2.579566616837396520e-01 5.358779284775225249e-02 -1.011304807387337412e+00 1.574781871045838555e+00
-1.087363711846518338e-01 9.015507843247769770e-01 2.238960348058165739e-01 5.279239438552103814e-02 -1.005477025825332937e+00 1.576856488031664005e+00
-1.054148238565751627e-01 9.048664638182595255e-01 1.881900912524996916e-01 5.199134622379734949e-02 -9.997640109295993227e-01 1.578929909363647743e+00
-1.021143789981161509e-01 9.080148215992025484e-01 1.507456262773853306e-01 5.118511991443465414e-02 -9.941665363184783999e-01 1.581002009542743725e+00
-9.883859471141666353e-02 9.109942264940293910e-01 1.114684791736227643e-01 5.037419170658899437e-02 -9.886853749477735320e-01 1.583072662580497170e+00
-9.559132507597074835e-02 9.138031749491881683e-01 7.026521402506413772e-02 4.955904247381395789e-02 -9.833212990954773858e-01 1.585141742004251064e+00
-9.237673454924197336e-02 9.164403351329113434e-01 2.704529395843349726e-02 4.874015763868161377e-02 -9.780750803494138168e-01 1.587209120862423717e+00
-8.919930865671812925e-02 9.189046006235788155e-01 -1.827619801106985381e-02 4.791802709485162848e-02 -9.729474895993517336e-01 1.589274671729862698e+00
-8.606385896884159725e-02 9.211951546426702109e-01 -6.577526217311735479e-02 4.709314512627625626e-02 -9.679392970343689839e-01 1.591338266713263838e+00
-8.297551985725237778e-02 9.233115452066353868e-01 -1.155151162452350277e-01 4.626601032359212162e-02 -9.630512721463686532e-01 1.593399777456675270e+00
-7.993973410096343046e-02 9.252537706005181661e-01 -1.675418167382771439e-01 4.543712549745670265e-02 -9.582841837379474370e-01 1.595459075147080075e+00
-7.696222420745203741e-02 9.270223731754283492e-01 -2.218794830126675777e-01 4.460699758879542454e-02 -9.536387999387150316e-01 1.597516030520020891e+00
-7.404894650970376968e-02 9.286185376783189227e-01 -2.785253054414833507e-01 4.377613757549614348e-02 -9.491158882284418397e-01 1.599570513865286259e+00
-7.120602589146569905e-02 9.300441882798606841e-01 -3.374445797725620366e-01 4.294506037558060152e-02 -9.447162154687571700e-01 1.601622395032643809e+00
-6.843967054804664385e-02 9.313020764745747471e-01 -3.985660561251853640e-01 4.211428474631968844e-02 -9.404405479458457506e-01 1.603671543437609204e+00
-6.575606856705744352e-02 9.323958505335934177e-01 -4.617779093338900687e-01 4.128433317913371425e-02 -9.362896514238103762e-01 1.605717828067246389e+00
-6.316127119761072439e-02 9.333300967490822941e-01 -5.269246145019360617e-01 4.045573178976637901e-02 -9.322642912120020497e-01 1.607761117485983382e+00
-6.066107109300939576e-02 9.341103438887001786e-01 -5.938049412440877806e-01 3.962901020310606592e-02 -9.283652322479767349e-01 1.609801279841410970e+00
-5.826088689903398399e-02 9.347430254625814783e-01 -6.621711554920798326e-01 3.880470143021338969e-02 -9.245932391987841115e-01 1.611838182870039882e+00
-5.596566749332163027e-02 9.352353995756921279e-01 -7.317294002852152701e-01 3.798334174095337190e-02 -9.209490765826719993e-01 1.613871693903006665e+00
-5.377982909534963912e-02 9.355954324183404225e-01 -8.021410548160661236e-01 3.716547052910385701e-02 -9.174335089157468204e-01 1.615901679871702745e+00
-5.170723617411663448e-02 9.358316574222724782e-01 -8.730247909653673366e-01 3.635163016877854258e-02 -9.140473008882246120e-01 1.617928007313270466e+00
-4.975123334688198035e-02 9.359530254174339703e-01 -9.439590732382797666e-01 3.554236586067363590e-02 -9.107912175759027562e-01 1.619950542375927727e+00
-4.791473254051071412e-02 9.359687596858723424e-01 -1.014485049413304862e+00 3.473822546623453467e-02 -9.076660246938539345e-01 1.621969150824047468e+00
-4.620036024700156785e-02 9.358882231574190413e-01 -1.084110146107094774e+00 3.393975932727903710e-02 -9.046724889010153703e-01 1.623983698042908985e+00
-4.461067319367836848e-02 9.357207961150981745e-01 -1.152313027267647394e+00 3.314752006779246585e-02 -9.018113781661636352e-01 1.625994049043010259e+00
-4.314844575744597455e-02 9.354757589271764928e-01 -1.218550321188521135e+00 3.236206237350376658e-02 -8.990834622080967620e-01 1.628000068463791639e+00
-4.181698616742786367e-02 9.351621845382434017e-01 -1.282263517281709841e+00 3.158394274324585749e-02 -8.964895130250232214e-01 1.630001620576559729e+00
-4.062029134223479887e-02 9.347888722990385091e-01 -1.342878992065105637e+00 3.081371920376715923e-02 -8.940303055293794543e-01 1.631998569286335909e+00
-3.956253806803604334e-02 9.343643810282902251e-01 -1.399784027147910281e+00 3.005195097630083967e-02 -8.917066183018613756e-01 1.633990778132220267e+00
-3.864595699538282692e-02 9.338972006133348103e-01 -1.452249276918327281e+00 2.929919807851733005e-02 -8.895192344647542271e-01 1.635978110285672082e+00
-3.786588643952583377e-02 9.333959910774973778e-01 -1.499265738653686952e+00 2.855602084017629105e-02 -8.874689426275823578e-01 1.637960428545789160e+00
-3.720279455630757376e-02 9.328696498507031976e-01 -1.539303258696192334e+00 2.782297931148712891e-02 -8.855565377095979684e-01 1.639937595330128284e+00
-3.661544125241134734e-02 9.323269696198179801e-01 -1.570134263253997187e+00 2.710063259397864702e-02 -8.837828209716072081e-01 1.641909472658679370e+00
-3.605022128399715947e-02 9.317763329296582242e-01 -1.589167425122253841e+00 2.638953855813309934e-02 -8.821485971472853294e-01 1.643875922127465472e+00
