-1.328843976286642470e-01 9.262922281747438813e-01 -1.339419180283317967e+00 9.529584916054253951e-03 -9.180286051787861501e-01 1.550019420771892698e+00
-1.328843976286642470e-01 9.262922281747438813e-01 -1.339419180283317967e+00 9.529584916054253951e-03 -9.180286051787861501e-01 1.550019420771892698e+00
-1.328806788247574311e-01 9.262439613973639796e-01 -1.339796781851458007e+00 9.525606294534616145e-03 -9.180993686310916502e-01 1.550012605298987767e+00
-1.328732532238868225e-01 9.261474769236867077e-01 -1.340534809242780678e+00 9.517661680141939473e-03 -9.182405638512711743e-01 1.549999097213278887e+00
-1.328621856631640175e-01 9.260028206946927520e-01 -1.341616482695004109e+00 9.505762274762949438e-03 -9.184518597988323707e-01 1.549979019235070865e+00
-1.328475904857830125e-01 9.258100359123396794e-01 -1.343025417825211232e+00 9.489917901429150565e-03 -9.187329260721835977e-01 1.549952493941337162e+00
-1.328296283210805562e-01 9.255691635045650845e-01 -1.344745624654898331e+00 9.470137051716740265e-03 -9.190834329037400607e-01 1.549919643762205590e+00
-1.328085029667821493e-01 9.252802426386765866e-01 -1.346761506280803156e+00 9.446426932643310626e-03 -9.195030511551766095e-01 1.549880590977466444e+00
-1.327844583714377913e-01 9.249433112691749503e-01 -1.349057857208517230e+00 9.418793513062757167e-03 -9.199914523128330801e-01 1.549835457713102826e+00
-1.327577757150641413e-01 9.245584067075439672e-01 -1.351619861365471298e+00 9.387241569559886395e-03 -9.205483084832692953e-01 1.549784365937840747e+00
-1.327287705860563105e-01 9.241255662029398410e-01 -1.354433089809470747e+00 9.351774731846165464e-03 -9.211732923889767166e-01 1.549727437459723189e+00
-1.326977902525039721e-01 9.236448275240095596e-01 -1.357483498148542855e+00 9.312395527658088451e-03 -9.218660773642418649e-01 1.549664793922704176e+00
-1.326652110261359041e-01 9.231162295332885348e-01 -1.360757423687454448e+00 9.269105427159505389e-03 -9.226263373511698340e-01 1.549596556803264358e+00
-1.326314357172134473e-01 9.225398127467541176e-01 -1.364241582315848023e+00 9.221904886849423277e-03 -9.234537468958625706e-01 1.549522847407048820e+00
-1.325968911787955562e-01 9.219156198721644158e-01 -1.367923065152543582e+00 9.170793392976476013e-03 -9.243479811447631311e-01 1.549443786865525752e+00
-1.325620259388977373e-01 9.212436963207808471e-01 -1.371789334960153095e+00 9.115769504461678288e-03 -9.253087158411548163e-01 1.549359496132665992e+00
-1.325273079191630898e-01 9.205240906879733620e-01 -1.375828222343760565e+00 9.056830895330766212e-03 -9.263356273218219528e-01 1.549270095981644779e+00
-1.324932222387501801e-01 9.197568551990296104e-01 -1.380027921747025488e+00 8.993974396657370210e-03 -9.274283925138755436e-01 1.549175707001563485e+00
-1.324602691022207790e-01 9.189420461172530530e-01 -1.384376987258683522e+00 8.927196038018602245e-03 -9.285866889317360151e-01 1.549076449594193550e+00
-1.324289617702765487e-01 9.180797241121220198e-01 -1.388864328242031654e+00 8.856491088464242198e-03 -9.298101946742807211e-01 1.548972443970740631e+00
-1.323998246122473910e-01 9.171699545859203218e-01 -1.393479204799608295e+00 8.781854097001056889e-03 -9.310985884221472109e-01 1.548863810148629838e+00
-1.323733912392753842e-01 9.162128079578177875e-01 -1.398211223084904642e+00 8.703278932593172881e-03 -9.324515494352131340e-01 1.548750667948312731e+00
-1.323502027171668260e-01 9.152083599048987939e-01 -1.403050330472571217e+00 8.620758823680192695e-03 -9.338687575502349070e-01 1.548633136990093639e+00
-1.323308058579002189e-01 9.141566915601012644e-01 -1.407986810598224725e+00 8.534286397214409237e-03 -9.353498931786453641e-01 1.548511336690978402e+00
-1.323157515887826707e-01 9.130578896674416134e-01 -1.413011278278594851e+00 8.443853717218560012e-03 -9.368946373045053955e-01 1.548385386261542207e+00
-1.323055933982390797e-01 9.119120466952689297e-01 -1.418114674322403124e+00 8.349452322864847967e-03 -9.385026714826363303e-01 1.548255404702819638e+00
-1.323008858572023161e-01 9.107192609086121049e-01 -1.423288260242011161e+00 8.251073266077026125e-03 -9.401736778369113035e-01 1.548121510803214029e+00
-1.323021832150447219e-01 9.094796364019661628e-01 -1.428523612875537419e+00 8.148707148656574722e-03 -9.419073390587197059e-01 1.547983823135428372e+00
-1.323100380689580247e-01 9.081932830941007451e-01 -1.433812618928801408e+00 8.042344158934761067e-03 -9.437033384055824037e-01 1.547842460053415747e+00
-1.323250001056467118e-01 9.068603166866807674e-01 -1.439147469446123040e+00 7.931974107951884900e-03 -9.455613596999208337e-01 1.547697539689350865e+00
-1.323476149141536440e-01 9.054808585886559014e-01 -1.444520654218677924e+00 7.817586465164982554e-03 -9.474810873279805312e-01 1.547549179950621800e+00
-1.323784228685852549e-01 9.040550358085116534e-01 -1.449924956138791021e+00 7.699170393684240561e-03 -9.494622062389579398e-01 1.547397498516841940e+00
-1.324179580794498379e-01 9.025829808165843904e-01 -1.455353445508232202e+00 7.576714785040874339e-03 -9.515044019442659984e-01 1.547242612836881914e+00
-1.324667474122655508e-01 9.010648313797201547e-01 -1.460799474308273505e+00 7.450208293487531851e-03 -9.536073605169527179e-01 1.547084640125921950e+00
-1.325253095720384799e-01 8.995007303706101798e-01 -1.466256670438959908e+00 7.319639369831930885e-03 -9.557707685912985029e-01 1.546923697362524663e+00
-1.325941542521530125e-01 8.978908255541705463e-01 -1.471718931934751673e+00 7.184996294805125541e-03 -9.579943133625905549e-01 1.546759901285726935e+00
-1.326737813461612014e-01 8.962352693533403025e-01 -1.477180421163404311e+00 7.046267211967136707e-03 -9.602776825870157351e-01 1.546593368392153112e+00
-1.327646802209035970e-01 8.945342185966640436e-01 -1.482635559014665594e+00 6.903440160149667236e-03 -9.626205645817405010e-01 1.546424214933146413e+00
-1.328673290493421477e-01 8.927878342499996345e-01 -1.488079019085091437e+00 6.756503105438419789e-03 -9.650226482251318405e-01 1.546252556911922094e+00
-1.329821942014369485e-01 8.909962811346504585e-01 -1.493505721865009184e+00 6.605443972695791005e-03 -9.674836229571427415e-01 1.546078510080738599e+00
-1.331097296913551775e-01 8.891597276341646205e-01 -1.498910828933387229e+00 6.450250676624843214e-03 -9.700031787798815142e-01 1.545902189938089588e+00
-1.332503766792587085e-01 8.872783453919786956e-01 -1.504289737166112140e+00 6.290911152376748965e-03 -9.725810062583342130e-01 1.545723711725915939e+00
-1.334045630258825776e-01 8.853523090020075648e-01 -1.509638072962915301e+00 6.127413385702802986e-03 -9.752167965212505951e-01 1.545543190426835745e+00
-1.335727028980853437e-01 8.833817956941926175e-01 -1.514951686497944428e+00 5.959745442653940212e-03 -9.779102412621342166e-01 1.545360740761395180e+00
-1.337551964235266511e-01 8.813669850169320030e-01 -1.520226645998731252e+00 5.787895498825992163e-03 -9.806610327404655658e-01 1.545176477185338904e+00
-1.339524293926082077e-01 8.793080585182142528e-01 -1.525459232058067549e+00 5.611851868155528535e-03 -9.834688637830203417e-01 1.544990513886899119e+00
-1.341647730057988486e-01 8.772051994271758968e-01 -1.530645931983070751e+00 5.431603031265685479e-03 -9.863334277853685883e-01 1.544802964784104615e+00
-1.343925836644559169e-01 8.750585923376934527e-01 -1.535783434185497009e+00 5.247137663365204589e-03 -9.892544187134831857e-01 1.544613943522108457e+00
-1.346362028032514480e-01 8.728684228955139179e-01 -1.540868622617135530e+00 5.058444661699541996e-03 -9.922315311055620590e-01 1.544423563470535443e+00
-1.348959567623127520e-01 8.706348774903147625e-01 -1.545898571253905951e+00 4.865513172558343612e-03 -9.952644600739561920e-01 1.544231937720848880e+00
-1.351721566971947619e-01 8.683581429539722896e-01 -1.550870538632072693e+00 4.668332617839100925e-03 -9.983529013072687253e-01 1.544039179083736002e+00
-1.354650985248123940e-01 8.660384062662077609e-01 -1.555781962439784616e+00 4.466892721169566857e-03 -1.001496551072586616e+00 1.543845400086512498e+00
-1.357750629034782386e-01 8.636758542686692186e-01 -1.560630454166955783e+00 4.261183533588688843e-03 -1.004695106217913469e+00 1.543650712970546346e+00
-1.361023152452123242e-01 8.612706733883961352e-01 -1.565413793816306853e+00 4.051195458790772357e-03 -1.007948264174683528e+00 1.543455229688699859e+00
-1.364471057585149028e-01 8.588230493715117708e-01 -1.570129924678203448e+00 3.836919277932720508e-03 -1.011255722960426651e+00 1.543259061902791940e+00
-1.368096695198239288e-01 8.563331670278792052e-01 -1.574776948171747071e+00 3.618346174006945720e-03 -1.014617181181548755e+00 1.543062320981077429e+00
-1.371902265719109060e-01 8.538012099873599769e-01 -1.579353118754398322e+00 3.395467755779413115e-03 -1.018032338036305440e+00 1.542865117995746438e+00
-1.375889820475050263e-01 8.512273604682147887e-01 -1.583856838902243824e+00 3.168276081295445454e-03 -1.021500893317934811e+00 1.542667563720442114e+00
-1.380061263164754637e-01 8.486117990580936965e-01 -1.588286654162851974e+00 2.936763680958195434e-03 -1.025022547417834717e+00 1.542469768627796389e+00
-1.384418351549428772e-01 8.459547045079728322e-01 -1.592641248282506750e+00 2.700923580176250831e-03 -1.028597001328970695e+00 1.542271842886985267e+00
-1.388962699347357499e-01 8.432562535393115510e-01 -1.596919438409451608e+00 2.460749321588354827e-03 -1.032223956649296115e+00 1.542073896361301211e+00
-1.393695778316536571e-01 8.405166206646202953e-01 -1.601120170374627838e+00 2.216234986859170857e-03 -1.035903115585460110e+00 1.541876038605745736e+00
-1.398618920510473485e-01 8.377359780215591911e-01 -1.605242514051250291e+00 1.967375218056524599e-03 -1.039634180956497067e+00 1.541678378864638876e+00
-1.403733320692747977e-01 8.349144952206093429e-01 -1.609285658794419760e+00 1.714165238604313524e-03 -1.043416856197769693e+00 1.541481026069247307e+00
-1.409040038896436364e-01 8.320523392062996182e-01 -1.613248908961843808e+00 1.456600873818806111e-03 -1.047250845364956717e+00 1.541284088835431554e+00
-1.414540003115007660e-01 8.291496741319045460e-01 -1.617131679516601750e+00 1.194678571026463326e-03 -1.051135853138214449e+00 1.541087675461309647e+00
-1.420234012111830368e-01 8.262066612474761040e-01 -1.620933491712772900e+00 9.283954192694180568e-04 -1.055071584826373199e+00 1.540891893924940748e+00
-1.426122738335939832e-01 8.232234588010182152e-01 -1.624653968864618880e+00 6.577491685954926087e-04 -1.059057746371333764e+00 1.540696851882025431e+00
-1.432206730932255034e-01 8.202002219525647009e-01 -1.628292832199903506e+00 3.827382489430628670e-04 -1.063094044352387524e+00 1.540502656663624848e+00
-1.438486418834939440e-01 8.171371027008813570e-01 -1.631849896797818333e+00 1.033617886088012555e-04 -1.067180185990929120e+00 1.540309415273896976e+00
-1.444962113933137282e-01 8.140342498224710788e-01 -1.635325067611877126e+00 -1.803803676849874416e-04 -1.071315879155063877e+00 1.540117234387851308e+00
-1.451634014298816555e-01 8.108918088225276488e-01 -1.638718335578041030e+00 -4.684876411277481834e-04 -1.075500832364331139e+00 1.539926220349121300e+00
-1.458502207466971790e-01 8.077099218974553851e-01 -1.642029773808237891e+00 -7.609587015668071996e-04 -1.079734754794736684e+00 1.539736479167753691e+00
-1.465566673758925964e-01 8.044887279085420895e-01 -1.645259533869345425e+00 -1.057791450649213025e-03 -1.084017356283737410e+00 1.539548116518017151e+00
-1.472827289639974946e-01 8.012283623663536414e-01 -1.648407842147620039e+00 -1.358983005359434490e-03 -1.088348347335255539e+00 1.539361237736226462e+00
-1.480283831103086367e-01 7.979289574253968231e-01 -1.651474996298463838e+00 -1.664529681955765825e-03 -1.092727439124884015e+00 1.539175947818585799e+00
-1.487935977070840854e-01 7.945906418885844147e-01 -1.654461361781345508e+00 -1.974426980299523460e-03 -1.097154343505163610e+00 1.538992351419049109e+00
-1.495783312808255938e-01 7.912135412210198337e-01 -1.657367368479611969e+00 -2.288669568578429250e-03 -1.101628773011045448e+00 1.538810552847196700e+00
-1.503825333339576520e-01 7.877977775726151544e-01 -1.660193507404849278e+00 -2.607251268415173434e-03 -1.106150440865324880e+00 1.538630656066131142e+00
-1.512061446862543179e-01 7.843434698090434587e-01 -1.662940327485383563e+00 -2.930165040364120232e-03 -1.110719060984215023e+00 1.538452764690388719e+00
-1.520490978154067918e-01 7.808507335505290303e-01 -1.665608432438447917e+00 -3.257402969791692651e-03 -1.115334347982990248e+00 1.538276981983869085e+00
-1.529113171961640760e-01 7.773196812179719029e-01 -1.668198477725474360e+00 -3.588956253137935010e-03 -1.119996017181696946e+00 1.538103410857781350e+00
-1.537927196375183103e-01 7.737504220859078297e-01 -1.670711167589911561e+00 -3.924815184556191411e-03 -1.124703784610912471e+00 1.537932153868607710e+00
-1.546932146174426759e-01 7.701430623418068500e-01 -1.673147252176910182e+00 -4.264969142932735491e-03 -1.129457367017678848e+00 1.537763313216083727e+00
-1.556127046147257331e-01 7.664977051512177342e-01 -1.675507524734167308e+00 -4.609406579277160881e-03 -1.134256481871409150e+00 1.537596990741195935e+00
-1.565510854374799476e-01 7.628144507282736964e-01 -1.677792818893166116e+00 -4.958115004481645008e-03 -1.139100847369782787e+00 1.537433287924195646e+00
-1.575082465479343830e-01 7.590933964110814225e-01 -1.680004006030004104e+00 -5.311080977454578356e-03 -1.143990182444877268e+00 1.537272305882630086e+00
-1.584840713831530967e-01 7.553346367415265661e-01 -1.682141992704954792e+00 -5.668290093623434833e-03 -1.148924206769448286e+00 1.537114145369390394e+00
-1.594784376713497820e-01 7.515382635490401864e-01 -1.684207718179868918e+00 -6.029726973789556813e-03 -1.153902640762924703e+00 1.536958906770775624e+00
-1.604912177434978104e-01 7.477043660378795975e-01 -1.686202152012477695e+00 -6.395375253354925599e-03 -1.158925205597793440e+00 1.536806690104573381e+00
-1.615222788399611753e-01 7.438330308774959709e-01 -1.688126291726629757e+00 -6.765217571905179916e-03 -1.163991623205983261e+00 1.536657595018157796e+00
-1.625714834118975327e-01 7.399243422955676941e-01 -1.689981160557456397e+00 -7.139235563145329699e-03 -1.169101616285220580e+00 1.536511720786602808e+00
-1.636386894172084938e-01 7.359783821733005826e-01 -1.691767805270428138e+00 -7.517409845192078721e-03 -1.174254908305556011e+00 1.536369166310813217e+00
-1.647237506108352179e-01 7.319952301426043695e-01 -1.693487294053236170e+00 -7.899720011213657439e-03 -1.179451223515871838e+00 1.536230030115670164e+00
-1.658265168292183678e-01 7.279749636847783201e-01 -1.695140714479410393e+00 -8.286144620408587846e-03 -1.184690286950204063e+00 1.536094410348194605e+00
-1.669468342687629447e-01 7.239176582303457064e-01 -1.696729171542554759e+00 -8.676661189338564367e-03 -1.189971824434404413e+00 1.535962404775725876e+00
-1.680845457581664482e-01 7.198233872597034066e-01 -1.698253785760062806e+00 -9.071246183601729129e-03 -1.195295562592822325e+00 1.535834110784117135e+00
-1.692394910244880701e-01 7.156922224042607805e-01 -1.699715691345156765e+00 -9.469875009846161207e-03 -1.200661228855083529e+00 1.535709625375945686e+00
-1.704115069528527315e-01 7.115242335477647284e-01 -1.701116034446072511e+00 -9.872522008113865377e-03 -1.206068551462771143e+00 1.535589045168740840e+00
-1.716004278397007254e-01 7.073194889275222774e-01 -1.702455971451200867e+00 -1.027916044452148805e-02 -1.211517259476273090e+00 1.535472466393225988e+00
-1.728060856395079725e-01 7.030780552352475787e-01 -1.703736667358975332e+00 -1.068976250426272034e-02 -1.217007082781447203e+00 1.535359984891577989e+00
-1.740283102049169639e-01 6.987999977172806298e-01 -1.704959294211294329e+00 -1.110429928495039117e-02 -1.222537752096707786e+00 1.535251696115701225e+00
-1.752669295202308186e-01 6.944853802739375803e-01 -1.706125029589244502e+00 -1.152274079027003004e-02 -1.228108998979810629e+00 1.535147695125517853e+00
-1.765217699282364827e-01 6.901342655577713536e-01 -1.707235055169890048e+00 -1.194505592395708748e-02 -1.233720555834775023e+00 1.535048076587273380e+00
-1.777926563503337554e-01 6.857467150705354175e-01 -1.708290555342885986e+00 -1.237121248409477417e-02 -1.239372155918940566e+00 1.534952934771858013e+00
-1.790794124999585402e-01 6.813227892586626311e-01 -1.709292715885662561e+00 -1.280117715771938655e-02 -1.245063533349876739e+00 1.534862363553143538e+00
-1.803818610892987950e-01 6.768625476070814218e-01 -1.710242722695928697e+00 -1.323491551574484254e-02 -1.250794423112564058e+00 1.534776456406335310e+00
-1.816998240293111744e-01 6.723660487312108636e-01 -1.711141760580240145e+00 -1.367239200818391731e-02 -1.256564561066306096e+00 1.534695306406339554e+00
-1.830331226230553776e-01 6.678333504669893284e-01 -1.711991012097373144e+00 -1.411356995968262792e-02 -1.262373683951917958e+00 1.534619006226146665e+00
-1.843815777523717392e-01 6.632645099588049264e-01 -1.712791656455249445e+00 -1.455841156535941233e-02 -1.268221529399052638e+00 1.534547648135228259e+00
-1.857450100579356445e-01 6.586595837452096092e-01 -1.713544868460154857e+00 -1.500687788693415986e-02 -1.274107835933335320e+00 1.534481323997950675e+00
-1.871232401127288780e-01 6.540186278423136823e-01 -1.714251817516997844e+00 -1.545892884914937260e-02 -1.280032342983468130e+00 1.534420125272003110e+00
-1.885160885889761995e-01 6.493416978247686933e-01 -1.714913666679361626e+00 -1.591452323648870348e-02 -1.285994790888536521e+00 1.534364143006839987e+00
-1.899233764186002982e-01 6.446288489042570902e-01 -1.715531571748104334e+00 -1.637361869017560020e-02 -1.291994920905137123e+00 1.534313467842139289e+00
-1.913449249472555791e-01 6.398801360054244824e-01 -1.716106680417269992e+00 -1.683617170546889211e-02 -1.298032475214881742e+00 1.534268190006275567e+00
-1.927805560820057829e-01 6.350956138391938843e-01 -1.716640131466079300e+00 -1.730213762923244608e-02 -1.304107196931743484e+00 1.534228399314806701e+00
-1.942300924327162170e-01 6.302753369734177546e-01 -1.717133053995775427e+00 -1.777147065778227411e-02 -1.310218830109431964e+00 1.534194185168976210e+00
-1.956933574472357051e-01 6.254193599008321947e-01 -1.717586566710110674e+00 -1.824412383500429932e-02 -1.316367119748706793e+00 1.534165636554230439e+00
-1.971701755404483281e-01 6.205277371042839940e-01 -1.718001777238270966e+00 -1.872004905075296682e-02 -1.322551811805008137e+00 1.534142842038749510e+00
-1.986603722172784470e-01 6.156005231192163141e-01 -1.718379781499041359e+00 -1.919919703950336010e-02 -1.328772653195746445e+00 1.534125889771992712e+00
-2.001637741897368539e-01 6.106377725934013512e-01 -1.718721663105029718e+00 -1.968151737927504794e-02 -1.335029391807855514e+00 1.534114867483258982e+00
-2.016802094880992824e-01 6.056395403439196468e-01 -1.719028492805779074e+00 -2.016695849082072306e-02 -1.341321776505509877e+00 1.534109862480261377e+00
-2.032095075663117867e-01 6.006058814113928168e-01 -1.719301327968604243e+00 -2.065546763706462702e-02 -1.347649557137702070e+00 1.534110961647715321e+00
-2.047514994017199108e-01 5.955368511114822461e-01 -1.719541212096014293e+00 -2.114699092279036241e-02 -1.354012484545766615e+00 1.534118251445941716e+00
-2.063060175892223458e-01 5.904325050836743971e-01 -1.719749174378580880e+00 -2.164147329458794219e-02 -1.360410310571219528e+00 1.534131817909483830e+00
-2.078728964299514648e-01 5.852928993373769373e-01 -1.719926229282231711e+00 -2.213885849061956318e-02 -1.366842786688903466e+00 1.534151746645737946e+00
-2.094519720145860409e-01 5.801180902953597673e-01 -1.720073376168775869e+00 -2.263908903632720626e-02 -1.373309663882994247e+00 1.534178122833598445e+00
-2.110430823014032009e-01 5.749081348345740361e-01 -1.720191598948571876e+00 -2.314210624561950647e-02 -1.379810692663222760e+00 1.534211031222116883e+00
-2.126460671891783338e-01 5.696630903243939947e-01 -1.720281865764263340e+00 -2.364785022239477424e-02 -1.386345623081248757e+00 1.534250556129174603e+00
-2.142607685850439481e-01 5.643830146623237676e-01 -1.720345128704526827e+00 -2.415625986240543810e-02 -1.392914204747378593e+00 1.534296781440169788e+00
-2.158870304674185281e-01 5.590679663072197769e-01 -1.720382323546793879e+00 -2.466727285544179776e-02 -1.399516186847097554e+00 1.534349790606718278e+00
-2.175246989441196599e-01 5.537180043100820015e-01 -1.720394369527921130e+00 -2.518082568785662279e-02 -1.406151318158062713e+00 1.534409666645368597e+00
-2.191736223057751676e-01 5.483331883424689135e-01 -1.720382169141805750e+00 -2.569685364542338701e-02 -1.412819347067433506e+00 1.534476492136330750e+00
-2.208336510746478076e-01 5.429135787225936038e-01 -1.720346607962953023e+00 -2.621529081650354753e-02 -1.419520021588934089e+00 1.534550349222219001e+00
-2.225046380489897058e-01 5.374592364391650445e-01 -1.720288554495024380e+00 -2.673607009554091613e-02 -1.426253089380217665e+00 1.534631319606808875e+00
-2.241864383430434982e-01 5.319702231730336628e-01 -1.720208860043416887e+00 -2.725912318688117342e-02 -1.433018297760555448e+00 1.534719484553807467e+00
-2.258789094228071392e-01 5.264466013167085068e-01 -1.720108358610935584e+00 -2.778438060890279365e-02 -1.439815393728555382e+00 1.534814924885638643e+00
-2.275819111376804482e-01 5.208884339918105066e-01 -1.719987866815639421e+00 -2.831177169845564695e-02 -1.446644123979885066e+00 1.534917720982241773e+00
-2.292953057481111057e-01 5.152957850645303317e-01 -1.719848183829962629e+00 -2.884122461562209361e-02 -1.453504234925497851e+00 1.535027952779883798e+00
-2.310189579493582279e-01 5.096687191591575683e-01 -1.719690091340229543e+00 -2.937266634876439103e-02 -1.460395472709448583e+00 1.535145699769985939e+00
-2.327527348914914529e-01 5.040073016697512731e-01 -1.719514353525700923e+00 -2.990602271989220573e-02 -1.467317583227320865e+00 1.535271040997964409e+00
-2.344965061957434427e-01 4.983115987700205141e-01 -1.719321717056304877e+00 -3.044121839030852761e-02 -1.474270312144207562e+00 1.535404055062083994e+00
-2.362501439673333481e-01 4.925816774214843430e-01 -1.719112911108230168e+00 -3.097817686657000635e-02 -1.481253404913338345e+00 1.535544820112327180e+00
-2.380135228048785856e-01 4.868176053799807557e-01 -1.718888647396569880e+00 -3.151682050672429541e-02 -1.488266606794411473e+00 1.535693413849275490e+00
-2.397865198065111947e-01 4.810194512005938616e-01 -1.718649620224230068e+00 -3.205707052686090908e-02 -1.495309662872761791e+00 1.535849913523005261e+00
-2.415690145728157379e-01 4.751872842410681530e-01 -1.718396506546333358e+00 -3.259884700792457096e-02 -1.502382318078030021e+00 1.536014395931997623e+00
-2.433608892067032348e-01 4.693211746637782622e-01 -1.718129966049358082e+00 -3.314206890281656825e-02 -1.509484317203165116e+00 1.536186937422062249e+00
-2.451620283103363163e-01 4.634211934363220986e-01 -1.717850641244285104e+00 -3.368665404376847139e-02 -1.516615404923422838e+00 1.536367613885273986e+00
-2.469723189792193407e-01 4.574874123308039220e-01 -1.717559157573038675e+00 -3.423251914998482609e-02 -1.523775325815381443e+00 1.536556500758924582e+00
-2.487916507935658550e-01 4.515199039218736332e-01 -1.717256123527519662e+00 -3.477957983556224236e-02 -1.530963824376303961e+00 1.536753673024487066e+00
-2.506199158070555044e-01 4.455187415835872855e-01 -1.716942130780551690e+00 -3.532775061765947716e-02 -1.538180645043234929e+00 1.536959205206594126e+00
-2.524570085330905544e-01 4.394839994851522658e-01 -1.716617754328083389e+00 -3.587694492493035542e-02 -1.545425532212295394e+00 1.537173171372031133e+00
-2.543028259286617687e-01 4.334157525856202620e-01 -1.716283552641998167e+00 -3.642707510622641282e-02 -1.552698230258515943e+00 1.537395645128741162e+00
-2.561572673759310859e-01 4.273140766275887459e-01 -1.715940067832909754e+00 -3.697805243953652260e-02 -1.559998483555376403e+00 1.537626699624845328e+00
-2.580202346616381481e-01 4.211790481299713118e-01 -1.715587825822334045e+00 -3.752978714116667752e-02 -1.567326036494272046e+00 1.537866407547675562e+00
-2.598916319544354314e-01 4.150107443798951579e-01 -1.715227336523646562e+00 -3.808218837516921113e-02 -1.574680633504321747e+00 1.538114841122821375e+00
-2.617713657802565042e-01 4.088092434237823314e-01 -1.714859094031252473e+00 -3.863516426300749734e-02 -1.582062019072247860e+00 1.538372072113191047e+00
-2.636593449958176683e-01 4.025746240576710822e-01 -1.714483576817411370e+00 -3.918862189345121566e-02 -1.589469937762322260e+00 1.538638171818084377e+00
-2.655554807603556777e-01 3.963069658168297815e-01 -1.714101247936183237e+00 -3.974246733269666543e-02 -1.596904134236359907e+00 1.538913211072281628e+00
-2.674596865056984019e-01 3.900063489647168646e-01 -1.713712555233965373e+00 -4.029660563470501000e-02 -1.604364353273693089e+00 1.539197260245143362e+00
-2.693718779047663547e-01 3.836728544813371444e-01 -1.713317931566115337e+00 -4.085094085175618173e-02 -1.611850339791206954e+00 1.539490389239725587e+00
-2.712919728385999596e-01 3.773065640510422369e-01 -1.712917795019173406e+00 -4.140537604521568604e-02 -1.619361838863511815e+00 1.539792667491907352e+00
-2.732198913620059733e-01 3.709075600498243919e-01 -1.712512549138208939e+00 -4.195981329651966851e-02 -1.626898595743599518e+00 1.540104163969532758e+00
-2.751555556679146086e-01 3.644759255321476932e-01 -1.712102583158835900e+00 -4.251415371832920759e-02 -1.634460355882580540e+00 1.540424947171564751e+00
-2.770988900505364505e-01 3.580117442173611497e-01 -1.711688272243446329e+00 -4.306829746591248065e-02 -1.642046864950552632e+00 1.540755085127253787e+00
-2.790498208674075387e-01 3.515151004757359754e-01 -1.711269977721242785e+00 -4.362214374869691214e-02 -1.649657868856919674e+00 1.541094645395319374e+00
-2.810082765004072725e-01 3.449860793141678039e-01 -1.710848047331651189e+00 -4.417559084201045511e-02 -1.657293113770954562e+00 1.541443695063144492e+00
-2.829741873158335697e-01 3.384247663615826962e-01 -1.710422815470722613e+00 -4.472853609899085647e-02 -1.664952346142086981e+00 1.541802300745983345e+00
-2.849474856236166032e-01 3.318312478540837995e-01 -1.709994603440136318e+00 -4.528087596268613041e-02 -1.672635312720891498e+00 1.542170528586182865e+00
-2.869281056357498860e-01 3.252056106198754071e-01 -1.709563719698438788e+00 -4.583250597830693107e-02 -1.680341760579646015e+00 1.542548444252416884e+00
-2.889159834240169755e-01 3.185479420639973913e-01 -1.709130460114162364e+00 -4.638332080564649268e-02 -1.688071437133190855e+00 1.542936112938933624e+00
-2.909110568770892913e-01 3.118583301529042062e-01 -1.708695108220483538e+00 -4.693321423164501655e-02 -1.695824090159484765e+00 1.543333599364816289e+00
-2.929132656570672122e-01 3.051368633989173240e-01 -1.708257935471096278e+00 -4.748207918310869136e-02 -1.703599467820420710e+00 1.543740967773256312e+00
-2.949225511555361168e-01 2.983836308445831920e-01 -1.707819201496979522e+00 -4.802980773957195304e-02 -1.711397318682712498e+00 1.544158281930840371e+00
-2.969388564492070892e-01 2.915987220469625774e-01 -1.707379154363765750e+00 -4.857629114629112566e-02 -1.719217391738649070e+00 1.544585605126850281e+00
-2.989621262552075720e-01 2.847822270618792784e-01 -1.706938030829415531e+00 -4.912141982736524526e-02 -1.727059436426762851e+00 1.545023000172574656e+00
-3.009923068860881346e-01 2.779342364281534028e-01 -1.706496056601924494e+00 -4.966508339898541291e-02 -1.734923202652698837e+00 1.545470529400635007e+00
-3.030293462046070863e-01 2.710548411518425294e-01 -1.706053446596792256e+00 -5.020717070805991861e-02 -1.742808441807229602e+00 1.545928254664324042e+00
-3.050731935783536075e-01 2.641441326905135112e-01 -1.705610405194013968e+00 -5.074756984375312918e-02 -1.750714906782653513e+00 1.546396237336956192e+00
-3.071237998342680742e-01 2.572022029375666818e-01 -1.705167126494345764e+00 -5.128616814903908666e-02 -1.758642351989283537e+00 1.546874538311232117e+00
-3.091811172131150309e-01 2.502291442066318927e-01 -1.704723794574628082e+00 -5.182285223226169163e-02 -1.766590533371974470e+00 1.547363217998614315e+00
-3.112450993239642694e-01 2.432250492160554778e-01 -1.704280583741934363e+00 -5.235750797870204754e-02 -1.774559208427016532e+00 1.547862336328716060e+00
-3.133157010987307478e-01 2.361900110734959091e-01 -1.703837658786351739e+00 -5.289002056213608360e-02 -1.782548136219008761e+00 1.548371952748702762e+00
-3.153928787468239237e-01 2.291241232606442413e-01 -1.703395175232187864e+00 -5.342027445635567917e-02 -1.790557077396822239e+00 1.548892126222705556e+00
-3.174765897099554035e-01 2.220274796180855548e-01 -1.702953279587422930e+00 -5.394815344669333379e-02 -1.798585794210674660e+00 1.549422915231246867e+00
-3.195667926171488760e-01 2.149001743303146084e-01 -1.702512109591234335e+00 -5.447354064151646580e-02 -1.806634050529218882e+00 1.549964377770677970e+00
-3.216634472399982903e-01 2.077423019109201352e-01 -1.702071794459420806e+00 -5.499631848368867482e-02 -1.814701611856853525e+00 1.550516571352629214e+00
-3.237665144482150259e-01 2.005539571879496608e-01 -1.701632455127568777e+00 -5.551636876198157156e-02 -1.822788245350841940e+00 1.551079553003471778e+00
-3.258759561655043546e-01 1.933352352894662785e-01 -1.701194204491818907e+00 -5.603357262244557102e-02 -1.830893719838988964e+00 1.551653379263791210e+00
-3.279917353258096080e-01 1.860862316293078189e-01 -1.700757147647090850e+00 -5.654781057971959568e-02 -1.839017805837306785e+00 1.552238106187872724e+00
-3.301138158299598002e-01 1.788070418930582939e-01 -1.700321382122631952e+00 -5.705896252825969073e-02 -1.847160275566980925e+00 1.552833789343198267e+00
-3.322421625027550673e-01 1.714977620242406076e-01 -1.699886998114781722e+00 -5.756690775350251088e-02 -1.855320902971787866e+00 1.553440483809955364e+00
-3.343767410505223969e-01 1.641584882107377519e-01 -1.699454078716825078e+00 -5.807152494295776679e-02 -1.863499463736139061e+00 1.554058244180556603e+00
-3.365175180191730675e-01 1.567893168714507013e-01 -1.699022700145835341e+00 -5.857269219720115383e-02 -1.871695735302616903e+00 1.554687124559171574e+00
-3.386644607527886652e-01 1.493903446431993354e-01 -1.698592931966411257e+00 -5.907028704078078063e-02 -1.879909496890155740e+00 1.555327178561269452e+00
-3.408175373527652652e-01 1.419616683678713853e-01 -1.698164837311210151e+00 -5.956418643300810667e-02 -1.888140529511625587e+00 1.555978459313172468e+00
-3.429767166375395360e-01 1.345033850798260655e-01 -1.697738473098202139e+00 -6.005426677864870999e-02 -1.896388615992203874e+00 1.556641019451621366e+00
-3.451419681029206377e-01 1.270155919935554989e-01 -1.697313890244565915e+00 -6.054040393847397172e-02 -1.904653540986514848e+00 1.557314911123351076e+00
-3.473132618830509499e-01 1.194983864916091543e-01 -1.696891133877157287e+00 -6.102247323971425608e-02 -1.912935090997753385e+00 1.558000185984677044e+00
-3.494905687120147264e-01 1.119518661127836268e-01 -1.696470243539484501e+00 -6.150034948635878240e-02 -1.921233054395701689e+00 1.558696895201093557e+00
-3.516738598861150478e-01 1.043761285405813144e-01 -1.696051253395143288e+00 -6.197390696930721310e-02 -1.929547221434321891e+00 1.559405089446881165e+00
-3.538631072268351163e-01 9.677127159194010009e-02 -1.695634192427646347e+00 -6.244301947638457306e-02 -1.937877384270430436e+00 1.560124818904726540e+00
-3.560582830445009339e-01 8.913739320623581541e-02 -1.695219084636615969e+00 -6.290756030219399331e-02 -1.946223336982210395e+00 1.560856133265350554e+00
-3.582593601026586860e-01 8.147459143455915154e-02 -1.694805949230297593e+00 -6.336740225780496116e-02 -1.954584875588009751e+00 1.561599081727149008e+00
-3.604663115831808762e-01 7.378296442926768339e-02 -1.694394800814357227e+00 -6.382241768026149231e-02 -1.962961798064714714e+00 1.562353712995841803e+00
-3.626791110521126460e-01 6.606261043381345122e-02 -1.693985649576928765e+00 -6.427247844191727455e-02 -1.971353904367199927e+00 1.563120075284133659e+00
-3.648977324262674959e-01 5.831362777284687660e-02 -1.693578501469905184e+00 -6.471745595956396313e-02 -1.979760996446092047e+00 1.563898216311383926e+00
-3.671221499405833422e-01 5.053611484259612485e-02 -1.693173358386444338e+00 -6.515722120337119616e-02 -1.988182878266522735e+00 1.564688183303286850e+00
-3.693523381162449049e-01 4.273017010152202477e-02 -1.692770218334672450e+00 -6.559164470562135751e-02 -1.996619355827085940e+00 1.565490022991561814e+00
-3.715882717295805882e-01 3.489589206124654730e-02 -1.692369075607580875e+00 -6.602059656922906750e-02 -2.005070237178769865e+00 1.566303781613653134e+00
-3.738299257817373489e-01 2.703337927775539828e-02 -1.691969920949112804e+00 -6.644394647603747706e-02 -2.013535332443744164e+00 1.567129504912439408e+00
-3.760772754691399378e-01 1.914273034287161668e-02 -1.691572741716431239e+00 -6.686156369488396867e-02 -2.022014453833960168e+00 1.567967238135952845e+00
-3.783302961547358456e-01 1.122404387599917897e-02 -1.691177522038380232e+00 -6.727331708943236344e-02 -2.030507415670857796e+00 1.568817026037107709e+00
-3.805889633400294514e-01 3.277418516134833482e-03 -1.690784242970138074e+00 -6.767907512575492557e-02 -2.039014034404535991e+00 1.569678912873437859e+00
-3.828532526379051504e-01 -4.697047085854277881e-03 -1.690392882644075057e+00 -6.807870587965902942e-02 -2.047534128632284123e+00 1.570552942406844510e+00
-3.851231397462409056e-01 -1.269925427469009716e-02 -1.690003416416828941e+00 -6.847207704375431192e-02 -2.056067519117890541e+00 1.571439157903352202e+00
-3.873986004223104462e-01 -2.072910439788211434e-02 -1.689615817012614762e+00 -6.885905593424918036e-02 -2.064614028810898727e+00 1.572337602132874324e+00
-3.896796104579725029e-01 -2.878649881266792665e-02 -1.689230054662787417e+00 -6.923950949746898731e-02 -2.073173482865855455e+00 1.573248317368987070e+00
-3.919661456556449153e-01 -3.687133889269900155e-02 -1.688846097241677890e+00 -6.961330431608826752e-02 -2.081745708661500771e+00 1.574171345388712950e+00
-3.942581818050598930e-01 -4.498352603447486331e-02 -1.688463910398736889e+00 -6.998030661507148587e-02 -2.090330535819325597e+00 1.575106727472312507e+00
-3.965556946607957656e-01 -5.312296166352881155e-02 -1.688083457687001188e+00 -7.034038226731158250e-02 -2.098927796223012621e+00 1.576054504403084922e+00
-3.988586599205813377e-01 -6.128954724036850266e-02 -1.687704700687922665e+00 -7.069339679896018136e-02 -2.107537324037512150e+00 1.577014716467176836e+00
-4.011670532043664084e-01 -6.948318426617561272e-02 -1.687327599132586675e+00 -7.103921539443884547e-02 -2.116158955728527413e+00 1.577987403453399606e+00
-4.034808500341514614e-01 -7.770377428826713562e-02 -1.686952111019357048e+00 -7.137770290112124827e-02 -2.124792530082425301e+00 1.578972604653055445e+00
-4.058000258145711969e-01 -8.595121890532397835e-02 -1.686578192727981707e+00 -7.170872383369245040e-02 -2.133437888224543055e+00 1.579970358859771329e+00
-4.081245558142229113e-01 -9.422541977238774180e-02 -1.686205799130194860e+00 -7.203214237815899756e-02 -2.142094873638944019e+00 1.580980704369340462e+00
-4.104544151477313996e-01 -1.025262786056333475e-01 -1.685834883696861297e+00 -7.234782239551201810e-02 -2.150763332187792365e+00 1.582003678979572614e+00
-4.127895787585426080e-01 -1.108536971869189536e-01 -1.685465398601702747e+00 -7.265562742503856031e-02 -2.159443112130293940e+00 1.583039319990152460e+00
-4.151300214024359336e-01 -1.192075773681182671e-01 -1.685097294821655156e+00 -7.295542068726379448e-02 -2.168134064142194006e+00 1.584087664202504131e+00
-4.174757176317455132e-01 -1.275878210752383612e-01 -1.684730522233859107e+00 -7.324706510028897166e-02 -2.176836040299429786e+00 1.585148747919665313e+00
-4.198266417802803963e-01 -1.359943303123301028e-01 -1.684365029709366857e+00 -7.353042328644876502e-02 -2.185548894092656180e+00 1.586222606946167790e+00
-4.221827679489320584e-01 -1.444270071651916343e-01 -1.684000765203606420e+00 -7.380535757874435998e-02 -2.194272480441461504e+00 1.587309276587925977e+00
-4.245440699919594829e-01 -1.528857538048726816e-01 -1.683637675843659975e+00 -7.407173002704756093e-02 -2.203006655708320771e+00 1.588408791652132779e+00
-4.269105215039381562e-01 -1.613704724909821309e-01 -1.683275708012403449e+00 -7.432940240407147348e-02 -2.211751277712289188e+00 1.589521186447162560e+00
-4.292820958073639837e-01 -1.698810655748035359e-01 -1.682914807429560788e+00 -7.457823621110194756e-02 -2.220506205742533989e+00 1.590646494782481879e+00
-4.316587659408980260e-01 -1.784174355022238867e-01 -1.682554919229719781e+00 -7.481809268348459108e-02 -2.229271300571721959e+00 1.591784749968567336e+00
-4.340405046482396223e-01 -1.869794848164787471e-01 -1.682195988037359591e+00 -7.504883279584390054e-02 -2.238046424470149454e+00 1.592935984816830963e+00
-4.364272843676166858e-01 -1.955671161607195341e-01 -1.681837958038952419e+00 -7.527031726704826176e-02 -2.246831441219503844e+00 1.594100231639552057e+00
-4.388190772218786284e-01 -2.041802322804069370e-01 -1.681480773052173028e+00 -7.548240656491352063e-02 -2.255626216126423333e+00 1.595277522249816560e+00
-4.412158550091803688e-01 -2.128187360255340277e-01 -1.681124376592288971e+00 -7.568496091063482700e-02 -2.264430616036099408e+00 1.596467887961463106e+00
-4.436175891942417682e-01 -2.214825303526852807e-01 -1.680768711935775039e+00 -7.587784028295989358e-02 -2.273244509345167419e+00 1.597671359589036832e+00
-4.460242509001721700e-01 -2.301715183269346099e-01 -1.680413722181210101e+00 -7.606090442206552005e-02 -2.282067766015284604e+00 1.598887967447748970e+00
-4.484358109008431681e-01 -2.388856031235875310e-01 -1.680059350307512522e+00 -7.623401283315936472e-02 -2.290900257586231170e+00 1.600117741353443979e+00
-4.508522396137979449e-01 -2.476246880297714448e-01 -1.679705539229557454e+00 -7.639702478978417644e-02 -2.299741857189235184e+00 1.601360710622573347e+00
-4.532735070936829702e-01 -2.563886764458791490e-01 -1.679352231851247268e+00 -7.654979933683364601e-02 -2.308592439559979947e+00 1.602616904072175608e+00
-4.556995830261866276e-01 -2.651774718868695757e-01 -1.678999371116074002e+00 -7.669219529327120366e-02 -2.317451881051464380e+00 1.603886350019863904e+00
-4.581304367224728891e-01 -2.739909779834299730e-01 -1.678646900055239977e+00 -7.682407125454107644e-02 -2.326320059646901139e+00 1.605169076283818885e+00
-4.605660371140940512e-01 -2.828290984830046373e-01 -1.678294761833388105e+00 -7.694528559466089213e-02 -2.335196854972793723e+00 1.606465110182789147e+00
-4.630063527483697650e-01 -2.916917372506933059e-01 -1.677942899791992959e+00 -7.705569646802384876e-02 -2.344082148311204872e+00 1.607774478536097895e+00
-4.654513517842167047e-01 -3.005787982700247607e-01 -1.677591257490471000e+00 -7.715516181086452818e-02 -2.352975822612489942e+00 1.609097207663654938e+00
-4.679010019884164429e-01 -3.094901856436100829e-01 -1.677239778745053700e+00 -7.724353934238790964e-02 -2.361877762508255429e+00 1.610433323385976889e+00
-4.703552707323057636e-01 -3.184258035936775588e-01 -1.676888407665496405e+00 -7.732068656558625797e-02 -2.370787854323737509e+00 1.611782851024211372e+00
-4.728141249888758724e-01 -3.273855564624970071e-01 -1.676537088689667110e+00 -7.738646076768967985e-02 -2.379705986090908443e+00 1.613145815400169658e+00
-4.752775313302673998e-01 -3.363693487126941939e-01 -1.676185766616061112e+00 -7.744071902030685850e-02 -2.388632047560697025e+00 1.614522240836363087e+00
-4.777454559256444355e-01 -3.453770849274622190e-01 -1.675834386634301509e+00 -7.748331817921626230e-02 -2.397565930215276975e+00 1.615912151156047694e+00
-4.802178645394372669e-01 -3.544086698106716504e-01 -1.675482894353682362e+00 -7.751411488380503811e-02 -2.406507527280346892e+00 1.617315569683273058e+00
-4.826947225299363931e-01 -3.634640081868862893e-01 -1.675131235829797838e+00 -7.753296555615557528e-02 -2.415456733737294304e+00 1.618732519242938261e+00
-4.851759948482263773e-01 -3.725430050012850103e-01 -1.674779357589311291e+00 -7.753972639976562664e-02 -2.424413446335438316e+00 1.620163022160853172e+00
-4.876616460374443296e-01 -3.816455653194967823e-01 -1.674427206652918887e+00 -7.753425339791387982e-02 -2.433377563603990268e+00 1.621607100263804835e+00
-4.901516402323510269e-01 -3.907715943273510906e-01 -1.674074730556552870e+00 -7.751640231165049522e-02 -2.442348985864078337e+00 1.623064774879631189e+00
-4.926459411591984638e-01 -3.999209973305482002e-01 -1.673721877370871081e+00 -7.748602867743938083e-02 -2.451327615240210811e+00 1.624536066837299009e+00
-4.951445121358837298e-01 -4.090936797542523706e-01 -1.673368595719096685e+00 -7.744298780438020613e-02 -2.460313355672506308e+00 1.626020996466987834e+00
-4.976473160723727807e-01 -4.182895471426131273e-01 -1.673014834793238759e+00 -7.738713477106043404e-02 -2.469306112928568275e+00 1.627519583600179676e+00
-5.001543154713836703e-01 -4.275085051582168116e-01 -1.672660544368755442e+00 -7.731832442206823530e-02 -2.478305794614419355e+00 1.629031847569753610e+00
-5.026654724293142529e-01 -4.367504595814726276e-01 -1.672305674817692323e+00 -7.723641136407706498e-02 -2.487312310186079234e+00 1.630557807210086363e+00
-5.051807486374026990e-01 -4.460153163099374041e-01 -1.671950177120356873e+00 -7.714124996154463065e-02 -2.496325570960893359e+00 1.632097480857157779e+00
-5.077001053831072808e-01 -4.553029813575815155e-01 -1.671594002875574914e+00 -7.703269433200231331e-02 -2.505345490128948249e+00 1.633650886348661846e+00
-5.102235035516941020e-01 -4.646133608539999571e-01 -1.671237104309563515e+00 -7.691059834093995351e-02 -2.514371982764407321e+00 1.635218041024122604e+00
-5.127509036280194499e-01 -4.739463610435721286e-01 -1.670879434283464082e+00 -7.677481559627920282e-02 -2.523404965836796077e+00 1.636798961725015156e+00
-5.152822656984946681e-01 -4.833018882845729891e-01 -1.670520946299586917e+00 -7.662519944247697667e-02 -2.532444358221543457e+00 1.638393664794892013e+00
-5.178175494532222256e-01 -4.926798490482404702e-01 -1.670161594506408775e+00 -7.646160295416441766e-02 -2.541490080711202637e+00 1.640002166079514323e+00
-5.203567141882907698e-01 -5.020801499177998117e-01 -1.669801333702355617e+00 -7.628387892935253878e-02 -2.550542056026734006e+00 1.641624480926987983e+00
-5.228997188082172842e-01 -5.115026975874503723e-01 -1.669440119338433171e+00 -7.609187988224812293e-02 -2.559600208828154866e+00 1.643260624187904195e+00
-5.254465218285253592e-01 -5.209473988613166906e-01 -1.669077907519721293e+00 -7.588545803566768000e-02 -2.568664465724741941e+00 1.644910610215486013e+00
-5.279970813784489181e-01 -5.304141606523673502e-01 -1.668714655005843372e+00 -7.566446531677421816e-02 -2.577734755234607267e+00 1.646574452865738225e+00
-5.305513552037489644e-01 -5.399028899813043125e-01 -1.668350319210385679e+00 -7.542875334888263228e-02 -2.586811007795829287e+00 1.648252165497602784e+00
-5.331093006696353553e-01 -5.494134939754253821e-01 -1.667984858199310194e+00 -7.517817344287283654e-02 -2.595893155776884065e+00 1.649943760973118456e+00
-5.356708747637805024e-01 -5.589458798674635798e-01 -1.667618230688392655e+00 -7.491257658816126430e-02 -2.604981133487025868e+00 1.651649251657585138e+00
-5.382360340994155612e-01 -5.684999549944043107e-01 -1.667250396039812399e+00 -7.463181345253414034e-02 -2.614074877071751235e+00 1.653368649419733050e+00
-5.408047349185007846e-01 -5.780756267962854356e-01 -1.666881314257923297e+00 -7.433573437832523279e-02 -2.623174324458944273e+00 1.655101965631895711e+00
-5.433769330949586029e-01 -5.876728028149804661e-01 -1.666510945984149838e+00 -7.402418937335626670e-02 -2.632279415368389053e+00 1.656849211170187353e+00
-5.459525841379616606e-01 -5.972913906929684380e-01 -1.666139252491068090e+00 -7.369702810141257054e-02 -2.641390091321663913e+00 1.658610396414685439e+00
-5.485316431952651506e-01 -6.069312981720929034e-01 -1.665766195675676409e+00 -7.335409987224603134e-02 -2.650506295652416355e+00 1.660385531249616742e+00
-5.511140650565748977e-01 -6.165924330923120422e-01 -1.665391738051899662e+00 -7.299525363120257238e-02 -2.659627973515826582e+00 1.662174625063547628e+00
-5.536998041569409779e-01 -6.262747033904438876e-01 -1.665015842742526564e+00 -7.262033796929379115e-02 -2.668755071670109835e+00 1.663977686749579021e+00
-5.562888145801705431e-01 -6.359780170989057790e-01 -1.664638473470440694e+00 -7.222920111358188677e-02 -2.677887538486037666e+00 1.665794724705545127e+00
-5.588810500622506394e-01 -6.457022823444529269e-01 -1.664259594549173160e+00 -7.182169091715319420e-02 -2.687025323956349965e+00 1.667625746834216605e+00
-5.614764639947726899e-01 -6.554474073469171991e-01 -1.663879170873421964e+00 -7.139765489830458833e-02 -2.696168379194134435e+00 1.669470760543507071e+00
-5.640750094283560889e-01 -6.652133004179461295e-01 -1.663497167909103736e+00 -7.095694024702629832e-02 -2.705316656305290390e+00 1.671329772746684705e+00
-5.666766390760643590e-01 -6.749998699597450358e-01 -1.663113551682820379e+00 -7.049939381855720166e-02 -2.714470108398336468e+00 1.673202789862586970e+00
-5.692813053168068738e-01 -6.848070244638237991e-01 -1.662728288771030183e+00 -7.002486215366218736e-02 -2.723628689330810815e+00 1.675089817815839766e+00
-5.718889601987192650e-01 -6.946346725097485297e-01 -1.662341346286653421e+00 -6.953319139410890637e-02 -2.732792354477537877e+00 1.676990862037080809e+00
-5.744995554424979778e-01 -7.044827227639067768e-01 -1.661952691867350840e+00 -6.902422735963026357e-02 -2.741961059912598753e+00 1.678905927463185899e+00
-5.771130424446999641e-01 -7.143510839782822863e-01 -1.661562293666172030e+00 -6.849781575357843932e-02 -2.751134760475447028e+00 1.680835018537501169e+00
-5.797293722810319405e-01 -7.242396649892317573e-01 -1.661170120341813883e+00 -6.795380217718986759e-02 -2.760313409738166968e+00 1.682778139210077128e+00
-5.823484957096203285e-01 -7.341483747162682594e-01 -1.660776141048758481e+00 -6.739203215054907770e-02 -2.769496959916643242e+00 1.684735292937909135e+00
-5.849703631742614318e-01 -7.440771221608430963e-01 -1.660380325425488079e+00 -6.681235115075218056e-02 -2.778685361639784190e+00 1.686706482685177644e+00
-5.875949248076297593e-01 -7.540258164051523160e-01 -1.659982643585636408e+00 -6.621460456495377456e-02 -2.787878564470326559e+00 1.688691710923497347e+00
-5.902221304344718034e-01 -7.639943666109390019e-01 -1.659583066109163063e+00 -6.559863783883872201e-02 -2.797076515732503932e+00 1.690690979632169633e+00
-5.928519295747836093e-01 -7.739826820183004497e-01 -1.659181564033454181e+00 -6.496429650460563976e-02 -2.806279160438864384e+00 1.692704290298441272e+00
-5.954842714461651143e-01 -7.839906719354192699e-01 -1.658778108842234644e+00 -6.431142612399841363e-02 -2.815486441918393368e+00 1.694731643917758879e+00
-5.981191049678595828e-01 -7.940182457476778755e-01 -1.658372672456647212e+00 -6.363987239887269887e-02 -2.824698301049742177e+00 1.696773040994053572e+00
-6.007563787638329211e-01 -8.040653129163326529e-01 -1.657965227222512050e+00 -6.294948122421138714e-02 -2.833914676012726730e+00 1.698828481540039181e+00
-6.033960411660891365e-01 -8.141317829806249406e-01 -1.657555745908401157e+00 -6.224009896893238636e-02 -2.843135500292516049e+00 1.700897965077568852e+00
-6.060380402183105364e-01 -8.242175655646484245e-01 -1.657144201704758846e+00 -6.151157256380074267e-02 -2.852360702321506736e+00 1.702981490638031170e+00
-6.086823236793458269e-01 -8.343225703805754456e-01 -1.656730568225084577e+00 -6.076374964684326530e-02 -2.861590204721134345e+00 1.705079056762783596e+00
-6.113288390273136086e-01 -8.444467072408510244e-01 -1.656314819506277569e+00 -5.999647856384580924e-02 -2.870823924682413875e+00 1.707190661503700913e+00
-6.139775334648869265e-01 -8.545898860817469078e-01 -1.655896930015221313e+00 -5.920960850232334649e-02 -2.880061773349014587e+00 1.709316302424032541e+00
-6.166283539190120511e-01 -8.647520170451277188e-01 -1.655476874652556774e+00 -5.840298958148908148e-02 -2.889303655603259191e+00 1.711455976599253859e+00
-6.192812470441455552e-01 -8.749330104771231298e-01 -1.655054628756371216e+00 -5.757647290845363530e-02 -2.898549470078132462e+00 1.713609680617915743e+00
-6.219361592359231583e-01 -8.851327772454640197e-01 -1.654630168108819799e+00 -5.672991074168057257e-02 -2.907799108512130193e+00 1.715777410583270823e+00
-6.245930366241950749e-01 -8.953512284595903647e-01 -1.654203468940205424e+00 -5.586315646132465618e-02 -2.917052456326117760e+00 1.717959162114216509e+00
-6.272518250765956038e-01 -9.055882754720177008e-01 -1.653774507933044813e+00 -5.497606462966518615e-02 -2.926309392631528006e+00 1.720154930346275535e+00
-6.299124702020894029e-01 -9.158438298779252307e-01 -1.653343262226128596e+00 -5.406849105141420253e-02 -2.935569790236903120e+00 1.722364709932546756e+00
-6.325749173546382220e-01 -9.261178035136812259e-01 -1.652909709419041917e+00 -5.314029299441597187e-02 -2.944833514612975378e+00 1.724588495044655723e+00
-6.352391116369709989e-01 -9.364101084553406729e-01 -1.652473827576672161e+00 -5.219132926029970698e-02 -2.954100423907394912e+00 1.726826279373704143e+00
-6.379049979044550955e-01 -9.467206570171160518e-01 -1.652035595233736887e+00 -5.122146025619719878e-02 -2.963370368958320178e+00 1.729078056131217123e+00
-6.405725207690706746e-01 -9.570493617498205818e-01 -1.651594991399321533e+00 -5.023054806732502042e-02 -2.972643193308249554e+00 1.731343818050091299e+00
-6.432416246034862173e-01 -9.673961354392837109e-01 -1.651151995561437547e+00 -4.921845653027529660e-02 -2.981918733219050210e+00 1.733623557385540526e+00
-6.459122535452372915e-01 -9.777608911047406259e-01 -1.650706587691611160e+00 -4.818505130725260488e-02 -2.991196817686661902e+00 1.735917265916042007e+00
-6.485843515010062399e-01 -9.881435419971944523e-01 -1.650258748249495255e+00 -4.713019996129253625e-02 -3.000477268455308710e+00 1.738224934944281763e+00
-6.512578621510053400e-01 -9.985440015977529171e-01 -1.649808458187532301e+00 -4.605377203214376658e-02 -3.009759900033161184e+00 1.740546555298099207e+00
-6.539327289534613286e-01 -1.008962183615938146e+00 -1.649355698955661254e+00 -4.495563911315216682e-02 -3.019044519707377638e+00 1.742882117331431724e+00
-6.566088951492039527e-01 -1.019398001987970703e+00 -1.648900452505964509e+00 -4.383567491940078970e-02 -3.028330927614674373e+00 1.745231610925260135e+00
-6.592863037663552195e-01 -1.029851370875028538e+00 -1.648442701297377022e+00 -4.269375536573400548e-02 -3.037618916757158782e+00 1.747595025488552167e+00
-6.619648976251218953e-01 -1.040322204661479955e+00 -1.647982428300429181e+00 -4.152975864565478653e-02 -3.046908273018296143e+00 1.749972349959208584e+00
-6.646446193426903681e-01 -1.050810417953092601e+00 -1.647519617002044745e+00 -4.034356531104716509e-02 -3.056198775179280513e+00 1.752363572805007319e+00
-6.673254113382239838e-01 -1.061315925575216701e+00 -1.647054251412507275e+00 -3.913505835513775982e-02 -3.065490194922660283e+00 1.754768682024549609e+00
-6.700072158379861698e-01 -1.071838642570938527e+00 -1.646586316070181688e+00 -3.790412326827356099e-02 -3.074782296987756958e+00 1.757187665148205902e+00
-6.726899748805651447e-01 -1.082378484199209678e+00 -1.646115796045322321e+00 -3.665064801422463631e-02 -3.084074839743118357e+00 1.759620509239062880e+00
-6.753736303221906656e-01 -1.092935365932956371e+00 -1.645642676943198657e+00 -3.537452301001702687e-02 -3.093367575708493966e+00 1.762067200893870700e+00
-6.780581238421348189e-01 -1.103509203457168075e+00 -1.645166944907251461e+00 -3.407564119788763363e-02 -3.102660251572098016e+00 1.764527726243991568e+00
-6.807433969481970770e-01 -1.114099912666969727e+00 -1.644688586622279569e+00 -3.275389821474067320e-02 -3.111952607714534302e+00 1.767002070956348314e+00
-6.834293909822737323e-01 -1.124707409665674840e+00 -1.644207589317473461e+00 -3.140919235877349946e-02 -3.121244378788701201e+00 1.769490220234375411e+00
-6.861160471260087101e-01 -1.135331610762820409e+00 -1.643723940763536673e+00 -3.004142447907739294e-02 -3.130535294650078626e+00 1.771992158818969543e+00
-6.888033064064638111e-01 -1.145972432472203151e+00 -1.643237629274387546e+00 -2.865049809253729374e-02 -3.139825080117766287e+00 1.774507870989441960e+00
-6.914911097018549002e-01 -1.156629791509900196e+00 -1.642748643708852541e+00 -2.723631945178692920e-02 -3.149113454991443017e+00 1.777037340564472601e+00
-6.941793977473539323e-01 -1.167303604792280014e+00 -1.642256973472187243e+00 -2.579879758287494107e-02 -3.158400134216043931e+00 1.779580550903064218e+00
-6.968681111409543716e-01 -1.177993789433999128e+00 -1.641762608517335131e+00 -2.433784430499127960e-02 -3.167684828124778917e+00 1.782137484905498725e+00
-6.995571903493968957e-01 -1.188700262745991720e+00 -1.641265539346197455e+00 -2.285337429612661203e-02 -3.176967242456769203e+00 1.784708125014294211e+00
-7.022465757141538312e-01 -1.199422942233446809e+00 -1.640765757010818948e+00 -2.134530518139446387e-02 -3.186247078272920863e+00 1.787292453215163279e+00
-7.049362074574729853e-01 -1.210161745593786753e+00 -1.640263253120187503e+00 -1.981355766084067979e-02 -3.195524031701079348e+00 1.789890451037982499e+00
-7.076260256885370525e-01 -1.220916590714602235e+00 -1.639758019851067061e+00 -1.825805466445511172e-02 -3.204797798069296100e+00 1.792502099557753636e+00
-7.103159704097850025e-01 -1.231687395671562379e+00 -1.639250049947327481e+00 -1.667872220204565797e-02 -3.214068068272545542e+00 1.795127379395568656e+00
-7.130059815232708820e-01 -1.242474078726321762e+00 -1.638739336719091000e+00 -1.507548924631926107e-02 -3.223334529597059905e+00 1.797766270719572956e+00
-7.156959988370565906e-01 -1.253276558324425638e+00 -1.638225874041271846e+00 -1.344828771896341285e-02 -3.232596866052594553e+00 1.800418753245930592e+00
-7.183859620716317451e-01 -1.264094753093216950e+00 -1.637709656349852105e+00 -1.179705237967338533e-02 -3.241854759102916539e+00 1.803084806239790616e+00
-7.210758108663352095e-01 -1.274928581839746444e+00 -1.637190678635961572e+00 -1.012172072822078994e-02 -3.251107888300354354e+00 1.805764408516252750e+00
-7.237654847862282637e-01 -1.285777963566757665e+00 -1.636668936439960031e+00 -8.422233052904699174e-03 -3.260355931273918983e+00 1.808457538441351931e+00
-7.264549233280095386e-01 -1.296642817448843799e+00 -1.636144425844667349e+00 -6.698532473913575147e-03 -3.269598563739290142e+00 1.811164173933027088e+00
-7.291440659263608293e-01 -1.307523062830391991e+00 -1.635617143475361468e+00 -4.950563874421375424e-03 -3.278835464048749593e+00 1.813884292462082160e+00
-7.318328519371463114e-01 -1.318418619245520285e+00 -1.635087086503656195e+00 -3.178274830807159210e-03 -3.288066309425809575e+00 1.816617871053373134e+00
-7.345212206691424939e-01 -1.329329406375407752e+00 -1.634554252637415273e+00 -1.381615574151432227e-03 -3.297290776284630187e+00 1.819364886287004879e+00
-7.372091113898228132e-01 -1.340255344031656248e+00 -1.634018640103348297e+00 4.394613979476456878e-04 -3.306508541863397710e+00 1.822125314299023913e+00
-7.398964633311486683e-01 -1.351196352146057267e+00 -1.633480247629290893e+00 2.285001218250259057e-03 -3.315719283881619184e+00 1.824899130782233536e+00
-7.425832156818655827e-01 -1.362152350806217216e+00 -1.632939074434553550e+00 4.155046724631696574e-03 -3.324922680942425934e+00 1.827686310988244189e+00
-7.452693076068376277e-01 -1.373123260193929829e+00 -1.632395120210735850e+00 6.049638416562606869e-03 -3.334118412379926788e+00 1.830486829728233067e+00
-7.479546783031767454e-01 -1.384109000727062222e+00 -1.631848385101803078e+00 7.968814458605873174e-03 -3.343306158574447462e+00 1.833300661375409701e+00
-7.506392669667535378e-01 -1.395109492894666792e+00 -1.631298869672839436e+00 9.912611112435919941e-03 -3.352485602353359795e+00 1.836127779863052867e+00
-7.533230127931123121e-01 -1.406124657177341808e+00 -1.630746574886014377e+00 1.188106246728049507e-02 -3.361656427981555506e+00 1.838968158684991971e+00
-7.560058549825040553e-01 -1.417154414038170662e+00 -1.630191502066915321e+00 1.387420060952746989e-02 -3.370818321805101103e+00 1.841821770895878174e+00
-7.586877327450063380e-01 -1.428198683918284972e+00 -1.629633652877688688e+00 1.589205554911477317e-02 -3.379970971983223826e+00 1.844688589111639132e+00
-7.613685853053964170e-01 -1.439257387235499897e+00 -1.629073029289614505e+00 1.793465522322909567e-02 -3.389114068509469835e+00 1.847568585509944850e+00
-7.640483519077397867e-01 -1.450330444383026274e+00 -1.628509633555079050e+00 2.000202549845336505e-02 -3.398247303225458538e+00 1.850461731830686407e+00
-7.667269718196844108e-01 -1.461417775728262258e+00 -1.627943468178792097e+00 2.209419020037421688e-02 -3.407370369928723886e+00 1.853367999376466235e+00
-7.694043843362667889e-01 -1.472519301608463005e+00 -1.627374535884899887e+00 2.421117125952202201e-02 -3.416482964874580919e+00 1.856287359012613214e+00
-7.720805287836683961e-01 -1.483634942331744311e+00 -1.626802839586563021e+00 2.635298857587383900e-02 -3.425584786291275829e+00 1.859219781167685381e+00
-7.747553445225227042e-01 -1.494764618176136706e+00 -1.626228382354899527e+00 2.851966001149612226e-02 -3.434675534351897319e+00 1.862165235833984855e+00
-7.774287709508829192e-01 -1.505908249388728359e+00 -1.625651167387213158e+00 3.071120139588447151e-02 -3.443754911189317092e+00 1.865123692568086078e+00
-7.801007475068385544e-01 -1.517065756184896363e+00 -1.625071197974474746e+00 3.292762653198581108e-02 -3.452822620911805362e+00 1.868095120491375161e+00
-7.827712136707697388e-01 -1.528237058747632160e+00 -1.624488477468016834e+00 3.516894720284279019e-02 -3.461878369619078466e+00 1.871079488290601667e+00
-7.854401089672278236e-01 -1.539422077226957120e+00 -1.623903009245425189e+00 3.743517317904810487e-02 -3.470921865419346108e+00 1.874076764218444158e+00
-7.881073729664304084e-01 -1.550620731739437597e+00 -1.623314796675588312e+00 3.972631222659536721e-02 -3.479952818445965157e+00 1.877086916094085955e+00
-7.907729452853572427e-01 -1.561832942367794574e+00 -1.622723843082886530e+00 4.204237011536376967e-02 -3.488970940874467352e+00 1.880109911303804449e+00
-7.934367655884358994e-01 -1.573058629160614119e+00 -1.622130151710468482e+00 4.438335062837137773e-02 -3.497975946940345526e+00 1.883145716801572833e+00
-7.960987735878026772e-01 -1.584297712132159086e+00 -1.621533725682621219e+00 4.674925557143914251e-02 -3.506967552956434808e+00 1.886194299109672956e+00
-7.987589090431261862e-01 -1.595550111262283854e+00 -1.620934567966173301e+00 4.914008478362685145e-02 -3.515945477331010149e+00 1.889255624319321036e+00
-8.014171117609794059e-01 -1.606815746496455199e+00 -1.620332681331292823e+00 5.155583540349097799e-02 -3.524909438326931710e+00 1.892329658091306044e+00
-8.040733215937500011e-01 -1.618094537745879746e+00 -1.619728068311238500e+00 5.399650185791259049e-02 -3.533859154104077582e+00 1.895416365656639401e+00
-8.067274784380747965e-01 -1.629386404887739337e+00 -1.619120731161074245e+00 5.646207585189936401e-02 -3.542794342763177173e+00 1.898515711817216900e+00
-8.093795222327827554e-01 -1.640691267765538308e+00 -1.618510671815299062e+00 5.895254635922204944e-02 -3.551714722390531431e+00 1.901627660946494380e+00
-8.120293929563314750e-01 -1.652009046189563124e+00 -1.617897891844358504e+00 6.146789961391706247e-02 -3.560620011103640348e+00 1.904752176990174073e+00
-8.146770306237218762e-01 -1.663339659937457915e+00 -1.617282392410020586e+00 6.400811910267864557e-02 -3.569509927097728408e+00 1.907889223466904260e+00
-8.173223752828737698e-01 -1.674683028754915037e+00 -1.616664174219572203e+00 6.657318555822158701e-02 -3.578384188693332746e+00 1.911038763468991819e+00
-8.199653670104470882e-01 -1.686039072356488200e+00 -1.616043237478807848e+00 6.916307695338227979e-02 -3.587242514384204828e+00 1.914200759663126306e+00
-8.226059459070911295e-01 -1.697407710426524607e+00 -1.615419581843792862e+00 7.177776849648849489e-02 -3.596084622886976501e+00 1.917375174291117146e+00
-8.252440520921049405e-01 -1.708788862620221893e+00 -1.614793206371349044e+00 7.441723262770423564e-02 -3.604910233191646274e+00 1.920561969170644145e+00
-8.278796256974909618e-01 -1.720182448564812061e+00 -1.614164109468267938e+00 7.708143901631224482e-02 -3.613719064612712195e+00 1.923761105696019547e+00
-8.305126068613842838e-01 -1.731588387860871103e+00 -1.613532288839202300e+00 7.977035455903196126e-02 -3.622510836841154713e+00 1.926972544838963630e+00
-8.331429357208387509e-01 -1.743006600083760071e+00 -1.612897741433191312e+00 8.248394337949896404e-02 -3.631285269997536425e+00 1.930196247149392308e+00
-8.357705524039520384e-01 -1.754437004785199816e+00 -1.612260463388800691e+00 8.522216682893206385e-02 -3.640042084686190282e+00 1.933432172756218703e+00
-8.383953970213093854e-01 -1.765879521494977178e+00 -1.611620449977876346e+00 8.798498348772258726e-02 -3.648781002049713784e+00 1.936680281368166723e+00
-8.410174096567278879e-01 -1.777334069722791510e+00 -1.610977695548510891e+00 9.077234900738070933e-02 -3.657501743404638184e+00 1.939940532274597729e+00
-8.436365303572879171e-01 -1.788800568960234427e+00 -1.610332193466565531e+00 9.358421610906554611e-02 -3.666204030299938577e+00 1.943212884346350311e+00
-8.462526991226331230e-01 -1.800278938682911223e+00 -1.609683936055710696e+00 9.642053458311150571e-02 -3.674887584575989408e+00 1.946497296036592939e+00
-8.488658558935174847e-01 -1.811769098352702612e+00 -1.609032914535950320e+00 9.928125128966830415e-02 -3.683552128424204319e+00 1.949793725381689713e+00
-8.514759405395795344e-01 -1.823270967420169475e+00 -1.608379118960622467e+00 1.021663101607732244e-01 -3.692197384448098418e+00 1.953102130002079440e+00
-8.540828928463225500e-01 -1.834784465327100600e+00 -1.607722538151837632e+00 1.050756522035325713e-01 -3.700823075724851030e+00 1.956422467103167140e+00
-8.566866525012795108e-01 -1.846309511509211410e+00 -1.607063159634346761e+00 1.080092155044808239e-01 -3.709428925867486626e+00 1.959754693476229992e+00
-8.592871590793413894e-01 -1.857846025398987022e+00 -1.606400969567812753e+00 1.109669352353475497e-01 -3.718014659088160201e+00 1.963098765499334819e+00
-8.618843520272274628e-01 -1.869393926428678521e+00 -1.605735952677453060e+00 1.139487436598275311e-01 -3.726580000261480397e+00 1.966454639138270899e+00
-8.644781706470742177e-01 -1.880953134033449770e+00 -1.605068092183055350e+00 1.169545701420396516e-01 -3.735124674989473981e+00 1.969822269947493876e+00
-8.670685540791227552e-01 -1.892523567654679217e+00 -1.604397369726331624e+00 1.199843411562162704e-01 -3.743648409666978427e+00 1.973201613071085214e+00
-8.696554412834801573e-01 -1.904105146743414911e+00 -1.603723765296596548e+00 1.230379802975067743e-01 -3.752150931547128199e+00 1.976592623243722979e+00
-8.722387710209333900e-01 -1.915697790763988939e+00 -1.603047257154770699e+00 1.261154082943177768e-01 -3.760631968807880199e+00 1.979995254791667714e+00
-8.748184818327928713e-01 -1.927301419197786858e+00 -1.602367821755670052e+00 1.292165430219711364e-01 -3.769091250618976652e+00 1.983409461633760529e+00
-8.773945120197416125e-01 -1.938915951547179217e+00 -1.601685433668569969e+00 1.323412995180522911e-01 -3.777528507210133668e+00 1.986835197282435184e+00
-8.799667996196682829e-01 -1.950541307339610286e+00 -1.601000065496070768e+00 1.354895899990514740e-01 -3.785943469939451855e+00 1.990272414844743931e+00
-8.825352823844592187e-01 -1.962177406131850654e+00 -1.600311687791196924e+00 1.386613238783668822e-01 -3.794335871362147561e+00 1.993721067023396465e+00
-8.850998977557275049e-01 -1.973824167514410588e+00 -1.599620268972786530e+00 1.418564077860487438e-01 -3.802705445300393894e+00 1.997181106117811966e+00
-8.876605828394547038e-01 -1.985481511116116371e+00 -1.598925775239112834e+00 1.450747455900030514e-01 -3.811051926913543664e+00 2.000652484025185807e+00
-8.902172743795218057e-01 -1.997149356608850512e+00 -1.598228170479753407e+00 1.483162384184735227e-01 -3.819375052768279044e+00 2.004135152241569351e+00
-8.927699087301061986e-01 -2.008827623712453381e+00 -1.597527416185706928e+00 1.515807846840585560e-01 -3.827674560909202217e+00 2.007629061862962416e+00
-8.953184218269205630e-01 -2.020516232199793372e+00 -1.596823471357744273e+00 1.548682801095879191e-01 -3.835950190930492720e+00 2.011134163586421053e+00
-8.978627491572700459e-01 -2.032215101901992504e+00 -1.596116292413008786e+00 1.581786177552730321e-01 -3.844201684047285461e+00 2.014650407711176872e+00
-9.004028257289047321e-01 -2.043924152713826992e+00 -1.595405833089868830e+00 1.615116880478105754e-01 -3.852428783168170057e+00 2.018177744139772578e+00
-9.029385860376429873e-01 -2.055643304599279908e+00 -1.594692044351023963e+00 1.648673788107606342e-01 -3.860631232967282500e+00 2.021716122379207725e+00
-9.054699640337432465e-01 -2.067372477597261948e+00 -1.593974874284866505e+00 1.682455752967443874e-01 -3.868808779957095823e+00 2.025265491542102225e+00
-9.079968930870001564e-01 -2.079111591827495609e+00 -1.593254268005142693e+00 1.716461602213460447e-01 -3.876961172561580682e+00 2.028825800347869190e+00
-9.105193059505427566e-01 -2.090860567496551248e+00 -1.592530167548883435e+00 1.750690137986105621e-01 -3.885088161189452549e+00 2.032396997123904203e+00
-9.130371347233109391e-01 -2.102619324904051901e+00 -1.591802511772650197e+00 1.785140137779400726e-01 -3.893189498307045415e+00 2.035979029806788354e+00
-9.155503108111888722e-01 -2.114387784449028196e+00 -1.591071236247116216e+00 1.819810354832140931e-01 -3.901264938512430724e+00 2.039571845943502826e+00
-9.180587648867716277e-01 -2.126165866636430479e+00 -1.590336273149979496e+00 1.854699518534085323e-01 -3.909314238609228553e+00 2.043175392692658576e+00
-9.205624268477433647e-01 -2.137953492083792817e+00 -1.589597551157256428e+00 1.889806334848677105e-01 -3.917337157680371718e+00 2.046789616825738900e+00
-9.230612257738466386e-01 -2.149750581528048876e+00 -1.588854995332963815e+00 1.925129486752574226e-01 -3.925333457161830353e+00 2.050414464728356645e+00
-9.255550898824188577e-01 -2.161557055832489915e+00 -1.588108527017265459e+00 1.960667634692533912e-01 -3.933302900916344047e+00 2.054049882401524307e+00
-9.280439464824780105e-01 -2.173372835993869323e+00 -1.587358063713061318e+00 1.996419417062940682e-01 -3.941245255307730844e+00 2.057695815462936562e+00
-9.305277219273355716e-01 -2.185197843149645713e+00 -1.586603518971097637e+00 2.032383450698804772e-01 -3.949160289274710856e+00 2.061352209148269221e+00
-9.330063415657166015e-01 -2.197031998585359247e+00 -1.585844802273620902e+00 2.068558331384930948e-01 -3.957047774404340412e+00 2.065019008312487969e+00
-9.354797296913691662e-01 -2.208875223742138516e+00 -1.585081818916625362e+00 2.104942634386332556e-01 -3.964907485005956911e+00 2.068696157431174409e+00
-9.379478094911430919e-01 -2.220727440224332661e+00 -1.584314469890730104e+00 2.141534914994834282e-01 -3.972739198184623621e+00 2.072383600601862774e+00
-9.404105029915202918e-01 -2.232588569807261614e+00 -1.583542651760765807e+00 2.178333709096329507e-01 -3.980542693914844943e+00 2.076081281545390844e+00
-9.428677310035801229e-01 -2.244458534445078257e+00 -1.582766256544109185e+00 2.215337533752736454e-01 -3.988317755113405472e+00 2.079789143607265078e+00
-9.453194130663826744e-01 -2.256337256278735381e+00 -1.581985171587845684e+00 2.252544887804393547e-01 -3.996064167712340520e+00 2.083507129759038623e+00
-9.477654673887545567e-01 -2.268224657644054787e+00 -1.581199279444809092e+00 2.289954252490883357e-01 -4.003781720731609539e+00 2.087235182599702199e+00
-9.502058107894626460e-01 -2.280120661079880762e+00 -1.580408457748548212e+00 2.327564092089852155e-01 -4.011470206351346768e+00 2.090973244357089644e+00
-9.526403586357615749e-01 -2.292025189336319713e+00 -1.579612579087326552e+00 2.365372854572648786e-01 -4.019129419983440421e+00 2.094721256889295002e+00
-9.550690247803024224e-01 -2.303938165383049075e+00 -1.578811510877226931e+00 2.403378972281544068e-01 -4.026759160343231336e+00 2.098479161686104710e+00
-9.574917214963909462e-01 -2.315859512417687505e+00 -1.578005115234443201e+00 2.441580862623417558e-01 -4.034359229520375401e+00 2.102246899870440888e+00
-9.599083594115843665e-01 -2.327789153874220140e+00 -1.577193248846840312e+00 2.479976928780764922e-01 -4.041929433048995435e+00 2.106024412199820617e+00
-9.623188474396178194e-01 -2.339727013431458502e+00 -1.576375762844993700e+00 2.518565560183390617e-01 -4.049469579933804297e+00 2.109811639067826317e+00
-9.647230927106530407e-01 -2.351673015021532365e+00 -1.575552502672705968e+00 2.557345133248105085e-01 -4.056979482719220265e+00 2.113608520505589006e+00
-9.671210004998432863e-01 -2.363627082838392290e+00 -1.574723307957061946e+00 2.596314012141293648e-01 -4.064458957558596097e+00 2.117414996183286213e+00
-9.695124741542084923e-01 -2.375589141346314825e+00 -1.573888012378179324e+00 2.635470549559900677e-01 -4.071907824282749111e+00 2.121231005411652770e+00
-9.718974150178159022e-01 -2.387559115288388156e+00 -1.573046443538999917e+00 2.674813086377987870e-01 -4.079325906279910541e+00 2.125056487143502704e+00
-9.742757223552687140e-01 -2.399536929694973786e+00 -1.572198422834976128e+00 2.714339952433736380e-01 -4.086713030564185445e+00 2.128891379975266673e+00
-9.766472932734998613e-01 -2.411522509892114918e+00 -1.571343765323835351e+00 2.754049467272217666e-01 -4.094069027833219465e+00 2.132735622148540955e+00
-9.790120226418731475e-01 -2.423515781509880895e+00 -1.570482279595486030e+00 2.793939940966209678e-01 -4.101393732534978298e+00 2.136589151551648857e+00
-9.813698030105940662e-01 -2.435516670490627256e+00 -1.569613767642277224e+00 2.834009674959455105e-01 -4.108686982934342424e+00 2.140451905721216352e+00
-9.837205245274348586e-01 -2.447525103097152765e+00 -1.568738024729772418e+00 2.874256962647795399e-01 -4.115948621135028240e+00 2.144323821843759692e+00
-9.860640748527816912e-01 -2.459541005920726775e+00 -1.567854839268133293e+00 2.914680090254780365e-01 -4.123178493145193357e+00 2.148204836757285907e+00
-9.884003390730116134e-01 -2.471564305888975355e+00 -1.566963992684268447e+00 2.955277337718381081e-01 -4.130376448940968892e+00 2.152094886952906627e+00
-9.907291996122106204e-01 -2.483594930273592460e+00 -1.566065259296071321e+00 2.996046976767040015e-01 -4.137542342098473824e+00 2.155993908576463891e+00
-9.930505361422587995e-01 -2.495632806697851258e+00 -1.565158406187739493e+00 3.036987271776344088e-01 -4.144676029859906130e+00 2.159901837430168836e+00
-9.953642254912983267e-01 -2.507677863143896957e+00 -1.564243193086537920e+00 3.078096479698824162e-01 -4.151777373057265130e+00 2.163818608974254154e+00
-9.976701415506029624e-01 -2.519730027959783847e+00 -1.563319372241043004e+00 3.119372851062994223e-01 -4.158846236197010882e+00 2.167744158328636761e+00
-9.999681551798698109e-01 -2.531789229866236113e+00 -1.562386688301003579e+00 3.160814630863688635e-01 -4.165882487524267930e+00 2.171678420274596011e+00
-1.002258134110954879e+00 -2.543855397963090681e+00 -1.561444878199087061e+00 3.202420059472306235e-01 -4.172885999086276776e+00 2.175621329256462566e+00
-1.004539942850078083e+00 -2.555928461735412327e+00 -1.560493671034594909e+00 3.244187373561221444e-01 -4.179856646794212871e+00 2.179572819383320148e+00
-1.006813442578524231e+00 -2.568008351059222427e+00 -1.559532787959773570e+00 3.286114805724621446e-01 -4.186794310294344790e+00 2.183532824430721497e+00
-1.009078491051876414e+00 -2.580094996206823588e+00 -1.558561942069313755e+00 3.328200581332951824e-01 -4.193698872449974857e+00 2.187501277842413661e+00
-1.011334942497820188e+00 -2.592188327851682850e+00 -1.557580838292571990e+00 3.370442919385002178e-01 -4.200570219407928185e+00 2.191478112732080152e+00
-1.013582647512558887e+00 -2.604288277072818403e+00 -1.556589173288352779e+00 3.412840027956572375e-01 -4.207408239905751302e+00 2.195463261885091111e+00
-1.015821452955873561e+00 -2.616394775358680036e+00 -1.555586635347804947e+00 3.455390100893949712e-01 -4.214212824779791866e+00 2.199456657760270772e+00
-1.018051201844929476e+00 -2.628507754610439839e+00 -1.554572904302156111e+00 3.498091314359524917e-01 -4.220983866473194013e+00 2.203458232491672941e+00
-1.020271733246893797e+00 -2.640627147144675391e+00 -1.553547651434357135e+00 3.540941827011818144e-01 -4.227721259060147396e+00 2.207467917890373776e+00
-1.022482882170417717e+00 -2.652752885695384144e+00 -1.552510539399875045e+00 3.583939773217991176e-01 -4.234424897327084381e+00 2.211485645446272574e+00
-1.024684479456095865e+00 -2.664884903415277506e+00 -1.551461222152777486e+00 3.627083262162298927e-01 -4.241094676683325737e+00 2.215511346329911202e+00
-1.026876351665958254e+00 -2.677023133877351135e+00 -1.550399344874041851e+00 3.670370372253266011e-01 -4.247730492451116113e+00 2.219544951394338383e+00
-1.029058320971758533e+00 -2.689167511087748430e+00 -1.549324543927581566e+00 3.713799138227271701e-01 -4.254332238223013540e+00 2.223586391177349686e+00
-1.031230205020048141e+00 -2.701317969581390699e+00 -1.548236446827632395e+00 3.757367546099981692e-01 -4.260899805320845779e+00 2.227635595903715515e+00
-1.033391816812214703e+00 -2.713474444454870849e+00 -1.547134672212556072e+00 3.801073532491248685e-01 -4.267433082843504977e+00 2.231692495487490824e+00
-1.035542964591017467e+00 -2.725636871362889124e+00 -1.546018829824402419e+00 3.844914984590759310e-01 -4.273931957796480496e+00 2.235757019534322154e+00
-1.037683451726842510e+00 -2.737805186513580402e+00 -1.544888520494543060e+00 3.888889740141655005e-01 -4.280396315221342896e+00 2.239829097343755127e+00
-1.039813076603758102e+00 -2.749979326662701062e+00 -1.543743336135748878e+00 3.932995587433296136e-01 -4.286826038324010213e+00 2.243908657911544147e+00
-1.041931632505457284e+00 -2.762159229106608826e+00 -1.542582859740989409e+00 3.977230265307985513e-01 -4.293221008602420063e+00 2.247995629931959449e+00
-1.044038907501176450e+00 -2.774344831673970724e+00 -1.541406665389300157e+00 4.021591463182087600e-01 -4.299581105973643069e+00 2.252089941800098583e+00
-1.046134684331689657e+00 -2.786536072716146784e+00 -1.540214318259067738e+00 4.066076821077329040e-01 -4.305906208899893173e+00 2.256191521614194340e+00
-1.048218740295471685e+00 -2.798732891096176623e+00 -1.539005374649162095e+00 4.110683929662917180e-01 -4.312196194513522762e+00 2.260300297177928019e+00
-1.050290847135142203e+00 -2.810935226176315638e+00 -1.537779382008144680e+00 4.155410330314370793e-01 -4.318450938741716705e+00 2.264416196002741355e+00
-1.052350770924293188e+00 -2.823143017804039978e+00 -1.536535878972049574e+00 4.200253515178418717e-01 -4.324670316429576999e+00 2.268539145310150218e+00
-1.054398271954821720e+00 -2.835356206296464343e+00 -1.535274395411040604e+00 4.245210927247576316e-01 -4.330854201462049247e+00 2.272669072034061433e+00
-1.056433104624879826e+00 -2.847574732423096222e+00 -1.533994452485357263e+00 4.290279960445866902e-01 -4.337002466884883667e+00 2.276805902823089145e+00
-1.058455017327574632e+00 -2.859798537386852857e+00 -1.532695562710954640e+00 4.335457959716991216e-01 -4.343114985023606600e+00 2.280949564042875188e+00
-1.060463752340542465e+00 -2.872027562803280532e+00 -1.531377230035206205e+00 4.380742221122340130e-01 -4.349191627601409316e+00 2.285099981778411671e+00
-1.062459045716536821e+00 -2.884261750677885594e+00 -1.530038949923123948e+00 4.426129991943426045e-01 -4.355232265855341289e+00 2.289257081836364005e+00
-1.064440627175171183e+00 -2.896501043381515927e+00 -1.528680209454447825e+00 4.471618470793034539e-01 -4.361236770651332861e+00 2.293420789747398381e+00
-1.066408219995962359e+00 -2.908745383623704051e+00 -1.527300487432077025e+00 4.517204807722915438e-01 -4.367205012596676816e+00 2.297591030768512343e+00
-1.068361540912829755e+00 -2.920994714423908789e+00 -1.525899254502253610e+00 4.562886104335111548e-01 -4.373136862150848181e+00 2.301767729885367153e+00
-1.070300300010207595e+00 -2.933248979080564034e+00 -1.524475973286940844e+00 4.608659413888027134e-01 -4.379032189733711888e+00 2.305950811814622803e+00
-1.072224200620938372e+00 -2.945508121137861757e+00 -1.523030098528834309e+00 4.654521741400868828e-01 -4.384890865831601481e+00 2.310140201006278371e+00
-1.074132939226116301e+00 -2.957772084350191122e+00 -1.521561077249458105e+00 4.700470043752335014e-01 -4.390712761100877159e+00 2.314335821646014590e+00
-1.076026205357060173e+00 -2.970040812644148431e+00 -1.520068348920813550e+00 4.746501229774137687e-01 -4.396497746469125723e+00 2.318537597657540417e+00
-1.077903681499600141e+00 -2.982314250078043294e+00 -1.518551345652738194e+00 4.792612148654130100e-01 -4.402245691974046693e+00 2.322745452704944036e+00
-1.079765043000892044e+00 -2.994592340798811314e+00 -1.517009492394750581e+00 4.838799589781621613e-01 -4.407956466877061885e+00 2.326959310195046093e+00
-1.081609957978953540e+00 -3.006875028996257804e+00 -1.515442207152816856e+00 4.885060282572331603e-01 -4.413629939773440647e+00 2.331179093279760028e+00
-1.083438087235132130e+00 -3.019162258854554359e+00 -1.513848901221567900e+00 4.931390896272200286e-01 -4.419265978699024267e+00 2.335404724858454184e+00
-1.085249084169711997e+00 -3.031453974500904813e+00 -1.512228979432371334e+00 4.977788039734505343e-01 -4.424864451233109008e+00 2.339636127580321467e+00
-1.087042594700881271e+00 -3.043750119951299737e+00 -1.510581840417769550e+00 5.024248261168859919e-01 -4.430425224597526856e+00 2.343873223846750786e+00
-1.088818257187285088e+00 -3.056050639053298212e+00 -1.508906876892790239e+00 5.070768047858874583e-01 -4.435948165751767647e+00 2.348115935813706479e+00
-1.090575702354395826e+00 -3.068355475425740941e+00 -1.507203475953582394e+00 5.117343825830686921e-01 -4.441433141482525215e+00 2.352364185394110407e+00
-1.092314553224943863e+00 -3.080664572395336975e+00 -1.505471019393916254e+00 5.163971959487204666e-01 -4.446880018489452802e+00 2.356617894260232937e+00
-1.094034425053652670e+00 -3.092977872930046779e+00 -1.503708884040009464e+00 5.210648751183322158e-01 -4.452288663464831764e+00 2.360876983846085242e+00
-1.095734925266537596e+00 -3.105295319569194135e+00 -1.501916442104188620e+00 5.257370440749438156e-01 -4.457658943168211430e+00 2.365141375349821828e+00
-1.097415653405029223e+00 -3.117616854350239386e+00 -1.500093061557888907e+00 5.304133204954224468e-01 -4.462990724495402795e+00 2.369410989736145723e+00
-1.099076201075190662e+00 -3.129942418732156284e+00 -1.498238106524488078e+00 5.350933156892778708e-01 -4.468283874540771805e+00 2.373685747738722096e+00
-1.100716151902308981e+00 -3.142271953515353822e+00 -1.496350937692507266e+00 5.397766345306297397e-01 -4.473538260653808329e+00 2.377965569862597217e+00
-1.102335081491146784e+00 -3.154605398758083545e+00 -1.494430912749675322e+00 5.444628753818299138e-01 -4.478753750488871255e+00 2.382250376386624957e+00
-1.103932557392145020e+00 -3.166942693689287935e+00 -1.492477386838281905e+00 5.491516300088605806e-01 -4.483930212048607977e+00 2.386540087365898177e+00
-1.105508139073882345e+00 -3.179283776617850776e+00 -1.490489713032416841e+00 5.538424834865206536e-01 -4.489067513719574798e+00 2.390834622634189888e+00
-1.107061377902096355e+00 -3.191628584838198890e+00 -1.488467242837554938e+00 5.585350140949429942e-01 -4.494165524301959813e+00 2.395133901806398846e+00
-1.108591817125587076e+00 -3.203977054532240132e+00 -1.486409326712973211e+00 5.632287932045821899e-01 -4.499224113031147887e+00 2.399437844281003596e+00
-1.110098991869324925e+00 -3.216329120667598573e+00 -1.484315314617503434e+00 5.679233851513698639e-01 -4.504243149593190054e+00 2.403746369242525383e+00
-1.111582429135097083e+00 -3.228684716892140649e+00 -1.482184556579148715e+00 5.726183471005374948e-01 -4.509222504133247433e+00 2.408059395663995073e+00
-1.113041647810032897e+00 -3.241043775424777174e+00 -1.480016403288989979e+00 5.773132288990162619e-01 -4.514162047257391563e+00 2.412376842309431613e+00
-1.114476158683355811e+00 -3.253406226942550994e+00 -1.477810206719863295e+00 5.820075729158268318e-01 -4.519061650027718535e+00 2.416698627736326266e+00
-1.115885464471715549e+00 -3.265772000464005842e+00 -1.475565320770351851e+00 5.867009138717138583e-01 -4.523921183952381853e+00 2.421024670298135284e+00
-1.117269059853468249e+00 -3.278141023228874573e+00 -1.473281101934498460e+00 5.913927786559562971e-01 -4.528740520969139816e+00 2.425354888146781462e+00
-1.118626431512267816e+00 -3.290513220574104558e+00 -1.470956909997721551e+00 5.960826861328554216e-01 -4.533519533425112158e+00 2.429689199235162356e+00
-1.119957058190353294e+00 -3.302888515806270853e+00 -1.468592108759370296e+00 6.007701469368076364e-01 -4.538258094052178393e+00 2.434027521319668708e+00
-1.121260410751911518e+00 -3.315266830070433102e+00 -1.466186066782379394e+00 6.054546632568775788e-01 -4.542956075939224014e+00 2.438369771962710431e+00
-1.122535952256906722e+00 -3.327648082215504566e+00 -1.463738158170436954e+00 6.101357286111288580e-01 -4.547613352501830519e+00 2.442715868535252355e+00
-1.123783138045778562e+00 -3.340032188656216761e+00 -1.461247763373091146e+00 6.148128276130490066e-01 -4.552229797451725624e+00 2.447065728219357084e+00
-1.125001415835406915e+00 -3.352419063231780960e+00 -1.458714270019218606e+00 6.194854357292187697e-01 -4.556805284765528263e+00 2.451419268010736729e+00
-1.126190225826757763e+00 -3.364808617061361140e+00 -1.456137073779247615e+00 6.241530190087327679e-01 -4.561339688636966372e+00 2.455776404721316197e+00
-1.127349000824623415e+00 -3.377200758396487146e+00 -1.453515579256505319e+00 6.288150338293703179e-01 -4.565832883450523738e+00 2.460137054981800908e+00
-1.128477166369880047e+00 -3.389595392470567070e+00 -1.450849200908378656e+00 6.334709264133573381e-01 -4.570284743575191655e+00 2.464501135244258734e+00
-1.129574140884688660e+00 -3.401992421345654272e+00 -1.448137363997306748e+00 6.381201325643639510e-01 -4.574695143351233284e+00 2.468868561784705484e+00
-1.130639335831074677e+00 -3.414391743756666209e+00 -1.445379505571886325e+00 6.427620774052471564e-01 -4.579063957084525960e+00 2.473239250705704162e+00
-1.131672155883313824e+00 -3.426793254953261147e+00 -1.442575075478425672e+00 6.473961751176361412e-01 -4.583391059049204408e+00 2.477613117938969989e+00
-1.132671999114565953e+00 -3.439196846539601893e+00 -1.439723537403216236e+00 6.520218286858266987e-01 -4.587676323500347486e+00 2.481990079247985648e+00
-1.133638257198193333e+00 -3.451602406312259674e+00 -1.436824369945771007e+00 6.566384296471998727e-01 -4.591919624698146407e+00 2.486370050230625406e+00
-1.134570315624207515e+00 -3.464009818096531745e+00 -1.433877067723284160e+00 6.612453578503985074e-01 -4.596120836944121990e+00 2.490752946321786343e+00
-1.135467553931285067e+00 -3.476418961581474676e+00 -1.430881142506476467e+00 6.658419812249404268e-01 -4.600279834631795239e+00 2.495138682796030682e+00
-1.136329345954797621e+00 -3.488829712153974860e+00 -1.427836124387036998e+00 6.704276555632607826e-01 -4.604396492311988887e+00 2.499527174770235227e+00
-1.137155060091299186e+00 -3.501241940732209734e+00 -1.424741562976789222e+00 6.750017243172758974e-01 -4.608470684773744885e+00 2.503918337206248346e+00
-1.137944059579912182e+00 -3.513655513598872737e+00 -1.421597028638716509e+00 6.795635184130152107e-01 -4.612502287142830504e+00 2.508312084913555395e+00
-1.138695702801052478e+00 -3.526070292234570580e+00 -1.418402113749865912e+00 6.841123560838211493e-01 -4.616491174997411129e+00 2.512708332551952584e+00
-1.139409343592931778e+00 -3.538486133151818258e+00 -1.415156433996219043e+00 6.886475427243090586e-01 -4.620437224501688256e+00 2.517106994634227046e+00
-1.140084331586267874e+00 -3.550902887730100765e+00 -1.411859629699604879e+00 6.931683707675067030e-01 -4.624340312558389954e+00 2.521507985528844475e+00
-1.140720012557633334e+00 -3.563320402052490898e+00 -1.408511367176510598e+00 6.976741195860055589e-01 -4.628200316979755868e+00 2.525911219462642077e+00
-1.141315728801863161e+00 -3.575738516744338291e+00 -1.405111340128744724e+00 7.021640554194168438e-01 -4.632017116677701551e+00 2.530316610523529075e+00
-1.141870819523935099e+00 -3.588157066814588347e+00 -1.401659271065890389e+00 7.066374313280662234e-01 -4.635790591872059885e+00 2.534724072663190775e+00
-1.142384621250728705e+00 -3.600575881500312825e+00 -1.398154912759332236e+00 7.110934871758741727e-01 -4.639520624317969855e+00 2.539133519699799280e+00
-1.142856468263057312e+00 -3.612994784115065805e+00 -1.394598049727649558e+00 7.155314496428170079e-01 -4.643207097551567131e+00 2.543544865320726434e+00
-1.143285693048357254e+00 -3.625413591901710753e+00 -1.390988499753159635e+00 7.199505322677695052e-01 -4.646849897153426667e+00 2.547958023085261203e+00
-1.143671626774403594e+00 -3.637832115890401674e+00 -1.387326115429226459e+00 7.243499355219389368e-01 -4.650448911028807863e+00 2.552372906427328392e+00
-1.144013599784410085e+00 -3.650250160762428919e+00 -1.383610785738027316e+00 7.287288469138222258e-01 -4.654004029704223555e+00 2.556789428658209573e+00
-1.144310942113849983e+00 -3.662667524720668588e+00 -1.379842437658322929e+00 7.330864411276872827e-01 -4.657515146640547776e+00 2.561207502969264027e+00
-1.144562984029321884e+00 -3.675083999367422471e+00 -1.376021037802725777e+00 7.374218801944463220e-01 -4.660982158560769584e+00 2.565627042434648342e+00
-1.144769056589762135e+00 -3.687499369590442555e+00 -1.372146594083972326e+00 7.417343136956158212e-01 -4.664404965791733915e+00 2.570047960014035571e+00
-1.144928492230283590e+00 -3.699913413457994515e+00 -1.368219157409546138e+00 7.460228789996683485e-01 -4.667783472618324936e+00 2.574470168555329508e+00
-1.145040625368900056e+00 -3.712325902123820853e+00 -1.364238823403975509e+00 7.502867015316394550e-01 -4.671117587649577629e+00 2.578893580797374518e+00
-1.145104793036368918e+00 -3.724736599742907828e+00 -1.360205734158070889e+00 7.545248950760969908e-01 -4.674407224195713972e+00 2.583318109372659155e+00
-1.145120335529358435e+00 -3.737145263398990558e+00 -1.356120080004270090e+00 7.587365621133542737e-01 -4.677652300654970396e+00 2.587743666810012222e+00
-1.145086597087116242e+00 -3.749551643044748417e+00 -1.351982101317216189e+00 7.629207941871537502e-01 -4.680852740908084897e+00 2.592170165537288629e+00
-1.145002926591789816e+00 -3.761955481455684591e+00 -1.347792090338567839e+00 7.670766723048637603e-01 -4.684008474720123161e+00 2.596597517884042805e+00
-1.144868678292509268e+00 -3.774356514198693446e+00 -1.343550393025028544e+00 7.712032673693505203e-01 -4.687119438148162232e+00 2.601025636084190129e+00
-1.144683212553318619e+00 -3.786754469616360197e+00 -1.339257410918439639e+00 7.752996406424723652e-01 -4.690185573953869813e+00 2.605454432278651034e+00
-1.144445896624996850e+00 -3.799149068828040932e+00 -1.334913603036689711e+00 7.793648442371513552e-01 -4.693206832018252506e+00 2.609883818517976461e+00
-1.144156105440777393e+00 -3.811540025748807459e+00 -1.330519487784235233e+00 7.833979216394895140e-01 -4.696183169758641363e+00 2.614313706764954226e+00
-1.143813222435934085e+00 -3.823927047127346768e+00 -1.326075644880709170e+00 7.873979082596660461e-01 -4.699114552546358681e+00 2.618744008897191389e+00
-1.143416640391158312e+00 -3.836309832603926218e+00 -1.321582717306215349e+00 7.913638320104193769e-01 -4.702000954123588095e+00 2.623174636709669993e+00
-1.142965762299612331e+00 -3.848688074789547997e+00 -1.317041413261664129e+00 7.952947139113604180e-01 -4.704842357017734678e+00 2.627605501917274822e+00
-1.142460002257495111e+00 -3.861061459367410187e+00 -1.312452508142525343e+00 7.991895687183865338e-01 -4.707638752952210126e+00 2.632036516157289618e+00
-1.141898786377913755e+00 -3.873429665217824613e+00 -1.307816846524160193e+00 8.030474055765303154e-01 -4.710390143252094042e+00 2.636467590991857790e+00
-1.141281553727805598e+00 -3.885792364567711488e+00 -1.303135344156828523e+00 8.068672286952550676e-01 -4.713096539243581518e+00 2.640898637910404911e+00
-1.140607757287603885e+00 -3.898149223165808586e+00 -1.298408989968436567e+00 8.106480380436118516e-01 -4.715757962645281687e+00 2.645329568332019932e+00
-1.139876864933295320e+00 -3.910499900484717628e+00 -1.293638848072840020e+00 8.143888300644742673e-01 -4.718374445950544782e+00 2.649760293607791972e+00
-1.139088360440460912e+00 -3.922844049950900747e+00 -1.288826059781404076e+00 8.180885984065298100e-01 -4.720946032799713699e+00 2.654190725023098718e+00
-1.138241744509842501e+00 -3.935181319203710615e+00 -1.283971845615539342e+00 8.217463346722437834e-01 -4.723472778341025524e+00 2.658620773799842407e+00
-1.137336535813922245e+00 -3.947511350384539597e+00 -1.279077507317704754e+00 8.253610291785656861e-01 -4.725954749578199277e+00 2.663050351098629864e+00
-1.136372272063952193e+00 -3.959833780457113761e+00 -1.274144429858212302e+00 8.289316717295560633e-01 -4.728392025704125423e+00 2.667479368020893471e+00
-1.135348511096812008e+00 -3.972148241559948723e+00 -1.269174083435063993e+00 8.324572523987278094e-01 -4.730784698419391532e+00 2.671907735610949963e+00
-1.134264831981025123e+00 -3.984454361391924770e+00 -1.264168025463925371e+00 8.359367623193406649e-01 -4.733132872234688371e+00 2.676335364857991284e+00
-1.133120836141203513e+00 -3.996751763631902321e+00 -1.259127902555131184e+00 8.393691944810729444e-01 -4.735436664756314862e+00 2.680762166698004823e+00
-1.131916148500142549e+00 -4.009040068393238343e+00 -1.254055452474500898e+00 8.427535445306995054e-01 -4.737696206953644129e+00 2.685188052015620386e+00
-1.130650418637730192e+00 -4.021318892713996895e+00 -1.248952506084615610e+00 8.460888115744612525e-01 -4.739911643407543451e+00 2.689612931645879002e+00
-1.129323321965787885e+00 -4.033587851083590081e+00 -1.243820989262957255e+00 8.493739989812264524e-01 -4.742083132539511858e+00 2.694036716375920459e+00
-1.127934560917903895e+00 -4.045846556006492456e+00 -1.238662924793199283e+00 8.526081151845925632e-01 -4.744210846820856808e+00 2.698459316946586473e+00
-1.126483866153276781e+00 -4.058094618603591996e+00 -1.233480434225725952e+00 8.557901744810069156e-01 -4.746294972960810377e+00 2.702880644053936798e+00
-1.124970997773643511e+00 -4.070331649251331285e+00 -1.228275739696233826e+00 8.589191996164776688e-01 -4.748335712915037199e+00 2.707300608350667659e+00
-1.123395746622801061e+00 -4.082557258157860858e+00 -1.223051165665235640e+00 8.619942283333450472e-01 -4.750333286658118048e+00 2.711719120447083853e+00
-1.121757935527585959e+00 -4.094771056080432459e+00 -1.217809140612156282e+00 8.650143149841845736e-01 -4.752287932528868275e+00 2.716136090911985601e+00
-1.120057420547889926e+00 -4.106972655081578161e+00 -1.212552198673032100e+00 8.679785305976632781e-01 -4.754199906836027445e+00 2.720551430273471905e+00
-1.118294092234408010e+00 -4.119161669324044261e+00 -1.207282981230535457e+00 8.708859665859708388e-01 -4.756069485098138649e+00 2.724965049019655972e+00
-1.116467876892959010e+00 -4.131337715904313868e+00 -1.202004238445690598e+00 8.737357355561039540e-01 -4.757896961908832267e+00 2.729376857599290940e+00
-1.114578737854116097e+00 -4.143500415724401975e+00 -1.196718830725979954e+00 8.765269721085020560e-01 -4.759682650781020818e+00 2.733786766422304559e+00
-1.112626676746861776e+00 -4.155649394401439878e+00 -1.191429730124069941e+00 8.792588336192952436e-01 -4.761426883968959523e+00 2.738194685860245059e+00
-1.110611734774962223e+00 -4.167784283214395202e+00 -1.186140021661256760e+00 8.819305010059885763e-01 -4.763130012268738334e+00 2.742600526246631976e+00
-1.108533993994733180e+00 -4.179904720087092684e+00 -1.180852904569427597e+00 8.845411794777181536e-01 -4.764792404798350312e+00 2.747004197877217724e+00
-1.106393578592866689e+00 -4.192010350606508062e+00 -1.175571693445027543e+00 8.870900992685399888e-01 -4.766414448757289257e+00 2.751405611010155461e+00
-1.104190656162969075e+00 -4.204100829075104073e+00 -1.170299819308191269e+00 8.895765163543546405e-01 -4.767996549166587883e+00 2.755804675866075915e+00
-1.101925438979472149e+00 -4.216175819595769703e+00 -1.165040830559943341e+00 8.919997131523828005e-01 -4.769539128589443955e+00 2.760201302628073616e+00
-1.099598185267568029e+00 -4.228234997187696464e+00 -1.159798393828986418e+00 8.943589996201392056e-01 -4.771042627000304570e+00 2.764595401441603428e+00
-1.097209200467827328e+00 -4.240278048931300781e+00 -1.154576294701130657e+00 8.966537140070847123e-01 -4.772507501494585469e+00 2.768986882414288697e+00
-1.094758838494173769e+00 -4.252304675140046619e+00 -1.149378438323261697e+00 8.988832234757582196e-01 -4.773934225934559628e+00 2.773375655615643254e+00
-1.092247502983915153e+00 -4.264314590556795181e+00 -1.144208849873191491e+00 9.010469247434074180e-01 -4.775323290593728842e+00 2.777761631076707260e+00
-1.089675648538545927e+00 -4.276307525572026869e+00 -1.139071674886421803e+00 9.031442447092508097e-01 -4.776675201785846703e+00 2.782144718789600901e+00
-1.087043781954070587e+00 -4.288283227461027636e+00 -1.133971179430218967e+00 9.051746410701955181e-01 -4.777990481480149043e+00 2.786524828706997692e+00
-1.084352463439619774e+00 -4.300241461636857387e+00 -1.128911750115039636e+00 9.071376029240741934e-01 -4.779269666902844271e+00 2.790901870741519630e+00
