-8.970959968833374099e-01 -4.422611854592480185e+00 -2.020923004495644992e-02 8.337463680911934016e-01 -4.482787621603709916e+00 -3.135601543224565191e+00
-8.970959968833374099e-01 -4.422611854592480185e+00 -2.020923004495644992e-02 8.337463680911934016e-01 -4.482787621603709916e+00 -3.135601543224565191e+00
-8.970667746853507873e-01 -4.422618784892250687e+00 -1.898534677895848816e-02 8.337213291031385642e-01 -4.482786795605754548e+00 -3.135554079862066246e+00
-8.970079563338102524e-01 -4.422632627565543650e+00 -1.659305987332557186e-02 8.336720793992236089e-01 -4.482785142300865111e+00 -3.135459336412773634e+00
-8.969191534736410398e-01 -4.422653258721302549e+00 -1.308656474750779890e-02 8.335994448844114002e-01 -4.482782663713069660e+00 -3.135317495910188157e+00
-8.967999656867529090e-01 -4.422680452447417920e+00 -8.518775048490112231e-03 8.335042490738953092e-01 -4.482779364948567213e+00 -3.135128741145833065e+00
-8.966499832831917871e-01 -4.422713884752563551e+00 -2.941326267069025065e-03 8.333873130711695332e-01 -4.482775253947540506e+00 -3.134893254669476992e+00
-8.964687904624718540e-01 -4.422753137523357303e+00 3.595419521213294618e-03 8.332494555466097852e-01 -4.482770341238611955e+00 -3.134611218789352005e+00
-8.962559687659934493e-01 -4.422797702513770801e+00 1.104236784613647424e-02 8.330914927164700945e-01 -4.482764639695972164e+00 -3.134282815572367653e+00
-8.960111007466498023e-01 -4.422846985382436813e+00 1.935168501802831190e-02 8.329142383222040147e-01 -4.482758164299156078e+00 -3.133908226844321909e+00
-8.957337737867731020e-01 -4.422900309791623741e+00 2.847679034081874311e-02 8.327185036100199778e-01 -4.482750931895493451e+00 -3.133487634190105009e+00
-8.954235840004751701e-01 -4.422956921579210388e+00 3.837234741411631178e-02 8.325050973105830865e-01 -4.482742960965222956e+00 -3.133021218953902842e+00
-8.950801401612515917e-01 -4.423015993012175073e+00 4.899425457404432693e-02 8.322748256187806337e-01 -4.482734271389283265e+00 -3.132509162239391021e+00
-8.947030676004320560e-01 -4.423076627127063176e+00 6.029963452113322464e-02 8.320284921734627526e-01 -4.482724884219781991e+00 -3.131951644909929833e+00
-8.942920120267207063e-01 -4.423137862159728151e+00 7.224682318214421806e-02 8.317668980370832577e-01 -4.482714821453140708e+00 -3.131348847588751205e+00
-8.938466432216694013e-01 -4.423198676063432977e+00 8.479535785129718728e-02 8.314908416751567444e-01 -4.482704105805933814e+00 -3.130700950659141224e+00
-8.933666585704871377e-01 -4.423257991111241516e+00 9.790596465499501466e-02 8.312011189354576723e-01 -4.482692760493407036e+00 -3.130008134264621322e+00
-8.928517863920957254e-01 -4.423314678575649417e+00 1.115405453827766902e-01 8.308985230268892686e-01 -4.482680809010700429e+00 -3.129270578309121031e+00
-8.923017890368125649e-01 -4.423367563475584241e+00 1.256621637258945046e-01 8.305838444979454227e-01 -4.482668274916756346e+00 -3.128488462457148511e+00
-8.917164657244399661e-01 -4.423415429378356301e+00 1.402350309635973236e-01 8.302578712146955198e-01 -4.482655181620945228e+00 -3.127661966133956639e+00
-8.910956550998855308e-01 -4.423457023241907926e+00 1.552244911359103585e-01 8.299213883382285939e-01 -4.482641552172386135e+00 -3.126791268525702439e+00
-8.904392374876783922e-01 -4.423491060280747789e+00 1.705970057404364859e-01 8.295751783014799763e-01 -4.482627409051986866e+00 -3.125876548579603842e+00
-8.897471368308962347e-01 -4.423516228837399922e+00 1.863201379894614540e-01 8.292200207853916982e-01 -4.482612773967200148e+00 -3.124917985004091570e+00
-8.890193223040271375e-01 -4.423531195239961633e+00 2.023625366624287325e-01 8.288566926943319313e-01 -4.482597667649502071e+00 -3.123915756268953459e+00
-8.882558095931578634e-01 -4.423534608625498521e+00 2.186939195876563824e-01 8.284859681307233936e-01 -4.482582109654602576e+00 -3.122870040605478348e+00
-8.874566618405674845e-01 -4.423525105708503879e+00 2.352850567860009789e-01 8.281086183688149971e-01 -4.482566118165387081e+00 -3.121781016006591969e+00
-8.866219902543063247e-01 -4.423501315473491680e+00 2.521077533080304800e-01 8.277254118275426675e-01 -4.482549709797607029e+00 -3.120648860226987509e+00
-8.857519543866142486e-01 -4.423461863770963731e+00 2.691348317951500202e-01 8.273371140424277126e-01 -4.482532899408308680e+00 -3.119473750783253951e+00
-8.848467620880837714e-01 -4.423405377796478355e+00 2.863401147940312086e-01 8.269444876364610009e-01 -4.482515699907030360e+00 -3.118255864953996426e+00
-8.839066691472623472e-01 -4.423330490433315276e+00 3.036984068526250025e-01 8.265482922899149987e-01 -4.482498122069752178e+00 -3.116995379779952557e+00
-8.829319786279220539e-01 -4.423235844440267961e+00 3.211854764249948979e-01 8.261492847090443625e-01 -4.482480174355623959e+00 -3.115692472064104823e+00
-8.819230399184775360e-01 -4.423120096467338058e+00 3.387780376111849123e-01 8.257482185936317887e-01 -4.482461862726472290e+00 -3.114347318371784468e+00
-8.808802475100040441e-01 -4.422981920883573892e+00 3.564537317573392428e-01 8.253458446033238305e-01 -4.482443190469092897e+00 -3.112960095030773200e+00
-8.798040395209965059e-01 -4.422820013402878558e+00 3.741911089403155422e-01 8.249429103227252646e-01 -4.482424158020345217e+00 -3.111530978131397340e+00
-8.786948959884076649e-01 -4.422633094495385109e+00 3.919696093600831266e-01 8.245401602252007134e-01 -4.482404762795047404e+00 -3.110060143526617082e+00
-8.775533369456194333e-01 -4.422419912573795742e+00 4.097695446622651172e-01 8.241383356353607637e-01 -4.482384999016699290e+00 -3.108547766832110870e+00
-8.763799203088430412e-01 -4.422179246946018161e+00 4.275720792122790215e-01 8.237381746901792923e-01 -4.482364857551021764e+00 -3.106994023426352225e+00
-8.751752395940118889e-01 -4.421909910527298315e+00 4.453592113416416920e-01 8.233404122987189044e-01 -4.482344325742341873e+00 -3.105399088450683465e+00
-8.739399214865479770e-01 -4.421610752307056025e+00 4.631137545861407356e-01 8.229457801004248507e-01 -4.482323387252826308e+00 -3.103763136809379652e+00
-8.726746232864531772e-01 -4.421280659567457860e+00 4.808193189347285679e-01 8.225550064219681046e-01 -4.482302021904571276e+00 -3.102086343169711657e+00
-8.713800302510277263e-01 -4.420918559852673901e+00 4.984602921071717430e-01 8.221688162325926363e-01 -4.482280205524574512e+00 -3.100368881961999001e+00
-8.700568528571521743e-01 -4.420523422689523585e+00 5.160218208776837789e-01 8.217879310979582241e-01 -4.482257909792584094e+00 -3.098610927379657820e+00
-8.687058240045244517e-01 -4.420094261061918495e+00 5.334897924609832698e-01 8.214130691324269540e-01 -4.482235102091853385e+00 -3.096812653379243052e+00
-8.673276961805230778e-01 -4.419630132643104226e+00 5.508508159764535783e-01 8.210449449498011809e-01 -4.482211745362802091e+00 -3.094974233680485298e+00
-8.659232386065013332e-01 -4.419130140791173389e+00 5.680922040053337785e-01 8.206842696124760916e-01 -4.482187797959608311e+00 -3.093095841766318355e+00
-8.644932343843245715e-01 -4.418593435314675411e+00 5.852019542551381015e-01 8.203317505789839981e-01 -4.482163213509736011e+00 -3.091177650882903194e+00
-8.630384776608620578e-01 -4.418019213016336266e+00 6.021687313447935397e-01 8.199880916499187045e-01 -4.482137940776417473e+00 -3.089219834039643064e+00
-8.615597708269604471e-01 -4.417406718024007084e+00 6.189818487232896516e-01 8.196539929122121926e-01 -4.482111923524108477e+00 -3.087222564009194592e+00
-8.600579217661705744e-01 -4.416755241918829178e+00 6.356312507339578755e-01 8.193301506817786128e-01 -4.482085100386922427e+00 -3.085186013327468668e+00
-8.585337411672022689e-01 -4.416064123671445962e+00 6.521074948358399626e-01 8.190172574444769538e-01 -4.482057404740068307e+00 -3.083110354293627786e+00
-8.569880399127491888e-01 -4.415332749397672174e+00 6.684017339929620993e-01 8.187160017954060454e-01 -4.482028764574303992e+00 -3.080995758970074494e+00
-8.554216265559838606e-01 -4.414560551945568179e+00 6.845056992417056785e-01 8.184270683765214605e-01 -4.481999102373418253e+00 -3.078842399182433631e+00
-8.538353048946797363e-01 -4.413747010326198428e+00 7.004116824458559432e-01 8.181511378125473355e-01 -4.481968334994762770e+00 -3.076650446519527460e+00
-8.522298716515936956e-01 -4.412891649000627581e+00 7.161125192483188684e-01 8.178888866451955453e-01 -4.481936373552855457e+00 -3.074420072333342357e+00
-8.506061142684403498e-01 -4.411994037035775307e+00 7.316015722279166633e-01 8.176409872656956734e-01 -4.481903123306054226e+00 -3.072151447738990182e+00
-8.489648088195331788e-01 -4.411053787141788085e+00 7.468727142691131693e-01 8.174081078456083560e-01 -4.481868483546342041e+00 -3.069844743614660310e+00
-8.473067180499540552e-01 -4.410070554603475301e+00 7.619203121519750876e-01 8.171909122659443137e-01 -4.481832347492224145e+00 -3.067500130601566788e+00
-8.456325895419563032e-01 -4.409044036118155319e+00 7.767392103691436178e-01 8.169900600445753058e-01 -4.481794602184761445e+00 -3.065117779103884832e+00
-8.439431540122167563e-01 -4.407973968551973876e+00 7.913247151760777198e-01 8.168062062619459995e-01 -4.481755128386756049e+00 -3.062697859288680657e+00
-8.422391237415182141e-01 -4.406860127626429424e+00 8.056725788803309474e-01 8.166400014850982991e-01 -4.481713800485112920e+00 -3.060240541085835542e+00
-8.405211911374985689e-01 -4.405702326546379943e+00 8.197789843751381866e-01 8.164920916900062497e-01 -4.481670486396390096e+00 -3.057745994187959671e+00
-8.387900274302102499e-01 -4.404500414580367895e+00 8.336405299221203435e-01 8.163631181822331717e-01 -4.481625047475553458e+00 -3.055214388050298879e+00
-8.370462814994380496e-01 -4.403254275603555534e+00 8.472542141874604971e-01 8.162537175159209069e-01 -4.481577338427967128e+00 -3.052645891890633401e+00
-8.352905788319826552e-01 -4.401963826613019215e+00 8.606174215354641666e-01 8.161645214111178381e-01 -4.481527207224623943e+00 -3.050040674689169062e+00
-8.335235206064690594e-01 -4.400629016224555379e+00 8.737279075829903485e-01 8.160961566694634461e-01 -4.481474495020647097e+00 -3.047398905188419604e+00
-8.317456829026524945e-01 -4.399249823159550488e+00 8.865837850178309720e-01 8.160492450882431692e-01 -4.481419036077071816e+00 -3.044720751893080113e+00
-8.299576160316892715e-01 -4.397826254729850781e+00 8.991835096837155206e-01 8.160244033728291102e-01 -4.481360657685934612e+00 -3.042006383069894682e+00
-8.281598439833952607e-01 -4.396358345327926465e+00 9.115258669342384268e-01 8.160222430475286837e-01 -4.481299180098684332e+00 -3.039255966747512083e+00
-8.263528639861468239e-01 -4.394846154929018311e+00 9.236099582576338118e-01 8.160433703648595216e-01 -4.481234416457935410e+00 -3.036469670716336111e+00
-8.245371461747669217e-01 -4.393289767611313401e+00 9.354351881739687569e-01 8.160883862132611855e-01 -4.481166172732580222e+00 -3.033647662528365707e+00
-8.227131333614888797e-01 -4.391689290099610510e+00 9.470012514059826803e-01 8.161578860232787669e-01 -4.481094247656288054e+00 -3.030790109497027096e+00
-8.208812409048987790e-01 -4.390044850337309512e+00 9.583081203244714352e-01 8.162524596722371406e-01 -4.481018432669398699e+00 -3.027897178696995706e+00
-8.190418566716137772e-01 -4.388356596091009365e+00 9.693560326687998829e-01 8.163726913874218560e-01 -4.480938511864234641e+00 -3.024969036964012314e+00
-8.171953410853625144e-01 -4.386624693591427260e+00 9.801454795428212741e-01 8.165191596478197367e-01 -4.480854261933854943e+00 -3.022005850894687207e+00
-8.153420272580794714e-01 -4.384849326213815068e+00 9.906771936861933359e-01 8.166924370844240721e-01 -4.480765452124257919e+00 -3.019007786846297225e+00
-8.134822211976195927e-01 -4.383030693200563377e+00 1.000952138020801296e+00 8.168930903791429277e-01 -4.480671844190066366e+00 -3.015975010936573941e+00
-8.116162020867216942e-01 -4.381169008428187794e+00 1.010971494471734289e+00 8.171216801623455428e-01 -4.480573192353696221e+00 -3.012907689043481607e+00
-8.097442226279070177e-01 -4.379264499220438367e+00 1.020736653062003674e+00 8.173787609090688022e-01 -4.480469243268045076e+00 -3.009805986804987121e+00
-8.078665094490851128e-01 -4.377317405208877688e+00 1.030249201279956228e+00 8.176648808339274099e-01 -4.480359735982703207e+00 -3.006670069618820218e+00
-8.059832635647473653e-01 -4.375327977241860289e+00 1.039510913718097562e+00 8.179805817847720650e-01 -4.480244401913711094e+00 -3.003500102642224778e+00
-8.040946608877600488e-01 -4.373296476342496852e+00 1.048523741981827184e+00 8.183263991351193978e-01 -4.480122964816880327e+00 -3.000296250791700814e+00
-8.022008527869167738e-01 -4.371223172715852812e+00 1.057289804866375249e+00 8.187028616753784238e-01 -4.479995140764696515e+00 -2.997058678742736681e+00
-8.003019666855721859e-01 -4.369108344805342270e+00 1.065811378800036513e+00 8.191104915029603362e-01 -4.479860638126813122e+00 -2.993787550929532859e+00
-7.983981066968548479e-01 -4.366952278397999265e+00 1.074090888551607170e+00 8.195498039112630861e-01 -4.479719157554161058e+00 -2.990483031544716397e+00
-7.964893542911404278e-01 -4.364755265778056170e+00 1.082130898199755498e+00 8.200213072775965895e-01 -4.479570391966688270e+00 -2.987145284539044265e+00
-7.945757689916581601e-01 -4.362517604928071613e+00 1.089934102361891366e+00 8.205255029500978514e-01 -4.479414026544734639e+00 -2.983774473621099599e+00
-7.926573890943003908e-01 -4.360239598776630920e+00 1.097503317679942025e+00 8.210628851337946621e-01 -4.479249738724049301e+00 -2.980370762256976835e+00
-7.907342324079010831e-01 -4.357921554491495542e+00 1.104841474560294579e+00 8.216339407756227953e-01 -4.479077198194498344e+00 -2.976934313669957977e+00
-7.888062970114557704e-01 -4.355563782816934904e+00 1.111951609165029220e+00 8.222391494488354713e-01 -4.478896066902406048e+00 -2.973465290840178632e+00
-7.868735620249471818e-01 -4.353166597453845377e+00 1.118836855651436535e+00 8.228789832363087031e-01 -4.478705999056646014e+00 -2.969963856504286071e+00
-7.849359883906483759e-01 -4.350730314481175753e+00 1.125500438656694024e+00 8.235539066130809216e-01 -4.478506641138425337e+00 -2.966430173155085726e+00
-7.829935196619636217e-01 -4.348255251817088940e+00 1.131945666024464225e+00 8.242643763281540803e-01 -4.478297631914807120e+00 -2.962864403041178818e+00
-7.810460827970643338e-01 -4.345741728718235386e+00 1.138175921770076426e+00 8.250108412856242968e-01 -4.478078602455958013e+00 -2.959266708166591098e+00
-7.790935889547625504e-01 -4.343190065315462256e+00 1.144194659280852289e+00 8.257937424251889924e-01 -4.477849176156135869e+00 -2.955637250290389151e+00
-7.771359342902481870e-01 -4.340600582184262812e+00 1.150005394748059295e+00 8.266135126020938140e-01 -4.477608968758437946e+00 -2.951976190926290489e+00
-7.751730007484912699e-01 -4.337973599948239389e+00 1.155611700826884913e+00 8.274705764665639673e-01 -4.477357588383303444e+00 -2.948283691342261204e+00
-7.732046568532841002e-01 -4.335309438913867552e+00 1.161017200520757520e+00 8.283653503427702569e-01 -4.477094635560792568e+00 -2.944559912560103854e+00
-7.712307584900564006e-01 -4.332608418734838374e+00 1.166225561286274193e+00 8.292982421074097665e-01 -4.476819703266638584e+00 -2.940805015355036023e+00
-7.692511496807595828e-01 -4.329870858104287734e+00 1.171240489354936187e+00 8.302696510679187236e-01 -4.476532376962092385e+00 -2.937019160255259997e+00
-7.672656633492628275e-01 -4.327097074473246430e+00 1.176065724267840062e+00 8.312799678404250159e-01 -4.476232234637549823e+00 -2.933202507541519566e+00
-7.652741220758452201e-01 -4.324287383793661732e+00 1.180705033619426914e+00 8.323295742274533504e-01 -4.475918846859982203e+00 -2.929355217246650156e+00
-7.632763388395081838e-01 -4.321442100284409449e+00 1.185162208006352635e+00 8.334188430954325710e-01 -4.475591776824174417e+00 -2.925477449155116094e+00
-7.612721177469568001e-01 -4.318561536218739505e+00 1.189441056177506395e+00 8.345481382520969493e-01 -4.475250580407769796e+00 -2.921569362802539871e+00
-7.592612547480455110e-01 -4.315646001732201142e+00 1.193545400380962462e+00 8.357178145826084092e-01 -4.474894806172471817e+00 -2.917631117475217195e+00
-7.572435383351118210e-01 -4.312695804648506659e+00 1.197479071904050674e+00 8.369282179250904230e-01 -4.474523995422855727e+00 -2.913662872209624055e+00
-7.552187502262324159e-01 -4.309711250322513898e+00 1.201245906802507646e+00 8.381796849459945964e-01 -4.474137682268974459e+00 -2.909664785791910901e+00
-7.531866660317003692e-01 -4.306692641498989893e+00 1.204849741814652653e+00 8.394725430154529322e-01 -4.473735393692762408e+00 -2.905637016757389279e+00
-7.511470559031130367e-01 -4.303640278185905998e+00 1.208294410456526968e+00 8.408071100826040034e-01 -4.473316649618251262e+00 -2.901579723390006027e+00
-7.490996851645512766e-01 -4.300554457541061915e+00 1.211583739293930151e+00 8.421836945509083572e-01 -4.472880962985615660e+00 -2.897493063721808593e+00
-7.470443149528365190e-01 -4.297435473786710425e+00 1.214721544378984053e+00 8.436026041098263484e-01 -4.472427837607550138e+00 -2.893377195532282453e+00
-7.449807028112189755e-01 -4.294283618119141721e+00 1.217711627855287304e+00 8.450641455446838979e-01 -4.471956768111152059e+00 -2.889232276347669881e+00
-7.429086032640865866e-01 -4.291099178628416055e+00 1.220557774727606626e+00 8.465686245431687240e-01 -4.471467239882427336e+00 -2.885058463440268728e+00
-7.408277683914554768e-01 -4.287882440237750892e+00 1.223263749786071664e+00 8.481163517578859112e-01 -4.470958727378405051e+00 -2.880855913827620629e+00
-7.387379483710805328e-01 -4.284633684643925911e+00 1.225833294684704367e+00 8.497076446174826048e-01 -4.470430693430502700e+00 -2.876624784271639701e+00
-7.366388919947814973e-01 -4.281353190261758535e+00 1.228270125172268967e+00 8.513428270530281061e-01 -4.469882589065234946e+00 -2.872365231277711484e+00
-7.345303471652516736e-01 -4.278041232175374020e+00 1.230577928471460858e+00 8.530222292178041288e-01 -4.469313853327120611e+00 -2.868077411093758577e+00
-7.324120613733468010e-01 -4.274698082095572893e+00 1.232760360802487964e+00 8.547461872006755224e-01 -4.468723913103938017e+00 -2.863761479709272972e+00
-7.302837821558949560e-01 -4.271324008322662458e+00 1.234821045047121979e+00 8.565150427333018124e-01 -4.468112182954487643e+00 -2.859417592854317292e+00
-7.281452575341100797e-01 -4.267919275714180394e+00 1.236763568549329895e+00 8.583291428915648114e-01 -4.467478064938948279e+00 -2.855045905998489175e+00
-7.259962364327332551e-01 -4.264484145656981973e+00 1.238591481048630039e+00 8.601888397916237494e-01 -4.466820948451917239e+00 -2.850646574349850582e+00
-7.238364690800582757e-01 -4.261018876043202397e+00 1.240308292742345664e+00 8.620944902810018240e-01 -4.466140210058206605e+00 -2.846219752853821117e+00
-7.216657073890313523e-01 -4.257523721249684812e+00 1.241917472472977124e+00 8.640464556249831674e-01 -4.465435213331481634e+00 -2.841765596192031840e+00
-7.194837053196434518e-01 -4.253998932120472531e+00 1.243422446036940521e+00 8.660451011884824357e-01 -4.464705308695887886e+00 -2.837284258781141322e+00
-7.172902192228601814e-01 -4.250444755952023534e+00 1.244826594610973780e+00 8.680907961133370598e-01 -4.463949833270834056e+00 -2.832775894771612624e+00
-7.150850081663585600e-01 -4.246861436480853236e+00 1.246133253292548648e+00 8.701839129908401915e-01 -4.463168110719184511e+00 -2.828240658046448086e+00
-7.128678342423587777e-01 -4.243249213873324877e+00 1.247345709750677489e+00 8.723248275292913023e-01 -4.462359451099100482e+00 -2.823678702219883707e+00
-7.106384629769392225e-01 -4.239608325477638218e+00 1.248467203066416120e+00 8.745140000954710890e-01 -4.461523123369762978e+00 -2.819090180642554788e+00
-7.083966634586599254e-01 -4.235939005047987926e+00 1.249500922603529407e+00 8.767518859055621894e-01 -4.460658383873498778e+00 -2.814475246400458097e+00
-7.061422085954698336e-01 -4.232241482739476979e+00 1.250450006979171302e+00 8.790389347479111715e-01 -4.459764476309374892e+00 -2.809834052313880282e+00
-7.038748753550633230e-01 -4.228515985104409403e+00 1.251317543131170495e+00 8.813755907029728887e-01 -4.458840631711790792e+00 -2.805166750936293862e+00
-7.015944449642854686e-01 -4.224762735080122233e+00 1.252106565488691592e+00 8.837622836227962964e-01 -4.457886071302343822e+00 -2.800473494553470388e+00
-6.993007031176907695e-01 -4.220981951987933911e+00 1.252820055232994001e+00 8.861994289504553368e-01 -4.456900006614998411e+00 -2.795754435182575826e+00
-6.969934401707315041e-01 -4.217173851533164708e+00 1.253460939645035577e+00 8.886874275403955359e-01 -4.455881639626365853e+00 -2.791009724571247297e+00
-6.946724513179791671e-01 -4.213338645806162575e+00 1.254032091536730897e+00 8.912266654798011167e-01 -4.454830162891083134e+00 -2.786239514196651612e+00
-6.923375367567917715e-01 -4.209476543284297101e+00 1.254536328762725361e+00 8.938175139110757783e-01 -4.453744759682266796e+00 -2.781443955264526924e+00
-6.899885018368421274e-01 -4.205587748834889616e+00 1.254976413809607561e+00 8.964603288555291760e-01 -4.452624604137036535e+00 -2.776623198708204399e+00
-6.876251571959284270e-01 -4.201672463719068773e+00 1.255355053459539905e+00 8.991554510383404919e-01 -4.451468861407096078e+00 -2.771777395187613013e+00
-6.852473188818106742e-01 -4.197730885596250516e+00 1.255674898525630523e+00 9.019032054962470291e-01 -4.450276687898750083e+00 -2.766906695088273249e+00
-6.828548084618604186e-01 -4.193763208529845521e+00 1.255938543655861439e+00 9.047039014087365771e-01 -4.449047231437109673e+00 -2.762011248520273909e+00
-6.804474531202691079e-01 -4.189769622993910758e+00 1.256148527202729737e+00 9.075578319309203223e-01 -4.447779631435265557e+00 -2.757091205317230731e+00
-6.780250857432389422e-01 -4.185750315880762074e+00 1.256307331155814389e+00 9.104652740281995449e-01 -4.446473019068388766e+00 -2.752146715035226787e+00
-6.755875449925835552e-01 -4.181705470509589517e+00 1.256417381134547817e+00 9.134264883128214718e-01 -4.445126517452735015e+00 -2.747177926951737792e+00
-6.731346753681619610e-01 -4.177635266636081646e+00 1.256481046438526539e+00 9.164417188823927862e-01 -4.443739241829530506e+00 -2.742184990064536976e+00
-6.706663272595678738e-01 -4.173539880463120966e+00 1.256500640152755643e+00 9.195111931605022271e-01 -4.442310299753684077e+00 -2.737168053090584863e+00
-6.681823569874925095e-01 -4.169419484652568286e+00 1.256478419305284033e+00 9.226351217394995752e-01 -4.440838791287308851e+00 -2.732127264464899952e+00
-6.656826268351772047e-01 -4.165274248338187491e+00 1.256416585074742187e+00 9.258136982255358305e-01 -4.439323809198016946e+00 -2.727062772339412522e+00
-6.631670050703663000e-01 -4.161104337139740039e+00 1.256317283045360833e+00 9.290470990859991396e-01 -4.437764439161935748e+00 -2.721974724581802896e+00
-6.606353659581672977e-01 -4.156909913178290061e+00 1.256182603507102646e+00 9.323354834992032547e-01 -4.436159759971493699e+00 -2.716863268774320606e+00
-6.580875897652204154e-01 -4.152691135092763552e+00 1.256014581798600371e+00 9.356789932068879656e-01 -4.434508843747758888e+00 -2.711728552212588017e+00
-6.555235627555715539e-01 -4.148448158057789215e+00 1.255815198690654944e+00 9.390777523693685236e-01 -4.432810756157373966e+00 -2.706570721904387522e+00
-6.529431771786399219e-01 -4.144181133802857353e+00 1.255586380808102254e+00 9.425318674234555161e-01 -4.431064556634034979e+00 -2.701389924568429635e+00
-6.503463312496646775e-01 -4.139890210632826140e+00 1.255330001087921143e+00 9.460414269432712020e-01 -4.429269298604460836e+00 -2.696186306633108209e+00
-6.477329291230036201e-01 -4.135575533449808106e+00 1.255047879271506517e+00 9.496065015040283663e-01 -4.427424029718801002e+00 -2.690960014235235676e+00
-6.451028808586585228e-01 -4.131237243776447521e+00 1.254741782429095620e+00 9.532271435488306466e-01 -4.425527792085460099e+00 -2.685711193218765391e+00
-6.424561023823842643e-01 -4.126875479780627742e+00 1.254413425514381730e+00 9.569033872586796274e-01 -4.423579622510231069e+00 -2.680439989133496237e+00
-6.397925154397408054e-01 -4.122490376301609416e+00 1.254064471947419879e+00 9.606352484257079105e-01 -4.421578552739720003e+00 -2.675146547233761662e+00
-6.371120475444304043e-01 -4.118082064877610193e+00 1.253696534223975201e+00 9.644227243297549546e-01 -4.419523609709000489e+00 -2.669831012477102750e+00
-6.344146319212624618e-01 -4.113650673774849942e+00 1.253311174549521567e+00 9.682657936184027037e-01 -4.417413815793407750e+00 -2.664493529522927062e+00
-6.317002074440734027e-01 -4.109196328018045463e+00 1.252909905496155885e+00 9.721644161905284021e-01 -4.415248189064447715e+00 -2.659134242731150177e+00
-6.289687185689262217e-01 -4.104719149422365376e+00 1.252494190680743191e+00 9.761185330835200347e-01 -4.413025743549714441e+00 -2.653753296160825226e+00
-6.262201152628996681e-01 -4.100219256626833619e+00 1.252065445462661630e+00 9.801280663642022439e-01 -4.410745489496775029e+00 -2.648350833568755114e+00
-6.234543529287752683e-01 -4.095696765129170913e+00 1.251625037659569450e+00 9.841929190235553238e-01 -4.408406433640965183e+00 -2.642926998408091865e+00
-6.206713923259168375e-01 -4.091151787322067079e+00 1.251174288279671920e+00 9.883129748753767263e-01 -4.406007579476982627e+00 -2.637481933826920866e+00
-6.178711994876280311e-01 -4.086584432530852240e+00 1.250714472269008448e+00 9.924880984589118382e-01 -4.403547927534242845e+00 -2.632015782666832227e+00
-6.150537456352699328e-01 -4.081994807052552687e+00 1.250246819272338605e+00 9.967181349455775941e-01 -4.401026475655908321e+00 -2.626528687461477052e+00
-6.122190070894051317e-01 -4.077383014196304778e+00 1.249772514406249480e+00 1.001002910049850092e+00 -4.398442219281514909e+00 -2.621020790435109937e+00
-6.093669651782307461e-01 -4.072749154325085108e+00 1.249292699043158761e+00 1.005342229944394816e+00 -4.395794151733131372e+00 -2.615492233501120367e+00
-6.064976061435514154e-01 -4.068093324898737428e+00 1.248808471604937020e+00 1.009735881179554706e+00 -4.393081264504941075e+00 -2.609943158260549456e+00
-6.036109210445370632e-01 -4.063415620518243898e+00 1.248320888364910841e+00 1.014183630607191855e+00 -4.390302547556235169e+00 -2.604373706000594257e+00
-6.007069056594971368e-01 -4.058716132971203372e+00 1.247830964257068409e+00 1.018685225309117648e+00 -4.387456989607619207e+00 -2.598784017693099191e+00
-5.977855603859008049e-01 -4.053994951278476755e+00 1.247339673691322925e+00 1.023240392530109233e+00 -4.384543578440423417e+00 -2.593174233993036371e+00
-5.948468901388557217e-01 -4.049252161741940803e+00 1.246847951373739827e+00 1.027848839615573162e+00 -4.381561301199215386e+00 -2.587544495236974829e+00
-5.918909042482589644e-01 -4.044487847993312180e+00 1.246356693130673987e+00 1.032510253953973667e+00 -4.378509144697314781e+00 -2.581894941441536417e+00
-5.889176163548157650e-01 -4.039702091043976040e+00 1.245866756735809266e+00 1.037224302924098396e+00 -4.375386095725229296e+00 -2.576225712301840609e+00
-5.859270443051225463e-01 -4.034894969335771187e+00 1.245378962739131623e+00 1.041990633847196257e+00 -4.372191141361918554e+00 -2.570536947189940413e+00
-5.829192100459941184e-01 -4.030066558792674059e+00 1.244894095296908532e+00 1.046808873944141682e+00 -4.368923269288774947e+00 -2.564828785153247193e+00
-5.798941395182130032e-01 -4.025216932873318498e+00 1.244412903001788528e+00 1.051678630297616879e+00 -4.365581468106241481e+00 -2.559101364912945709e+00
-5.768518625498684216e-01 -4.020346162624293562e+00 1.243936099712172227e+00 1.056599489819400883e+00 -4.362164727652987573e+00 -2.553354824862398065e+00
-5.737924127494447024e-01 -4.015454316734158979e+00 1.243464365380049230e+00 1.061571019222840695e+00 -4.358672039327516678e+00 -2.547589303065538768e+00
-5.707158273988128805e-01 -4.010541461588103651e+00 1.242998346876526883e+00 1.066592765000616616e+00 -4.355102396412096510e+00 -2.541804937255262242e+00
-5.676221473462679246e-01 -4.005607661323202784e+00 1.242538658814315466e+00 1.071664253407800027e+00 -4.351454794398929238e+00 -2.536001864831800123e+00
-5.645114168997535931e-01 -4.000652977884190165e+00 1.242085884366469495e+00 1.076784990450316171e+00 -4.347728231318444436e+00 -2.530180222861091011e+00
-5.613836837204013719e-01 -3.995677471079692289e+00 1.241640576080724312e+00 1.081954461878815721e+00 -4.343921708069647281e+00 -2.524340148073143553e+00
-5.582389987165101708e-01 -3.990681198638851512e+00 1.241203256688795165e+00 1.087172133188067047e+00 -4.340034228752362111e+00 -2.518481776860388877e+00
-5.550774159380840178e-01 -3.985664216268280491e+00 1.240774419910038784e+00 1.092437449621946000e+00 -4.336064801001274560e+00 -2.512605245276029464e+00
-5.518989924720358875e-01 -3.980626577709272418e+00 1.240354531248916592e+00 1.097749836184028105e+00 -4.332012436321679871e+00 -2.506710689032380035e+00
-5.487037883381651326e-01 -3.975568334795215097e+00 1.239944028785723074e+00 1.103108697653851555e+00 -4.327876150426816615e+00 -2.500798243499201323e+00
-5.454918663860028882e-01 -3.970489537509131139e+00 1.239543323960077492e+00 1.108513418608912726e+00 -4.323654963576685439e+00 -2.494868043702030747e+00
-5.422632921926218152e-01 -3.965390234041290540e+00 1.239152802346702220e+00 1.113963363452439737e+00 -4.319347900918213412e+00 -2.488920224320504637e+00
-5.390181339614915634e-01 -3.960270470846828594e+00 1.238772824423045149e+00 1.119457876446995570e+00 -4.314953992826671580e+00 -2.482954919686677808e+00
-5.357564624224652183e-01 -3.955130292703306960e+00 1.238403726328328291e+00 1.124996281753966265e+00 -4.310472275248206309e+00 -2.476972263783338235e+00
-5.324783507329680088e-01 -3.949969742768160152e+00 1.238045820613633996e+00 1.130577883478950385e+00 -4.305901790043393795e+00 -2.470972390242316852e+00
-5.291838743804605505e-01 -3.944788862635961291e+00 1.237699396982664402e+00 1.136201965723104390e+00 -4.301241585331688988e+00 -2.464955432342796016e+00
-5.258731110862393532e-01 -3.939587692395459584e+00 1.237364723022836843e+00 1.141867792640479440e+00 -4.296490715836649876e+00 -2.458921523009610866e+00
-5.225461407106368750e-01 -3.934366270686321165e+00 1.237042044926399686e+00 1.147574608501398252e+00 -4.291648243231810156e+00 -2.452870794811552901e+00
-5.192030451596739704e-01 -3.929124634755528422e+00 1.236731588201283927e+00 1.153321637761894447e+00 -4.286713236487087464e+00 -2.446803379959666902e+00
-5.158439082932169129e-01 -3.923862820513375205e+00 1.236433558371419883e+00 1.159108085139286759e+00 -4.281684772215566426e+00 -2.440719410305549175e+00
-5.124688158346832889e-01 -3.918580862589016167e+00 1.236148141666279177e+00 1.164933135693838162e+00 -4.276561935020605887e+00 -2.434619017339644920e+00
-5.090778552823416181e-01 -3.913278794385509407e+00 1.235875505699417953e+00 1.170795954916581838e+00 -4.271343817843098911e+00 -2.428502332189542035e+00
-5.056711158222383373e-01 -3.907956648134315092e+00 1.235615800135821729e+00 1.176695688823346853e+00 -4.266029522308750543e+00 -2.422369485618268481e+00
-5.022486882427914523e-01 -3.902614454949194123e+00 1.235369157347870006e+00 1.182631464054978654e+00 -4.260618159075274747e+00 -2.416220608022586536e+00
-4.988106648510756691e-01 -3.897252244879472194e+00 1.235135693059763895e+00 1.188602387983793029e+00 -4.255108848179357750e+00 -2.410055829431290597e+00
-4.953571393908304810e-01 -3.891870046962618179e+00 1.234915506980268418e+00 1.194607548826242205e+00 -4.249500719383317637e+00 -2.403875279503503215e+00
-4.918882069622108055e-01 -3.886467889276104870e+00 1.234708683423649367e+00 1.200646015761865026e+00 -4.243792912521250571e+00 -2.397679087526977781e+00
-4.884039639433029323e-01 -3.881045798988508100e+00 1.234515291918695912e+00 1.206716839058493473e+00 -4.237984577844599698e+00 -2.391467382416397669e+00
-4.849045079134211012e-01 -3.875603802409810950e+00 1.234335387805741258e+00 1.212819050203754578e+00 -4.232074876366973548e+00 -2.385240292711682919e+00
-4.813899375781992007e-01 -3.870141925040880171e+00 1.234169012821606293e+00 1.218951662042838446e+00 -4.226062980208125097e+00 -2.378997946576297817e+00
-4.778603526964887993e-01 -3.864660191622082852e+00 1.234016195672407612e+00 1.225113668922573229e+00 -4.219948072936928973e+00 -2.372740471795563799e+00
-4.743158540090715580e-01 -3.859158626181009133e+00 1.233876952594187282e+00 1.231304046841775302e+00 -4.213729349913253763e+00 -2.366467995774975908e+00
-4.707565431691926316e-01 -3.853637252079282760e+00 1.233751287901334814e+00 1.237521753607919051e+00 -4.207406018628560673e+00 -2.360180645538524136e+00
-4.671825226749172222e-01 -3.848096092058426176e+00 1.233639194522784255e+00 1.243765729000085196e+00 -4.200977299045132618e+00 -2.353878547727021875e+00
-4.635938958033126722e-01 -3.842535168284760605e+00 1.233540654525988822e+00 1.250034894938176322e+00 -4.194442423933812947e+00 -2.347561828596438804e+00
-4.599907665464536555e-01 -3.836954502393316702e+00 1.233455639628676437e+00 1.256328155658411827e+00 -4.187800639210091269e+00 -2.341230614016240885e+00
-4.563732395492484106e-01 -3.831354115530744231e+00 1.233384111698411001e+00 1.262644397895118509e+00 -4.181051204268392496e+00 -2.334885029467737461e+00
-4.527414200490798568e-01 -3.825734028397191011e+00 1.233326023239993408e+00 1.268982491068707752e+00 -4.174193392314525575e+00 -2.328525200042435017e+00
-4.490954138172553178e-01 -3.820094261287149351e+00 1.233281317870744909e+00 1.275341287479952346e+00 -4.167226490696029906e+00 -2.322151250440402048e+00
-4.454353271022551408e-01 -3.814434834129250440e+00 1.233249930783728354e+00 1.281719622510436585e+00 -4.160149801230399902e+00 -2.315763304968640579e+00
-4.417612665747703282e-01 -3.808755766524989372e+00 1.233231789198971029e+00 1.288116314829217623e+00 -4.152962640531002059e+00 -2.309361487539468349e+00
-4.380733392745165822e-01 -3.803057077786384355e+00 1.233226812802761696e+00 1.294530166605633692e+00 -4.145664340330577957e+00 -2.302945921668909435e+00
-4.343716525588114941e-01 -3.797338786972551450e+00 1.233234914175101560e+00 1.300959963728257840e+00 -4.138254247802199082e+00 -2.296516730475095525e+00
-4.306563140528996136e-01 -3.791600912925194855e+00 1.233255999205406184e+00 1.307404476029945251e+00 -4.130731725877550886e+00 -2.290074036676680080e+00
-4.269274316020093551e-01 -3.785843474303003386e+00 1.233289967496550066e+00 1.313862457519002547e+00 -4.123096153562356037e+00 -2.283617962591261374e+00
-4.231851132251237546e-01 -3.780066489614957170e+00 1.233336712757361786e+00 1.320332646616348526e+00 -4.115346926248915516e+00 -2.277148630133821072e+00
-4.194294670704469263e-01 -3.774269977252536989e+00 1.233396123183684079e+00 1.326813766398695638e+00 -4.107483456025558866e+00 -2.270666160815173473e+00
-4.156606013725456239e-01 -3.768453955520840726e+00 1.233468081828115404e+00 1.333304524847690020e+00 -4.099505171982904983e+00 -2.264170675740426741e+00
-4.118786244111460881e-01 -3.762618442668606011e+00 1.233552466958560467e+00 1.339803615104974588e+00 -4.091411520516799349e+00 -2.257662295607460567e+00
-4.080836444715637557e-01 -3.756763456917146637e+00 1.233649152405718485e+00 1.346309715733115198e+00 -4.083201965627807795e+00 -2.251141140705417598e+00
-4.042757698067433458e-01 -3.750889016488202721e+00 1.233758007899647513e+00 1.352821490982364816e+00 -4.074875989217125571e+00 -2.244607330913209964e+00
-4.004551086008862337e-01 -3.744995139630713066e+00 1.233878899395547402e+00 1.359337591063167761e+00 -4.066433091378825360e+00 -2.238060985698040906e+00
-3.966217689346406283e-01 -3.739081844646518604e+00 1.234011689388902155e+00 1.365856652424428663e+00 -4.057872790688230147e+00 -2.231502224113942834e+00
-3.927758587518300759e-01 -3.733149149915001352e+00 1.234156237220136232e+00 1.372377298037392723e+00 -4.049194624486401217e+00 -2.224931164800332706e+00
-3.889174858276946978e-01 -3.727197073916669545e+00 1.234312399368935109e+00 1.378898137685149683e+00 -4.040398149160536079e+00 -2.218347925980585167e+00
-3.850467577386188500e-01 -3.721225635255706266e+00 1.234480029738396212e+00 1.385417768257682702e+00 -4.031482940420175964e+00 -2.211752625460622124e+00
-3.811637818333190042e-01 -3.715234852681482458e+00 1.234658979929162070e+00 1.391934774052371981e+00 -4.022448593569132314e+00 -2.205145380627522300e+00
-3.772686652054654255e-01 -3.709224745109052535e+00 1.234849099503704029e+00 1.398447727079929592e+00 -4.013294723772966144e+00 -2.198526308448147670e+00
-3.733615146677090602e-01 -3.703195331638649890e+00 1.235050236240920807e+00 1.404955187375657832e+00 -4.004020966321943042e+00 -2.191895525467792094e+00
-3.694424367270865428e-01 -3.697146631574189879e+00 1.235262236381224898e+00 1.411455703315967813e+00 -3.994626976889343872e+00 -2.185253147808848606e+00
-3.655115375617753459e-01 -3.691078664440797574e+00 1.235484944862278889e+00 1.417947811940095892e+00 -3.985112431784999298e+00 -2.178599291169497576e+00
-3.615689229991702058e-01 -3.684991450001379398e+00 1.235718205545566439e+00 1.424430039276938231e+00 -3.975477028203937557e+00 -2.171934070822417517e+00
-3.576146984952530694e-01 -3.678885008272251067e+00 1.235961861433964470e+00 1.430900900676905785e+00 -3.965720484470061979e+00 -2.165257601613515881e+00
-3.536489691152263637e-01 -3.672759359537842272e+00 1.236215754880492845e+00 1.437358901148726220e+00 -3.955842540274733921e+00 -2.158569997960684272e+00
-3.496718395153819436e-01 -3.666614524364493644e+00 1.236479727788423855e+00 1.443802535701142364e+00 -3.945842956910107446e+00 -2.151871373852574543e+00
-3.456834139261756311e-01 -3.660450523613365537e+00 1.236753621802924252e+00 1.450230289689378615e+00 -3.935721517497166477e+00 -2.145161842847401079e+00
-3.416837961364790344e-01 -3.654267378452476844e+00 1.237037278494409032e+00 1.456640639166310258e+00 -3.925478027208327614e+00 -2.138441518071763081e+00
-3.376730894789780058e-01 -3.648065110367893382e+00 1.237330539533785689e+00 1.463032051238232878e+00 -3.915112313484518491e+00 -2.131710512219497922e+00
-3.336513968166902044e-01 -3.641843741174088933e+00 1.237633246859769276e+00 1.469402984425125513e+00 -3.904624226246654839e+00 -2.124968937550553605e+00
-3.296188205305703445e-01 -3.635603293023487836e+00 1.237945242838450977e+00 1.475751889025342933e+00 -3.894013638101364361e+00 -2.118216905889890977e+00
-3.255754625081757059e-01 -3.629343788415225980e+00 1.238266370415288531e+00 1.482077207484602255e+00 -3.883280444540923249e+00 -2.111454528626410365e+00
-3.215214241333613776e-01 -3.623065250203135523e+00 1.238596473259706787e+00 1.488377374769218164e+00 -3.872424564137220138e+00 -2.104681916711904410e+00
-3.174568062769766996e-01 -3.616767701602983998e+00 1.238935395902486025e+00 1.494650818743437970e+00 -3.861445938729727523e+00 -2.097899180660040663e+00
-3.133817092885338162e-01 -3.610451166198983763e+00 1.239282983866110355e+00 1.500895960550776564e+00 -3.850344533607383379e+00 -2.091106430545371264e+00
-3.092962329888186979e-01 -3.604115667949592705e+00 1.239639083788257157e+00 1.507111214999270477e+00 -3.839120337684251538e+00 -2.084303776002369712e+00
-3.052004766634167643e-01 -3.597761231192632803e+00 1.240003543538603648e+00 1.513294990950508900e+00 -3.827773363668936835e+00 -2.077491326224498724e+00
-3.010945390571236890e-01 -3.591387880649739905e+00 1.240376212329122652e+00 1.519445691712374202e+00 -3.816303648227584056e+00 -2.070669189963306067e+00
-2.969785183692134067e-01 -3.584995641430171798e+00 1.240756940818045440e+00 1.525561715435359122e+00 -3.804711252140425159e+00 -2.063837475527551035e+00
-2.928525122495350130e-01 -3.578584539033994982e+00 1.241145581207659943e+00 1.531641455512330996e+00 -3.792996260451812152e+00 -2.056996290782360681e+00
-2.887166177954104684e-01 -3.572154599354667504e+00 1.241541987336115760e+00 1.537683300981658618e+00 -3.781158782613611713e+00 -2.050145743148418465e+00
-2.845709315493052394e-01 -3.565705848681044010e+00 1.241946014763409600e+00 1.543685636933565863e+00 -3.769198952621906962e+00 -2.043285939601183543e+00
-2.804155494972445650e-01 -3.559238313698820377e+00 1.242357520851717911e+00 1.549646844919573052e+00 -3.757116929146983253e+00 -2.036416986670142482e+00
-2.762505670679479275e-01 -3.552752021491441869e+00 1.242776364840237235e+00 1.555565303364957908e+00 -3.744912895656415053e+00 -2.029538990438093382e+00
-2.720760791326551908e-01 -3.546246999540492162e+00 1.243202407914703267e+00 1.561439387984082661e+00 -3.732587060531252554e+00 -2.022652056540464205e+00
-2.678921800056170976e-01 -3.539723275725588536e+00 1.243635513271749149e+00 1.567267472198458744e+00 -3.720139657175248526e+00 -2.015756290164661291e+00
-2.636989634452249209e-01 -3.533180878323795682e+00 1.244075546178261993e+00 1.573047927557439829e+00 -3.707570944117024148e+00 -2.008851796049455185e+00
-2.594965226557518490e-01 -3.526619836008591413e+00 1.244522374025897715e+00 1.578779124161408864e+00 -3.694881205105135180e+00 -2.001938678484399770e+00
-2.552849502896820111e-01 -3.520040177848389629e+00 1.244975866380912066e+00 1.584459431087338999e+00 -3.682070749195959447e+00 -1.995017041309286698e+00
-2.510643384506009435e-01 -3.513441933304648490e+00 1.245435895029457729e+00 1.590087216816588933e+00 -3.669139910834365637e+00 -1.988086987913634696e+00
-2.468347786966225144e-01 -3.506825132229586472e+00 1.245902334018504920e+00 1.595660849664810810e+00 -3.656089049927095047e+00 -1.981148621236215046e+00
-2.425963620443287727e-01 -3.500189804863514276e+00 1.246375059692529597e+00 1.601178698213830964e+00 -3.642918551908822078e+00 -1.974202043764613057e+00
-2.383491789731970734e-01 -3.493535981831812798e+00 1.246853950726124483e+00 1.606639131745372762e+00 -3.629628827800836621e+00 -1.967247357534827490e+00
-2.340933194304926079e-01 -3.486863694141570047e+00 1.247338888152672132e+00 1.612040520676490285e+00 -3.616220314262298174e+00 -1.960284664130904408e+00
-2.298288728366016942e-01 -3.480172973177894757e+00 1.247829755389225914e+00 1.617381236996591198e+00 -3.602693473633986621e+00 -1.953314064684611218e+00
-2.255559280907830644e-01 -3.473463850699929800e+00 1.248326438257733040e+00 1.622659654705886467e+00 -3.589048793974564777e+00 -1.946335659875147339e+00
-2.212745735773157252e-01 -3.466736358836576049e+00 1.248828825002746612e+00 1.627874150255141261e+00 -3.575286789089297201e+00 -1.939349549928893301e+00
-2.169848971720199637e-01 -3.459990530081948901e+00 1.249336806305757719e+00 1.633023102986604691e+00 -3.561407998551143095e+00 -1.932355834619200019e+00
-2.126869862491305163e-01 -3.453226397290585226e+00 1.249850275296281898e+00 1.638104895575965614e+00 -3.547412987714229082e+00 -1.925354613266215154e+00
-2.083809276885013606e-01 -3.446443993672409611e+00 1.250369127559826321e+00 1.643117914475186403e+00 -3.533302347719684988e+00 -1.918345984736751220e+00
-2.040668078831197052e-01 -3.439643352787487451e+00 1.250893261142875135e+00 1.648060550356103438e+00 -3.519076695493758677e+00 -1.911330047444190772e+00
-1.997447127469111905e-01 -3.432824508540570640e+00 1.251422576555006660e+00 1.652931198554619119e+00 -3.504736673738252151e+00 -1.904306899348434889e+00
-1.954147277228144297e-01 -3.425987495175456310e+00 1.251956976768275664e+00 1.657728259515365288e+00 -3.490282950913215831e+00 -1.897276637955890077e+00
-1.910769377911067934e-01 -3.419132347269173700e+00 1.252496367213979500e+00 1.662450139236686386e+00 -3.475716221211914814e+00 -1.890239360319497353e+00
-1.867314274779616756e-01 -3.412259099726011602e+00 1.253040655776920032e+00 1.667095249715813798e+00 -3.461037204527983135e+00 -1.883195163038802189e+00
-1.823782808642196995e-01 -3.405367787771401922e+00 1.253589752787278799e+00 1.671662009394077497e+00 -3.446246646414826920e+00 -1.876144142260065539e+00
-1.780175815943551010e-01 -3.398458446945672229e+00 1.254143571010224445e+00 1.676148843602013994e+00 -3.431345318037212877e+00 -1.869086393676418156e+00
-1.736494128856201913e-01 -3.391531113097683736e+00 1.254702025633354756e+00 1.680554185004234258e+00 -3.416334016115055938e+00 -1.862022012528055770e+00
-1.692738575373506915e-01 -3.384585822378361808e+00 1.255265034252089018e+00 1.684876474043902839e+00 -3.401213562859376260e+00 -1.854951093602478895e+00
-1.648909979404151738e-01 -3.377622611234139427e+00 1.255832516853109926e+00 1.689114159386670089e+00 -3.385984805900505101e+00 -1.847873731234772610e+00
-1.605009160867931772e-01 -3.370641516400318061e+00 1.256404395795963858e+00 1.693265698363943805e+00 -3.370648618208414771e+00 -1.840790019307932290e+00
-1.561036935792656788e-01 -3.363642574894361914e+00 1.256980595792913658e+00 1.697329557415334644e+00 -3.355205898005266363e+00 -1.833700051253231100e+00
-1.516994116412938576e-01 -3.356625824009505710e+00 1.257561043887191810e+00 1.701304212540202476e+00 -3.339657568632641294e+00 -1.826603920052149554e+00
-1.472881511269021892e-01 -3.349591301308000979e+00 1.258145669429712843e+00 1.705188149738461334e+00 -3.324004578442562696e+00 -1.819501718237067633e+00
-1.428699925306161633e-01 -3.342539044614273980e+00 1.258734404054326017e+00 1.708979865448501112e+00 -3.308247900686342113e+00 -1.812393537891763273e+00
-1.384450159974557337e-01 -3.335469092008062741e+00 1.259327181651706429e+00 1.712677866983703279e+00 -3.292388533395692374e+00 -1.805279470651957041e+00
-1.340133013329698475e-01 -3.328381481817535015e+00 1.259923938341967142e+00 1.716280672967422039e+00 -3.276427499256058695e+00 -1.798159607705900331e+00
-1.295749280133001724e-01 -3.321276252612404001e+00 1.260524612446077830e+00 1.719786813766266187e+00 -3.260365845472292357e+00 -1.791034039795010413e+00
-1.251299751952614780e-01 -3.314153443197048077e+00 1.261129144456186513e+00 1.723194831921550652e+00 -3.244204643626620310e+00 -1.783902857214547222e+00
-1.206785217264262355e-01 -3.307013092603642068e+00 1.261737477004911234e+00 1.726503282578780940e+00 -3.227944989528946707e+00 -1.776766149814338114e+00
-1.162206461552028891e-01 -3.299855240085309838e+00 1.262349554833690046e+00 1.729710733915025278e+00 -3.211588003059500540e+00 -1.769624006999546140e+00
-1.117564267408956979e-01 -3.292679925109307515e+00 1.262965324760261243e+00 1.732815767564028109e+00 -3.195134828003904026e+00 -1.762476517731484948e+00
-1.072859414637369335e-01 -3.285487187350240923e+00 1.263584735645355117e+00 1.735816979038931951e+00 -3.178586631880650160e+00 -1.755323770528478988e+00
-1.028092680348797749e-01 -3.278277066683327412e+00 1.264207738358665178e+00 1.738712978152458621e+00 -3.161944605761086713e+00 -1.748165853466770114e+00
-9.832648390634335378e-02 -3.271049603177708320e+00 1.264834285744180553e+00 1.741502389434421483e+00 -3.145209964081878695e+00 -1.741002854181469717e+00
-9.383766628090095541e-02 -3.263804837089818722e+00 1.265464332584925522e+00 1.744183852546426827e+00 -3.128383944450021659e+00 -1.733834859867557698e+00
-8.934289212190116292e-02 -3.256542808856818905e+00 1.266097835567196350e+00 1.746756022693621180e+00 -3.111467807440480904e+00 -1.726661957280927417e+00
-8.484223816301539323e-02 -3.249263559090096010e+00 1.266734753244360689e+00 1.749217571033363949e+00 -3.094462836386402849e+00 -1.719484232739476370e+00
-8.033578091790194442e-02 -3.241967128568837619e+00 1.267375046000269290e+00 1.751567185080671551e+00 -3.077370337162069092e+00 -1.712301772124243282e+00
-7.582359668978155831e-02 -3.234653558233688386e+00 1.268018676012347745e+00 1.753803569110308214e+00 -3.060191637958574962e+00 -1.705114660880593380e+00
-7.130576158091506134e-02 -3.227322889180486598e+00 1.268665607214429558e+00 1.755925444555384018e+00 -3.042928089052337803e+00 -1.697922984019448300e+00
-6.678235150197786574e-02 -3.219975162654090894e+00 1.269315805259380703e+00 1.757931550402334508e+00 -3.025581062566433665e+00 -1.690726826118563952e+00
-6.225344218132466967e-02 -3.212610420042300241e+00 1.269969237481588964e+00 1.759820643582145516e+00 -3.008151952224875192e+00 -1.683526271323853907e+00
-5.771910917413847208e-02 -3.205228702869868940e+00 1.270625872859355354e+00 1.761591499357697543e+00 -2.990642173099833379e+00 -1.676321403350760519e+00
-5.317942787145879535e-02 -3.197830052792620670e+00 1.271285681977253113e+00 1.763242911707093352e+00 -2.973053161351959073e+00 -1.669112305485672021e+00
-4.863447350908378652e-02 -3.190414511591667335e+00 1.271948636988493142e+00 1.764773693702846202e+00 -2.955386373963802438e+00 -1.661899060587386900e+00
-4.408432117634253355e-02 -3.182982121167733602e+00 1.272614711577348512e+00 1.766182677886802388e+00 -2.937643288466413871e+00 -1.654681751088625585e+00
-3.952904582473149020e-02 -3.175532923535587138e+00 1.273283880921693756e+00 1.767468716640671955e+00 -2.919825402659212088e+00 -1.647460458997587862e+00
-3.496872227641378839e-02 -3.168066960818585187e+00 1.273956121655702933e+00 1.768630682552043476e+00 -2.901934234323199746e+00 -1.640235265899558259e+00
-3.040342523257566487e-02 -3.160584275243325969e+00 1.274631411832747085e+00 1.769667468775763197e+00 -2.883971320927555482e+00 -1.633006252958556281e+00
-2.583322928163822585e-02 -3.153084909134423075e+00 1.275309730888537274e+00 1.770577989390553331e+00 -2.865938219329761338e+00 -1.625773500919035053e+00
-2.125820890732199597e-02 -3.145568904909387786e+00 1.275991059604558497e+00 1.771361179750756243e+00 -2.847836505469264701e+00 -1.618537090107625476e+00
-1.667843849656114319e-02 -3.138036305073635734e+00 1.276675380071829125e+00 1.772015996833078200e+00 -2.829667774054886564e+00 -1.611297100434927909e+00
-1.209399234726649119e-02 -3.130487152215606805e+00 1.277362675655025148e+00 1.772541419578227417e+00 -2.811433638245885547e+00 -1.604053611397348922e+00
-7.504944675934654974e-03 -3.122921489002004947e+00 1.278052930957022326e+00 1.772936449227326960e+00 -2.793135729326877037e+00 -1.596806702078984674e+00
-2.911369625103188419e-03 -3.115339358173159212e+00 1.278746131783874862e+00 1.773200109652988132e+00 -2.774775696376703849e+00 -1.589556451153550931e+00
1.686658729349144181e-03 -3.107740802538503821e+00 1.279442265110276811e+00 1.773331447684935336e+00 -2.756355205931327212e+00 -1.582302936886359701e+00
6.289066371058749105e-03 -3.100125864972174128e+00 1.280141319045537074e+00 1.773329533430073823e+00 -2.737875941640845134e+00 -1.575046237136340732e+00
1.089577933618868233e-02 -3.092494588408728262e+00 1.280843282800105731e+00 1.773193460586895087e+00 -2.719339603920706949e+00 -1.567786429358109634e+00
1.550672370659600396e-02 -3.084847015838982465e+00 1.281548146652690789e+00 1.772922346754109757e+00 -2.700747909597246199e+00 -1.560523590604082633e+00
2.012182560315367574e-02 -3.077183190305965432e+00 1.282255901917980001e+00 1.772515333733410081e+00 -2.682102591547653514e+00 -1.553257797526634398e+00
2.474101117922722359e-02 -3.069503154900993458e+00 1.282966540915008613e+00 1.771971587826257633e+00 -2.663405398334474761e+00 -1.545989126380302725e+00
2.936420661430338974e-02 -3.061806952759856593e+00 1.283680056936206570e+00 1.771290300124597206e+00 -2.644658093834705959e+00 -1.538717653024038734e+00
3.399133810777055231e-02 -3.054094627059122047e+00 1.284396444217149824e+00 1.770470686795400095e+00 -2.625862456863621297e+00 -1.531443452923501036e+00
3.862233187284835889e-02 -3.046366221012553943e+00 1.285115697907042609e+00 1.769511989358940607e+00 -2.607020280793414635e+00 -1.524166601153394085e+00
4.325711413066413158e-02 -3.038621777867636098e+00 1.285837814039957339e+00 1.768413474960712772e+00 -2.588133373166905393e+00 -1.516887172399853601e+00
4.789561110447415615e-02 -3.030861340902216483e+00 1.286562789506863425e+00 1.767174436636901991e+00 -2.569203555306243114e+00 -1.509605240962873740e+00
5.253774901402630260e-02 -3.023084953421246723e+00 1.287290622028470999e+00 1.765794193573308135e+00 -2.550232661916755905e+00 -1.502320880758778454e+00
5.718345407006131254e-02 -3.015292658753637056e+00 1.288021310128910413e+00 1.764272091357647287e+00 -2.531222540686112410e+00 -1.495034165322736586e+00
6.183265246894875666e-02 -3.007484500249208992e+00 1.288754853110279930e+00 1.762607502225141953e+00 -2.512175051878922094e+00 -1.487745167811322045e+00
6.648527038745433160e-02 -2.999660521275746561e+00 1.289491251028062280e+00 1.760799825297319154e+00 -2.493092067926869770e+00 -1.480453961005115282e+00
7.114123397763405521e-02 -2.991820765216151479e+00 1.290230504667461364e+00 1.758848486813932688e+00 -2.473975473014484283e+00 -1.473160617311348952e+00
7.580046936185091955e-02 -2.983965275465686240e+00 1.290972615520668665e+00 1.756752940357939385e+00 -2.454827162660715878e+00 -1.465865208766596428e+00
8.046290262790978254e-02 -2.976094095429311803e+00 1.291717585765084442e+00 1.754512667073443222e+00 -2.435649043296369332e+00 -1.458567807039501840e+00
8.512845982430450320e-02 -2.968207268519113207e+00 1.292465418242511044e+00 1.752127175876539322e+00 -2.416443031837555377e+00 -1.451268483433551637e+00
8.979706695557354568e-02 -2.960304838151809115e+00 1.293216116439341645e+00 1.749596003658990817e+00 -2.397211055255318080e+00 -1.443967308889888335e+00
9.446864997775661354e-02 -2.952386847746340415e+00 1.293969684467762615e+00 1.746918715484663931e+00 -2.377955050141533189e+00 -1.436664353990165122e+00
9.914313479394798456e-02 -2.944453340721540080e+00 1.294726127047994169e+00 1.744094904778662025e+00 -2.358676962271220034e+00 -1.429359688959441765e+00
1.038204472499395514e-01 -2.936504360493875865e+00 1.295485449491583729e+00 1.741124193509089313e+00 -2.339378746161395295e+00 -1.422053383669120930e+00
1.085005131299467962e-01 -2.928539950475256504e+00 1.296247657685773103e+00 1.738006232361382963e+00 -2.320062364626557905e+00 -1.414745507639923794e+00
1.131832581524132575e-01 -2.920560154070911185e+00 1.297012758078965433e+00 1.734740700905150756e+00 -2.300729788330950321e+00 -1.407436130044906308e+00
1.178686079658821662e-01 -2.912565014677324982e+00 1.297780757667292395e+00 1.731327307753479205e+00 -2.281382995337844388e+00 -1.400125319712514971e+00
1.225564881449325849e-01 -2.904554575680232897e+00 1.298551663982324467e+00 1.727765790714624661e+00 -2.262023970655776761e+00 -1.392813145129680796e+00
1.272468241861690608e-01 -2.896528880452662769e+00 1.299325485079912079e+00 1.724055916936066524e+00 -2.242654705782055835e+00 -1.385499674444951257e+00
1.319395415042590169e-01 -2.888487972353031008e+00 1.300102229530193609e+00 1.720197483040848407e+00 -2.223277198243538866e+00 -1.378184975471661300e+00
1.366345654280087807e-01 -2.880431894723274766e+00 1.300881906408784427e+00 1.716190315256188148e+00 -2.203893451134944392e+00 -1.370869115691141671e+00
1.413318211964693649e-01 -2.872360690887027168e+00 1.301664525289158547e+00 1.712034269534291164e+00 -2.184505472654746150e+00 -1.363552162255964761e+00
1.460312339550653427e-01 -2.864274404147823638e+00 1.302450096236253962e+00 1.707729231665332970e+00 -2.165115275638797243e+00 -1.356234181993226651e+00
1.507327287517350456e-01 -2.856173077787331316e+00 1.303238629801294124e+00 1.703275117382576642e+00 -2.145724877091864435e+00 -1.348915241407864229e+00
1.554362305330763139e-01 -2.848056755063610446e+00 1.304030137017856417e+00 1.698671872459578847e+00 -2.126336297717157819e+00 -1.341595406686010294e+00
1.601416641404853625e-01 -2.839925479209381098e+00 1.304824629399199409e+00 1.693919472799452652e+00 -2.106951561443996201e+00 -1.334274743698381060e+00
1.648489543062801044e-01 -2.831779293430312983e+00 1.305622118936873521e+00 1.689017924516163616e+00 -2.087572694953808039e+00 -1.326953318003700755e+00
1.695580256497983829e-01 -2.823618240903313481e+00 1.306422618100608446e+00 1.683967264007823816e+00 -2.068201727204549645e+00 -1.319631194852158629e+00
1.742688026734606765e-01 -2.815442364774818795e+00 1.307226139839503087e+00 1.678767558021953654e+00 -2.048840688953685429e+00 -1.312308439188900167e+00
1.789812097587863970e-01 -2.807251708159082870e+00 1.308032697584548210e+00 1.673418903712712069e+00 -2.029491612279962887e+00 -1.304985115657551820e+00
1.836951711623528993e-01 -2.799046314136450775e+00 1.308842305252474691e+00 1.667921428690038788e+00 -2.010156530103975214e+00 -1.297661288603777496e+00
1.884106110116878785e-01 -2.790826225751620093e+00 1.309654977250938934e+00 1.662275291060726801e+00 -1.990837475707809112e+00 -1.290337022078867690e+00
1.931274533010811645e-01 -2.782591486011877002e+00 1.310470728485079839e+00 1.656480679461378891e+00 -1.971536482253783529e+00 -1.283012379843360362e+00
1.978456218873063666e-01 -2.774342137885305259e+00 1.311289574365435584e+00 1.650537813083182925e+00 -1.952255582302274473e+00 -1.275687425370692463e+00
2.025650404852403774e-01 -2.766078224298961885e+00 1.312111530817255511e+00 1.644446941688621822e+00 -1.932996807329198319e+00 -1.268362221850879656e+00
2.072856326633689683e-01 -2.757799788137009767e+00 1.312936614291210446e+00 1.638208345620041584e+00 -1.913762187243058133e+00 -1.261036832194227575e+00
2.120073218391644865e-01 -2.749506872238806743e+00 1.313764841775514558e+00 1.631822335800088286e+00 -1.894553749901738637e+00 -1.253711319035072602e+00
2.167300312743261070e-01 -2.741199519396938733e+00 1.314596230809478072e+00 1.625289253723996463e+00 -1.875373520629144419e+00 -1.246385744735549528e+00
2.214536840698670961e-01 -2.732877772355197799e+00 1.315430799498482628e+00 1.618609471443730019e+00 -1.856223521731831472e+00 -1.239060171389388287e+00
2.261782031610377608e-01 -2.724541673806490039e+00 1.316268566530414352e+00 1.611783391543990973e+00 -1.837105772015823035e+00 -1.231734660825736682e+00
2.309035113120707639e-01 -2.716191266390677761e+00 1.317109551193556660e+00 1.604811447110074063e+00 -1.818022286303650148e+00 -1.224409274613010190e+00
2.356295311107348134e-01 -2.707826592692339052e+00 1.317953773395948547e+00 1.597694101687615387e+00 -1.798975074951903341e+00 -1.217084074062767307e+00
2.403561849626829616e-01 -2.699447695238445188e+00 1.318801253686225028e+00 1.590431849234208883e+00 -1.779966143369317688e+00 -1.209759120233609986e+00
2.450833950855839660e-01 -2.691054616495947016e+00 1.319652013275954161e+00 1.583025214062897534e+00 -1.760997491535518655e+00 -1.202434473935108716e+00
2.498110835030182830e-01 -2.682647398869264954e+00 1.320506074063470869e+00 1.575474750777573263e+00 -1.742071113520644587e+00 -1.195110195731751590e+00
2.545391720381289247e-01 -2.674226084697673755e+00 1.321363458659226442e+00 1.567781044200317719e+00 -1.723188997005998591e+00 -1.187786345946916455e+00
2.592675823070096364e-01 -2.665790716252577575e+00 1.322224190412662148e+00 1.559944709290672193e+00 -1.704353122805804865e+00 -1.180462984666865722e+00
2.639962357118170733e-01 -2.657341335734671794e+00 1.323088293440609409e+00 1.551966391056895489e+00 -1.685565464390298196e+00 -1.173140171744764038e+00
2.687250534335912100e-01 -2.648877985270977398e+00 1.323955792657232511e+00 1.543846764459201770e+00 -1.666827987410191891e+00 -1.165817966804715278e+00
2.734539564247699950e-01 -2.640400706911750106e+00 1.324826713805516532e+00 1.535586534305008133e+00 -1.648142649222691603e+00 -1.158496429245821524e+00
2.781828653945812579e-01 -2.631909542642181243e+00 1.325701083488003418e+00 1.527186434959784123e+00 -1.629511398001656897e+00 -1.151175618245377397e+00
2.829117008001447164e-01 -2.623404534380873621e+00 1.326578929198798384e+00 1.518647230204565934e+00 -1.610936172249022746e+00 -1.143855592761973350e+00
2.876403828073004210e-01 -2.614885724047863569e+00 1.327460279347857597e+00 1.509969712096359107e+00 -1.592418898076153333e+00 -1.136536411534646795e+00
2.923688312820607038e-01 -2.606353153562150027e+00 1.328345163287017128e+00 1.501154700771516470e+00 -1.573961488812383180e+00 -1.129218133082022346e+00
2.970969657585449397e-01 -2.597806864895189527e+00 1.329233611331291476e+00 1.492203043383215189e+00 -1.555565842751985617e+00 -1.121900815698451792e+00
3.018247054300595700e-01 -2.589246900068921331e+00 1.330125654782057465e+00 1.483115613847648007e+00 -1.537233842812475437e+00 -1.114584517450129209e+00
3.065519691399334334e-01 -2.580673301153711741e+00 1.331021325952130407e+00 1.473893312585172310e+00 -1.518967356195889185e+00 -1.107269296171179640e+00
3.112786753720935273e-01 -2.572086110266203374e+00 1.331920658192753404e+00 1.464537066256363484e+00 -1.500768234052991978e+00 -1.099955209459724692e+00
3.160047422413612139e-01 -2.563485369567064964e+00 1.332823685922506218e+00 1.455047827493044732e+00 -1.482638311150598298e+00 -1.092642314673923920e+00
3.207300874834524418e-01 -2.554871121258627475e+00 1.333730444658146164e+00 1.445426574624270710e+00 -1.464579405542021817e+00 -1.085330668927994902e+00
3.254546284446637738e-01 -2.546243407582406526e+00 1.334640971047394542e+00 1.435674311397295844e+00 -1.446593318240754211e+00 -1.078020329088211327e+00
3.301782820712255706e-01 -2.537602270816490702e+00 1.335555302903679076e+00 1.425792066693541749e+00 -1.428681832897459980e+00 -1.070711351768880881e+00
3.349009648983041210e-01 -2.528947753272801080e+00 1.336473479242838547e+00 1.415780894239609067e+00 -1.410846715480403191e+00 -1.063403793328303815e+00
3.396225930386336245e-01 -2.520279897294204652e+00 1.337395540321801857e+00 1.405641872313340368e+00 -1.393089713959368314e+00 -1.056097709864713297e+00
3.443430821707593736e-01 -2.511598745251468312e+00 1.338321527679246836e+00 1.395376103444949445e+00 -1.375412557993141771e+00 -1.048793157212198013e+00
3.490623475268719300e-01 -2.502904339540063638e+00 1.339251484178247464e+00 1.384984714113252746e+00 -1.357816958620658543e+00 -1.041490190936610327e+00
3.537803038802151967e-01 -2.494196722576790037e+00 1.340185454050917935e+00 1.374468854437043808e+00 -1.340304607955916882e+00 -1.034188866331457346e+00
3.584968655320450726e-01 -2.485475936796228247e+00 1.341123482945054679e+00 1.363829697861627555e+00 -1.322877178886733063e+00 -1.026889238413779992e+00
3.632119462981222568e-01 -2.476742024647003326e+00 1.342065617972784564e+00 1.353068440840574427e+00 -1.305536324777457846e+00 -1.019591361920018091e+00
3.679254594947174439e-01 -2.467995028587851358e+00 1.343011907761222146e+00 1.342186302512670126e+00 -1.288283679175656449e+00 -1.012295291301864797e+00
3.726373179241082578e-01 -2.459234991083488531e+00 1.343962402505132214e+00 1.331184524374187994e+00 -1.271120855522979820e+00 -1.005001080722110585e+00
3.773474338595492750e-01 -2.450461954600264836e+00 1.344917154021607830e+00 1.320064369946465810e+00 -1.254049446870224127e+00 -9.977087840504792471e-01
3.820557190296933747e-01 -2.441675961601599276e+00 1.345876215806752318e+00 1.308827124438873835e+00 -1.237071025596736984e+00 -9.904184548594561210e-01
3.867620846024431014e-01 -2.432877054543189033e+00 1.346839643094378980e+00 1.297474094407216949e+00 -1.220187143134255248e+00 -9.831301464201093188e-01
3.914664411682131639e-01 -2.424065275867985481e+00 1.347807492916712979e+00 1.286006607407588875e+00 -1.203399329695212128e+00 -9.758439116979068517e-01
3.961686987225818690e-01 -2.415240668000924629e+00 1.348779824167094965e+00 1.274426011645762857e+00 -1.186709094005665488e+00 -9.685598033485302016e-01
4.008687666483099488e-01 -2.406403273343410643e+00 1.349756697664680649e+00 1.262733675622157214e+00 -1.170117923042904629e+00 -9.612778737136854490e-01
4.055665536967070217e-01 -2.397553134267541353e+00 1.350738176221129461e+00 1.250930987772474801e+00 -1.153627281777894087e+00 -9.539981748169144016e-01
4.102619679683239262e-01 -2.388690293110070861e+00 1.351724324709273173e+00 1.239019356104040792e+00 -1.137238612922588210e+00 -9.467207583594065001e-01
4.149549168929493881e-01 -2.379814792166100812e+00 1.352715210133752732e+00 1.227000207827957157e+00 -1.120953336682287471e+00 -9.394456757158129445e-01
4.196453072088905945e-01 -2.370926673682494101e+00 1.353710901703610192e+00 1.214874988987123317e+00 -1.104772850513100035e+00 -9.321729779300645946e-01
4.243330449415148031e-01 -2.362025979851007040e+00 1.354711470906823534e+00 1.202645164080184959e+00 -1.088698528884584071e+00 -9.249027157111956443e-01
4.290180353810333358e-01 -2.353112752801129304e+00 1.355716991586763065e+00 1.190312215681526009e+00 -1.072731723047718688e+00 -9.176349394291740680e-01
4.337001830595035301e-01 -2.344187034592632113e+00 1.356727540020558287e+00 1.177877644057369277e+00 -1.056873760808278995e+00 -9.103696991107406156e-01
4.383793917270302209e-01 -2.335248867207811774e+00 1.357743194999348146e+00 1.165342966778065703e+00 -1.041125946305690331e+00 -9.031070444352579107e-01
4.430555643271447686e-01 -2.326298292543431234e+00 1.358764037910392686e+00 1.152709718326647481e+00 -1.025489559797455819e+00 -8.958470247305717615e-01
4.477286029713392068e-01 -2.317335352402349447e+00 1.359790152821023668e+00 1.139979449703812708e+00 -1.009965857449330429e+00 -8.885896889688859046e-01
4.523984089127364161e-01 -2.308360088484835426e+00 1.360821626564402420e+00 1.127153728029407276e+00 -9.945560711313010671e-01 -8.813350857626512935e-01
4.570648825188754483e-01 -2.299372542379565676e+00 1.361858548827061144e+00 1.114234136140494602e+00 -9.792614082194441849e-01 -8.740832633604714852e-01
4.617279232435895775e-01 -2.290372755554296980e+00 1.362901012238183718e+00 1.101222272186147766e+00 -9.640830514037941334e-01 -8.668342696430281213e-01
4.663874295979595352e-01 -2.281360769346216344e+00 1.363949112460603574e+00 1.088119749218887655e+00 -9.490221585020801598e-01 -8.595881521190245067e-01
4.710432991203181707e-01 -2.272336624951962758e+00 1.365002948283470907e+00 1.074928194783294710e+00 -9.340798622799333373e-01 -8.523449579211531679e-01
4.756954283452901056e-01 -2.263300363417317662e+00 1.366062621716550129e+00 1.061649250501546016e+00 -9.192572702771926174e-01 -8.451047338020852839e-01
4.803437127718446220e-01 -2.254252025626565903e+00 1.367128238086102954e+00 1.048284571656220354e+00 -9.045554646406666066e-01 -8.378675261304858735e-01
4.849880468303433556e-01 -2.245191652291524509e+00 1.368199906132309129e+00 1.034835826770464040e+00 -8.899755019633870390e-01 -8.306333808870554059e-01
4.896283238485623635e-01 -2.236119283940238400e+00 1.369277738108176212e+00 1.021304697185576371e+00 -8.755184131303521688e-01 -8.234023436606016100e-01
4.942644360166730255e-01 -2.227034960905343919e+00 1.370361849879881744e+00 1.007692876636188117e+00 -8.611852031708844279e-01 -8.161744596441395938e-01
4.988962743511593523e-01 -2.217938723312101956e+00 1.371452361028491218e+00 9.940020708232452096e-01 -8.469768511177608872e-01 -8.089497736310256037e-01
5.035237286576581539e-01 -2.208830611066099792e+00 1.372549394952989443e+00 9.802339969848780088e-01 -8.328943098731191874e-01 -8.017283300111238686e-01
5.081466874927016431e-01 -2.199710663840629632e+00 1.373653078974560016e+00 9.663903834653284619e-01 -8.189385060812313100e-01 -7.945101727670094149e-01
5.127650381243480382e-01 -2.190578921063738527e+00 1.374763544442046292e+00 9.524729692820188554e-01 -8.051103400081567329e-01 -7.872953454702079634e-01
5.173786664916817379e-01 -2.181435421904961647e+00 1.375880926838519258e+00 9.384835036909962014e-01 -7.914106854284139736e-01 -7.800838912774750167e-01
5.219874571631706317e-01 -2.172280205261738484e+00 1.377005365888877231e+00 9.244237457509009159e-01 -7.778403895187291361e-01 -7.728758529271153588e-01
5.265912932938623392e-01 -2.163113309745520407e+00 1.378137005668392367e+00 9.102954638856414205e-01 -7.644002727589396251e-01 -7.656712727353458536e-01
5.311900565814071662e-01 -2.153934773667574909e+00 1.379275994712124476e+00 8.961004354459140009e-01 -7.510911288400787811e-01 -7.584701925927020971e-01
5.357836272208946760e-01 -2.144744635024493640e+00 1.380422486125107762e+00 8.818404462698046231e-01 -7.379137245797617872e-01 -7.512726539604904774e-01
5.403718838584892215e-01 -2.135542931483414009e+00 1.381576637693219700e+00 8.675172902425030141e-01 -7.248687998447849168e-01 -7.440786978672884189e-01
5.449547035438553344e-01 -2.126329700366961895e+00 1.382738611994633438e+00 8.531327688555528921e-01 -7.119570674812165656e-01 -7.368883649054899232e-01
5.495319616813594266e-01 -2.117104978637927459e+00 1.383908576511746480e+00 8.386886907655397572e-01 -6.991792132517620217e-01 -7.297016952279047342e-01
5.541035319800389214e-01 -2.107868802883686055e+00 1.385086703743479086e+00 8.241868713528947010e-01 -6.865358957808864737e-01 -7.225187285443934737e-01
5.586692864023308225e-01 -2.098621209300374435e+00 1.386273171317829123e+00 8.096291322802825485e-01 -6.740277465070754204e-01 -7.153395041185741654e-01
5.632290951115510591e-01 -2.089362233676839598e+00 1.387468162104564584e+00 7.950173010513789107e-01 -6.616553696428226772e-01 -7.081640607645733887e-01
5.677828264181175033e-01 -2.080091911378372682e+00 1.388671864327935435e+00 7.803532105696243670e-01 -6.494193421418312795e-01 -7.009924368438458231e-01
5.723303467245124398e-01 -2.070810277330244809e+00 1.389884471679268207e+00 7.656386986974819120e-01 -6.373202136737607937e-01 -6.938246702620529671e-01
5.768715204689791598e-01 -2.061517366001063056e+00 1.391106183429317245e+00 7.508756078163791869e-01 -6.253585066065152631e-01 -6.866607984660019204e-01
5.814062100679480150e-01 -2.052213211385965685e+00 1.392337204540226026e+00 7.360657843875115791e-01 -6.135347159960744534e-01 -6.795008584406457830e-01
5.859342758571939314e-01 -2.042897846989675692e+00 1.393577745776960919e+00 7.212110785137179070e-01 -6.018493095838799434e-01 -6.723448867061477818e-01
5.904555760317200530e-01 -2.033571305809434904e+00 1.394828023818060148e+00 7.063133435025592544e-01 -5.903027278017236590e-01 -6.651929193150090125e-01
5.949699665843735108e-01 -2.024233620317842597e+00 1.396088261365545202e+00 6.913744354308104523e-01 -5.788953837841459560e-01 -6.580449918492631278e-01
5.994773012431919845e-01 -2.014884822445622614e+00 1.397358687253831500e+00 6.763962127106141198e-01 -5.676276633883734490e-01 -6.509011394177383059e-01
6.039774314074883854e-01 -2.005524943564344298e+00 1.398639536557469754e+00 6.613805356573239091e-01 -5.564999252216451531e-01 -6.437613966533872745e-01
6.084702060826765457e-01 -1.996154014469126992e+00 1.399931050697544421e+00 6.463292660594791572e-01 -5.455125006761019080e-01 -6.366257977106881683e-01
6.129554718138481295e-01 -1.986772065361355644e+00 1.401233477546544925e+00 6.312442667508182392e-01 -5.346656939709810707e-01 -6.294943762631157735e-01
6.174330726181092022e-01 -1.977379125831439044e+00 1.402547071531530465e+00 6.161274011847067689e-01 -5.239597822022314944e-01 -6.223671655006850489e-01
6.219028499156871170e-01 -1.967975224841644888e+00 1.403872093735386350e+00 6.009805330110595811e-01 -5.133950153994191190e-01 -6.152441981275690308e-01
6.263646424598219298e-01 -1.958560390709043642e+00 1.405208811995980689e+00 5.858055256559995261e-01 -5.029716165899178471e-01 -6.081255063597904575e-01
6.308182862654567735e-01 -1.949134651088598957e+00 1.406557501003010024e+00 5.706042419043519942e-01 -4.926897818702751231e-01 -6.010111219229887780e-01
6.352636145367460685e-01 -1.939698032956443274e+00 1.407918442392323888e+00 5.553785434852114289e-01 -4.825496804847295707e-01 -5.939010760502644315e-01
6.397004575933993298e-01 -1.930250562593375907e+00 1.409291924837507537e+00 5.401302906607703402e-01 -4.725514549108211781e-01 -5.867953994801003992e-01
6.441286427958832217e-01 -1.920792265568628476e+00 1.410678244138497739e+00 5.248613418184578938e-01 -4.626952209519448189e-01 -5.796941224543626925e-01
6.485479944695067278e-01 -1.911323166723938538e+00 1.412077703307001553e+00 5.095735530665926882e-01 -4.529810678367853782e-01 -5.725972747163797782e-01
6.529583338274151938e-01 -1.901843290157979816e+00 1.413490612648476308e+00 4.942687778337547244e-01 -4.434090583255905216e-01 -5.655048855091022730e-01
6.573594788925216648e-01 -1.892352659211192556e+00 1.414917289840426085e+00 4.789488664720079614e-01 -4.339792288231620887e-01 -5.584169835733437948e-01
6.617512444184094900e-01 -1.882851296451069523e+00 1.416358060006761566e+00 4.636156658640900874e-01 -4.246915894984599760e-01 -5.513335971461035268e-01
6.661334418092381693e-01 -1.873339223657942476e+00 1.417813255787963023e+00 4.482710190347784507e-01 -4.155461244107492291e-01 -5.442547539589721595e-01
6.705058790386915213e-01 -1.863816461811328207e+00 1.419283217406780206e+00 4.329167647664917129e-01 -4.065427916421331389e-01 -5.371804812366193227e-01
6.748683605680059205e-01 -1.854283031076886967e+00 1.420768292729196025e+00 4.175547372192529028e-01 -3.976815234363630935e-01 -5.301108056953656167e-01
6.792206872631252335e-01 -1.844738950794051480e+00 1.422268837320372903e+00 4.021867655551487619e-01 -3.889622263438079486e-01 -5.230457535418385762e-01
6.835626563110237530e-01 -1.835184239464387357e+00 1.423785214495292495e+00 3.868146735674163894e-01 -3.803847813724736682e-01 -5.159853504717131223e-01
6.878940611352506451e-01 -1.825618914740745335e+00 1.425317795363797435e+00 3.714402793143279369e-01 -3.719490441449817553e-01 -5.089296216685379459e-01
6.922146913107460886e-01 -1.816042993417271489e+00 1.426866958869731805e+00 3.560653947578535927e-01 -3.636548450612995254e-01 -5.018785918026469339e-01
6.965243324779841760e-01 -1.806456491420339816e+00 1.428433091823873013e+00 3.406918254072768271e-01 -3.555019894671325176e-01 -4.948322850301558606e-01
7.008227662565047478e-01 -1.796859423800475586e+00 1.430016588930339561e+00 3.253213699678613180e-01 -3.474902578278529219e-01 -4.877907249920463983e-01
7.051097701578927790e-01 -1.787251804725341842e+00 1.431617852806149838e+00 3.099558199946188530e-01 -3.396194059077979333e-01 -4.807539348133355595e-01
7.093851174982757080e-01 -1.777633647473859657e+00 1.433237293993605332e+00 2.945969595512958339e-01 -3.318891649548145750e-01 -4.737219371023327907e-01
7.136485773104059849e-01 -1.768004964431537651e+00 1.434875330965162732e+00 2.792465648746006446e-01 -3.242992418898902329e-01 -4.666947539499832209e-01
7.178999142554036705e-01 -1.758365767087088027e+00 1.436532390120450087e+00 2.639064040437829606e-01 -3.168493195017330066e-01 -4.596724069292986159e-01
7.221388885342376884e-01 -1.748716066030405525e+00 1.438208905775078428e+00 2.485782366555344680e-01 -3.095390566461198034e-01 -4.526549170948748202e-01
7.263652557990265546e-01 -1.739055870951994986e+00 1.439905320140893119e+00 2.332638135043541006e-01 -3.023680884499029276e-01 -4.456423049824963512e-01
7.305787670642458487e-01 -1.729385190643923931e+00 1.441622083297299461e+00 2.179648762683967789e-01 -2.953360265195126289e-01 -4.386345906088282565e-01
7.347791686179314663e-01 -1.719704033002390275e+00 1.443359653153295952e+00 2.026831572008238602e-01 -2.884424591537975147e-01 -4.316317934711951798e-01
7.389662019329756859e-01 -1.710012405031988703e+00 1.445118495399836833e+00 1.874203788268022919e-01 -2.816869515610989083e-01 -4.246339325474476900e-01
7.431396035786124177e-01 -1.700310312851766703e+00 1.446899083452148682e+00 1.721782536459588453e-01 -2.750690460803024706e-01 -4.176410262959157071e-01
7.472991051321986600e-01 -1.690597761703157342e+00 1.448701898381603570e+00 1.569584838404184390e-01 -2.685882624057791546e-01 -4.106530926554482486e-01
7.514444330913994108e-01 -1.680874755959882449e+00 1.450527428836761779e+00 1.417627609884758444e-01 -2.622440978160653913e-01 -4.036701490455403274e-01
7.555753087868897211e-01 -1.671141299139919933e+00 1.452376170953180612e+00 1.265927657838371578e-01 -2.560360274061093122e-01 -3.966922123665459488e-01
7.596914482956926840e-01 -1.661397393919629373e+00 1.454248628251585851e+00 1.114501677604092800e-01 -2.499635043229222475e-01 -3.897192989999772594e-01
7.637925623552770382e-01 -1.651643042150133134e+00 1.456145311523992847e+00 9.633662502268414141e-02 -2.440259600045067145e-01 -3.827514248088897397e-01
7.678783562785440608e-01 -1.641878244876046722e+00 1.458066738707360921e+00 8.125378398162041993e-02 -2.382228044218868135e-01 -3.757886051383532156e-01
7.719485298698378628e-01 -1.632103002356664945e+00 1.460013434744362071e+00 6.620327909610856931e-02 -2.325534263241246791e-01 -3.688308548160079137e-01
7.760027773421176445e-01 -1.622317314089694040e+00 1.461985931430833885e+00 5.118673261983430756e-02 -2.270171934861302532e-01 -3.618781881527052269e-01
7.800407872354402361e-01 -1.612521178837635905e+00 1.463984767249491226e+00 3.620575435398587505e-02 -2.216134529592972413e-01 -3.549306189432336889e-01
7.840622423369008054e-01 -1.602714594656927005e+00 1.466010487189456146e+00 2.126194140506409980e-02 -2.163415313245451443e-01 -3.479881604671291040e-01
7.880668196021918259e-01 -1.592897558929927015e+00 1.468063642551168391e+00 6.356877947962469300e-03 -2.112007349477327267e-01 -3.410508254895689428e-01
7.920541900789421774e-01 -1.583070068399865082e+00 1.470144790736234386e+00 -8.507865005695669502e-03 -2.061903502373105823e-01 -3.341186262623493386e-01
7.960240188320046872e-01 -1.573232119208842761e+00 1.472254495021766640e+00 -2.333072983389306021e-02 -2.013096439041381913e-01 -3.271915745249458496e-01
7.999759648700419667e-01 -1.563383706918741289e+00 1.474393324313711062e+00 -3.811017085683143790e-02 -1.965578637943519169e-01 -3.202696815061983338e-01
8.039096810750010480e-01 -1.553524826552954430e+00 1.476561852883075066e+00 -5.284465432697971199e-02 -1.919342391772449474e-01 -3.133529579261502551e-01
8.078248141286707984e-01 -1.543655472565227171e+00 1.478760660063132892e+00 -6.753265129148555701e-02 -1.874379833522432648e-01 -3.064414140000186748e-01
8.117210044468947672e-01 -1.533775638892182602e+00 1.480990329929278371e+00 -8.217263778426409093e-02 -1.830682936391667681e-01 -2.995350594422095392e-01
8.155978861125690038e-01 -1.523885318957584278e+00 1.483251450945895167e+00 -9.676309000970517715e-02 -1.788243529300928003e-01 -2.926339034717218568e-01
8.194550868159879986e-01 -1.513984505732959285e+00 1.485544615594976525e+00 -1.113024845343800751e-01 -1.747053295344631607e-01 -2.857379548175804085e-01
8.232922277989214166e-01 -1.504073191802127507e+00 1.487870419986052184e+00 -1.257892984839235062e-01 -1.707103770274374099e-01 -2.788472217242942697e-01
8.271089238026461121e-01 -1.494151369429719711e+00 1.490229463446972602e+00 -1.402220097450285197e-01 -1.668386341016176999e-01 -2.719617119573417563e-01
8.309047830201641283e-01 -1.484219030633768366e+00 1.492622348095102192e+00 -1.545990971726455276e-01 -1.630892244222250653e-01 -2.650814328086817939e-01
8.346794070528460452e-01 -1.474276167262451587e+00 1.495049678388476355e+00 -1.689190408023615309e-01 -1.594612564858328696e-01 -2.582063911022906555e-01
8.384323908717437046e-01 -1.464322771075063478e+00 1.497512060656475574e+00 -1.831803220678769328e-01 -1.559538234827906322e-01 -2.513365931997245672e-01
8.421633227838267732e-01 -1.454358833827285480e+00 1.500010102609577123e+00 -1.973814240236650974e-01 -1.525660031634217262e-01 -2.444720450057063510e-01
8.458717844034020494e-01 -1.444384347360821330e+00 1.502544412827741649e+00 -2.115208315728156485e-01 -1.492968577081033033e-01 -2.376127519737372962e-01
8.495573506289850751e-01 -1.434399303697459604e+00 1.505115600226996753e+00 -2.255970317000315362e-01 -1.461454336013447985e-01 -2.307587191117327075e-01
8.532195896258980561e-01 -1.424403695137618442e+00 1.507724273503787682e+00 -2.396085137098209472e-01 -1.431107615099689312e-01 -2.239099509876815719e-01
8.568580628148769751e-01 -1.414397514363422648e+00 1.510371040556664601e+00 -2.535537694699110389e-01 -1.401918561655062234e-01 -2.170664517353287082e-01
8.604723248669794433e-01 -1.404380754546350918e+00 1.513056507884886770e+00 -2.674312936598348678e-01 -1.373877162509229422e-01 -2.102282250598803692e-01
8.640619237050899404e-01 -1.394353409459494930e+00 1.515781279963528405e+00 -2.812395840247772227e-01 -1.346973242917872682e-01 -2.033952742437327155e-01
8.676264005123297540e-01 -1.384315473594449397e+00 1.518545958594676337e+00 -2.949771416346649300e-01 -1.321196465520007024e-01 -1.965676021522217154e-01
8.711652897476835911e-01 -1.374266942282857062e+00 1.521351142234316445e+00 -3.086424711485520334e-01 -1.296536329341977378e-01 -1.897452112393945567e-01
8.746781191691643809e-01 -1.364207811822613525e+00 1.524197425294524288e+00 -3.222340810843151715e-01 -1.272982168849505769e-01 -1.829281035538028455e-01
8.781644098648448971e-01 -1.354138079608730560e+00 1.527085397420571811e+00 -3.357504840937404200e-01 -1.250523153048836988e-01 -1.761162807443161782e-01
8.816236762920914849e-01 -1.344057744268847276e+00 1.530015642742588167e+00 -3.491901972430102585e-01 -1.229148284638359456e-01 -1.693097440659558361e-01
8.850554263253431753e-01 -1.333966805803363798e+00 1.532988739101410536e+00 -3.625517422986435090e-01 -1.208846399211989109e-01 -1.625084943857488529e-01
8.884591613127872378e-01 -1.323865265730161944e+00 1.536005257248280964e+00 -3.758336460189615202e-01 -1.189606164515559783e-01 -1.557125321886012881e-01
8.918343761422873328e-01 -1.313753127233863172e+00 1.539065760018062168e+00 -3.890344404511414389e-01 -1.171416079757667816e-01 -1.489218575831902924e-01
8.951805593169295250e-01 -1.303630395319564705e+00 1.542170801475654107e+00 -4.021526632339706975e-01 -1.154264474976205435e-01 -1.421364703078743241e-01
8.984971930405571960e-01 -1.293497076970970827e+00 1.545320926035310904e+00 -4.151868579063502374e-01 -1.138139510462234938e-01 -1.353563697366212126e-01
9.017837533136712214e-01 -1.283353181312833158e+00 1.548516667552580772e+00 -4.281355742215993132e-01 -1.123029176242598126e-01 -1.285815548849540968e-01
9.050397100400795480e-01 -1.273198719777587140e+00 1.551758548388604275e+00 -4.409973684677586103e-01 -1.108921291622806393e-01 -1.218120244159136417e-01
9.082645271446860846e-01 -1.263033706276062151e+00 1.555047078446527564e+00 -4.537708037939556238e-01 -1.095803504791827976e-01 -1.150477766460366036e-01
9.114576627028125877e-01 -1.252858157372122250e+00 1.558382754179811647e+00 -4.664544505429406573e-01 -1.083663292490486540e-01 -1.082888095513510063e-01
9.146185690814530034e-01 -1.242672092461074129e+00 1.561766057572240518e+00 -4.790468865900192608e-01 -1.072487959745149766e-01 -1.015351207733859173e-01
9.177466930928668276e-01 -1.232475533951665092e+00 1.565197455089452294e+00 -4.915466976884599326e-01 -1.062264639668564215e-01 -9.478670762519635085e-02
9.208414761609176047e-01 -1.222268507451468533e+00 1.568677396601847018e+00 -5.039524778215813683e-01 -1.052980293329852657e-01 -8.804356709740224218e-02
9.239023545005697891e-01 -1.212051041955434005e+00 1.572206314278751460e+00 -5.162628295616780161e-01 -1.044621709695512379e-01 -8.130569586424110651e-02
9.269287593109598600e-01 -1.201823170037362498e+00 1.575784621453742096e+00 -5.284763644360892521e-01 -1.037175505643661566e-01 -7.457309028963346464e-02
9.299201169824575786e-01 -1.191584928044037817e+00 1.579412711461073426e+00 -5.405917033005602779e-01 -1.030628126053674265e-01 -6.784574643326107823e-02
9.328758493181381617e-01 -1.181336356291727618e+00 1.583090956443177211e+00 -5.526074767201498705e-01 -1.024965843973655311e-01 -6.112366005665753610e-02
9.357953737700843710e-01 -1.171077499264737476e+00 1.586819706129237506e+00 -5.645223253580315959e-01 -1.020174760868144404e-01 -5.440682662930940855e-02
9.386781036909406239e-01 -1.160808405815686672e+00 1.590599286584879479e+00 -5.763349003724436148e-01 -1.016240806948793818e-01 -4.769524133476803207e-02
9.415234486011365700e-01 -1.150529129367135361e+00 1.594429998933050818e+00 -5.880438638221552328e-01 -1.013149741590737563e-01 -4.098889907677147337e-02
9.443308144722000197e-01 -1.140239728114180284e+00 1.598312118046207875e+00 -5.996478890807737105e-01 -1.010887153837760621e-01 -3.428779448537644381e-02
9.470996040265737825e-01 -1.129940265227599383e+00 1.602245891209964634e+00 -6.111456612603576311e-01 -1.009438462999305841e-01 -2.759192192309868966e-02
9.498292170543494173e-01 -1.119630809057103882e+00 1.606231536758401690e+00 -6.225358776447178499e-01 -1.008788919342897827e-01 -2.090127549106144539e-02
9.525190507473237922e-01 -1.109311433334227104e+00 1.610269242681281465e+00 -6.338172481329200636e-01 -1.008923604885509917e-01 -1.421584903515106003e-02
9.551685000507799117e-01 -1.098982217374352199e+00 1.614359165203455015e+00 -6.449884956935312275e-01 -1.009827434287835501e-01 -7.535636152179156499e-03
9.577769580333879151e-01 -1.088643246277349430e+00 1.618501427336803022e+00 -6.560483568301289647e-01 -1.011485155855647022e-01 -8.606301960510593166e-04
9.603438162756106067e-01 -1.078294611126268787e+00 1.622696117405099780e+00 -6.669955820587731843e-01 -1.013881352652798995e-01 5.809175716061250848e-03
9.628684652769894381e-01 -1.067936409183500857e+00 1.626943287542242933e+00 -6.778289363980700699e-01 -1.017000443730644577e-01 1.247378869754153970e-02
9.653502948826775398e-01 -1.057568744083795309e+00 1.631242952164347670e+00 -6.885471998726160336e-01 -1.020826685479248042e-01 1.913321608614888120e-02
9.677886947295699649e-01 -1.047191726023489089e+00 1.635595086416258503e+00 -6.991491680306272105e-01 -1.025344173105890988e-01 2.578746543783468070e-02
9.701830547123722059e-01 -1.036805471945275059e+00 1.639999624593098337e+00 -7.096336524766144738e-01 -1.030536842247142815e-01 3.243654452055776127e-02
9.725327654699271740e-01 -1.026410105717808108e+00 1.644456458537530308e+00 -7.199994814200523230e-01 -1.036388470721032462e-01 3.908046130809891827e-02
9.748372188921063941e-01 -1.016005758309421303e+00 1.648965436013473340e+00 -7.302455002411558649e-01 -1.042882680426435726e-01 4.571922397387658682e-02
9.770958086475518556e-01 -1.005592567955189143e+00 1.653526359057084116e+00 -7.403705720748390284e-01 -1.050002939397574053e-01 5.235284088476373221e-02
9.793079307325345262e-01 -9.951706803165598636e-01 1.658138982305884523e+00 -7.503735784141558618e-01 -1.057732564021947042e-01 5.898132059490854978e-02
9.814729840411697825e-01 -9.847402486327379023e-01 1.662803011306984047e+00 -7.602534197344783529e-01 -1.066054721430846897e-01 6.560467183955906445e-02
9.835903709572100251e-01 -9.743014338629834015e-01 1.667518100805425174e+00 -7.700090161399295585e-01 -1.074952432072446840e-01 7.222290352889398912e-02
9.856594979676058799e-01 -9.638544048189636726e-01 1.672283853013756705e+00 -7.796393080335737302e-01 -1.084408572478094968e-01 7.883602474186068854e-02
9.876797762979994122e-01 -9.533993382862746557e-01 1.677099815864016907e+00 -7.891432568130269942e-01 -1.094405878233599694e-01 8.544404472002255224e-02
9.896506225702825787e-01 -9.429364191342202162e-01 1.681965481243395955e+00 -7.985198455933364414e-01 -1.104926947168127782e-01 9.204697286141751145e-02
9.915714594823230588e-01 -9.324658404129242406e-01 1.686880283214931442e+00 -8.077680799590205574e-01 -1.115954242774455096e-01 9.864481871442999650e-02
9.934417165099249658e-01 -9.219878034368318431e-01 1.691843596224676727e+00 -8.168869887472853808e-01 -1.127470097875473698e-01 1.052375919716785069e-01
9.952608306310553044e-01 -9.115025178536333428e-01 1.696854733296876194e+00 -8.258756248646079712e-01 -1.139456718552978032e-01 1.118253024639219162e-01
9.970282470723297319e-01 -9.010102016976380135e-01 1.701912944218772150e+00 -8.347330661389167350e-01 -1.151896188356165140e-01 1.184079601539866633e-01
9.987434200777141058e-01 -8.905110814266108399e-01 1.707017413716774845e+00 -8.434584162091447457e-01 -1.164770472807736823e-01 1.249855751307191037e-01
1.000405813699350555e+00 -8.800053919410761871e-01 1.712167259625815507e+00 -8.520508054557800470e-01 -1.178061424228973308e-01 1.315581576029659638e-01
1.002014902610379288e+00 -8.694933765850882956e-01 1.717361531053815504e+00 -8.605093919742863307e-01 -1.191750786904659520e-01 1.381257178935875740e-01
1.003570172939579619e+00 -8.589752871274658474e-01 1.722599206543306005e+00 -8.688333625938446936e-01 -1.205820202610565772e-01 1.446882664335086555e-01
1.005071123127606603e+00 -8.484513837224914035e-01 1.727879192232347760e+00 -8.770219339437628214e-01 -1.220251216527517002e-01 1.512458137558112814e-01
1.006517264804551282e+00 -8.379219348490769548e-01 1.733200320017009632e+00 -8.850743535697973563e-01 -1.235025283567177112e-01 1.577983704898769657e-01
1.007908123688503244e+00 -8.273872172274145953e-01 1.738561345717785311e+00 -8.929899011023225697e-01 -1.250123775135500992e-01 1.643459473555841655e-01
1.009243240504740680e+00 -8.168475157121375396e-01 1.743960947252448213e+00 -9.007678894778805567e-01 -1.265527986360384105e-01 1.708885551575687334e-01
1.010522171925124058e+00 -8.063031231610411353e-01 1.749397722817965573e+00 -9.084076662150564196e-01 -1.281219143809968486e-01 1.774262047795555630e-01
1.011744491527210021e+00 -7.957543402784326148e-01 1.754870189084225096e+00 -9.159086147448338711e-01 -1.297178413727433366e-01 1.839589071787715857e-01
1.012909790772551499e+00 -7.852014754322129697e-01 1.760376779402461622e+00 -9.232701557945546256e-01 -1.313386910806668695e-01 1.904866733804498335e-01
1.014017680003592270e+00 -7.746448444438227554e-01 1.765915842031401173e+00 -9.304917488233317435e-01 -1.329825707530574164e-01 1.970095144724371139e-01
1.015067789458506731e+00 -7.640847703502307020e-01 1.771485638384288741e+00 -9.375728935051252932e-01 -1.346475844089907170e-01 2.035274415999171194e-01
1.016059770303279874e+00 -7.535215831371813167e-01 1.777084341300104509e+00 -9.445131312536902968e-01 -1.363318338895123105e-01 2.100404659602633228e-01
1.016993295680262310e+00 -7.429556194429811633e-01 1.782710033342427502e+00 -9.513120467812672398e-01 -1.380334199686208407e-01 2.165485987980373950e-01
1.017868061772380539e+00 -7.323872222321554659e-01 1.788360705129559136e+00 -9.579692696800508056e-01 -1.397504435235896736e-01 2.230518514001492980e-01
1.018683788882121855e+00 -7.218167404383741825e-01 1.794034253699677395e+00 -9.644844760122708305e-01 -1.414810067629641566e-01 2.295502350911968192e-01
1.019440222524356177e+00 -7.112445285761204161e-01 1.799728480914958295e+00 -9.708573898911618816e-01 -1.432232145090965858e-01 2.360437612290025855e-01
1.020137134532000944e+00 -7.006709463206575172e-01 1.805441091908770224e+00 -9.770877850312740254e-01 -1.449751755303623213e-01 2.425324412003684593e-01
1.020774324173478798e+00 -6.900963580559307253e-01 1.811169693580219509e+00 -9.831754862428099262e-01 -1.467350039162722553e-01 2.490162864170666901e-01
1.021351619280859380e+00 -6.795211323901462208e-01 1.816911793140512765e+00 -9.891203708409301854e-01 -1.485008204865572168e-01 2.554953083120874990e-01
1.021868877387525965e+00 -6.689456416388606108e-01 1.822664796715781410e+00 -9.949223699380609354e-01 -1.502707542231771498e-01 2.619695183361620550e-01
1.022325986874150994e+00 -6.583702612755386596e-01 1.828426008011210024e+00 -1.000581469585215544e+00 -1.520429437121295635e-01 2.684389279545780216e-01
1.022722868121715756e+00 -6.477953693496418808e-01 1.834192627041510315e+00 -1.006097711727773181e+00 -1.538155385801429631e-01 2.749035486443029419e-01
1.023059474670257041e+00 -6.372213458724518276e-01 1.839961748932988916e+00 -1.011471194942964003e+00 -1.555867009101641329e-01 2.813633918914281162e-01
1.023335794381978081e+00 -6.266485721709540435e-01 1.845730362802668667e+00 -1.016702074929963118e+00 -1.573546066189788206e-01 2.878184691889418834e-01
1.023551850600646018e+00 -6.160774302012463899e-01 1.851495350714408739e+00 -1.021790562944326242e+00 -1.591174462551778745e-01 2.942687920347066277e-01
1.023707703318977202e+00 -6.055083018401670181e-01 1.857253486723668079e+00 -1.026736925748580775e+00 -1.608734262081110700e-01 3.007143719297740714e-01
1.023803450346089550e+00 -5.949415681468712691e-01 1.863001436017058143e+00 -1.031541485275155878e+00 -1.626207698357502451e-01 3.071552203770321898e-01
1.023839228473489849e+00 -5.843776085953127364e-01 1.868735754153089790e+00 -1.036204618008220057e+00 -1.643577185020461684e-01 3.135913488801757021e-01
1.023815214615159119e+00 -5.738168002507215704e-01 1.874452886391215767e+00 -1.040726748063813156e+00 -1.660825305700361909e-01 3.200227689425865774e-01
1.023731626933906291e+00 -5.632595169087633025e-01 1.880149167109318009e+00 -1.045108337971295098e+00 -1.677934794023867582e-01 3.264494920660006017e-01
1.023588725992326864e+00 -5.527061282485448146e-01 1.885820819343148713e+00 -1.049349887497426081e+00 -1.694888537527292627e-01 3.328715297494789227e-01
1.023386815895180435e+00 -5.421569989608583384e-01 1.891463954454252860e+00 -1.053451932004014546e+00 -1.711669579630008542e-01 3.392888934886464369e-01
1.023126245423766845e+00 -5.316124878560963829e-01 1.897074571935154275e+00 -1.057415040994816646e+00 -1.728261121770939823e-01 3.457015947751918561e-01
1.022807409159478098e+00 -5.210729469526396151e-01 1.902648559359924940e+00 -1.061239816579469863e+00 -1.744646524811939159e-01 3.521096450966060276e-01
1.022430748594789218e+00 -5.105387205480114154e-01 1.908181692488587267e+00 -1.064926891889407701e+00 -1.760809309797801703e-01 3.585130559361352498e-01
1.021996753229926114e+00 -5.000101442753184244e-01 1.913669635534157587e+00 -1.068476929476956938e+00 -1.776733158165839654e-01 3.649118387729275992e-01
