8.734138130532845823e-01 -4.482597956070636158e+00 3.096715898901365005e+00 -9.265911473733394743e-01 -4.530153808975957652e+00 1.124248295810415105e-01
8.734138130532845823e-01 -4.482597956070636158e+00 3.096715898901365005e+00 -9.265911473733394743e-01 -4.530153808975957652e+00 1.124248295810415105e-01
8.733937018585871126e-01 -4.482590180898052168e+00 3.095144797569328698e+00 -9.266780430914233202e-01 -4.530155619325147320e+00 1.124685431343722397e-01
8.733528983632713460e-01 -4.482574557108010005e+00 3.092073958157511626e+00 -9.268503685352733612e-01 -4.530159092286371703e+00 1.125557509615742191e-01
8.732908711596276685e-01 -4.482550916217023840e+00 3.087573092009554543e+00 -9.271066584257768861e-01 -4.530164091180660435e+00 1.126862338384245765e-01
8.732071376595512691e-01 -4.482518995969027031e+00 3.081710261682960805e+00 -9.274454483987676356e-01 -4.530170489949526313e+00 1.128597725897036858e-01
8.731012638591517661e-01 -4.482478442236290661e+00 3.074551885594920098e+00 -9.278652752033601514e-01 -4.530178172720909835e+00 1.130761480830707738e-01
8.729728646639106637e-01 -4.482428811497381815e+00 3.066162744117635341e+00 -9.283646768970468255e-01 -4.530187033378870076e+00 1.133351412230481775e-01
8.728216046894208269e-01 -4.482369573841698873e+00 3.056605987051236983e+00 -9.289421930377176340e-01 -4.530196975137143589e+00 1.136365329451137773e-01
8.726471994520860198e-01 -4.482300116455794736e+00 3.045943142404287762e+00 -9.295963648727620932e-01 -4.530207910116657466e+00 1.139801042099011091e-01
8.724494168648878611e-01 -4.482219747550855615e+00 3.034234126413791532e+00 -9.303257355254109795e-01 -4.530219758927115592e+00 1.143656359975069314e-01
8.722280789552296909e-01 -4.482127700693496308e+00 3.021537254738528855e+00 -9.311288501784656946e-01 -4.530232450252738019e+00 1.147929093019055963e-01
8.719830637247746319e-01 -4.482023139503681364e+00 3.007909254761414353e+00 -9.320042562555661547e-01 -4.530245920442271590e+00 1.152617051254699321e-01
8.717143070749452383e-01 -4.481905162684334698e+00 2.993405278938450209e+00 -9.329505036001412011e-01 -4.530260113103341091e+00 1.157718044735982776e-01
8.714218047262248801e-01 -4.481772809347172704e+00 2.978078919133696711e+00 -9.339661446521817512e-01 -4.530274978701254618e+00 1.163229883494470707e-01
8.711056140644775070e-01 -4.481625064598780739e+00 2.961982221881500177e+00 -9.350497346229726947e-01 -4.530290474162342207e+00 1.169150377487688519e-01
8.707658558530788628e-01 -4.481460865350030076e+00 2.945165704519032257e+00 -9.361998316679178700e-01 -4.530306562481917432e+00 1.175477336548550050e-01
8.704027157556345484e-01 -4.481279106310863902e+00 2.927678372133957652e+00 -9.374149970575850199e-01 -4.530323212336944572e+00 1.182208570335829823e-01
8.700164456203558494e-01 -4.481078646131297916e+00 2.909567735273807187e+00 -9.386937953470989582e-01 -4.530340397703502830e+00 1.189341888285676690e-01
8.696073644836889160e-01 -4.480858313648441893e+00 2.890879828365341631e+00 -9.400347945440016284e-01 -4.530358097479122215e+00 1.196875099564163325e-01
8.691758592574532205e-01 -4.480616914198454204e+00 2.871659228793892460e+00 -9.414365662746981833e-01 -4.530376295110077223e+00 1.204806013020868621e-01
8.687223850704747230e-01 -4.480353235951734625e+00 2.851949076594307186e+00 -9.428976859496019935e-01 -4.530394978223704960e+00 1.213132437143489006e-01
8.682474652423946004e-01 -4.480066056229396132e+00 2.831791094706766820e+00 -9.444167329270892752e-01 -4.530414138265842716e+00 1.221852180013474620e-01
8.677516908739444368e-01 -4.479754147759209104e+00 2.811225609752324495e+00 -9.459922906763675865e-01 -4.530433770143443617e+00 1.230963049262686487e-01
8.672357200444015257e-01 -4.479416284829769168e+00 2.790291573284576110e+00 -9.476229469393624427e-01 -4.530453871872445859e+00 1.240462852031070790e-01
8.667002766131292057e-01 -4.479051249302659521e+00 2.769026583475396208e+00 -9.493072938917188619e-01 -4.530474444230980779e+00 1.250349394925346358e-01
8.661461486279782296e-01 -4.478657836443868057e+00 2.747466907194166641e+00 -9.510439283030130975e-01 -4.530495490417966842e+00 1.260620483978701079e-01
8.655741863488364274e-01 -4.478234860537614104e+00 2.725647502441370218e+00 -9.528314516962627101e-01 -4.530517015717178353e+00 1.271273924611494299e-01
8.649852998997007436e-01 -4.477781160248068382e+00 2.703602041098857267e+00 -9.546684705068221310e-01 -4.530539027166843091e+00 1.282307521592961352e-01
8.643804565672680296e-01 -4.477295603697164950e+00 2.681362931960469265e+00 -9.565535962407500925e-01 -4.530561533234840788e+00 1.293719079003914085e-01
8.637606777681650083e-01 -4.476777093229736160e+00 2.658961344008061722e+00 -9.584854456327226435e-01 -4.530584543499559302e+00 1.305506400200437123e-01
8.631270357105287339e-01 -4.476224569840538514e+00 2.636427229899290570e+00 -9.604626408035701335e-01 -4.530608068336480443e+00 1.317667287778573337e-01
8.624806497786998705e-01 -4.475637017241291815e+00 2.613789349634809245e+00 -9.624838094175083292e-01 -4.530632118610546044e+00 1.330199543539995755e-01
8.618226826722806821e-01 -4.475013465549584346e+00 2.591075294373786697e+00 -9.645475848391320550e-01 -4.530656705374368265e+00 1.343100968458662003e-01
8.611543363327428535e-01 -4.474352994585344412e+00 2.568311510367874195e+00 -9.666526062902296434e-01 -4.530681839572345382e+00 1.356369362648446597e-01
8.604768476921587084e-01 -4.473654736764463458e+00 2.545523322984948766e+00 -9.687975190064856967e-01 -4.530707531750733708e+00 1.370002525331747989e-01
8.597914842794769363e-01 -4.472917879583064860e+00 2.522734960795118386e+00 -9.709809743941222315e-01 -4.530733791773729813e+00 1.383998254809067352e-01
8.590995397201085515e-01 -4.472141667689713884e+00 2.499969579692616239e+00 -9.732016301865327179e-01 -4.530760628545627888e+00 1.398354348429551863e-01
8.584023291644449216e-01 -4.471325404546588445e+00 2.477249287028312263e+00 -9.754581506009567526e-01 -4.530788049739083334e+00 1.413068602562503606e-01
8.577011846803417328e-01 -4.470468453684193655e+00 2.454595165728650663e+00 -9.777492064952399975e-01 -4.530816061529565175e+00 1.428138812569844929e-01
8.569974506436064399e-01 -4.469570239557524083e+00 2.432027298377876789e+00 -9.800734755247229035e-01 -4.530844668336007075e+00 1.443562772779540260e-01
8.562924791591641771e-01 -4.468630248014712869e+00 2.409564791241435522e+00 -9.824296422992910838e-01 -4.530873872567743099e+00 1.459338276459968275e-01
8.555876255438921163e-01 -4.467648026392033955e+00 2.387225798209433592e+00 -9.848163985406248599e-01 -4.530903674377751322e+00 1.475463115795241087e-01
8.548842439001586024e-01 -4.466623183251669182e+00 2.365027544640026846e+00 -9.872324432396748506e-01 -4.530934071422252352e+00 1.491935081861466283e-01
8.541836828069160337e-01 -4.465555387780915098e+00 2.342986351083547802e+00 -9.896764828143920223e-01 -4.530965058626723163e+00 1.508751964603948226e-01
8.534872811528345649e-01 -4.464444368873384583e+00 2.321117656869118751e+00 -9.921472312677341865e-01 -4.530996627958345790e+00 1.525911552815322481e-01
8.527963641334672662e-01 -4.463289913914409546e+00 2.299436043536398522e+00 -9.946434103459715903e-01 -4.531028768204951263e+00 1.543411634114623121e-01
8.521122394318464410e-01 -4.462091867294053493e+00 2.277955258095996527e+00 -9.971637496972988179e-01 -4.531061464760485435e+00 1.561249994927274565e-01
8.514361935992814656e-01 -4.460850128672169568e+00 2.256688236102950995e+00 -9.997069870307743189e-01 -4.531094699417044680e+00 1.579424420466005452e-01
8.507694886504787446e-01 -4.459564651020524018e+00 2.235647124528505003e+00 -1.002271868275592670e+00 -4.531128450163509847e+00 1.597932694712681512e-01
8.501133588844912436e-01 -4.458235438467380796e+00 2.214843304416236780e+00 -1.004857147740694012e+00 -4.531162690990818476e+00 1.616772600401051307e-01
8.494690079404428884e-01 -4.456862543970022017e+00 2.194287413309397472e+00 -1.007461588274715103e+00 -4.531197391703912558e+00 1.635941919000400147e-01
8.488376060945043156e-01 -4.455446066840468511e+00 2.173989367437090259e+00 -1.010083961426277321e+00 -4.531232517740382271e+00 1.655438430700110763e-01
8.482202878022323533e-01 -4.453986150149265022e+00 2.153958383647681885e+00 -1.012723047604616733e+00 -4.531268029995854540e+00 1.675259914395121896e-01
8.476181494881575018e-01 -4.452482978031545358e+00 2.134203001078579298e+00 -1.015377636240535342e+00 -4.531303884656134429e+00 1.695404147672284478e-01
8.470322475824240138e-01 -4.450936772918777429e+00 2.114731102552219522e+00 -1.018046525947666314e+00 -4.531340033036147297e+00 1.715868906797607396e-01
8.464635968023637158e-01 -4.449347792718596040e+00 2.095549935688824306e+00 -1.020728524684045624e+00 -4.531376421425694190e+00 1.736651966704390038e-01
8.459131686751375501e-01 -4.447716327964021055e+00 2.076666133727154140e+00 -1.023422449913963472e+00 -4.531412990942050634e+00 1.757751100982236359e-01
8.453818902960039683e-01 -4.446042698952099137e+00 2.058085736045152991e+00 -1.026127128770085717e+00 -4.531449677389435493e+00 1.779164081866946301e-01
8.448706433153772011e-01 -4.444327252890697189e+00 2.039814208373024407e+00 -1.028841398215811331e+00 -4.531486411125356994e+00 1.800888680231278183e-01
8.443802631466267306e-01 -4.442570361070783846e+00 2.021856462691898670e+00 -1.031564105207847692e+00 -4.531523116933875883e+00 1.822922665576578727e-01
8.439115383855254615e-01 -4.440772416080064566e+00 2.004216876811865777e+00 -1.034294106858972606e+00 -4.531559713905791043e+00 1.845263806025275177e-01
8.434652104313923315e-01 -4.438933829072416515e+00 1.986899313623725183e+00 -1.037030270600946436e+00 -4.531596115325761787e+00 1.867909868314223953e-01
8.430419732992708859e-01 -4.437055027106047156e+00 1.969907140019382386e+00 -1.039771474347542801e+00 -4.531632228566387255e+00 1.890858617788910845e-01
8.426424736119455527e-01 -4.435136450561875776e+00 1.953243245476370404e+00 -1.042516606657659883e+00 -4.531667954989263336e+00 1.914107818398496919e-01
8.422673107601998943e-01 -4.433178550652155714e+00 1.936910060302507119e+00 -1.045264566898477909e+00 -4.531703189853005576e+00 1.937655232691706808e-01
8.419170372194697549e-01 -4.431181787027985486e+00 1.920909573537215032e+00 -1.048014265408607537e+00 -4.531737822228271817e+00 1.961498621813551058e-01
8.415921590109117778e-01 -4.429146625492971445e+00 1.905243350506527378e+00 -1.050764623661193831e+00 -4.531771734919778361e+00 1.985635745502879190e-01
8.412931362948993241e-01 -4.427073535829014972e+00 1.889912550029286598e+00 -1.053514574426922312e+00 -4.531804804395313191e+00 2.010064362090756285e-01
8.410203840850508650e-01 -4.424962989738951080e+00 1.874917941272500777e+00 -1.056263061936879355e+00 -4.531836900721765815e+00 2.034782228499659451e-01
8.407742730710792145e-01 -4.422815458909609809e+00 1.860259920254271115e+00 -1.059009042045214954e+00 -4.531867887508154169e+00 2.059787100243485325e-01
8.405551305390226435e-01 -4.420631413197764203e+00 1.845938525993130241e+00 -1.061751482391548373e+00 -4.531897621855664582e+00 2.085076731428365526e-01
8.403632413777532006e-01 -4.418411318940421495e+00 1.831953456303043293e+00 -1.064489362563061370e+00 -4.531925954314697691e+00 2.110648874754281479e-01
8.401988491610585807e-01 -4.416155637389974409e+00 1.818304083233716950e+00 -1.067221674256219499e+00 -4.531952728848909651e+00 2.136501281517474149e-01
8.400621572950397464e-01 -4.413864823273883964e+00 1.804989468156243060e+00 -1.069947421438064206e+00 -4.531977782806258404e+00 2.162631701613642599e-01
8.399533302210563379e-01 -4.411539323477779106e+00 1.792008376494459210e+00 -1.072665620506999318e+00 -4.532000946897024818e+00 2.189037883541923302e-01
8.398724946649662737e-01 -4.409179575850166621e+00 1.779359292102760781e+00 -1.075375300453019545e+00 -4.532022045178822012e+00 2.215717574409644952e-01
8.398197409239510636e-01 -4.406786008126340803e+00 1.767040431291424518e+00 -1.078075503017304815e+00 -4.532040895048562668e+00 2.242668519937851823e-01
8.397951241827685820e-01 -4.404359036968515717e+00 1.755049756500822289e+00 -1.080765282851116060e+00 -4.532057307241376343e+00 2.269888464467588740e-01
8.397986658518419301e-01 -4.401899067118752562e+00 1.743384989626199255e+00 -1.083443707673910961e+00 -4.532071085836459901e+00 2.297375150966941837e-01
8.398303549201544538e-01 -4.399406490660854097e+00 1.732043624994977327e+00 -1.086109858430623687e+00 -4.532082028269847740e+00 2.325126321038825938e-01
8.398901493164835363e-01 -4.396881686387038357e+00 1.721022941998815892e+00 -1.088762829448016944e+00 -4.532089925354072513e+00 2.353139714929513848e-01
8.399779772730544547e-01 -4.394325019264959664e+00 1.710320017382915392e+00 -1.091401728590037701e+00 -4.532094561304689684e+00 2.381413071537897552e-01
8.400937386862381562e-01 -4.391736840000403319e+00 1.699931737195293113e+00 -1.094025677412099329e+00 -4.532095713773660606e+00 2.409944128425478005e-01
8.402373064694341753e-01 -4.389117484690824966e+00 1.689854808398988606e+00 -1.096633811314209783e+00 -4.532093153889543480e+00 2.438730621827071565e-01
8.404085278937877268e-01 -4.386467274564781249e+00 1.680085770150369529e+00 -1.099225279692865431e+00 -4.532086646304473554e+00 2.467770286662228918e-01
8.406072259128660740e-01 -4.383786515802238881e+00 1.670621004746913663e+00 -1.101799246091623719e+00 -4.532075949247905022e+00 2.497060856547355379e-01
8.408332004678817917e-01 -4.381075499430690634e+00 1.661456748248030024e+00 -1.104354888350280950e+00 -4.532060814587064890e+00 2.526600063808528418e-01
8.410862297704789770e-01 -4.378334501292040493e+00 1.652589100772660302e+00 -1.106891398752562150e+00 -4.532040987894101036e+00 2.556385639495000195e-01
8.413660715605073559e-01 -4.375563782075226449e+00 1.644014036477569052e+00 -1.109407984172244399e+00 -4.532016208519866751e+00 2.586415313393380933e-01
8.416724643365901537e-01 -4.372763587409637331e+00 1.635727413220382731e+00 -1.111903866217622161e+00 -4.531986209674315980e+00 2.616686814042493148e-01
8.420051285576422018e-01 -4.369934148014443132e+00 1.627724981911579327e+00 -1.114378281374230450e+00 -4.531950718513456877e+00 2.647197868748885630e-01
8.423637678138262697e-01 -4.367075679899095064e+00 1.620002395559767772e+00 -1.116830481145741683e+00 -4.531909456232818378e+00 2.677946203603002728e-01
8.427480699657311503e-01 -4.364188384610352855e+00 1.612555218014709801e+00 -1.119259732192938506e+00 -4.531862138167385368e+00 2.708929543495998682e-01
8.431577082508358023e-01 -4.361272449521365502e+00 1.605378932412657278e+00 -1.121665316470682017e+00 -4.531808473897942058e+00 2.740145612137186992e-01
8.435923423565669932e-01 -4.358328048158469414e+00 1.598468949328670785e+00 -1.124046531362786761e+00 -4.531748167363791602e+00 2.771592132072116521e-01
8.440516194594908095e-01 -4.355355340561543720e+00 1.591820614640683251e+00 -1.126402689814700819e+00 -4.531680916981763119e+00 2.803266824701267090e-01
8.445351752303752457e-01 -4.352354473673941015e+00 1.585429217110151834e+00 -1.128733120463915274e+00 -4.531606415771480378e+00 2.835167410299350710e-01
8.450426348050453784e-01 -4.349325581758180626e+00 1.579289995684219239e+00 -1.131037167768002449e+00 -4.531524351486816649e+00 2.867291608035214545e-01
8.455736137211102843e-01 -4.346268786833793030e+00 1.573398146524365826e+00 -1.133314192130197018e+00 -4.531434406753466426e+00 2.899637135992328973e-01
8.461277188207828592e-01 -4.343184199133882650e+00 1.567748829766597574e+00 -1.135563570022428026e+00 -4.531336259212586981e+00 2.932201711189860172e-01
8.467045491201325991e-01 -4.340071917577162708e+00 1.562337176018256724e+00 -1.137784694105709260e+00 -4.531229581670424444e+00 2.964983049604307808e-01
8.473036966452209828e-01 -4.336932030252421022e+00 1.557158292596592775e+00 -1.139976973347798239e+00 -4.531114042253867602e+00 2.997978866191703951e-01
8.479247472356504778e-01 -4.333764614912542612e+00 1.552207269514258581e+00 -1.142139833138039240e+00 -4.530989304571848564e+00 3.031186874910361539e-01
8.485672813161422301e-01 -4.330569739475418345e+00 1.547479185216930064e+00 -1.144272715399286877e+00 -4.530855027882521036e+00 3.064604788744161867e-01
8.492308746368076866e-01 -4.327347462529240296e+00 1.542969112078265148e+00 -1.146375078696825422e+00 -4.530710867266130037e+00 3.098230319726366089e-01
8.499150989828382352e-01 -4.324097833839871008e+00 1.538672121657436387e+00 -1.148446398344203701e+00 -4.530556473803508233e+00 3.132061178963951309e-01
8.506195228543669273e-01 -4.320820894858136363e+00 1.534583289724474886e+00 -1.150486166505888086e+00 -4.530391494760105608e+00 3.166095076662447938e-01
8.513437121172893196e-01 -4.317516679225080978e+00 1.530697701058670424e+00 -1.152493892296639011e+00 -4.530215573775471682e+00 3.200329722151274980e-01
8.520872306258479023e-01 -4.314185213273362685e+00 1.527010454025271580e+00 -1.154469101877534598e+00 -4.530028351058104974e+00 3.234762823909559937e-01
8.528496408177945742e-01 -4.310826516523148300e+00 1.523516664935717024e+00 -1.156411338548548828e+00 -4.529829463585576477e+00 3.269392089592431105e-01
8.536305042829538392e-01 -4.307440602170988342e+00 1.520211472196620228e+00 -1.158320162837600309e+00 -4.529618545309847200e+00 3.304215226057773402e-01
8.544293823060037374e-01 -4.304027477570349092e+00 1.517090040252708771e+00 -1.160195152585983269e+00 -4.529395227367670529e+00 3.339229939393433821e-01
8.552458363842881939e-01 -4.300587144702544329e+00 1.514147563328902768e+00 -1.162035903030096629e+00 -4.529159138296001252e+00 3.374433934944865987e-01
8.560794287214616993e-01 -4.297119600637023140e+00 1.511379268976683177e+00 -1.163842026879389202e+00 -4.528909904252296670e+00 3.409824917343202144e-01
8.569297226977536930e-01 -4.293624837980026143e+00 1.508780421429876561e+00 -1.165613154390436890e+00 -4.528647149239622749e+00 3.445400590533739260e-01
8.577962833176219215e-01 -4.290102845310787671e+00 1.506346324774945344e+00 -1.167348933437072356e+00 -4.528370495336456081e+00 3.481158657804828138e-01
8.586786776355430639e-01 -4.286553607604558280e+00 1.504072325940835064e+00 -1.169049029576488152e+00 -4.528079562931083046e+00 3.517096821817152774e-01
8.595764751606698173e-01 -4.282977106641816079e+00 1.501953817513389300e+00 -1.170713126111233349e+00 -4.527773970960485173e+00 3.553212784633389409e-01
8.604892482410567700e-01 -4.279373321403167729e+00 1.499986240379296509e+00 -1.172340924147024843e+00 -4.527453337153604096e+00 3.589504247748228627e-01
8.614165724281346304e-01 -4.275742228449504800e+00 1.498165086204488405e+00 -1.173932142646302301e+00 -4.527117278278875112e+00 3.625968912118754384e-01
8.623580268220890632e-01 -4.272083802287072629e+00 1.496485899751857085e+00 -1.175486518477456999e+00 -4.526765410395919176e+00 3.662604478195160551e-01
8.633131943987715218e-01 -4.268398015717218108e+00 1.494944281043103063e+00 -1.177003806459649748e+00 -4.526397349111282331e+00 3.699408645951794417e-01
8.642816623187472569e-01 -4.264684840170623659e+00 1.493535887369472404e+00 -1.178483779403159737e+00 -4.526012709838096448e+00 3.736379114918516597e-01
8.652630222190595966e-01 -4.260944246025924365e+00 1.492256435156084526e+00 -1.179926228145185885e+00 -4.525611108059549359e+00 3.773513584212360161e-01
8.662568704882649406e-01 -4.257176202912682506e+00 1.491101701684488523e+00 -1.181330961581044114e+00 -4.525192159596046260e+00 3.810809752569480069e-01
8.672628085252699348e-01 -4.253380679998715941e+00 1.490067526678026999e+00 -1.182697806690688802e+00 -4.524755480875939817e+00 3.848265318377375177e-01
8.682804429824780845e-01 -4.249557646261886923e+00 1.489149813754519824e+00 -1.184026608560498017e+00 -4.524300689209702853e+00 3.885877979707371699e-01
8.693093859937318646e-01 -4.245707070746456147e+00 1.488344531750714461e+00 -1.185317230400264377e+00 -4.523827403067422814e+00 3.923645434347353689e-01
8.703492553875165072e-01 -4.241828922804186774e+00 1.487647715922885361e+00 -1.186569553555326451e+00 -4.523335242359486585e+00 3.961565379834726675e-01
8.713996748858678920e-01 -4.237923172320424925e+00 1.487055469027891208e+00 -1.187783477513799646e+00 -4.522823828720331285e+00 3.999635513489601668e-01
8.724602742894139729e-01 -4.233989789925385772e+00 1.486563962288930840e+00 -1.188958919908835510e+00 -4.522292785795137604e+00 4.037853532448184568e-01
8.735306896489554163e-01 -4.230028747190969440e+00 1.486169436250170506e+00 -1.190095816515871707e+00 -4.521741739529319126e+00 4.076217133696357631e-01
8.746105634239805804e-01 -4.226040016813397138e+00 1.485868201524335186e+00 -1.191194121244813831e+00 -4.521170318460687731e+00 4.114724014103436356e-01
8.756995446284895346e-01 -4.222023572782030776e+00 1.485656639437293203e+00 -1.192253806127109517e+00 -4.520578154014159189e+00 4.153371870456092352e-01
8.767972889644918277e-01 -4.217979390534742024e+00 1.485531202573579401e+00 -1.193274861297669354e+00 -4.519964880798860385e+00 4.192158399492421639e-01
8.779034589435279479e-01 -4.213907447100226022e+00 1.485488415226737358e+00 -1.194257294971587502e+00 -4.519330136907503181e+00 4.231081297936150620e-01
8.790177239965527578e-01 -4.209807721227655897e+00 1.485524873758274911e+00 -1.195201133415630501e+00 -4.518673564217889904e+00 4.270138262530956963e-01
8.801397605725088669e-01 -4.205680193504116815e+00 1.485637246868961814e+00 -1.196106420914465396e+00 -4.517994808696412790e+00 4.309326990074899832e-01
8.812692522259084615e-01 -4.201524846460243268e+00 1.485822275786113922e+00 -1.196973219731573668e+00 -4.517293520703403509e+00 4.348645177454937838e-01
8.824058896638884431e-01 -4.197341664692367580e+00 1.486076774356953178e+00 -1.197801598497516329e+00 -4.516569349937843647e+00 4.388090521683746248e-01
8.835493707983456124e-01 -4.193130634959685743e+00 1.486397629058275438e+00 -1.198591626673608523e+00 -4.515821942954379331e+00 4.427660719937805966e-01
8.846994008024636758e-01 -4.188891746257596083e+00 1.486781798932283571e+00 -1.199343374615792435e+00 -4.515050943198052558e+00 4.467353469595716775e-01
8.858556921575632126e-01 -4.184624989881063684e+00 1.487226315451923409e+00 -1.200056913638025469e+00 -4.514255991039892280e+00 4.507166468276742055e-01
8.870179646905620441e-01 -4.180330359478483970e+00 1.487728282318987905e+00 -1.200732316075181050e+00 -4.513436723813397222e+00 4.547097413879586658e-01
8.881859456023243338e-01 -4.176007851096484202e+00 1.488284875198173873e+00 -1.201369655345440268e+00 -4.512592775851909543e+00 4.587144004621413473e-01
8.893593694871768651e-01 -4.171657463216153161e+00 1.488893341390199687e+00 -1.201969006012155505e+00 -4.511723778526895323e+00 4.627303939077104800e-01
8.905379783438653885e-01 -4.167279196781114692e+00 1.489550999447020629e+00 -1.202530443845179597e+00 -4.510829360287142542e+00 4.667574916218770742e-01
8.917215215782214877e-01 -4.162873055217926499e+00 1.490255238732095977e+00 -1.203054045881626344e+00 -4.509909146698887206e+00 4.707954635455512959e-01
8.929097559978058651e-01 -4.158439044449217192e+00 1.491003518928591509e+00 -1.203539890486058361e+00 -4.508962760486878274e+00 4.748440796673441544e-01
8.941024457987956087e-01 -4.153977172900022552e+00 1.491793369498321420e+00 -1.203988057410084078e+00 -4.507989821576387612e+00 4.789031100275956687e-01
8.952993625453744553e-01 -4.149487451497723356e+00 1.492622389094166335e+00 -1.204398627851340553e+00 -4.506989947136187169e+00 4.829723247224296245e-01
8.965002851418917285e-01 -4.144969893666017313e+00 1.493488244928619757e+00 -1.204771684511846130e+00 -4.505962751622477391e+00 4.870514939078354755e-01
8.977049997980438567e-01 -4.140424515313324783e+00 1.494388672101052862e+00 -1.205107311655698066e+00 -4.504907846823795303e+00 4.911403878037777226e-01
8.989132999873407082e-01 -4.135851334816023517e+00 1.495321472886207426e+00 -1.205405595166096244e+00 -4.503824841906898691e+00 4.952387766983332718e-01
9.001249863991090949e-01 -4.131250372996899678e+00 1.496284515986355812e+00 -1.205666622601681670e+00 -4.502713343463636164e+00 4.993464309518574895e-01
9.013398668842907968e-01 -4.126621653099182829e+00 1.497275735749497905e+00 -1.205890483252162415e+00 -4.501572955558810207e+00 5.034631210011788482e-01
9.025577563952857929e-01 -4.121965200756531722e+00 1.498293131355891372e+00 -1.206077268193204821e+00 -4.500403279779026988e+00 5.075886173638231025e-01
9.037784769200940538e-01 -4.117281043959310161e+00 1.499334765975145922e+00 -1.206227070340579743e+00 -4.499203915282561361e+00 5.117226906422677191e-01
9.050018574110048064e-01 -4.112569213017494008e+00 1.500398765896038267e+00 -1.206339984503528973e+00 -4.497974458850211299e+00 5.158651115282257837e-01
9.062277337080825168e-01 -4.107829740520528183e+00 1.501483319631141011e+00 -1.206416107437344287e+00 -4.496714504937170176e+00 5.200156508069612160e-01
9.074559484576948387e-01 -4.103062661294435642e+00 1.502586676998286741e+00 -1.206455537895124275e+00 -4.495423645725899142e+00 5.241740793616348482e-01
9.086863510263293309e-01 -4.098268012356489187e+00 1.503707148180827735e+00 -1.206458376678693600e+00 -4.494101471180012020e+00 5.283401681776825898e-01
9.099187974099395282e-01 -4.093445832867706358e+00 1.504843102768584684e+00 -1.206424726688669624e+00 -4.492747569099178939e+00 5.325136883472251226e-01
9.111531501390628396e-01 -4.088596164083454276e+00 1.505992968781307839e+00 -1.206354692973641951e+00 -4.491361525175026514e+00 5.366944110735103468e-01
9.123892781799473051e-01 -4.083719049302405146e+00 1.507155231676419849e+00 -1.206248382778440931e+00 -4.489942923048059420e+00 5.408821076753890233e-01
9.136270568319233565e-01 -4.078814533814091980e+00 1.508328433342741359e+00 -1.206105905591486893e+00 -4.488491344365585611e+00 5.450765495918236114e-01
9.148663676212543949e-01 -4.073882664845291934e+00 1.509511171081842296e+00 -1.205927373191189034e+00 -4.487006368840645187e+00 5.492775083864308572e-01
9.161070981916955569e-01 -4.068923491505446854e+00 1.510702096578598441e+00 -1.205712899691366413e+00 -4.485487574311951775e+00 5.534847557520587991e-01
9.173491421919877098e-01 -4.063937064731335980e+00 1.511899914862475214e+00 -1.205462601585680193e+00 -4.483934536804823345e+00 5.576980635153983012e-01
9.185923991605116079e-01 -4.058923437231174880e+00 1.513103383261003465e+00 -1.205176597791040471e+00 -4.482346830593114007e+00 5.619172036416302252e-01
9.198367744073222552e-01 -4.053882663428339583e+00 1.514311310346854844e+00 -1.204855009689980161e+00 -4.480724028262137004e+00 5.661419482391079061e-01
9.210821788937798571e-01 -4.048814799404862441e+00 1.515522554879867423e+00 -1.204497961171953957e+00 -4.479065700772566494e+00 5.703720695640754901e-01
9.223285291099913019e-01 -4.043719902844873815e+00 1.516736024745317879e+00 -1.204105578673547949e+00 -4.477371417525314534e+00 5.746073400254229080e-01
9.235757469502705597e-01 -4.038598032978111263e+00 1.517950675889685241e+00 -1.203677991217587451e+00 -4.475640746427383299e+00 5.788475321894778203e-01
9.248237595868245009e-01 -4.033449250523662322e+00 1.519165511255093914e+00 -1.203215330451107068e+00 -4.473873253958677410e+00 5.830924187848348650e-01
9.260724993418617546e-01 -4.028273617634025250e+00 1.520379579713573071e+00 -1.202717730682161257e+00 -4.472068505239761294e+00 5.873417727072226535e-01
9.273219035583250003e-01 -4.023071197839637847e+00 1.521591975002227315e+00 -1.202185328915450935e+00 -4.470226064100569552e+00 5.915953670244085139e-01
9.285719144694347671e-01 -4.017842055993947170e+00 1.522801834660354015e+00 -1.201618264886754828e+00 -4.468345493150032155e+00 5.958529749811423137e-01
9.298224790672341422e-01 -4.012586258219139168e+00 1.524008338969497611e+00 -1.201016681096128913e+00 -4.466426353846636665e+00 6.001143700041391416e-01
9.310735489703148016e-01 -4.007303871852595734e+00 1.525210709897388828e+00 -1.200380722839857750e+00 -4.464468206569884856e+00 6.043793257071011782e-01
9.323250802909023305e-01 -4.001994965394165327e+00 1.526408210046665381e+00 -1.199710538241136604e+00 -4.462470610692646389e+00 6.086476158957796478e-01
9.335770335014741406e-01 -3.996659608454316448e+00 1.527600141609228190e+00 -1.199006278279459492e+00 -4.460433124654398007e+00 6.129190145730766259e-01
9.348293733010739626e-01 -3.991297871703227695e+00 1.528785845327044646e+00 -1.198268096818692063e+00 -4.458355306035318932e+00 6.171932959441878142e-01
9.360820684814877835e-01 -3.985909826820881463e+00 1.529964699460166999e+00 -1.197496150633803769e+00 -4.456236711631247793e+00 6.214702344217862828e-01
9.373350917934361037e-01 -3.980495546448194144e+00 1.531136118762689291e+00 -1.196690599436247338e+00 -4.454076897529460233e+00 6.257496046312474025e-01
9.385884198129335054e-01 -3.975055104139233020e+00 1.532299553467333375e+00 -1.195851605897949810e+00 -4.451875419185272520e+00 6.300311814159157420e-01
9.398420328079629682e-01 -3.969588574314552698e+00 1.533454488279308192e+00 -1.194979335673910015e+00 -4.449631831499442747e+00 6.343147398424143768e-01
9.410959146056031566e-01 -3.964096032215677301e+00 1.534600441380053804e+00 -1.194073957423368970e+00 -4.447345688896346516e+00 6.386000552059961644e-01
9.423500524597450134e-01 -3.958577553860755494e+00 1.535736963441441505e+00 -1.193135642829540544e+00 -4.445016545402927122e+00 6.428869030359386505e-01
9.436044369195274450e-01 -3.953033216001401229e+00 1.536863636650963372e+00 -1.192164566617879728e+00 -4.442643954728369593e+00 6.471750591009820530e-01
9.448590616986147772e-01 -3.947463096080743750e+00 1.537980073748414611e+00 -1.191160906572866107e+00 -4.440227470344509264e+00 6.514642994148108768e-01
9.461139235454358865e-01 -3.941867272192683735e+00 1.539085917074536125e+00 -1.190124843553291178e+00 -4.437766645566934898e+00 6.557544002415793827e-01
9.473690221144983603e-01 -3.936245823042371583e+00 1.540180837632049604e+00 -1.189056561506026899e+00 -4.435261033636767714e+00 6.600451381014820207e-01
9.486243598388841569e-01 -3.930598827907902937e+00 1.541264534159490829e+00 -1.187956247478255900e+00 -4.432710187803100332e+00 6.643362897763683828e-01
9.498799418040310139e-01 -3.924926366603232797e+00 1.542336732218208883e+00 -1.186824091628145617e+00 -4.430113661406063663e+00 6.686276323154032308e-01
9.511357756228957516e-01 -3.919228519442303771e+00 1.543397183292875230e+00 -1.185660287233952115e+00 -4.427471007960495974e+00 6.729189430407721551e-01
9.523918713125919533e-01 -3.913505367204374252e+00 1.544445663905813948e+00 -1.184465030701530974e+00 -4.424781781240200829e+00 6.772099995534331951e-01
9.536482411725886177e-01 -3.907756991100546085e+00 1.545481974745439580e+00 -1.183238521570248780e+00 -4.422045535362756574e+00 6.815005797389145359e-01
9.549048996645514986e-01 -3.901983472741472614e+00 1.546505939809058816e+00 -1.181980962517271250e+00 -4.419261824874860523e+00 6.857904617731586105e-01
9.561618632939038465e-01 -3.896184894106228924e+00 1.547517405560268067e+00 -1.180692559360218441e+00 -4.416430204838170503e+00 6.900794241284133879e-01
9.574191504931789387e-01 -3.890361337512338924e+00 1.548516240101153629e+00 -1.179373521058169061e+00 -4.413550230915632255e+00 6.943672455791704001e-01
9.586767815072293475e-01 -3.884512885586926867e+00 1.549502332359478096e+00 -1.178024059711005878e+00 -4.410621459458242022e+00 6.986537052081508437e-01
9.599347782803571150e-01 -3.878639621238983981e+00 1.550475591291006872e+00 -1.176644390557080921e+00 -4.407643447592243469e+00 7.029385824123389748e-01
9.611931643454212360e-01 -3.872741627632723116e+00 1.551435945097118019e+00 -1.175234731969195590e+00 -4.404615753306702075e+00 7.072216569090640226e-01
9.624519647149746282e-01 -3.866818988162001869e+00 1.552383340457805350e+00 -1.173795305448881887e+00 -4.401537935541450786e+00 7.115027087421303964e-01
9.637112057744798843e-01 -3.860871786425788876e+00 1.553317741780170680e+00 -1.172326335618976145e+00 -4.398409554275360733e+00 7.157815182879965210e-01
9.649709151776473259e-01 -3.854900106204649290e+00 1.554239130462477636e+00 -1.170828050214471228e+00 -4.395230170614916609e+00 7.200578662620029657e-01
9.662311217439349953e-01 -3.848904031438228124e+00 1.555147504173823414e+00 -1.169300680071639453e+00 -4.391999346883055821e+00 7.243315337246496455e-01
9.674918553582450009e-01 -3.842883646203698600e+00 1.556042876149462240e+00 -1.167744459115416245e+00 -4.388716646708250124e+00 7.286023020879228707e-01
9.687531468728505235e-01 -3.836839034695159967e+00 1.556925274501805845e+00 -1.166159624345045609e+00 -4.385381635113789756e+00 7.328699531216721352e-01
9.700150280115765744e-01 -3.830770281203949246e+00 1.557794741547092077e+00 -1.164546415817966141e+00 -4.381993878607242543e+00 7.371342689600370868e-01
9.712775312762631508e-01 -3.824677470099848264e+00 1.558651333147716977e+00 -1.162905076631941315e+00 -4.378552945270047125e+00 7.413950321079247896e-01
9.725406898555257751e-01 -3.818560685813154443e+00 1.559495118070195030e+00 -1.161235852905430299e+00 -4.375058404847220750e+00 7.456520254475378362e-01
9.738045375358345135e-01 -3.812420012817590909e+00 1.560326177358704935e+00 -1.159538993756189296e+00 -4.371509828837135458e+00 7.499050322449528627e-01
9.750691086149205766e-01 -3.806255535614035956e+00 1.561144603724164304e+00 -1.157814751278106069e+00 -4.367906790581340459e+00 7.541538361567511339e-01
9.763344378175226046e-01 -3.800067338715033216e+00 1.561950500948757314e+00 -1.156063380516261452e+00 -4.364248865354383611e+00 7.583982212366996434e-01
9.776005602134781869e-01 -3.793855506630068319e+00 1.562743983305834750e+00 -1.154285139440211383e+00 -4.360535630453602707e+00 7.626379719424842829e-01
9.788675111381632821e-01 -3.787620123851586307e+00 1.563525174995086919e+00 -1.152480288915497919e+00 -4.356766665288855478e+00 7.668728731424948597e-01
9.801353261152818686e-01 -3.781361274841713360e+00 1.564294209592884011e+00 -1.150649092673378115e+00 -4.352941551472142123e+00 7.711027101226619607e-01
9.814040407820004974e-01 -3.775079044019677532e+00 1.565051229517663511e+00 -1.148791817278788319e+00 -4.349059872907102609e+00 7.753272685933459973e-01
9.826736908164255269e-01 -3.768773515749882286e+00 1.565796385510237920e+00 -1.146908732096535211e+00 -4.345121215878338994e+00 7.795463346962789863e-01
9.839443118674136013e-01 -3.762444774330632402e+00 1.566529836128881525e+00 -1.145000109255713827e+00 -4.341125169140533480e+00 7.837596950115590655e-01
9.852159394867040509e-01 -3.756092903983469622e+00 1.567251747259050143e+00 -1.143066223612363208e+00 -4.337071324007319539e+00 7.879671365646971903e-01
9.864886090633638860e-01 -3.749717988843106475e+00 1.567962291637578387e+00 -1.141107352710363010e+00 -4.332959274439877717e+00 7.921684468337176765e-01
9.877623557605269555e-01 -3.743320112947936096e+00 1.568661648391188379e+00 -1.139123776740579075e+00 -4.328788617135223227e+00 7.963634137563113669e-01
9.890372144544117283e-01 -3.736899360231093148e+00 1.569350002589139370e+00 -1.137115778498255292e+00 -4.324558951614132951e+00 8.005518257370421997e-01
9.903132196755994876e-01 -3.730455814512043666e+00 1.570027544809840858e+00 -1.135083643338673731e+00 -4.320269880308690524e+00 8.047334716546075128e-01
9.915904055525499583e-01 -3.723989559488694479e+00 1.570694470721240243e+00 -1.133027659131079501e+00 -4.315921008649408641e+00 8.089081408691516373e-01
9.928688057573331616e-01 -3.717500678729986685e+00 1.571350980674797393e+00 -1.130948116210888532e+00 -4.311511945151894842e+00 8.130756232296336705e-01
9.941484534535518502e-01 -3.710989255668970088e+00 1.571997279312848717e+00 -1.128845307330184067e+00 -4.307042301503011927e+00 8.172357090812487623e-01
9.954293812464295454e-01 -3.704455373596327483e+00 1.572633575189159361e+00 -1.126719527606519611e+00 -4.302511692646523223e+00 8.213881892729035794e-01
9.967116211350353083e-01 -3.697899115654343927e+00 1.573260080402453243e+00 -1.124571074470031018e+00 -4.297919736868152540e+00 8.255328551647461710e-01
9.979952044666170474e-01 -3.691320564831287676e+00 1.573877010242715091e+00 -1.122400247608879242e+00 -4.293266055880047283e+00 8.296694986357493473e-01
9.992801618930129415e-01 -3.684719803956206796e+00 1.574484582850047332e+00 -1.120207348913038192e+00 -4.288550274904604720e+00 8.337979120913493469e-01
1.000566523329108337e+00 -3.678096915694104574e+00 1.575083018885862218e+00 -1.117992682416445005e+00 -4.283772022757620590e+00 8.379178884711383501e-01
1.001854317913307924e+00 -3.671451982541497294e+00 1.575672541216191824e+00 -1.115756554237521625e+00 -4.278930931930725379e+00 8.420292212566113932e-01
1.003143573969986324e+00 -3.664785086822323290e+00 1.576253374606884972e+00 -1.113499272518094108e+00 -4.274026638673074530e+00 8.461317044789683495e-01
1.004434318973884466e+00 -3.658096310684205044e+00 1.576825745430469272e+00 -1.111221147360722750e+00 -4.269058783072261498e+00 8.502251327269699788e-01
1.005726579516417862e+00 -3.651385736095035917e+00 1.577389881384450465e+00 -1.108922490764465030e+00 -4.264027009134403912e+00 8.543093011548490434e-01
1.007020381273854293e+00 -3.644653444839887513e+00 1.577946011220813904e+00 -1.106603616559093783e+00 -4.258930964863393953e+00 8.583840054902761585e-01
1.008315748977332893e+00 -3.637899518518227460e+00 1.578494364486498602e+00 -1.104264840337786602e+00 -4.253770302339245468e+00 8.624490420423801540e-01
1.009612706384678926e+00 -3.631124038541422294e+00 1.579035171274611349e+00 -1.101906479388313986e+00 -4.248544677795538682e+00 8.665042077098236151e-01
1.010911276253981805e+00 -3.624327086130531228e+00 1.579568661986145761e+00 -1.099528852622747799e+00 -4.243253751695895915e+00 8.705492999889329342e-01
1.012211480318893964e+00 -3.617508742314363701e+00 1.580095067101968898e+00 -1.097132280505716651e+00 -4.237897188809484739e+00 8.745841169818829863e-01
1.013513339265615487e+00 -3.610669087927806054e+00 1.580614616964843400e+00 -1.094717084981230437e+00 -4.232474658285496183e+00 8.786084574049374263e-01
1.014816872711520102e+00 -3.603808203610388450e+00 1.581127541571248685e+00 -1.092283589398098442e+00 -4.226985833726564223e+00 8.826221205967428318e-01
1.016122099185389205e+00 -3.596926169805100937e+00 1.581634070372766265e+00 -1.089832118433971653e+00 -4.221430393261110581e+00 8.866249065266784690e-01
1.017429036109209095e+00 -3.590023066757435100e+00 1.582134432086792497e+00 -1.087362998018042148e+00 -4.215808019614571300e+00 8.906166158032602365e-01
1.018737699781493644e+00 -3.583098974514650426e+00 1.582628854516344719e+00 -1.084876555252418884e+00 -4.210118400179479359e+00 8.945970496825995655e-01
1.020048105362093338e+00 -3.576153972925252056e+00 1.583117564378727637e+00 -1.082373118332212725e+00 -4.204361227084364216e+00 8.985660100769173875e-01
1.021360266858448940e+00 -3.569188141638675926e+00 1.583600787142828148e+00 -1.079853016464362936e+00 -4.198536197261447001e+00 9.025232995631117250e-01
1.022674197113251138e+00 -3.562201560105167086e+00 1.584078746874803212e+00 -1.077316579785234874e+00 -4.192643012513100231e+00 9.064687213913811270e-01
1.023989907793465992e+00 -3.555194307575849866e+00 1.584551666091935873e+00 -1.074764139277021968e+00 -4.186681379577037454e+00 9.104020794939016170e-01
1.025307409380686874e+00 -3.548166463102979673e+00 1.585019765624426702e+00 -1.072196026682986192e+00 -4.180651010190213235e+00 9.143231784935584860e-01
1.026626711162772043e+00 -3.541118105540366656e+00 1.585483264484893740e+00 -1.069612574421569207e+00 -4.174551621151402436e+00 9.182318237127322647e-01
1.027947821226731229e+00 -3.534049313543969895e+00 1.585942379745356678e+00 -1.067014115499407723e+00 -4.168382934382425908e+00 9.221278211821393178e-01
1.029270746452820351e+00 -3.526960165572649686e+00 1.586397326421481013e+00 -1.064400983423286373e+00 -4.162144676987998615e+00 9.260109776497260636e-01
1.030595492509804867e+00 -3.519850739889077929e+00 1.586848317363860117e+00 -1.061773512111072737e+00 -4.155836581314185096e+00 9.298811005896173709e-01
1.031922063851355986e+00 -3.512721114560791946e+00 1.587295563156117639e+00 -1.059132035801660043e+00 -4.149458385005420524e+00 9.337379982111191357e-01
1.033250463713541345e+00 -3.505571367461395305e+00 1.587739272019611736e+00 -1.056476888963966854e+00 -4.143009831060085801e+00 9.375814794677740371e-01
1.034580694113369725e+00 -3.498401576271890967e+00 1.588179649724528630e+00 -1.053808406205017478e+00 -4.136490667884607397e+00 9.414113540664712509e-01
1.035912755848356737e+00 -3.491211818482151230e+00 1.588616899507149460e+00 -1.051126922177150869e+00 -4.129900649346051722e+00 9.452274324766096747e-01
1.037246648497073265e+00 -3.484002171392504454e+00 1.589051221993085905e+00 -1.048432771484397064e+00 -4.123239534823206931e+00 9.490295259393141114e-01
1.038582370420639611e+00 -3.476772712115452357e+00 1.589482815126276316e+00 -1.045726288588059383e+00 -4.116507089256121077e+00 9.528174464767048546e-01
1.039919918765131568e+00 -3.469523517577492555e+00 1.589911874103536737e+00 -1.043007807711539003e+00 -4.109703083194076179e+00 9.565910069012201200e-01
1.041259289464863791e+00 -3.462254664521061454e+00 1.590338591314468752e+00 -1.040277662744448328e+00 -4.102827292841976892e+00 9.603500208249911019e-01
1.042600477246513169e+00 -3.454966229506574393e+00 1.590763156286525204e+00 -1.037536187146050892e+00 -4.095879500105141346e+00 9.640943026692698758e-01
1.043943475634053097e+00 -3.447658288914572378e+00 1.591185755635038168e+00 -1.034783713848073328e+00 -4.088859492632467507e+00 9.678236676739091493e-01
1.045288276954461359e+00 -3.440330918947962058e+00 1.591606573018017112e+00 -1.032020575156926689e+00 -4.081767063857965283e+00 9.715379319068945252e-01
1.046634872344172518e+00 -3.432984195634351199e+00 1.592025789095531163e+00 -1.029247102655385548e+00 -4.074602013040631299e+00 9.752369122739286134e-01
1.047983251756239964e+00 -3.425618194828469854e+00 1.592443581493487859e+00 -1.026463627103763265e+00 -4.067364145302652112e+00 9.789204265280666561e-01
1.049333403968181200e+00 -3.418232992214676358e+00 1.592860124771627195e+00 -1.023670478340626744e+00 -4.060053271665920782e+00 9.825882932794037794e-01
1.050685316590469043e+00 -3.410828663309543263e+00 1.593275590395551333e+00 -1.020867985183099957e+00 -4.052669209086853463e+00 9.862403320048130917e-01
1.052038976075648335e+00 -3.403405283464520981e+00 1.593690146712615441e+00 -1.018056475326791777e+00 -4.045211780489488262e+00 9.898763630577351869e-01
1.053394367728039516e+00 -3.395962927868671599e+00 1.594103958931507359e+00 -1.015236275245400943e+00 -4.037680814796856588e+00 9.934962076780176066e-01
1.054751475714009512e+00 -3.388501671551471972e+00 1.594517189105345789e+00 -1.012407710090039936e+00 -4.030076146960623440e+00 9.970996880018054842e-01
1.056110283072775546e+00 -3.381021589385684756e+00 1.594929996118135573e+00 -1.009571103588321472e+00 -4.022397617988964669e+00 1.000686627071481594e+00
1.057470771727722303e+00 -3.373522756090287622e+00 1.595342535674414197e+00 -1.006726777943252493e+00 -4.014645074972698069e+00 1.004256848845656691e+00
1.058832922498198048e+00 -3.366005246233463311e+00 1.595754960291932312e+00 -1.003875053731984268e+00 -4.006818371109631016e+00 1.007810178209208596e+00
1.060196715111774157e+00 -3.358469134235643416e+00 1.596167419297215728e+00 -1.001016249804460134e+00 -3.998917365727138851e+00 1.011346440983371453e+00
1.061562128216934520e+00 -3.350914494372605468e+00 1.596580058823852566e+00 -9.981506831820099457e-01 -3.990941924302955357e+00 1.014865463935873624e+00
1.062929139396179057e+00 -3.343341400778617967e+00 1.596993021813363667e+00 -9.952786689559356414e-01 -3.982891918484169569e+00 1.018367074791123095e+00
1.064297725179513154e+00 -3.335749927449633390e+00 1.597406448018506842e+00 -9.924005201861330061e-01 -3.974767226104426676e+00 1.021851102240442843e+00
1.065667861058303245e+00 -3.328140148246518493e+00 1.597820474008876834e+00 -9.895165477997974746e-01 -3.966567731199324598e+00 1.025317375952352172e+00
1.067039521499477672e+00 -3.320512136898333022e+00 1.598235233178661785e+00 -9.866270604902565022e-01 -3.958293324019999559e+00 1.028765726582897777e+00
1.068412679960051070e+00 -3.312865967005637735e+00 1.598650855756424738e+00 -9.837323646159800150e-01 -3.949943901044911332e+00 1.032195985786029668e+00
1.069787308901953615e+00 -3.305201712043843720e+00 1.599067468816776083e+00 -9.808327640998084629e-01 -3.941519364989803265e+00 1.035607986224025501e+00
1.071163379807145155e+00 -3.297519445366587476e+00 1.599485196293813694e+00 -9.779285603284494366e-01 -3.933019624815857096e+00 1.039001561577961308e+00
1.072540863192997129e+00 -3.289819240209141071e+00 1.599904158996205750e+00 -9.750200520522838143e-01 -3.924444595736026109e+00 1.042376546558227091e+00
1.073919728627925174e+00 -3.282101169691844955e+00 1.600324474623794790e+00 -9.721075352855310658e-01 -3.915794199219555960e+00 1.045732776915089701e+00
1.075299944747252212e+00 -3.274365306823568300e+00 1.600746257785609084e+00 -9.691913032068179001e-01 -3.907068362994692290e+00 1.049070089449299914e+00
1.076681479269292474e+00 -3.266611724505189329e+00 1.601169620019167184e+00 -9.662716460601955548e-01 -3.898267021049575121e+00 1.052388322022744793e+00
1.078064299011634919e+00 -3.258840495533097403e+00 1.601594669810962879e+00 -9.633488510566482477e-01 -3.889390113631321810e+00 1.055687313569144914e+00
1.079448369907614946e+00 -3.251051692602710652e+00 1.602021512618029719e+00 -9.604232022761404197e-01 -3.880437587243304343e+00 1.058966904104794882e+00
1.080833657022960859e+00 -3.243245388312013588e+00 1.602450250890478545e+00 -9.574949805702471783e-01 -3.871409394640624502e+00 1.062226934739348483e+00
1.082220124572599307e+00 -3.235421655165102273e+00 1.602880984094909644e+00 -9.545644634654127936e-01 -3.862305494823794927e+00 1.065467247686646468e+00
1.083607735937611283e+00 -3.227580565575746796e+00 1.603313808738602075e+00 -9.516319250668789920e-01 -3.853125853030627823e+00 1.068687686275587412e+00
1.084996453682323114e+00 -3.219722191870959094e+00 1.603748818394388431e+00 -9.486976359633250144e-01 -3.843870440726335769e+00 1.071888094961041427e+00
1.086386239571524470e+00 -3.211846606294571416e+00 1.604186103726124468e+00 -9.457618631322652902e-01 -3.834539235591850836e+00 1.075068319334804956e+00
1.087777054587801162e+00 -3.203953881010821014e+00 1.604625752514669212e+00 -9.428248698462483590e-01 -3.825132221510383346e+00 1.078228206136597978e+00
1.089168858948973861e+00 -3.196044088107937498e+00 1.605067849684289838e+00 -9.398869155798967867e-01 -3.815649388552211363e+00 1.081367603265101840e+00
1.090561612125633850e+00 -3.188117299601732402e+00 1.605512477329411380e+00 -9.369482559178327064e-01 -3.806090732957725375e+00 1.084486359789037957e+00
1.091955272858767145e+00 -3.180173587439193650e+00 1.605959714741636013e+00 -9.340091424635269535e-01 -3.796456257118727251e+00 1.087584325958286913e+00
1.093349799177458337e+00 -3.172213023502075568e+00 1.606409638436958831e+00 -9.310698227491162049e-01 -3.786745969558002578e+00 1.090661353215046647e+00
1.094745148416669478e+00 -3.164235679610489349e+00 1.606862322183107317e+00 -9.281305401462259796e-01 -3.776959884907173048e+00 1.093717294205030832e+00
1.096141277235083811e+00 -3.156241627526490401e+00 1.607317837026939200e+00 -9.251915337778390258e-01 -3.767098023882841762e+00 1.096752002788705438e+00
1.097538141633011666e+00 -3.148230938957658154e+00 1.607776251321833882e+00 -9.222530384312491725e-01 -3.757160413261041221e+00 1.099765334052563714e+00
1.098935696970350318e+00 -3.140203685560674085e+00 1.608237630755015246e+00 -9.193152844721378392e-01 -3.747147085850004888e+00 1.102757144320438920e+00
1.100333897984595355e+00 -3.132159938944891309e+00 1.608702038374748344e+00 -9.163784977598126158e-01 -3.737058080461268084e+00 1.105727291164855020e+00
1.101732698808896904e+00 -3.124099770675892618e+00 1.609169534617355124e+00 -9.134428995636456605e-01 -3.726893441879120861e+00 1.108675633418413797e+00
1.103132052990157597e+00 -3.116023252279044975e+00 1.609640177333995670e+00 -9.105087064807451114e-01 -3.716653220828420423e+00 1.111602031185218165e+00
1.104531913507168728e+00 -3.107930455243037571e+00 1.610114021817167895e+00 -9.075761303549210179e-01 -3.706337473940829685e+00 1.114506345852332325e+00
1.105932232788783498e+00 -3.099821451023411445e+00 1.610591120826876610e+00 -9.046453781969368002e-01 -3.695946263719407376e+00 1.117388440101275693e+00
1.107332962770558593e+00 -3.091696310996798758e+00 1.611071524653774567e+00 -9.017166579777544655e-01 -3.685479670463368773e+00 1.120248177915891263e+00
1.108734054912542177e+00 -3.083555106464734408e+00 1.611555281181979105e+00 -8.987901783609222317e-01 -3.674937792185316798e+00 1.123085424590192449e+00
1.110135460216780778e+00 -3.075397908657409474e+00 1.612042435951531738e+00 -8.958661484402629105e-01 -3.664320744524173445e+00 1.125900046736188154e+00
1.111537129244539956e+00 -3.067224788737363816e+00 1.612533032220457407e+00 -8.929447774829240014e-01 -3.653628660653921667e+00 1.128691912291683641e+00
1.112939012133235428e+00 -3.059035817803110291e+00 1.613027111026395621e+00 -8.900262746778513367e-01 -3.642861691188249207e+00 1.131460890528056096e+00
1.114341058613067537e+00 -3.050831066892698118e+00 1.613524711247769972e+00 -8.871108488897395672e-01 -3.632020004081196074e+00 1.134206852058000647e+00
1.115743218023355965e+00 -3.042610606987210531e+00 1.614025869664468704e+00 -8.841987084185147783e-01 -3.621103784523910019e+00 1.136929668843248420e+00
1.117145439328570689e+00 -3.034374509014194921e+00 1.614530621018010148e+00 -8.812900607643983086e-01 -3.610113234837602825e+00 1.139629214202252827e+00
1.118547671134054955e+00 -3.026122843851028144e+00 1.615038998071169907e+00 -8.783851123985966236e-01 -3.599048574362815778e+00 1.142305362817841008e+00
1.119949861701437399e+00 -3.017855682328212108e+00 1.615551031667048276e+00 -8.754840685396627631e-01 -3.587910039345083124e+00 1.144957990744832399e+00
1.121351958963730189e+00 -3.009573095232604079e+00 1.616066750787559902e+00 -8.725871329355694428e-01 -3.576697882817107210e+00 1.147586975417619115e+00
1.122753910540110311e+00 -3.001275153310576371e+00 1.616586182611327915e+00 -8.696945076515270046e-01 -3.565412374477529678e+00 1.150192195657707916e+00
1.124155663750382228e+00 -2.992961927271106326e+00 1.617109352570970771e+00 -8.668063928635845183e-01 -3.554053800566407073e+00 1.152773531681222652e+00
1.125557165629117673e+00 -2.984633487788802775e+00 1.617636284409768921e+00 -8.639229866580430128e-01 -3.542622463737488125e+00 1.155330865106364291e+00
1.126958362939474823e+00 -2.976289905506852129e+00 1.618167000237698439e+00 -8.610444848367095894e-01 -3.531118682927390839e+00 1.157864078960827880e+00
1.128359202186690391e+00 -2.967931251039907181e+00 1.618701520586827813e+00 -8.581710807280147346e-01 -3.519542793221775767e+00 1.160373057689173759e+00
1.129759629631246654e+00 -2.959557594976896411e+00 1.619239864466068601e+00 -8.553029650040167020e-01 -3.507895145718615382e+00 1.162857687160153253e+00
1.131159591301710288e+00 -2.951169007883764905e+00 1.619782049415277481e+00 -8.524403255033129456e-01 -3.496176107388653698e+00 1.165317854673984854e+00
1.132559033007242144e+00 -2.942765560306149997e+00 1.620328091558707717e+00 -8.495833470598694870e-01 -3.484386060933159612e+00 1.167753448969581331e+00
1.133957900349779058e+00 -2.934347322771979183e+00 1.620878005657808929e+00 -8.467322113377843129e-01 -3.472525404639049906e+00 1.170164360231725320e+00
1.135356138735883258e+00 -2.925914365794002769e+00 1.621431805163374928e+00 -8.438870966719906885e-01 -3.460594552231494703e+00 1.172550480098192738e+00
1.136753693388262487e+00 -2.917466759872252346e+00 1.621989502267045191e+00 -8.410481779149131532e-01 -3.448593932724091538e+00 1.174911701666820907e+00
1.138150509356957052e+00 -2.909004575496433986e+00 1.622551107952162619e+00 -8.382156262890754217e-01 -3.436523990266705297e+00 1.177247919502522056e+00
1.139546531530196471e+00 -2.900527883148244612e+00 1.623116632043992036e+00 -8.353896092456616351e-01 -3.424385183991056181e+00 1.179559029644238644e+00
1.140941704644922172e+00 -2.892036753303623975e+00 1.623686083259311408e+00 -8.325702903290317369e-01 -3.412177987854155603e+00 1.181844929611841621e+00
1.142335973296979112e+00 -2.883531256434932466e+00 1.624259469255382449e+00 -8.297578290471806506e-01 -3.399902890479669981e+00 1.184105518412967628e+00
1.143729281950973453e+00 -2.875011463013062762e+00 1.624836796678309936e+00 -8.269523807481404809e-01 -3.387560394997308322e+00 1.186340696549795792e+00
1.145121574949798271e+00 -2.866477443509479528e+00 1.625418071210802395e+00 -8.241540965023140819e-01 -3.375151018880325537e+00 1.188550366025761251e+00
1.146512796523824873e+00 -2.857929268398191169e+00 1.626003297619346810e+00 -8.213631229907207842e-01 -3.362675293781204555e+00 1.190734430352205830e+00
1.147902890799762154e+00 -2.849367008157651426e+00 1.626592479800812674e+00 -8.185796023991465109e-01 -3.350133765365627347e+00 1.192892794554962999e+00
1.149291801809181557e+00 -2.840790733272593460e+00 1.627185620828500490e+00 -8.158036723181780747e-01 -3.337526993144803722e+00 1.195025365180876875e+00
1.150679473496709848e+00 -2.832200514235796440e+00 1.627782722997650700e+00 -8.130354656490969001e-01 -3.324855550306241803e+00 1.197132050304253736e+00
1.152065849727885949e+00 -2.823596421549782853e+00 1.628383787870431032e+00 -8.102751105156146272e-01 -3.312120023543040581e+00 1.199212759533244466e+00
1.153450874296686024e+00 -2.814978525728448755e+00 1.628988816320421140e+00 -8.075227301814198455e-01 -3.299321012881787141e+00 1.201267404016157947e+00
1.154834490932713953e+00 -2.806346897298627852e+00 1.629597808576615847e+00 -8.047784429735116429e-01 -3.286459131509127385e+00 1.203295896447702074e+00
1.156216643308055625e+00 -2.797701606801588525e+00 1.630210764266965873e+00 -8.020423622112857753e-01 -3.273535005597094205e+00 1.205298151075153923e+00
1.157597275043800833e+00 -2.789042724794463801e+00 1.630827682461478023e+00 -7.993145961413425926e-01 -3.260549274127262365e+00 1.207274083704456213e+00
1.158976329716227660e+00 -2.780370321851617810e+00 1.631448561714898826e+00 -7.965952478779814161e-01 -3.247502588713803817e+00 1.209223611706239154e+00
1.160353750862652911e+00 -2.771684468565945636e+00 1.632073400109003147e+00 -7.938844153493405109e-01 -3.234395613425516736e+00 1.211146654021767688e+00
1.161729481986943702e+00 -2.762985235550108776e+00 1.632702195294514880e+00 -7.911821912491492359e-01 -3.221229024606897973e+00 1.213043131168811017e+00
1.163103466564693544e+00 -2.754272693437706199e+00 1.633334944532682353e+00 -7.884886629940421887e-01 -3.208003510698318905e+00 1.214912965247435972e+00
1.164475648048059142e+00 -2.745546912884383239e+00 1.633971644736533779e+00 -7.858039126863969326e-01 -3.194719772055381934e+00 1.216756079945721325e+00
1.165845969870257237e+00 -2.736807964568874318e+00 1.634612292511841369e+00 -7.831280170826453446e-01 -3.181378520767516260e+00 1.218572400545392398e+00
1.167214375449722619e+00 -2.728055919193987489e+00 1.635256884197818561e+00 -7.804610475670128444e-01 -3.167980480475874216e+00 1.220361853927376616e+00
1.168580808193922627e+00 -2.719290847487523699e+00 1.635905415907581650e+00 -7.778030701306316574e-01 -3.154526386190592557e+00 1.222124368577276021e+00
1.169945211502827709e+00 -2.710512820203134776e+00 1.636557883568399818e+00 -7.751541453559758210e-01 -3.141016984107470211e+00 1.223859874590758734e+00
1.171307528772039142e+00 -2.701721908121122340e+00 1.637214282961763745e+00 -7.725143284065654203e-01 -3.127453031424129559e+00 1.225568303678866933e+00
1.172667703395567029e+00 -2.692918182049174547e+00 1.637874609763303457e+00 -7.698836690218835432e-01 -3.113835296155718080e+00 1.227249589173241340e+00
1.174025678768260583e+00 -2.684101712823043773e+00 1.638538859582582718e+00 -7.672622115174457802e-01 -3.100164556950193884e+00 1.228903666031260222e+00
1.175381398287887125e+00 -2.675272571307166558e+00 1.639207028002800826e+00 -7.646499947899612071e-01 -3.086441602903252424e+00 1.230530470841093571e+00
1.176734805356856706e+00 -2.666430828395220942e+00 1.639879110620432234e+00 -7.620470523275260089e-01 -3.072667233372947670e+00 1.232129941826669794e+00
1.178085843383590348e+00 -2.657576555010630059e+00 1.640555103084833988e+00 -7.594534122247856844e-01 -3.058842257794061936e+00 1.233702018852556037e+00
1.179434455783529456e+00 -2.648709822107007561e+00 1.641235001137854477e+00 -7.568690972029965547e-01 -3.044967495492250542e+00 1.235246643428750790e+00
1.180780585979782193e+00 -2.639830700668540864e+00 1.641918800653468402e+00 -7.542941246349221807e-01 -3.031043775498027948e+00 1.236763758715386574e+00
1.182124177403404586e+00 -2.630939261710326438e+00 1.642606497677474575e+00 -7.517285065744925276e-01 -3.017071936360612661e+00 1.238253309527344470e+00
1.183465173493312594e+00 -2.622035576278643809e+00 1.643298088467286311e+00 -7.491722497911621481e-01 -3.003052825961706418e+00 1.239715242338777168e+00
1.184803517695820263e+00 -2.613119715451175828e+00 1.643993569531845056e+00 -7.466253558088923326e-01 -2.988987301329228075e+00 1.241149505287542310e+00
1.186139153463801943e+00 -2.604191750337173872e+00 1.644692937671690336e+00 -7.440878209496808449e-01 -2.974876228451035054e+00 1.242556048179543460e+00
1.187472024255472824e+00 -2.595251752077563090e+00 1.645396190019215110e+00 -7.415596363818015568e-01 -2.960720482089367778e+00 1.243934822492946513e+00
1.188802073532782666e+00 -2.586299791844998808e+00 1.646103324079139840e+00 -7.390407881722094174e-01 -2.946520945594681251e+00 1.245285781382335033e+00
1.190129244759421390e+00 -2.577335940843876294e+00 1.646814337769237024e+00 -7.365312573432679644e-01 -2.932278510719579678e+00 1.246608879682773896e+00
1.191453481398428771e+00 -2.568360270310281024e+00 1.647529229461334621e+00 -7.340310199337201080e-01 -2.917994077432874533e+00 1.247904073913777223e+00
1.192774726909402672e+00 -2.559372851511894087e+00 1.648247998022635441e+00 -7.315400470638206976e-01 -2.903668553733803837e+00 1.249171322283182839e+00
1.194092924745302930e+00 -2.550373755747842086e+00 1.648970642857376934e+00 -7.290583050045539304e-01 -2.889302855466439279e+00 1.250410584690930804e+00
1.195408018348842694e+00 -2.541363054348501294e+00 1.649697163948867118e+00 -7.265857552508506734e-01 -2.874897906134309622e+00 1.251621822732746026e+00
1.196719951148462302e+00 -2.532340818675250294e+00 1.650427561901923523e+00 -7.241223545987213184e-01 -2.860454636715262566e+00 1.252804999703725608e+00
1.198028666553879962e+00 -2.523307120120171998e+00 1.651161837985748004e+00 -7.216680552262217940e-01 -2.845973985476585089e+00 1.253960080601828064e+00
1.199334107951211870e+00 -2.514262030105713031e+00 1.651899994177265851e+00 -7.192228047781636935e-01 -2.831456897790402660e+00 1.255087032131265490e+00
1.200636218697656243e+00 -2.505205620084290707e+00 1.652642033204959393e+00 -7.167865464544865839e-01 -2.816904325949391552e+00 1.256185822705798483e+00
1.201934942115732818e+00 -2.496137961537858274e+00 1.653387958593226514e+00 -7.143592191022027915e-01 -2.802317228982807773e+00 1.257256422451932032e+00
1.203230221487071594e+00 -2.487059125977420848e+00 1.654137774707288955e+00 -7.119407573108236242e-01 -2.787696572472851297e+00 1.258298803212012595e+00
1.204522000045745056e+00 -2.477969184942508285e+00 1.654891486798682587e+00 -7.095310915111789907e-01 -2.773043328371381122e+00 1.259312938547226146e+00
1.205810220971132329e+00 -2.468868210000604968e+00 1.655649101051355654e+00 -7.071301480775438186e-01 -2.758358474817003358e+00 1.260298803740496298e+00
1.207094827380310376e+00 -2.459756272746535632e+00 1.656410624628400274e+00 -7.047378494329763488e-01 -2.743642995952539465e+00 1.261256375799282958e+00
1.208375762319964686e+00 -2.450633444801809002e+00 1.657176065719445868e+00 -7.023541141577736013e-01 -2.728897881742872400e+00 1.262185633458279721e+00
1.209652968757808811e+00 -2.441499797813921013e+00 1.657945433588738693e+00 -6.999788571009597504e-01 -2.714124127793210661e+00 1.263086557182010017e+00
1.210926389573504736e+00 -2.432355403455617626e+00 1.658718738623931488e+00 -6.976119894947065969e-01 -2.699322735167744014e+00 1.263959129167322670e+00
1.212195967549078102e+00 -2.423200333424119446e+00 1.659495992385610519e+00 -6.952534190715956575e-01 -2.684494710208729096e+00 1.264803333345785763e+00
1.213461645358814955e+00 -2.414034659440307262e+00 1.660277207657580467e+00 -6.929030501846271672e-01 -2.669641064355988025e+00 1.265619155385977912e+00
1.214723365558634471e+00 -2.404858453247871175e+00 1.661062398497930914e+00 -6.905607839298806283e-01 -2.654762813966843105e+00 1.266406582695677630e+00
1.215981070574927658e+00 -2.395671786612424636e+00 1.661851580290903074e+00 -6.882265182717310914e-01 -2.639860980136475632e+00 1.267165604423949210e+00
1.217234702692850057e+00 -2.386474731320583409e+00 1.662644769799581423e+00 -6.859001481705258030e-01 -2.624936588518726133e+00 1.267896211463126921e+00
1.218484204044063102e+00 -2.377267359179012995e+00 1.663441985219426433e+00 -6.835815657126199651e-01 -2.609990669147314257e+00 1.268598396450694166e+00
1.219729516593909047e+00 -2.368049742013442316e+00 1.664243246232667728e+00 -6.812706602426810143e-01 -2.595024256257508100e+00 1.269272153771060285e+00
1.220970582128015902e+00 -2.358821951667649852e+00 1.665048574063576536e+00 -6.789673184981612764e-01 -2.580038388108220282e+00 1.269917479557232998e+00
1.222207342238316174e+00 -2.349584060002418706e+00 1.665857991534629656e+00 -6.766714247458405218e-01 -2.565034106804545466e+00 1.270534371692386699e+00
1.223439738308472080e+00 -2.340336138894466789e+00 1.666671523123582466e+00 -6.743828609203392777e-01 -2.550012458120716197e+00 1.271122829811326183e+00
1.224667711498697464e+00 -2.331078260235349475e+00 1.667489195021463200e+00 -6.721015067645085272e-01 -2.534974491323503720e+00 1.271682855301845994e+00
1.225891202729964879e+00 -2.321810495930341389e+00 1.668311035191502922e+00 -6.698272399715921033e-01 -2.519921258996026925e+00 1.272214451305983873e+00
1.227110152667586940e+00 -2.312532917897294649e+00 1.669137073429008522e+00 -6.675599363290657395e-01 -2.504853816861988935e+00 1.272717622721170949e+00
1.228324501704162630e+00 -2.303245598065478461e+00 1.669967341422190277e+00 -6.652994698640525284e-01 -2.489773223610323161e+00 1.273192376201274234e+00
1.229534189941876354e+00 -2.293948608374400511e+00 1.670801872813949762e+00 -6.630457129902154190e-01 -2.474680540720246125e+00 1.273638720157535653e+00
1.230739157174140619e+00 -2.284642020772613247e+00 1.671640703264636540e+00 -6.607985366560279461e-01 -2.459576832286711756e+00 1.274056664759404045e+00
1.231939342866570142e+00 -2.275325907216507293e+00 1.672483870515775406e+00 -6.585578104943222710e-01 -2.444463164846256920e+00 1.274446221935261025e+00
1.233134686137277836e+00 -2.266000339669095087e+00 1.673331414454769517e+00 -6.563234029730171670e-01 -2.429340607203232416e+00 1.274807405373042268e+00
1.234325125736480899e+00 -2.256665390098784751e+00 1.674183377180577859e+00 -6.540951815469235875e-01 -2.414210230256409240e+00 1.275140230520750428e+00
1.235510600025407246e+00 -2.247321130478149076e+00 1.675039803070368594e+00 -6.518730128105303390e-01 -2.399073106825953428e+00 1.275444714586863482e+00
1.236691046954490725e+00 -2.237967632782693173e+00 1.675900738847143856e+00 -6.496567626516681626e-01 -2.383930311480756625e+00 1.275720876540635595e+00
1.237866404040844692e+00 -2.228604968989621682e+00 1.676766233648331550e+00 -6.474462964059561898e-01 -2.368782920366118816e+00 1.275968737112290974e+00
1.239036608345004842e+00 -2.219233211076609980e+00 1.677636339095337714e+00 -6.452414790119258559e-01 -2.353632011031765447e+00 1.276188318793112231e+00
1.240201596446927290e+00 -2.209852431020581598e+00 1.678511109364050569e+00 -6.430421751667276808e-01 -2.338478662260192298e+00 1.276379645835420185e+00
1.241361304421236600e+00 -2.200462700796497195e+00 1.679390601256286919e+00 -6.408482494823186659e-01 -2.323323953895329641e+00 1.276542744252447736e+00
1.242515667811709745e+00 -2.191064092376155514e+00 1.680274874272163155e+00 -6.386595666420329387e-01 -2.308168966671509281e+00 1.276677641818106945e+00
1.243664621604986031e+00 -2.181656677727015214e+00 1.681163990683381737e+00 -6.364759915574356164e-01 -2.293014782042729127e+00 1.276784368066647302e+00
1.244808100203496748e+00 -2.172240528811036242e+00 1.682058015607408530e+00 -6.342973895253638528e-01 -2.277862482012207312e+00 1.276862954292208530e+00
1.245946037397601902e+00 -2.162815717583546959e+00 1.682957017082525430e+00 -6.321236263850524839e-01 -2.262713148962203658e+00 1.276913433548265253e+00
1.247078366336923816e+00 -2.153382315992144580e+00 1.683861066143734986e+00 -6.299545686752512363e-01 -2.247567865484109806e+00 1.276935840646964193e+00
1.248205019500873147e+00 -2.143940395975627577e+00 1.684770236899489015e+00 -6.277900837912306908e-01 -2.232427714208789826e+00 1.276930212158354339e+00
1.249325928668353569e+00 -2.134490029462969396e+00 1.685684606609215708e+00 -6.256300401415850754e-01 -2.217293777637165952e+00 1.276896586409509871e+00
1.250441024886639330e+00 -2.125031288372338345e+00 1.686604255761613436e+00 -6.234743073047324113e-01 -2.202167137971037914e+00 1.276835003483544950e+00
1.251550238439419482e+00 -2.115564244610165456e+00 1.687529268153678430e+00 -6.213227561850140912e-01 -2.187048876944124309e+00 1.276745505218521926e+00
1.252653498813995014e+00 -2.106088970070270516e+00 1.688459730970428341e+00 -6.191752591682990747e-01 -2.171940075653307822e+00 1.276628135206251402e+00
1.253750734667629096e+00 -2.096605536633049383e+00 1.689395734865283938e+00 -6.170316902769972245e-01 -2.156841814390086931e+00 1.276482938790985067e+00
1.254841873793039575e+00 -2.087114016164729247e+00 1.690337374041066543e+00 -6.148919253243890770e-01 -2.141755172472226132e+00 1.276309963068001263e+00
1.255926843083026601e+00 -2.077614480516697171e+00 1.691284746331564115e+00 -6.127558420681724627e-01 -2.126681228075581132e+00 1.276109256882083320e+00
1.257005568494233394e+00 -2.068107001524911670e+00 1.692237953283619367e+00 -6.106233203631385997e-01 -2.111621058066109669e+00 1.275880870825889746e+00
1.258077975010032823e+00 -2.058591651009401335e+00 1.693197100239685282e+00 -6.084942423128794076e-01 -2.096575737832044872e+00 1.275624857238218279e+00
1.259143986602533349e+00 -2.049068500773858048e+00 1.694162296420796521e+00 -6.063684924204351123e-01 -2.081546341116231602e+00 1.275341270202162036e+00
1.260203526193705015e+00 -2.039537622605335443e+00 1.695133655009894991e+00 -6.042459577377907731e-01 -2.066533939848613777e+00 1.275030165543158622e+00
1.261256515615618135e+00 -2.029999088274056174e+00 1.696111293235448736e+00 -6.021265280141296916e-01 -2.051539603978871806e+00 1.274691600826931781e+00
1.262302875569795368e+00 -2.020452969533339527e+00 1.697095332455297978e+00 -6.000100958427527775e-01 -2.036564401309200356e+00 1.274325635357326902e+00
1.263342525585671616e+00 -2.010899338119656932e+00 1.698085898240659475e+00 -5.978965568065774949e-01 -2.021609397327226443e+00 1.273932330174039063e+00
1.264375383978165512e+00 -2.001338265752823808e+00 1.699083120460216145e+00 -5.957858096221233524e-01 -2.006675655039061201e+00 1.273511748050234038e+00
1.265401367804357413e+00 -1.991769824136338407e+00 1.700087133364214242e+00 -5.936777562818985610e-01 -1.991764234802480882e+00 1.273063953490063849e+00
1.266420392819280316e+00 -1.982194084957877411e+00 1.701098075668489251e+00 -5.915723021950984872e-01 -1.976876194160235301e+00 1.272589012726074387e+00
1.267432373430857462e+00 -1.972611119890335551e+00 1.702116090657096015e+00 -5.894693563155695148e-01 -1.962012587637711469e+00 1.272086993716505576e+00
1.268437222653738372e+00 -1.963021000592647169e+00 1.703141326266013778e+00 -5.873688312787481713e-01 -1.947174466576334417e+00 1.271557966142486062e+00
1.269434852062252261e+00 -1.953423798710794745e+00 1.704173935166511500e+00 -5.852706435366475946e-01 -1.932362878967096798e+00 1.271002001405120208e+00
1.270425171742478820e+00 -1.943819585879018597e+00 1.705214074848078409e+00 -5.831747134908089603e-01 -1.917578869284223497e+00 1.270419172622470949e+00
1.271408090243450584e+00 -1.934208433721237963e+00 1.706261907700816760e+00 -5.810809656231328280e-01 -1.902823478318965922e+00 1.269809554626436299e+00
1.272383514527483772e+00 -1.924590413852697690e+00 1.707317601097191773e+00 -5.789893286245095805e-01 -1.888097743013527730e+00 1.269173223959519925e+00
1.273351349919655373e+00 -1.914965597881849391e+00 1.708381327473029732e+00 -5.768997355211711309e-01 -1.873402696295138004e+00 1.268510258871497820e+00
1.274311500056429347e+00 -1.905334057412487070e+00 1.709453264407647222e+00 -5.748121237986811849e-01 -1.858739366910264312e+00 1.267820739315978162e+00
1.275263866833444393e+00 -1.895695864046143875e+00 1.710533594702995375e+00 -5.727264355234910065e-01 -1.844108779258982977e+00 1.267104746946857929e+00
1.276208350352478371e+00 -1.886051089384768620e+00 1.711622506461693227e+00 -5.706426174619776415e-01 -1.829511953229505661e+00 1.266362365114674482e+00
1.277144848867596272e+00 -1.876399805033697188e+00 1.712720193163822291e+00 -5.685606211968942114e-01 -1.814949904032872041e+00 1.265593678862852789e+00
1.278073258730504147e+00 -1.866742082604932129e+00 1.713826853742350664e+00 -5.664804032411538959e-01 -1.800423642037822791e+00 1.264798774923848290e+00
1.278993474335120339e+00 -1.857077993720745557e+00 1.714942692657045908e+00 -5.644019251488781030e-01 -1.785934172605858183e+00 1.263977741715187397e+00
1.279905388061382876e+00 -1.847407610017625768e+00 1.716067919966736133e+00 -5.623251536236358872e-01 -1.771482495926502310e+00 1.263130669335402745e+00
1.280808890218314122e+00 -1.837731003150581799e+00 1.717202751399770744e+00 -5.602500606238025593e-01 -1.757069606852779575e+00 1.262257649559866746e+00
1.281703868986363126e+00 -1.828048244797822797e+00 1.718347408422527200e+00 -5.581766234649698788e-01 -1.742696494736918122e+00 1.261358775836521673e+00
1.282590210359048077e+00 -1.818359406665832179e+00 1.719502118305807681e+00 -5.561048249193425441e-01 -1.728364143266305497e+00 1.260434143281507824e+00
1.283467798083924638e+00 -1.808664560494854356e+00 1.720667114188960012e+00 -5.540346533120511507e-01 -1.714073530299702774e+00 1.259483848674688655e+00
1.284336513602905461e+00 -1.798963778064813113e+00 1.721842635141558109e+00 -5.519661026143177773e-01 -1.699825627703744235e+00 1.258507990455075332e+00
1.285196235991961089e+00 -1.789257131201683393e+00 1.723028926222464730e+00 -5.498991725334121394e-01 -1.685621401189730140e+00 1.257506668716149356e+00
1.286046841900231996e+00 -1.779544691784333388e+00 1.724226238536100908e+00 -5.478338685993355828e-01 -1.671461810150748573e+00 1.256479985201083727e+00
1.286888205488583292e+00 -1.769826531751860887e+00 1.725434829285736660e+00 -5.457702022481740745e-01 -1.657347807499139236e+00 1.255428043297863949e+00
1.287720198367638291e+00 -1.760102723111444334e+00 1.726654961823614443e+00 -5.437081909020602399e-01 -1.643280339504326726e+00 1.254350948034309354e+00
1.288542689535326691e+00 -1.750373337946732111e+00 1.727886905697709752e+00 -5.416478580456896008e-01 -1.629260345631049045e+00 1.253248806072993826e+00
1.289355545313986440e+00 -1.740638448426790053e+00 1.729130936694929899e+00 -5.395892332993341700e-01 -1.615288758378004452e+00 1.252121725706067057e+00
1.290158629287061931e+00 -1.730898126815632931e+00 1.730387336880544691e+00 -5.375323524883000026e-01 -1.601366503116947282e+00 1.250969816849977878e+00
1.290951802235438262e+00 -1.721152445482364346e+00 1.731656394633638740e+00 -5.354772577087790753e-01 -1.587494497932262938e+00 1.249793191040099005e+00
1.291734922073462410e+00 -1.711401476911946773e+00 1.732938404678369126e+00 -5.334239973900437581e-01 -1.573673653461050481e+00 1.248591961425252528e+00
1.292507843784697075e+00 -1.701645293716628871e+00 1.734233668110806148e+00 -5.313726263529366944e-01 -1.559904872733747894e+00 1.247366242762139699e+00
1.293270419357456458e+00 -1.691883968648056236e+00 1.735542492421129790e+00 -5.293232058646077931e-01 -1.546189051015323557e+00 1.246116151409673023e+00
1.294022497720181963e+00 -1.682117574610089594e+00 1.736865191510950757e+00 -5.272758036894568123e-01 -1.532527075647083237e+00 1.244841805323211759e+00
1.294763924676709088e+00 -1.672346184672359293e+00 1.738202085705515598e+00 -5.252304941362384572e-01 -1.518919825889117892e+00 1.243543324048701493e+00
1.295494542841489904e+00 -1.662569872084581846e+00 1.739553501760554788e+00 -5.231873581012884689e-01 -1.505368172763435819e+00 1.242220828716719350e+00
1.296214191574825314e+00 -1.652788710291666074e+00 1.740919772863522841e+00 -5.211464831078309601e-01 -1.491872978897809343e+00 1.240874442036423719e+00
1.296922706918179458e+00 -1.643002772949638590e+00 1.742301238628977345e+00 -5.191079633413334671e-01 -1.478435098370384893e+00 1.239504288289409173e+00
1.297619921529638010e+00 -1.633212133942416155e+00 1.743698245087836218e+00 -5.170718996808725265e-01 -1.465055376555089772e+00 1.238110493323469674e+00
1.298305664619584521e+00 -1.623416867399452457e+00 1.745111144670249415e+00 -5.150383997264769143e-01 -1.451734649967882707e+00 1.236693184546266755e+00
1.298979761886663420e+00 -1.613617047714289932e+00 1.746540296181814167e+00 -5.130075778224209015e-01 -1.438473746113887675e+00 1.235252490918907098e+00
1.299642035454112055e+00 -1.603812749564048623e+00 1.747986064772857784e+00 -5.109795550764347771e-01 -1.425273483335459890e+00 1.233788542949427303e+00
1.300292303806537930e+00 -1.594004047929875156e+00 1.749448821900507989e+00 -5.089544593748106527e-01 -1.412134670661226554e+00 1.232301472686188282e+00
1.300930381727221530e+00 -1.584191018118389138e+00 1.750928945283266147e+00 -5.069324253933766844e-01 -1.399058107656149907e+00 1.230791413711178617e+00
1.301556080236039303e+00 -1.574373735784154071e+00 1.752426818847790058e+00 -5.049135946043170620e-01 -1.386044584272659641e+00 1.229258501133229542e+00
1.302169206528084544e+00 -1.564552276953200316e+00 1.753942832667594320e+00 -5.028981152788203346e-01 -1.373094880702904419e+00 1.227702871581139554e+00
1.302769563913090067e+00 -1.554726718047636513e+00 1.755477382893364968e+00 -5.008861424855362010e-01 -1.360209767232172684e+00 1.226124663196712206e+00
1.303356951755741733e+00 -1.544897135911373898e+00 1.757030871674585271e+00 -4.988778380848253868e-01 -1.347390004093531157e+00 1.224524015627704854e+00
1.303931165416984728e+00 -1.535063607836996802e+00 1.758603707072162958e+00 -4.968733707187920623e-01 -1.334636341323738318e+00 1.222901070020692371e+00
1.304491996196428083e+00 -1.525226211593809555e+00 1.760196302961744896e+00 -4.948729157970843118e-01 -1.321949518620480379e+00 1.221255969013844034e+00
1.305039231275950007e+00 -1.515385025457087309e+00 1.761809078927400130e+00 -4.928766554784549392e-01 -1.309330265200983501e+00 1.219588856729615589e+00
1.305572653664619054e+00 -1.505540128238560982e+00 1.763442460145351554e+00 -4.908847786480776132e-01 -1.296779299662059515e+00 1.217899878767356281e+00
1.306092042145042154e+00 -1.495691599318166531e+00 1.765096877257427810e+00 -4.888974808906120795e-01 -1.284297329841638025e+00 1.216189182195833718e+00
1.306597171221260290e+00 -1.485839518677084747e+00 1.766772766233907666e+00 -4.869149644590181625e-01 -1.271885052681840378e+00 1.214456915545675031e+00
1.307087811068310401e+00 -1.475983966932099989e+00 1.768470568225420703e+00 -4.849374382391182237e-01 -1.259543154093655026e+00 1.212703228801726318e+00
1.307563727483582738e+00 -1.466125025371304513e+00 1.770190729403571472e+00 -4.829651177099109627e-01 -1.247272308823266229e+00 1.210928273395331711e+00
1.308024681840102232e+00 -1.456262775991172376e+00 1.771933700789944943e+00 -4.809982248996422793e-01 -1.235073180320099606e+00 1.209132202196532502e+00
1.308470431041863113e+00 -1.446397301535030877e+00 1.773699938073150406e+00 -4.790369883376383586e-01 -1.222946420606633389e+00 1.207315169506186336e+00
1.308900727481362880e+00 -1.436528685532949101e+00 1.775489901413560778e+00 -4.770816430019130250e-01 -1.210892670150041095e+00 1.205477331048008471e+00
1.309315318999468625e+00 -1.426657012343068409e+00 1.777304055235397584e+00 -4.751324302625620777e-01 -1.198912557735727802e+00 1.203618843960536644e+00
1.309713948847764708e+00 -1.416782367194392211e+00 1.779142868005814782e+00 -4.731895978209566533e-01 -1.187006700342807974e+00 1.201739866789018452e+00
1.310096355653532996e+00 -1.406904836231055000e+00 1.781006812000627049e+00 -4.712533996447544338e-01 -1.175175703021594575e+00 1.199840559477224566e+00
1.310462273387514198e+00 -1.397024506558087964e+00 1.782896363056333033e+00 -4.693240958987467959e-01 -1.163420158773152302e+00 1.197921083359186678e+00
1.310811431334613530e+00 -1.387141466288693170e+00 1.784812000308077407e+00 -4.674019528715631089e-01 -1.151740648430974900e+00 1.195981601150862605e+00
1.311143554067705663e+00 -1.377255804593041422e+00 1.786754205913199556e+00 -4.654872428982574917e-01 -1.140137740544852729e+00 1.194022276941729244e+00
1.311458361424711949e+00 -1.367367611748597778e+00 1.788723464760012538e+00 -4.635802442788025668e-01 -1.128611991266981196e+00 1.192043276186303791e+00
1.311755568489110901e+00 -1.357476979191988065e+00 1.790720264161459019e+00 -4.616812411925187432e-01 -1.117163944240372686e+00 1.190044765695595474e+00
1.312034885574064225e+00 -1.347583999572403712e+00 1.792745093533287815e+00 -4.597905236084715574e-01 -1.105794130489636373e+00 1.188026913628487558e+00
1.312296018210327819e+00 -1.337688766806549800e+00 1.794798444056401987e+00 -4.579083871918661619e-01 -1.094503068314172989e+00 1.185989889483051396e+00
1.312538667138134718e+00 -1.327791376135128321e+00 1.796880808323021439e+00 -4.560351332064781493e-01 -1.083291263183855158e+00 1.183933864087794108e+00
1.312762528303232923e+00 -1.317891924180853991e+00 1.798992679966314512e+00 -4.541710684131556874e-01 -1.072159207637243483e+00 1.181859009592839849e+00
1.312967292857265988e+00 -1.307990509007987079e+00 1.801134553273147976e+00 -4.523165049644337077e-01 -1.061107381182399667e+00 1.179765499461046918e+00
1.313152647162692865e+00 -1.298087230183370355e+00 1.803306922779612353e+00 -4.504717602953012268e-01 -1.050136250200353061e+00 1.177653508459061138e+00
1.313318272802439957e+00 -1.288182188838948861e+00 1.805510282848979964e+00 -4.486371570101673756e-01 -1.039246267851277494e+00 1.175523212648306393e+00
1.313463846594486339e+00 -1.278275487735744509e+00 1.807745127231758620e+00 -4.468130227660698783e-01 -1.028437873983432560e+00 1.173374789375915217e+00
1.313589040611587100e+00 -1.268367231329260214e+00 1.810011948607509025e+00 -4.449996901521748871e-01 -1.017711495044924419e+00 1.171208417265598545e+00
1.313693522206341280e+00 -1.258457525836269575e+00 1.812311238108096578e+00 -4.431974965656188536e-01 -1.007067543998338977e+00 1.169024276208456836e+00
1.313776954041813383e+00 -1.248546479302957035e+00 1.814643484822057173e+00 -4.414067840837438972e-01 -9.965064202383020486e-01 1.166822547353733697e+00
1.313838994127924487e+00 -1.238634201674352564e+00 1.817009175279759692e+00 -4.396278993327811246e-01 -9.860285095120180365e-01 1.164603413099513762e+00
1.313879295863826568e+00 -1.228720804865011562e+00 1.819408792919059881e+00 -4.378611933530389133e-01 -9.756341838428377322e-01 1.162367057083364630e+00
1.313897508086482091e+00 -1.218806402830872493e+00 1.821842817531141412e+00 -4.361070214606533879e-01 -9.653238014569067715e-01 1.160113664172925718e+00
1.313893275125668891e+00 -1.208891111642223848e+00 1.824311724686255687e+00 -4.343657431059604890e-01 -9.550977067129400311e-01 1.157843420456444505e+00
1.313866236865635972e+00 -1.198975049557703620e+00 1.826815985139075948e+00 -4.326377217285519716e-01 -9.449562300351690425e-01 1.155556513233261251e+00
1.313816028813637349e+00 -1.189058337099241136e+00 1.829356064213395028e+00 -4.309233246090786729e-01 -9.348996878495121621e-01 1.153253131004244647e+00
1.313742282175569986e+00 -1.179141097127851534e+00 1.831932421165903824e+00 -4.292229227178659401e-01 -9.249283825230056877e-01 1.150933463462177730e+00
1.313644623938950318e+00 -1.169223454920174543e+00 1.834545508528802715e+00 -4.275368905604078340e-01 -9.150426023065434400e-01 1.148597701482097611e+00
1.313522676963460256e+00 -1.159305538245646083e+00 1.837195771431008318e+00 -4.258656060198094950e-01 -9.052426212809647765e-01 1.146246037111588789e+00
1.313376060079291419e+00 -1.149387477444180572e+00 1.839883646897733760e+00 -4.242094501962473396e-01 -8.955286993065301182e-01 1.143878663561032294e+00
1.313204388193531358e+00 -1.139469405504228483e+00 1.842609563128233541e+00 -4.225688072435164200e-01 -8.859010819758190713e-01 1.141495775193811069e+00
1.313007272404815851e+00 -1.129551458141066167e+00 1.845373938751520448e+00 -4.209440642027414414e-01 -8.763600005700924456e-01 1.139097567516474063e+00
1.312784320126491266e+00 -1.119633773875162497e+00 1.848177182059878465e+00 -4.193356108333244903e-01 -8.669056720191510301e-01 1.136684237168859690e+00
1.312535135218515503e+00 -1.109716494110458029e+00 1.851019690220013558e+00 -4.177438394412040790e-01 -8.575382988647222149e-01 1.134255981914180200e+00
1.312259318128337293e+00 -1.099799763212376380e+00 1.853901848461703139e+00 -4.161691447045030579e-01 -8.482580692274024337e-01 1.131813000629068755e+00
1.311956466040981706e+00 -1.089883728585377742e+00 1.856824029243823615e+00 -4.146119234966429978e-01 -8.390651567771882924e-01 1.129355493293589641e+00
1.311626173038579202e+00 -1.079968540749852046e+00 1.859786591397657451e+00 -4.130725747070056464e-01 -8.299597207076208072e-01 1.126883660981214286e+00
1.311268030269565843e+00 -1.070054353418138593e+00 1.862789879247404023e+00 -4.115514990592226141e-01 -8.209419057135720621e-01 1.124397705848763751e+00
1.310881626127781363e+00 -1.060141323569437688e+00 1.865834221707840079e+00 -4.100490989271724507e-01 -8.120118419726893855e-01 1.121897831126319023e+00
1.310466546441692914e+00 -1.050229611523378459e+00 1.868919931359101394e+00 -4.085657781487687101e-01 -8.031696451305219142e-01 1.119384241107100886e+00
1.310022374673964318e+00 -1.040319381011981736e+00 1.872047303498583837e+00 -4.071019418376241594e-01 -7.944154162893513060e-01 1.116857141137320930e+00
1.309548692131588421e+00 -1.030410799249749321e+00 1.875216615169988055e+00 -4.056579961926739530e-01 -7.857492420007377021e-01 1.114316737606005026e+00
1.309045078186794608e+00 -1.020504037001597197e+00 1.878428124169559066e+00 -4.042343483058423725e-01 -7.771711942617969271e-01 1.111763237934790149e+00
1.308511110508943087e+00 -1.010599268648328941e+00 1.881682068029608246e+00 -4.028314059678407277e-01 -7.686813305152222497e-01 1.109196850567696790e+00
1.307946365307600223e+00 -1.000696672249339336e+00 1.884978662979427400e+00 -4.014495774721824617e-01 -7.602796936530604732e-01 1.106617784960878481e+00
1.307350417586999436e+00 -9.907964296022169215e-01 1.888318102883746352e+00 -4.000892714175030562e-01 -7.519663120242507937e-01 1.104026251572348905e+00
1.306722841412067071e+00 -9.808987262989021794e-01 1.891700558158913470e+00 -3.987508965082727785e-01 -7.437411994459313114e-01 1.101422461851689016e+00
1.306063210186198642e+00 -9.710037517780421013e-01 1.895126174667018271e+00 -3.974348613539913089e-01 -7.356043552185198564e-01 1.098806628229735738e+00
1.305371096940954434e+00 -9.611116993731680935e-01 1.898595072588211252e+00 -3.961415742669551765e-01 -7.275557641445713486e-01 1.096178964108252885e+00
1.304646074637836106e+00 -9.512227663563046498e-01 1.902107345271515371e+00 -3.948714430586842683e-01 -7.195953965514072515e-01 1.093539683849586108e+00
1.303887716482296399e+00 -9.413371539766082208e-01 1.905663058064464010e+00 -3.936248748351008908e-01 -7.117232083175211166e-01 1.090889002766304294e+00
1.303095596250120725e+00 -9.314550674936130648e-01 1.909262247121944478e+00 -3.924022757905494263e-01 -7.039391409027500046e-01 1.088227137110826970e+00
1.302269288626310750e+00 -9.215767162046537564e-01 1.912904918194668902e+00 -3.912040510007496197e-01 -6.962431213822086740e-01 1.085554304065041720e+00
1.301408369556582123e+00 -9.117023134660118266e-01 1.916591045397740167e+00 -3.900306042147729801e-01 -6.886350624839776557e-01 1.082870721729910723e+00
1.300512416611582456e+00 -9.018320767073255695e-01 1.920320569959829360e+00 -3.888823376461344461e-01 -6.811148626305358889e-01 1.080176609115068631e+00
1.299581009363911077e+00 -8.919662274387891721e-01 1.924093398953531597e+00 -3.877596517630939044e-01 -6.736824059839263690e-01 1.077472186128414888e+00
1.298613729778017145e+00 -8.821049912506460089e-01 1.927909404007516869e+00 -3.866629450782551602e-01 -6.663375624946397124e-01 1.074757673565699401e+00
1.297610162613026752e+00 -8.722485978044782762e-01 1.931768420001147790e+00 -3.855926139375585038e-01 -6.590801879542023123e-01 1.072033293100105089e+00
1.296569895838540765e+00 -8.623972808157764902e-01 1.935670243742291019e+00 -3.845490523087563561e-01 -6.519101240514473261e-01 1.069299267271827558e+00
1.295492521063418279e+00 -8.525512780272639368e-01 1.939614632629108382e+00 -3.835326515694671423e-01 -6.448271984324542849e-01 1.066555819477653877e+00
1.294377633977551234e+00 -8.427108311724404999e-01 1.943601303296669247e+00 -3.825438002948978733e-01 -6.378312247641342303e-01 1.063803173960542470e+00
1.293224834806606660e+00 -8.328761859287987512e-01 1.947629930249295427e+00 -3.815828840453288073e-01 -6.309220028014346227e-01 1.061041555799204339e+00
1.292033728779696578e+00 -8.230475918601629637e-01 1.951700144479605381e+00 -3.806502851534537823e-01 -6.240993184581462572e-01 1.058271190897688285e+00
1.290803926609914276e+00 -8.132253023475835008e-01 1.955811532075296899e+00 -3.797463825116667024e-01 -6.173629438812788806e-01 1.055492305974971234e+00
1.289535044987651702e+00 -8.034095745082279194e-01 1.959963632814774037e+00 -3.788715513593886586e-01 -6.107126375289837483e-01 1.052705128554554559e+00
1.288226707086587819e+00 -7.936006691016905812e-01 1.964155938752796038e+00 -3.780261630705287201e-01 -6.041481442519915923e-01 1.049909886954068838e+00
1.286878543082216275e+00 -7.837988504231518938e-01 1.968387892797397232e+00 -3.772105849411698797e-01 -5.976691953785375766e-01 1.047106810274887945e+00
1.285490190682754719e+00 -7.740043861828103111e-01 1.972658887279405304e+00 -3.764251799775727436e-01 -5.912755088027381589e-01 1.044296128391754230e+00
1.284061295672249914e+00 -7.642175473710111078e-01 1.976968262515964359e+00 -3.756703066845880068e-01 -5.849667890763865508e-01 1.041478071942415484e+00
1.282591512465670158e+00 -7.544386081085034945e-01 1.981315305369546254e+00 -3.749463188545727466e-01 -5.787427275041361341e-01 1.038652872317276987e+00
1.281080504675746301e+00 -7.446678454812549752e-01 1.985699247804021850e+00 -3.742535653569011300e-01 -5.726030022420305343e-01 1.035820761649067556e+00
1.279527945691296686e+00 -7.349055393592656138e-01 1.990119265439448171e+00 -3.735923899281591298e-01 -5.665472783993452666e-01 1.032981972802522908e+00
1.277933519266742479e+00 -7.251519721988279876e-01 1.994574476107315197e+00 -3.729631309631175062e-01 -5.605752081437005430e-01 1.030136739364087450e+00
1.276296920122488299e+00 -7.154074288276959237e-01 1.999063938408091490e+00 -3.723661213065738718e-01 -5.546864308094088258e-01 1.027285295631635842e+00
1.274617854555821772e+00 -7.056721962126348835e-01 2.003586650272999758e+00 -3.718016880461549878e-01 -5.488805730090118296e-01 1.024427876604214971e+00
1.272896041061947203e+00 -6.959465632088446263e-01 2.008141547532052762e+00 -3.712701523061699982e-01 -5.431572487479678912e-01 1.021564717971809033e+00
1.271131210964742131e+00 -6.862308202907700938e-01 2.012727502490480269e+00 -3.707718290426038621e-01 -5.375160595424417487e-01 1.018696056105128811e+00
1.269323109056802235e+00 -6.765252592638293372e-01 2.017343322515781967e+00 -3.703070268393440223e-01 -5.319565945401585338e-01 1.015822128045425377e+00
1.267471494248296526e+00 -6.668301729566237235e-01 2.021987748637749771e+00 -3.698760477057271290e-01 -5.264784306442678030e-01 1.012943171494332217e+00
1.265576140224141888e+00 -6.571458548932209709e-01 2.026659454163910468e+00 -3.694791868754960795e-01 -5.210811326401749710e-01 1.010059424803734229e+00
1.263636836108959383e+00 -6.474725989451308727e-01 2.031357043312959743e+00 -3.691167326072574140e-01 -5.157642533252930761e-01 1.007171126965666907e+00
1.261653387139262339e+00 -6.378106989626366463e-01 2.036079049868867230e+00 -3.687889659865267733e-01 -5.105273336416633612e-01 1.004278517602246623e+00
1.259625615342282678e+00 -6.281604483851843668e-01 2.040823935858464111e+00 -3.684961607294507946e-01 -5.053699028113944891e-01 1.001381836955633320e+00
1.257553360220824201e+00 -6.185221398305698060e-01 2.045590090255441584e+00 -3.682385829882937056e-01 -5.002914784748675459e-01 9.984813258780271816e-01
1.255436479443498676e+00 -6.088960646627210593e-01 2.050375827713820431e+00 -3.680164911587739951e-01 -4.952915668316588693e-01 9.955772258217006065e-01
1.253274849539677938e+00 -5.992825125379175333e-01 2.055179387334089114e+00 -3.678301356893405316e-01 -4.903696627841229727e-01 9.926697788290665958e-01
1.251068366598460768e+00 -5.896817709293511456e-01 2.059998931465335748e+00 -3.676797588924711757e-01 -4.855252500835822715e-01 9.897592275227853342e-01
1.248816946970943365e+00 -5.800941246299884391e-01 2.064832544546852944e+00 -3.675655947580819261e-01 -4.807578014790667709e-01 9.868458150959101838e-01
1.246520527975040871e+00 -5.705198552337611417e-01 2.069678231992831741e+00 -3.674878687691290891e-01 -4.760667788685495339e-01 9.839297853020743112e-01
1.244179068602101701e+00 -5.609592405951882021e-01 2.074533919123914938e+00 -3.674467977191645529e-01 -4.714516334521254848e-01 9.810113824457421527e-01
1.241792550224521730e+00 -5.514125542675896163e-01 2.079397450149539583e+00 -3.674425895324202607e-01 -4.669118058878352073e-01 9.780908513724922981e-01
1.239360977303551881e+00 -5.418800649201420683e-01 2.084266587205154231e+00 -3.674754430864918264e-01 -4.624467264500458086e-01 9.751684374593344584e-01
1.236884378096474446e+00 -5.323620357341081188e-01 2.089139009448571116e+00 -3.675455480375501294e-01 -4.580558151900904207e-01 9.722443866050725081e-01
1.234362805362305249e+00 -5.228587237786581632e-01 2.094012312219879046e+00 -3.676530846481608217e-01 -4.537384820991015033e-01 9.693189452207153778e-01
1.231796337065165448e+00 -5.133703793667945270e-01 2.098884006269528424e+00 -3.677982236177919084e-01 -4.494941272729793269e-01 9.663923602199361307e-01
1.229185077074453458e+00 -5.038972453919843275e-01 2.103751517059378795e+00 -3.679811259160895576e-01 -4.453221410794316881e-01 9.634648790095816651e-01
1.226529155860929698e+00 -4.944395566462080893e-01 2.108612184141699597e+00 -3.682019426190001887e-01 -4.412219043270129148e-01 9.605367494802337092e-01
1.223828731271508818e+00 -4.849975391918750489e-01 2.113463260668801080e+00 -3.684608208946819063e-01 -4.371927971485014552e-01 9.576082199951859719e-01
1.221083989216065868e+00 -4.755714096449077388e-01 2.118301912991199298e+00 -3.687579040508551786e-01 -4.332341992487380722e-01 9.546795393795269868e-01
1.218295144347001369e+00 -4.661613744421186922e-01 2.123125220349922238e+00 -3.690933315872638731e-01 -4.293454901525723955e-01 9.517509569093282051e-01
1.215462440730655125e+00 -4.567676290940507755e-01 2.127930174668796415e+00 -3.694672392532395433e-01 -4.255260494528183557e-01 9.488227223009370048e-01
1.212586152509643744e+00 -4.473903574245676751e-01 2.132713680452780647e+00 -3.698797591103599736e-01 -4.217752570581128069e-01 9.458950857003736168e-01
1.209666584555197488e+00 -4.380297307986111832e-01 2.137472554798663715e+00 -3.703310196001896593e-01 -4.180924934405778615e-01 9.429682976728311905e-01
1.206704073108566311e+00 -4.286859073396742659e-01 2.142203527524694895e+00 -3.708211456170873443e-01 -4.144771398831901266e-01 9.400426091922778893e-01
1.203698986410567384e+00 -4.193590311386570235e-01 2.146903241425988096e+00 -3.713502585860568583e-01 -4.109285787267467072e-01 9.371182716311613481e-01
1.200651725318329976e+00 -4.100492314559307516e-01 2.151568252662817926e+00 -3.719184765456206021e-01 -4.074461936163435993e-01 9.341955367502132734e-01
1.197562723908304871e+00 -4.007566219185489942e-01 2.156195031289221742e+00 -3.725259142356875941e-01 -4.040293697472527867e-01 9.312746566883541854e-01
