-9.265911473733394743e-01 -4.530153808975957652e+00 1.124248295810415105e-01 8.734138130532845823e-01 -4.482597956070636158e+00 3.096715898901365005e+00
-9.265911473733394743e-01 -4.530153808975957652e+00 1.124248295810415105e-01 8.734138130532845823e-01 -4.482597956070636158e+00 3.096715898901365005e+00
-9.267592902413119837e-01 -4.530158449706924273e+00 5.248726191413907172e-01 8.733917150496398607e-01 -4.482603491400374729e+00 3.096614562375019197e+00
-9.269673390286762293e-01 -4.530250379167098274e+00 9.776110938834994268e-01 8.733476166385546469e-01 -4.482614523443388954e+00 3.096412626432848647e+00
-9.271271226799063792e-01 -4.530438451491181517e+00 1.318583494014495816e+00 8.732816143812549559e-01 -4.482631006999233669e+00 3.096110827452403402e+00
-9.272187576578213575e-01 -4.530682886718904179e+00 1.521632221706245458e+00 8.731938037960638166e-01 -4.482652890403886481e+00 3.095709901079635173e+00
-9.272632581064429447e-01 -4.530956668506882501e+00 1.615554067683918626e+00 8.730842793510642519e-01 -4.482680115645970353e+00 3.095210582229955154e+00
-9.272886735112141343e-01 -4.531250146882340069e+00 1.641852128423397339e+00 8.729531344612172505e-01 -4.482712618484258726e+00 3.094613605088980535e+00
-9.273162971993648140e-01 -4.531560635979839269e+00 1.635192597824496108e+00 8.728004614883594359e-01 -4.482750328564346631e+00 3.093919703112974595e+00
-9.273583198604061772e-01 -4.531886699440559774e+00 1.617931177809800003e+00 8.726263517439472039e-01 -4.482793169534401656e+00 3.093129609028984373e+00
-9.274196874212399244e-01 -4.532227043226590091e+00 1.601496279007588841e+00 8.724308954943892358e-01 -4.482841059159857977e+00 3.092244054834680345e+00
-9.275009482788124648e-01 -4.532580750206915532e+00 1.589977530564223862e+00 8.722141819687767583e-01 -4.482893909436922009e+00 3.091263771797901683e+00
-9.276006750015034497e-01 -4.532947365611102342e+00 1.583541705907689501e+00 8.719762993689456065e-01 -4.482951626704827497e+00 3.090189490455914179e+00
-9.277170068557198945e-01 -4.533326721634494127e+00 1.580825126551108628e+00 8.717173348816811274e-01 -4.483014111756798314e+00 3.089021940614379957e+00
-9.278483939720358897e-01 -4.533718722749909169e+00 1.580267829532666646e+00 8.714373746930770270e-01 -4.483081259949711850e+00 3.087761851346050523e+00
-9.279938115820289823e-01 -4.534123215238833993e+00 1.580673229567023386e+00 8.711365040048937303e-01 -4.483152961312440787e+00 3.086409950989178252e+00
-9.281527020620801149e-01 -4.534539947243780844e+00 1.581317854161195413e+00 8.708148070528274332e-01 -4.483229100652875943e+00 3.084966967145659211e+00
-9.283248233413500250e-01 -4.534968582044967889e+00 1.581860126994489413e+00 8.704723671267111662e-01 -4.483309557663617717e+00 3.083433626678905970e+00
-9.285101012452195990e-01 -4.535408729517484971e+00 1.582198737143963196e+00 8.701092665924117231e-01 -4.483394207026336176e+00 3.081810655711456182e+00
-9.287085240957065890e-01 -4.535859975564420665e+00 1.582351671966439222e+00 8.697255869154834063e-01 -4.483482918514781979e+00 3.080098779622319594e+00
-9.289200833879199815e-01 -4.536321901929411204e+00 1.582376999519058636e+00 8.693214086863445544e-01 -4.483575557096453501e+00 3.078298723044071039e+00
-9.291447493236272281e-01 -4.536794096107944263e+00 1.582331663729364069e+00 8.688968116470603409e-01 -4.483671983032909480e+00 3.076411209859687190e+00
-9.293824670255136366e-01 -4.537276154125322591e+00 1.582256215528183629e+00 8.684518747194721611e-01 -4.483772051978714757e+00 3.074436963199137285e+00
-9.296331620200882773e-01 -4.537767679419455469e+00 1.582173636555261664e+00 8.679866760347270116e-01 -4.483875615079037757e+00 3.072376705435727384e+00
-9.298967478701337663e-01 -4.538268280336246185e+00 1.582093822870280553e+00 8.675012929640945059e-01 -4.483982519065878414e+00 3.070231158182203490e+00
-9.301731325357409652e-01 -4.538777567714009642e+00 1.582018951636719795e+00 8.669958021510110191e-01 -4.484092606352937160e+00 3.068001042286614855e+00
-9.304622224654159890e-01 -4.539295153168876773e+00 1.581947676123820479e+00 8.664702795442383865e-01 -4.484205715129125025e+00 3.065687077827945917e+00
-9.307639246556577151e-01 -4.539820648148726434e+00 1.581877700913309592e+00 8.659248004320213576e-01 -4.484321679450712139e+00 3.063289984111514208e+00
-9.310781473385887352e-01 -4.540353663571917942e+00 1.581807021966730620e+00 8.653594394773338472e-01 -4.484440329332127995e+00 3.060810479664140438e+00
-9.314047999389790666e-01 -4.540893809811914039e+00 1.581734313908874201e+00 8.647742707538755846e-01 -4.484561490835397457e+00 3.058249282229098753e+00
-9.317437927556585509e-01 -4.541440696832393265e+00 1.581658886009107867e+00 8.641693677829734854e-01 -4.484684986158239184e+00 3.055607108760844959e+00
-9.320950366222712224e-01 -4.541993934349913609e+00 1.581580487596456308e+00 8.635448035713489956e-01 -4.484810633720829998e+00 3.052884675419526239e+00
-9.324584426526179026e-01 -4.542553131965618718e+00 1.581499110819855280e+00 8.629006506494606432e-01 -4.484938248251223669e+00 3.050082697565274614e+00
-9.328339220882030380e-01 -4.543117899250228575e+00 1.581414848054516487e+00 8.622369811105303761e-01 -4.485067640869448979e+00 3.047201889752291670e+00
-9.332213862261614645e-01 -4.543687845788788593e+00 1.581327809850002986e+00 8.615538666502458032e-01 -4.485198619170296830e+00 3.044242965722728567e+00
-9.336207463967315379e-01 -4.544262581198845297e+00 1.581238088735323011e+00 8.608513786069127427e-01 -4.485330987304791961e+00 3.041206638400357765e+00
-9.340319139645253399e-01 -4.544841715134958271e+00 1.581145750493921920e+00 8.601295880021078144e-01 -4.485464546060366153e+00 3.038093619884036034e+00
-9.344548003370098943e-01 -4.545424857288568710e+00 1.581050838465827280e+00 8.593885655814308411e-01 -4.485599092939709820e+00 3.034904621440983608e+00
-9.348893169716799845e-01 -4.546011617388272086e+00 1.580953381465014518e+00 8.586283818561551984e-01 -4.485734422238391694e+00 3.031640353499853724e+00
-9.353353753790828451e-01 -4.546601605202438279e+00 1.580853400742418424e+00 8.578491071446842087e-01 -4.485870325121161351e+00 3.028301525643620984e+00
-9.357928871218389455e-01 -4.547194430544312382e+00 1.580750914786814620e+00 8.570508116147048661e-01 -4.486006589697032254e+00 3.024888846602268089e+00
-9.362617638107690876e-01 -4.547789703279064177e+00 1.580645941787464981e+00 8.562335653253038137e-01 -4.486143001093092053e+00 3.021403024245290503e+00
-9.367419170994911726e-01 -4.548387033332017992e+00 1.580538500772146415e+00 8.553974382696072354e-01 -4.486279341527115605e+00 3.017844765574013710e+00
-9.372332586783103103e-01 -4.548986030697550476e+00 1.580428611822630947e+00 8.545425004170005279e-01 -4.486415390378890145e+00 3.014214776713739052e+00
-9.377357002680035691e-01 -4.549586305448293899e+00 1.580316295817195238e+00 8.536688217556511749e-01 -4.486550924260346740e+00 3.010513762905700830e+00
-9.382491536138140020e-01 -4.550187467744398973e+00 1.580201574009712617e+00 8.527764723351641818e-01 -4.486685717084505143e+00 3.006742428498843100e+00
-9.387735304797730773e-01 -4.550789127842757686e+00 1.580084467646034829e+00 8.518655223087955308e-01 -4.486819540133168083e+00 3.002901476941439718e+00
-9.393087426433359699e-01 -4.551390896106188855e+00 1.579964997940944249e+00 8.509360419765549244e-01 -4.486952162123553300e+00 2.998991610772531846e+00
-9.398547018901147743e-01 -4.551992383012746224e+00 1.579843186225351026e+00 8.499881018279970002e-01 -4.487083349273741639e+00 2.995013531613188729e+00
-9.404113200086108293e-01 -4.552593199165227311e+00 1.579719053665633144e+00 8.490217725844041441e-01 -4.487212865366903891e+00 2.990967940157611249e+00
-9.409785087851971763e-01 -4.553192955300682243e+00 1.579592621400956354e+00 8.480371252410944249e-01 -4.487340471814414755e+00 2.986855536164081393e+00
-9.415561799991034597e-01 -4.553791262300113551e+00 1.579463910648834180e+00 8.470342311098362220e-01 -4.487465927717893877e+00 2.982677018445742512e+00
-9.421442454174175918e-01 -4.554387731198371370e+00 1.579332942324698896e+00 8.460131618609754156e-01 -4.487588989930111794e+00 2.978433084861212610e+00
-9.427426167903939502e-01 -4.554981973193965139e+00 1.579199737384880287e+00 8.449739895651028343e-01 -4.487709413114770562e+00 2.974124432305050636e+00
-9.433512058466340111e-01 -4.555573599659191508e+00 1.579064316702225801e+00 8.439167867348617014e-01 -4.487826949805254984e+00 2.969751756698064238e+00
-9.439699242884198593e-01 -4.556162222150319074e+00 1.578926701137523869e+00 8.428416263664183505e-01 -4.487941350462302026e+00 2.965315752977468744e+00
-9.445986837870821162e-01 -4.556747452417940991e+00 1.578786911352609623e+00 8.417485819806193037e-01 -4.488052363530620426e+00 2.960817115086905371e+00
-9.452373959785547175e-01 -4.557328902417348893e+00 1.578644967972347324e+00 8.406377276640585317e-01 -4.488159735494496871e+00 2.956256535966309773e+00
-9.458859724589103735e-01 -4.557906184319105769e+00 1.578500891509103221e+00 8.395091381098269689e-01 -4.488263210932391445e+00 2.951634707541622493e+00
-9.465443247800187088e-01 -4.558478910519725424e+00 1.578354702511357788e+00 8.383628886579088668e-01 -4.488362532570517871e+00 2.946952320714362195e+00
-9.472123644451998503e-01 -4.559046693652548221e+00 1.578206421537699855e+00 8.371990553354210496e-01 -4.488457441335462761e+00 2.942210065351062553e+00
-9.478900029049766029e-01 -4.559609146598730511e+00 1.578056069159819330e+00 8.360177148963019444e-01 -4.488547676405808318e+00 2.937408630272560828e+00
-9.485771515529068942e-01 -4.560165882498356638e+00 1.577903665801387190e+00 8.348189448607498120e-01 -4.488632975262802027e+00 2.932548703243158972e+00
-9.492737217215840850e-01 -4.560716514761565143e+00 1.577749231829459475e+00 8.336028235547230381e-01 -4.488713073740186132e+00 2.927630970959652412e+00
-9.499796246786614828e-01 -4.561260657079846403e+00 1.577592787330965196e+00 8.323694301485984326e-01 -4.488787706073009254e+00 2.922656119040234923e+00
-9.506947716230714773e-01 -4.561797923437317159e+00 1.577434352520737937e+00 8.311188446955316556e-01 -4.488856604945543616e+00 2.917624832013269831e+00
-9.514190736810977933e-01 -4.562327928122391185e+00 1.577273947704663337e+00 8.298511481702974812e-01 -4.488919501538516599e+00 2.912537793305910672e+00
-9.521524419025516606e-01 -4.562850285739529888e+00 1.577111592702210796e+00 8.285664225066202704e-01 -4.488976125575223186e+00 2.907395685232625926e+00
-9.528947872573225730e-01 -4.563364611220723788e+00 1.576947307557566402e+00 8.272647506346126889e-01 -4.489026205366903888e+00 2.902199188983602962e+00
-9.536460206316303978e-01 -4.563870519837569084e+00 1.576781112029576049e+00 8.259462165180100346e-01 -4.489069467857332185e+00 2.896948984613022304e+00
-9.544060528246185449e-01 -4.564367627213102629e+00 1.576613025568670334e+00 8.246109051907821730e-01 -4.489105638666544884e+00 2.891645751027215994e+00
-9.551747945450269617e-01 -4.564855549333730167e+00 1.576443068480971821e+00 8.232589027939473114e-01 -4.489134442133922320e+00 2.886290165972706490e+00
-9.559521564073841793e-01 -4.565333902562124457e+00 1.576271260532280394e+00 8.218902966115367859e-01 -4.489155601360402592e+00 2.880882906024116341e+00
-9.567380489289739609e-01 -4.565802303649188154e+00 1.576097621565326179e+00 8.205051751058151099e-01 -4.489168838249841365e+00 2.875424646572007248e+00
-9.575323825265693589e-01 -4.566260369746622416e+00 1.575922171282812201e+00 8.191036279531948017e-01 -4.489173873549931137e+00 2.869916061810569463e+00
-9.583350675133435193e-01 -4.566707718419408479e+00 1.575744928823916258e+00 8.176857460788614640e-01 -4.489170426892181709e+00 2.864357824725217050e+00
-9.591460140960266223e-01 -4.567143967658085835e+00 1.575565913467659840e+00 8.162516216917748979e-01 -4.489158216831418358e+00 2.858750607080074779e+00
-9.599651323718128015e-01 -4.567568735891661902e+00 1.575385145142133014e+00 8.148013483197347195e-01 -4.489136960884757777e+00 2.853095079405328693e+00
-9.607923323251452707e-01 -4.567981642001062603e+00 1.575202643218371001e+00 8.133350208430398798e-01 -4.489106375569671847e+00 2.847391910984526042e+00
-9.616275238250927559e-01 -4.568382305331706306e+00 1.575018426596971111e+00 8.118527355277868063e-01 -4.489066176441423472e+00 2.841641769841759313e+00
-9.624706166227279258e-01 -4.568770345706270497e+00 1.574832514314389975e+00 8.103545900599938845e-01 -4.489016078130272369e+00 2.835845322728764106e+00
-9.633215203483219691e-01 -4.569145383438019792e+00 1.574644925284950370e+00 8.088406835786959848e-01 -4.488955794377929465e+00 2.830003235111889115e+00
-9.641801445087196942e-01 -4.569507039344035348e+00 1.574455678474437237e+00 8.073111167080717632e-01 -4.488885038073281208e+00 2.824116171159004374e+00
-9.650463984847252874e-01 -4.569854934758698306e+00 1.574264792752831932e+00 8.057659915901751457e-01 -4.488803521287891840e+00 2.818184793726290049e+00
-9.659201915286222961e-01 -4.570188691547155457e+00 1.574072287499268308e+00 8.042054119175128246e-01 -4.488710955311089990e+00 2.812209764344929752e+00
-9.668014327615775949e-01 -4.570507932119413752e+00 1.573878181842369273e+00 8.026294829646791751e-01 -4.488607050684411348e+00 2.806191743207754108e+00
-9.676900311713858560e-01 -4.570812279443849491e+00 1.573682494456599468e+00 8.010383116201303944e-01 -4.488491517235754458e+00 2.800131389155779083e+00
-9.685858956103218231e-01 -4.571101357060656234e+00 1.573485243695275093e+00 7.994320064171860363e-01 -4.488364064112996488e+00 2.794029359664659928e+00
-9.694889347929871448e-01 -4.571374789095518310e+00 1.573286448204537002e+00 7.978106775652713534e-01 -4.488224399817409171e+00 2.787886310831063419e+00
-9.703990572940467407e-01 -4.571632200273880287e+00 1.573086126573419063e+00 7.961744369801009302e-01 -4.488072232236478776e+00 2.781702897358959703e+00
-9.713161715461434698e-01 -4.571873215935019275e+00 1.572884296813683358e+00 7.945233983136708034e-01 -4.487907268676417871e+00 2.775479772545836443e+00
-9.722401858379948747e-01 -4.572097462045747740e+00 1.572680977494096410e+00 7.928576769848016959e-01 -4.487729215894707302e+00 2.769217588268851227e+00
-9.731710083122842025e-01 -4.572304565215233652e+00 1.572476186915651386e+00 7.911773902083565346e-01 -4.487537780131989784e+00 2.762916994970892937e+00
-9.741085469638299799e-01 -4.572494152709142057e+00 1.572269943634368561e+00 7.894826570243863584e-01 -4.487332667143793863e+00 2.756578641646548977e+00
-9.750527096377167302e-01 -4.572665852464391278e+00 1.572062266407963760e+00 7.877735983270390818e-01 -4.487113582232065134e+00 2.750203175828046298e+00
-9.760034040275249456e-01 -4.572819293103900229e+00 1.571853172958159073e+00 7.860503368940325863e-01 -4.486880230276856452e+00 2.743791243571064076e+00
-9.769605376738007552e-01 -4.572954103950312543e+00 1.571642680719927965e+00 7.843129974148804751e-01 -4.486632315767492329e+00 2.737343489440509092e+00
-9.779240179624045792e-01 -4.573069915040453459e+00 1.571430807721257317e+00 7.825617065187647770e-01 -4.486369542833570812e+00 2.730860556496254699e+00
-9.788937521228193717e-01 -4.573166357140766358e+00 1.571217572159663067e+00 7.807965928016812329e-01 -4.486091615275662470e+00 2.724343086278809167e+00
-9.798696472266202884e-01 -4.573243061762389594e+00 1.571002992391819175e+00 7.790177868538011863e-01 -4.485798236596140853e+00 2.717791718794905442e+00
-9.808516101860279557e-01 -4.573299661176346120e+00 1.570787085943779138e+00 7.772254212867274470e-01 -4.485489110030044024e+00 2.711207092503035376e+00
-9.818395477525651005e-01 -4.573335788427839610e+00 1.570569870069095764e+00 7.754196307608607341e-01 -4.485163938576116394e+00 2.704589844298912471e+00
-9.828333665156790966e-01 -4.573351077351150984e+00 1.570351362192412559e+00 7.736005520114541678e-01 -4.484822425027396697e+00 2.697940609500844023e+00
-9.838329729014009262e-01 -4.573345162585079393e+00 1.570131579821910872e+00 7.717683238759340814e-01 -4.484464272002584906e+00 2.691260021835107263e+00
-9.848382731710887406e-01 -4.573317679588379647e+00 1.569910540742680993e+00 7.699230873193343427e-01 -4.484089181976750105e+00 2.684548713421269550e+00
-9.858491734202576851e-01 -4.573268264655458104e+00 1.569688262628057718e+00 7.680649854598404769e-01 -4.483696857312331474e+00 2.677807314757413071e+00
-9.868655795774754491e-01 -4.573196554931757696e+00 1.569464762618620890e+00 7.661941635937824513e-01 -4.483287000290136604e+00 2.671036454705359997e+00
-9.878873974032607030e-01 -4.573102188428786796e+00 1.569240057988215975e+00 7.643107692202696368e-01 -4.482859313140475699e+00 2.664236760475782617e+00
-9.889145324890581401e-01 -4.572984804039910145e+00 1.569014166480599881e+00 7.624149520652557799e-01 -4.482413498074335756e+00 2.657408857613305031e+00
-9.899468902563323125e-01 -4.572844041556513695e+00 1.568787104627084483e+00 7.605068641052775691e-01 -4.481949257314754576e+00 2.650553369981611507e+00
-9.909843759554856080e-01 -4.572679541682587612e+00 1.568558889297304582e+00 7.585866595914635413e-01 -4.481466293128738343e+00 2.643670919748430492e+00
-9.920268946649820618e-01 -4.572490946050915994e+00 1.568329537625004599e+00 7.566544950725941909e-01 -4.480964307859132134e+00 2.636762127370525732e+00
-9.930743512905544357e-01 -4.572277897239286126e+00 1.568099066601255753e+00 7.547105294173420686e-01 -4.480443003956513515e+00 2.629827611578597235e+00
-9.941266505644043017e-01 -4.572040038786324700e+00 1.567867493074906138e+00 7.527549238360459194e-01 -4.479902084011317065e+00 2.622867989362176910e+00
-9.951836970444387642e-01 -4.571777015207437067e+00 1.567634834231555141e+00 7.507878419023871208e-01 -4.479341250786431416e+00 2.615883875954509552e+00
-9.962453951136825969e-01 -4.571488472011267845e+00 1.567401107031834551e+00 7.488094495747718016e-01 -4.478760207250199521e+00 2.608875884817359214e+00
-9.973116489796014505e-01 -4.571174055715658824e+00 1.567166328111237128e+00 7.468199152162728893e-01 -4.478158656609190658e+00 2.601844627625762296e+00
-9.983823626734017465e-01 -4.570833413863591765e+00 1.566930514132544472e+00 7.448194096153349930e-01 -4.477536302342043584e+00 2.594790714252795727e+00
-9.994574400494568023e-01 -4.570466195039515789e+00 1.566693681171066332e+00 7.428081060059520402e-01 -4.476892848233680056e+00 2.587714752754231462e+00
-1.000536784784531674e+00 -4.570072048885128524e+00 1.566455845389595813e+00 7.407861800861891277e-01 -4.476227998409251896e+00 2.580617349353247381e+00
-1.001620300377258355e+00 -4.569650626115870473e+00 1.566217022885134202e+00 7.387538100361139559e-01 -4.475541457368425569e+00 2.573499108425077342e+00
-1.002707890147604974e+00 -4.569201578537392727e+00 1.565977230918136121e+00 7.367111765353849817e-01 -4.474832930020205879e+00 2.566360632481665238e+00
-1.003799457236980608e+00 -4.568724559063322310e+00 1.565736485676345380e+00 7.346584627808349088e-01 -4.474102121718559033e+00 2.559202522156214687e+00
-1.004894904607410711e+00 -4.568219221730736024e+00 1.565494803635137044e+00 7.325958545021015178e-01 -4.473348738297614702e+00 2.552025376187764039e+00
-1.005994135041326398e+00 -4.567685221717145971e+00 1.565252201049198932e+00 7.305235399775167338e-01 -4.472572486107870837e+00 2.544829791405753383e+00
-1.007097051141144783e+00 -4.567122215356946846e+00 1.565008693708862308e+00 7.284417100494031683e-01 -4.471773072052910969e+00 2.537616362714516516e+00
-1.008203555328703427e+00 -4.566529860157689136e+00 1.564764297811747751e+00 7.263505581381224374e-01 -4.470950203626217423e+00 2.530385683077799097e+00
-1.009313549845204827e+00 -4.565907814817311561e+00 1.564519028729542072e+00 7.242502802564692033e-01 -4.470103588949173812e+00 2.523138343503231518e+00
-1.010426936750449256e+00 -4.565255739240119404e+00 1.564272902822762656e+00 7.221410750219986463e-01 -4.469232936808658074e+00 2.515874933026727156e+00
-1.011543617923228222e+00 -4.564573294554794103e+00 1.564025936318416354e+00 7.200231436693895759e-01 -4.468337956695663138e+00 2.508596038696965458e+00
-1.012663495061104202e+00 -4.563860143131166502e+00 1.563778144549021976e+00 7.178966900608320101e-01 -4.467418358843570303e+00 2.501302245559740456e+00
-1.013786469679632818e+00 -4.563115948596217386e+00 1.563529543279571721e+00 7.157619206960950109e-01 -4.466473854267230870e+00 2.493994136642391002e+00
-1.014912443112512497e+00 -4.562340375851587027e+00 1.563280148684081716e+00 7.136190447215768895e-01 -4.465504154802404813e+00 2.486672292938217232e+00
-1.016041316511821835e+00 -4.561533091091070524e+00 1.563029976302950264e+00 7.114682739388515920e-01 -4.464508973145951742e+00 2.479337293390830865e+00
-1.017172990847473146e+00 -4.560693761817029568e+00 1.562779042189832879e+00 7.093098228126243354e-01 -4.463488022896751062e+00 2.471989714878499722e+00
-1.018307366907593936e+00 -4.559822056858124917e+00 1.562527362267396080e+00 7.071439084775520412e-01 -4.462441018596980058e+00 2.464630132198479373e+00
-1.019444345298431864e+00 -4.558917646386326794e+00 1.562274951614711194e+00 7.049707507439380016e-01 -4.461367675773737496e+00 2.457259118051287494e+00
-1.020583826443580699e+00 -4.557980201933154341e+00 1.562021824505930745e+00 7.027905721018392615e-01 -4.460267710980675204e+00 2.449877243025046170e+00
-1.021725710583124558e+00 -4.557009396406062507e+00 1.561767996151572913e+00 7.006035977246143354e-01 -4.459140841840434355e+00 2.442485075579772236e+00
-1.022869897774442816e+00 -4.556004904106740305e+00 1.561513482434842670e+00 6.984100554711172304e-01 -4.457986787087287794e+00 2.435083182031651194e+00
-1.024016287892946409e+00 -4.554966400749185240e+00 1.561258299272013428e+00 6.962101758875185453e-01 -4.456805266610810889e+00 2.427672126537232078e+00
-1.025164780632281891e+00 -4.553893563477090289e+00 1.561002462166598770e+00 6.940041922069184466e-01 -4.455596001499057657e+00 2.420252471077721790e+00
-1.026315275504076308e+00 -4.552786070880670444e+00 1.560745986016697229e+00 6.917923403476085031e-01 -4.454358714081930515e+00 2.412824775443226599e+00
-1.027467671837412500e+00 -4.551643603013365791e+00 1.560488886149421939e+00 6.895748589110815008e-01 -4.453093127975706444e+00 2.405389597216956332e+00
-1.028621868779445059e+00 -4.550465841409748080e+00 1.560231178286256570e+00 6.873519891790900171e-01 -4.451798968128177769e+00 2.397947491759465422e+00
-1.029777765296078673e+00 -4.549252469103362451e+00 1.559972878211124847e+00 6.851239751082176532e-01 -4.450475960863017555e+00 2.390499012192836226e+00
-1.030935260172316958e+00 -4.548003170644186355e+00 1.559714000625024521e+00 6.828910633248477247e-01 -4.449123833925964000e+00 2.383044709384960047e+00
-1.032094252011149349e+00 -4.546717632114894769e+00 1.559454559163496068e+00 6.806535031170519723e-01 -4.447742316529676998e+00 2.375585131933698690e+00
-1.033254639232276562e+00 -4.545395541147065011e+00 1.559194568042907569e+00 6.784115464259700135e-01 -4.446331139399573473e+00 2.368120826151102865e+00
-1.034416320072913509e+00 -4.544036586939316003e+00 1.558934042544539489e+00 6.761654478360297205e-01 -4.444890034820097924e+00 2.360652336047599498e+00
-1.035579192589431541e+00 -4.542640460276016867e+00 1.558672998348695105e+00 6.739154645632372542e-01 -4.443418736680654568e+00 2.353180203316157737e+00
-1.036743154658293697e+00 -4.541206853545244115e+00 1.558411450574536117e+00 6.716618564430023586e-01 -4.441916980522632841e+00 2.345704967316427858e+00
-1.037908103975693219e+00 -4.539735460755598417e+00 1.558149414425668233e+00 6.694048859156583875e-01 -4.440384503585722342e+00 2.338227165058816226e+00
-1.039073938058090674e+00 -4.538225977553829615e+00 1.557886904634896208e+00 6.671448180118995097e-01 -4.438821044855723486e+00 2.330747331188653071e+00
-1.040240554241939286e+00 -4.536678101241755634e+00 1.557623935435409335e+00 6.648819203363830477e-01 -4.437226345112132542e+00 2.323265997970266561e+00
-1.041407849683300801e+00 -4.535091530793186720e+00 1.557360521456910396e+00 6.626164630504418618e-01 -4.435600146976454106e+00 2.315783695271130149e+00
-1.042575721358869778e+00 -4.533465966871890629e+00 1.557096677940996710e+00 6.603487188516059536e-01 -4.433942194958804706e+00 2.308300950546022356e+00
-1.043744066067478826e+00 -4.531801111849785180e+00 1.556832420044604204e+00 6.580789629535892526e-01 -4.432252235506633831e+00 2.300818288821100399e+00
-1.044912780430580446e+00 -4.530096669824374978e+00 1.556567761497193336e+00 6.558074730639047445e-01 -4.430530017052575431e+00 2.293336232677972042e+00
-1.046081760890405166e+00 -4.528352346634534342e+00 1.556302716675882714e+00 6.535345293589640558e-01 -4.428775290061166992e+00 2.285855302237749687e+00
-1.047250903711596015e+00 -4.526567849878750494e+00 1.556037301259348915e+00 6.512604144600100398e-01 -4.426987807078150539e+00 2.278376015145093358e+00
-1.048420104984231216e+00 -4.524742888934095930e+00 1.555771530134444358e+00 6.489854134060890622e-01 -4.425167322778166046e+00 2.270898886552236373e+00
-1.049589260623256193e+00 -4.522877174972734338e+00 1.555505416445941425e+00 6.467098136258822016e-01 -4.423313594012799221e+00 2.263424429102954605e+00
-1.050758266365988236e+00 -4.520970420977358017e+00 1.555238974816897990e+00 6.444339049075109571e-01 -4.421426379857956057e+00 2.255953152916589932e+00
-1.051927017775618145e+00 -4.519022341760319250e+00 1.554972220409615691e+00 6.421579793672288483e-01 -4.419505441661581102e+00 2.248485565572019063e+00
-1.053095410243234387e+00 -4.517032653981629231e+00 1.554705168066476739e+00 6.398823314167763066e-01 -4.417550543091468107e+00 2.241022172091512221e+00
-1.054263338988287391e+00 -4.515001076165939153e+00 1.554437832511105011e+00 6.376072577286834298e-01 -4.415561450182249104e+00 2.233563474924706416e+00
-1.055430699059486166e+00 -4.512927328719743336e+00 1.554170227321420183e+00 6.353330572007376276e-01 -4.413537931383030077e+00 2.226109973932512975e+00
-1.056597385333568839e+00 -4.510811133947396634e+00 1.553902367244363258e+00 6.330600309186619201e-01 -4.411479757604471530e+00 2.218662166371032640e+00
-1.057763292518932419e+00 -4.508652216069790164e+00 1.553634267840617200e+00 6.307884821179451373e-01 -4.409386702266502311e+00 2.211220546875408033e+00
-1.058928315158831568e+00 -4.506450301242558965e+00 1.553365943068130361e+00 6.285187161429861558e-01 -4.407258541344241998e+00 2.203785607443643269e+00
-1.060092347629417286e+00 -4.504205117571440375e+00 1.553097406956496673e+00 6.262510404058782010e-01 -4.405095053415107209e+00 2.196357837420362724e+00
-1.061255284141365163e+00 -4.501916395129599735e+00 1.552828673544977001e+00 6.239857643429207457e-01 -4.402896019704572339e+00 2.188937723480609332e+00
-1.062417018741498298e+00 -4.499583865974778440e+00 1.552559756590576212e+00 6.217231993696473724e-01 -4.400661224131541260e+00 2.181525749613629550e+00
-1.063577445313855341e+00 -4.497207264166117824e+00 1.552290671178411463e+00 6.194636588356967621e-01 -4.398390453355186303e+00 2.174122397106460269e+00
-1.064736457584758655e+00 -4.494786325782675007e+00 1.552021430853259387e+00 6.172074579759025958e-01 -4.396083496818119940e+00 2.166728144527560129e+00
-1.065893949121262896e+00 -4.492320788938794607e+00 1.551752051070247385e+00 6.149549138634040624e-01 -4.393740146794087309e+00 2.159343467710463038e+00
-1.067049813338110775e+00 -4.489810393803267630e+00 1.551482548228677150e+00 6.127063453586515385e-01 -4.391360198431447870e+00 2.151968839737367301e+00
-1.068203943502824549e+00 -4.487254882617255802e+00 1.551212936923429542e+00 6.104620730577947629e-01 -4.388943449797309881e+00 2.144604730922676339e+00
-1.069356232734008039e+00 -4.484653999709141026e+00 1.550943230802962924e+00 6.082224192398850704e-01 -4.386489701921520101e+00 2.137251608796535418e+00
-1.070506574001663269e+00 -4.482007491510218600e+00 1.550673443714153832e+00 6.059877078136656214e-01 -4.383998758841676668e+00 2.129909938088230259e+00
-1.071654860130553555e+00 -4.479315106571759131e+00 1.550403589859099096e+00 6.037582642606621475e-01 -4.381470427644020837e+00 2.122580180709551012e+00
-1.072800983804240493e+00 -4.476576595582210771e+00 1.550133683389697481e+00 6.015344155782892388e-01 -4.378904518505820853e+00 2.115262795738261481e+00
-1.073944837568299171e+00 -4.473791711383841907e+00 1.549863739914204785e+00 5.993164902221541634e-01 -4.376300844738039153e+00 2.107958239401386713e+00
-1.075086313838027552e+00 -4.470960208990940821e+00 1.549593772274189707e+00 5.971048180475622136e-01 -4.373659222828313986e+00 2.100666965058409996e+00
-1.076225304894574020e+00 -4.468081845603293800e+00 1.549323795070627341e+00 5.948997302482617044e-01 -4.370979472480925665e+00 2.093389423184489395e+00
-1.077361702893934847e+00 -4.465156380624635268e+00 1.549053823497859916e+00 5.927015592946306421e-01 -4.368261416657253982e+00 2.086126061353640981e+00
-1.078495399873195426e+00 -4.462183575679771863e+00 1.548783871133091461e+00 5.905106388710120724e-01 -4.365504881616256050e+00 2.078877324221815925e+00
-1.079626287750524494e+00 -4.459163194629168103e+00 1.548513953473023674e+00 5.883273038116639819e-01 -4.362709696954003569e+00 2.071643653509869232e+00
-1.080754258335969054e+00 -4.456095003587346781e+00 1.548244085557094030e+00 5.861518900358655415e-01 -4.359875695643148141e+00 2.064425487986584429e+00
-1.081879203335623041e+00 -4.452978770938650577e+00 1.547974282245602629e+00 5.839847344816399000e-01 -4.357002714071315452e+00 2.057223263451518847e+00
-1.083001014356897329e+00 -4.449814267353196406e+00 1.547704558825025556e+00 5.818261750387431208e-01 -4.354090592079526090e+00 2.050037412717835128e+00
-1.084119582916033941e+00 -4.446601265803456826e+00 1.547434930084625071e+00 5.796765504793185420e-01 -4.351139172997548599e+00 2.042868365595091884e+00
-1.085234800443051650e+00 -4.443339541579717000e+00 1.547165409840971284e+00 5.775362003892539065e-01 -4.348148303681806937e+00 2.035716548871939313e+00
-1.086346558285357533e+00 -4.440028872304925933e+00 1.546896011769971713e+00 5.754054650976476726e-01 -4.345117834550940472e+00 2.028582386298718454e+00
-1.087454747714302172e+00 -4.436669037950473182e+00 1.546626750098730962e+00 5.732846856055218154e-01 -4.342047619621042465e+00 2.021466298570051112e+00
-1.088559259934493539e+00 -4.433259820852589073e+00 1.546357638107495491e+00 5.711742035138971385e-01 -4.338937516540798178e+00 2.014368703307352959e+00
-1.089659986088523658e+00 -4.429801005727145302e+00 1.546088692131136089e+00 5.690743609509597567e-01 -4.335787386625896467e+00 2.007290015041406583e+00
-1.090756817276008483e+00 -4.426292379688613998e+00 1.545819927471861810e+00 5.669855004993490377e-01 -4.332597094894858891e+00 2.000230645194688961e+00
-1.091849644559340859e+00 -4.422733732264466866e+00 1.545551361146639602e+00 5.649079651207117303e-01 -4.329366510100175702e+00 1.993191002063716466e+00
-1.092938358979610447e+00 -4.419124855412549735e+00 1.545283006392297764e+00 5.628420980810979746e-01 -4.326095504762161426e+00 1.986171490801319051e+00
-1.094022851553319464e+00 -4.415465543532443249e+00 1.545014878128580404e+00 5.607882428752231085e-01 -4.322783955201352946e+00 1.979172513398894440e+00
-1.095103013288947436e+00 -4.411755593482697080e+00 1.544746991406374503e+00 5.587467431492407766e-01 -4.319431741568425132e+00 1.972194468668573064e+00
-1.096178735198650722e+00 -4.407994804596331306e+00 1.544479361739418577e+00 5.567179426242565565e-01 -4.316038747876591586e+00 1.965237752225297951e+00
-1.097249908311825228e+00 -4.404182978696534967e+00 1.544212004334502453e+00 5.547021850190312353e-01 -4.312604862033014186e+00 1.958302756468864869e+00
-1.098316423686385379e+00 -4.400319920111448901e+00 1.543944933665645891e+00 5.526998139718054537e-01 -4.309129975868934537e+00 1.951389870565853446e+00
-1.099378172418888466e+00 -4.396405435688513386e+00 1.543678162919412955e+00 5.507111729607996331e-01 -4.305613985167212832e+00 1.944499480431582938e+00
-1.100435045652888633e+00 -4.392439334808213580e+00 1.543411706905546410e+00 5.487366052245912229e-01 -4.302056789690006156e+00 1.937631968712007602e+00
-1.101486934599333445e+00 -4.388421429400841234e+00 1.543145580932075100e+00 5.467764536826686950e-01 -4.298458293207366054e+00 1.930787714765594076e+00
-1.102533730553506119e+00 -4.384351533961870828e+00 1.542879800605892804e+00 5.448310608549795653e-01 -4.294818403523691153e+00 1.923967094645125941e+00
-1.103575324911997058e+00 -4.380229465567213154e+00 1.542614379908906486e+00 5.429007687806752802e-01 -4.291137032502291504e+00 1.917170481079599975e+00
-1.104611609182453602e+00 -4.376055043886324825e+00 1.542349335353703887e+00 5.409859189368333432e-01 -4.287414096089951165e+00 1.910398243456116196e+00
-1.105642475011246129e+00 -4.371828091199491340e+00 1.542084682757767666e+00 5.390868521581786421e-01 -4.283649514344367581e+00 1.903650747801681309e+00
-1.106667814198758704e+00 -4.367548432411775039e+00 1.541820437076372619e+00 5.372039085558535376e-01 -4.279843211459147589e+00 1.896928356764962409e+00
-1.107687518714546959e+00 -4.363215895066764993e+00 1.541556613801461140e+00 5.353374274338278394e-01 -4.275995115781855205e+00 1.890231429598144164e+00
-1.108701480719197052e+00 -4.358830309361729327e+00 1.541293226205027178e+00 5.334877472081969163e-01 -4.272105159839991728e+00 1.883560322138783105e+00
-1.109709592574898096e+00 -4.354391508159991986e+00 1.541030291626440452e+00 5.316552053230771957e-01 -4.268173280356506005e+00 1.876915386791789375e+00
-1.110711746884538220e+00 -4.349899327009536520e+00 1.540767827015482982e+00 5.298401381678476962e-01 -4.264199418268384889e+00 1.870296972511346079e+00
-1.111707836512462633e+00 -4.345353604156924732e+00 1.540505846422089542e+00 5.280428809958332970e-01 -4.260183518749038889e+00 1.863705424782928111e+00
-1.112697754594411004e+00 -4.340754180558904274e+00 1.540244364481567318e+00 5.262637678404228359e-01 -4.256125531221703895e+00 1.857141085605412911e+00
-1.113681394563755811e+00 -4.336100899897436634e+00 1.539983396649279079e+00 5.245031314317893933e-01 -4.252025409373259457e+00 1.850604293473326001e+00
-1.114658650179897181e+00 -4.331393608594999556e+00 1.539722957938534087e+00 5.227613031133884203e-01 -4.247883111165659642e+00 1.844095383359174445e+00
-1.115629415551774084e+00 -4.326632155828447068e+00 1.539463062140344229e+00 5.210386127595900696e-01 -4.243698598849399595e+00 1.837614686695836497e+00
-1.116593585158424995e+00 -4.321816393542240675e+00 1.539203722758399451e+00 5.193353886919032103e-01 -4.239471838970025885e+00 1.831162531359298073e+00
-1.117551053874747957e+00 -4.316946176462594487e+00 1.538944955790257918e+00 5.176519575966714859e-01 -4.235202802377392217e+00 1.824739241651522237e+00
-1.118501717011903596e+00 -4.312021362114204059e+00 1.538686779079018851e+00 5.159886444422487894e-01 -4.230891464230398746e+00 1.818345138283405271e+00
-1.119445470356190242e+00 -4.307041810836223839e+00 1.538429209960275879e+00 5.143457723964954820e-01 -4.226537803999814713e+00 1.811980538357945258e+00
-1.120382210197562678e+00 -4.302007385796149386e+00 1.538172264262476885e+00 5.127236627444662354e-01 -4.222141805468306863e+00 1.805645755353818993e+00
-1.121311833353859644e+00 -4.296917953002730606e+00 1.537915955835058801e+00 5.111226348054132007e-01 -4.217703456723571165e+00 1.799341099109116771e+00
-1.122234237193120876e+00 -4.291773381318590985e+00 1.537660299118851048e+00 5.095430058522609773e-01 -4.213222750156965013e+00 1.793066875805533256e+00
-1.123149319669693114e+00 -4.286573542475265342e+00 1.537405309110055240e+00 5.079850910292789123e-01 -4.208699682449694279e+00 1.786823387952746200e+00
-1.124056979361288899e+00 -4.281318311088043060e+00 1.537150998838126670e+00 5.064492032711069847e-01 -4.204134254558751671e+00 1.780610934373223930e+00
-1.124957115493806281e+00 -4.276007564668736549e+00 1.536897382933301914e+00 5.049356532224067440e-01 -4.199526471699201124e+00 1.774429810187489132e+00
-1.125849627985793244e+00 -4.270641183641807892e+00 1.536644479188717716e+00 5.034447491585953838e-01 -4.194876343324390966e+00 1.768280306799732804e+00
-1.126734417502878172e+00 -4.265219051361741620e+00 1.536392305774812339e+00 5.019767969066051272e-01 -4.190183883098515416e+00 1.762162711883903610e+00
-1.127611385498811014e+00 -4.259741054127886173e+00 1.536140874920335131e+00 5.005320997663103011e-01 -4.185449108863405598e+00 1.756077309370335460e+00
-1.128480434222555617e+00 -4.254207081194065765e+00 1.535890200598631017e+00 4.991109584329488369e-01 -4.180672042600246385e+00 1.750024379432817412e+00
-1.129341466767647573e+00 -4.248617024784885565e+00 1.535640298012251215e+00 4.977136709208905274e-01 -4.175852710387320421e+00 1.744004198476394096e+00
-1.130194387120109001e+00 -4.242970780111780194e+00 1.535391182758514050e+00 4.963405324880541536e-01 -4.170991142349070202e+00 1.738017039125646201e+00
-1.131039100202902770e+00 -4.237268245388293053e+00 1.535142871655761798e+00 4.949918355617687338e-01 -4.166087372599550420e+00 1.732063170213768322e+00
-1.131875511926172306e+00 -4.231509321846058214e+00 1.534895378290312751e+00 4.936678696661740973e-01 -4.161141439179829149e+00 1.726142856772213019e+00
-1.132703529212785387e+00 -4.225693913747205599e+00 1.534648715945848618e+00 4.923689213512858487e-01 -4.156153383989039440e+00 1.720256360021076958e+00
-1.133523060041026653e+00 -4.219821928399539068e+00 1.534402898409795490e+00 4.910952741234929642e-01 -4.151123252706351074e+00 1.714403937360476471e+00
-1.134334013492839466e+00 -4.213893276172323787e+00 1.534157939259391590e+00 4.898472083769777052e-01 -4.146051094698472106e+00 1.708585842362621454e+00
-1.135136299798783721e+00 -4.207907870511544246e+00 1.533913852821021440e+00 4.886250013285695082e-01 -4.140936962927565190e+00 1.702802324764775888e+00
-1.135929830389567963e+00 -4.201865627956243188e+00 1.533670654864917715e+00 4.874289269539731073e-01 -4.135780913844732787e+00 1.697053630463169149e+00
-1.136714517952829295e+00 -4.195766468155376572e+00 1.533428359502284177e+00 4.862592559264362069e-01 -4.130583007274045926e+00 1.691340001507954938e+00
-1.137490276471947004e+00 -4.189610313882218939e+00 1.533186980069254135e+00 4.851162555582476665e-01 -4.125343306288361767e+00 1.685661676099048156e+00
-1.138257021270557390e+00 -4.183397091049823935e+00 1.532946530413771491e+00 4.840001897443811374e-01 -4.120061877069294276e+00 1.680018888583192815e+00
-1.139014669065569363e+00 -4.177126728727531990e+00 1.532707022129161212e+00 4.829113189094393910e-01 -4.114738788757852817e+00 1.674411869452006929e+00
-1.139763138003417664e+00 -4.170799159155557767e+00 1.532468470966441121e+00 4.818498999580663744e-01 -4.109374113295372055e+00 1.668840845341256651e+00
-1.140502347737209821e+00 -4.164414317764499884e+00 1.532230893110447134e+00 4.808161862285697530e-01 -4.103967925249925486e+00 1.663306039031368311e+00
-1.141232219481555399e+00 -4.157972143191964065e+00 1.531994301853272011e+00 4.798104274501815980e-01 -4.098520301628961526e+00 1.657807669449121502e+00
-1.141952676046267490e+00 -4.151472577297154132e+00 1.531758707364401895e+00 4.788328697042154025e-01 -4.093031321677403689e+00 1.652345951670885604e+00
-1.142663641868013835e+00 -4.144915565175395500e+00 1.531524122922972131e+00 4.778837553894515477e-01 -4.087501066661141991e+00 1.646921096926999395e+00
-1.143365043082583021e+00 -4.138301055177263876e+00 1.531290561408992668e+00 4.769633231920421546e-01 -4.081929619635508821e+00 1.641533312607565964e+00
-1.144056807574846513e+00 -4.131628998925293672e+00 1.531058034994995154e+00 4.760718080603928981e-01 -4.076317065200575129e+00 1.636182802269821712e+00
-1.144738865026661445e+00 -4.124899351330751252e+00 1.530826558061591847e+00 4.752094411849702715e-01 -4.070663489238689259e+00 1.630869765646929093e+00
-1.145411146984406603e+00 -4.118112070612334641e+00 1.530596145937668240e+00 4.743764499836983228e-01 -4.064968978638863639e+00 1.625594398658373629e+00
-1.146073586918455067e+00 -4.111267118313962854e+00 1.530366811673019356e+00 4.735730580929553013e-01 -4.059233621004100456e+00 1.620356893421796896e+00
-1.146726120260394222e+00 -4.104364459320511749e+00 1.530138568188970316e+00 4.727994853642291662e-01 -4.053457504336080319e+00 1.615157438266623613e+00
-1.147368684454197485e+00 -4.097404061875222325e+00 1.529911428125360517e+00 4.720559478673886922e-01 -4.047640716707700648e+00 1.609996217749163572e+00
-1.148001219005782225e+00 -4.090385897597004217e+00 1.529685404423095640e+00 4.713426579003109906e-01 -4.041783345912999259e+00 1.604873412669405086e+00
-1.148623665535986271e+00 -4.083309941498186824e+00 1.529460504608041616e+00 4.706598240056020233e-01 -4.035885479102542917e+00 1.599789200089578589e+00
-1.149235967792076263e+00 -4.076176171998737274e+00 1.529236728977436011e+00 4.700076509945781966e-01 -4.029947202403411310e+00 1.594743753354562754e+00
-1.149838071643844772e+00 -4.068984570939750967e+00 1.529014071480923498e+00 4.693863399785375146e-01 -4.023968600516111493e+00 1.589737242113890447e+00
-1.150429925083339189e+00 -4.061735123597710384e+00 1.528792523774216150e+00 4.687960884078726798e-01 -4.017949756295253749e+00 1.584769832345582108e+00
-1.151011478251998676e+00 -4.054427818701372033e+00 1.528572080574405190e+00 4.682370901192777213e-01 -4.011890750317426146e+00 1.579841686381849408e+00
-1.151582683506528593e+00 -4.047062648451770883e+00 1.528352763557303762e+00 4.677095353910576958e-01 -4.005791660427067136e+00 1.574952962936433831e+00
-1.152143495668310758e+00 -4.039639608569177476e+00 1.528134598586803561e+00 4.672136110011106402e-01 -3.999652559182502731e+00 1.570103817135135582e+00
-1.152693872104870287e+00 -4.032158698311689271e+00 1.527917610153046502e+00 4.667495003396798792e-01 -3.993473513325976665e+00 1.565294400547975862e+00
-1.153233772769740817e+00 -4.024619920490192015e+00 1.527701816053224748e+00 4.663173835308351278e-01 -3.987254583268907915e+00 1.560524861223194337e+00
-1.153763160200123927e+00 -4.017023281480009089e+00 1.527487231362038456e+00 4.659174375619547503e-01 -3.980995822587457766e+00 1.555795343722974344e+00
-1.154281999541256098e+00 -4.009368791234366292e+00 1.527273861809726574e+00 4.655498364204848638e-01 -3.974697277534763984e+00 1.551105989160885379e+00
-1.154790258516875667e+00 -4.001656463294231969e+00 1.527061710638370817e+00 4.652147512371707094e-01 -3.968358986570487801e+00 1.546456935240927422e+00
-1.155287907448156348e+00 -3.993886314801659676e+00 1.526850783127740474e+00 4.649123504351140301e-01 -3.961980979901667865e+00 1.541848316298062294e+00
-1.155774919305214699e+00 -3.986058366514554141e+00 1.526641079494852837e+00 4.646427998835426232e-01 -3.955563279051974135e+00 1.537280263340429443e+00
-1.156251269701026319e+00 -3.978172642817822791e+00 1.526432601580681059e+00 4.644062630558736249e-01 -3.949105896440205932e+00 1.532752904092844259e+00
-1.156716936934835127e+00 -3.970229171737007512e+00 1.526225352704454030e+00 4.642029011907435332e-01 -3.942608834988910793e+00 1.528266363041822506e+00
-1.157171902032718913e+00 -3.962227984951143256e+00 1.526019334401019334e+00 4.640328734551555367e-01 -3.936072087758004656e+00 1.523820761482028940e+00
-1.157616148760099106e+00 -3.954169117803544964e+00 1.525814549161209177e+00 4.638963371090368826e-01 -3.929495637598925395e+00 1.519416217564027338e+00
-1.158049663653780481e+00 -3.946052609313268622e+00 1.525610999143409918e+00 4.637934476705070086e-01 -3.922879456828020750e+00 1.515052846343176052e+00
-1.158472436041507292e+00 -3.937878502185459872e+00 1.525408686465753005e+00 4.637243590809951299e-01 -3.916223506921733488e+00 1.510730759829596259e+00
-1.158884458061563372e+00 -3.929646842821115094e+00 1.525207610762405741e+00 4.636892238690664692e-01 -3.909527738239774841e+00 1.506450067039293739e+00
-1.159285724659798733e+00 -3.921357681325158495e+00 1.525007772580945886e+00 4.636881933119621491e-01 -3.902792089777707307e+00 1.502210874046352007e+00
-1.159676233612017660e+00 -3.913011071515465567e+00 1.524809170888839160e+00 4.637214175943870642e-01 -3.896016488942395828e+00 1.498013284035820902e+00
-1.160055985523370081e+00 -3.904607070930395718e+00 1.524611807175898059e+00 4.637890459636626050e-01 -3.889200851352501598e+00 1.493857397357819528e+00
-1.160424983859713821e+00 -3.896145740837062110e+00 1.524415681805382228e+00 4.638912268802967698e-01 -3.882345080666473880e+00 1.489743311582139684e+00
-1.160783234946281217e+00 -3.887627146237723430e+00 1.524220793317118350e+00 4.640281081631257298e-01 -3.875449068438662881e+00 1.485671121553516549e+00
-1.161130747957665355e+00 -3.879051355875317242e+00 1.524027138813754068e+00 4.641998371276758739e-01 -3.868512694010176389e+00 1.481640919447626326e+00
-1.161467534908252386e+00 -3.870418442238773515e+00 1.523834713774884886e+00 4.644065607179503896e-01 -3.861535824421915120e+00 1.477652794827566396e+00
-1.161793610638282459e+00 -3.861728481567809013e+00 1.523643515430335382e+00 4.646484256309193484e-01 -3.854518314351228270e+00 1.473706834700734047e+00
-1.162108992826670795e+00 -3.852981553858050745e+00 1.523453540904539771e+00 4.649255784319759055e-01 -3.847460006083848860e+00 1.469803123576123083e+00
-1.162413701985730796e+00 -3.844177742865166891e+00 1.523264786316662844e+00 4.652381656609578808e-01 -3.840360729516652416e+00 1.465941743521818053e+00
-1.162707761445615606e+00 -3.835317136108028269e+00 1.523077242641629470e+00 4.655863339277882540e-01 -3.833220302193420359e+00 1.462122774222822441e+00
-1.162991197299321433e+00 -3.826399824870473587e+00 1.522890901919060846e+00 4.659702299980754692e-01 -3.826038529363686713e+00 1.458346293039104902e+00
-1.163264038399842937e+00 -3.817425904204432729e+00 1.522705755822549634e+00 4.663900008665211594e-01 -3.818815204079478498e+00 1.454612375063535801e+00
-1.163526316342697431e+00 -3.808395472932025960e+00 1.522521795690345847e+00 4.668457938185865408e-01 -3.811550107319286340e+00 1.450921093179789123e+00
-1.163778065446280596e+00 -3.799308633632513477e+00 1.522339007206495509e+00 4.673377564742152157e-01 -3.804243008191109610e+00 1.447272518144698594e+00
-1.164019322682129598e+00 -3.790165492642221690e+00 1.522157378378216741e+00 4.678660368229886624e-01 -3.796893664115495781e+00 1.443666718645934433e+00
-1.164250127675434454e+00 -3.780966160056197456e+00 1.521976903456652153e+00 4.684307832438838748e-01 -3.789501821052206232e+00 1.440103761359580181e+00
-1.164470522741097858e+00 -3.771710749729954681e+00 1.521797579635862929e+00 4.690321445116522603e-01 -3.782067213749102486e+00 1.436583711007315189e+00
-1.164680552889414189e+00 -3.762399379279906864e+00 1.521619409117365596e+00 4.696702697879706623e-01 -3.774589566024768139e+00 1.433106630413332638e+00
-1.164880265850420482e+00 -3.753032170083803631e+00 1.521442401586524218e+00 4.703453085981187942e-01 -3.767068591075643624e+00 1.429672580560742645e+00
-1.165069712121228562e+00 -3.743609247280780039e+00 1.521266571910671273e+00 4.710574107909644148e-01 -3.759503991821241176e+00 1.426281620647542381e+00
-1.165248944991421842e+00 -3.734130739770406660e+00 1.521091924522010475e+00 4.718067264835029140e-01 -3.751895461275061017e+00 1.422933808142140100e+00
-1.165418020418173661e+00 -3.724596780208545788e+00 1.520918426909792398e+00 4.725934059881655158e-01 -3.744242682951440582e+00 1.419629198838206374e+00
-1.165576996636422447e+00 -3.715007504993172560e+00 1.520746040740832417e+00 4.734175992891977991e-01 -3.736545334134766083e+00 1.416367846907312877e+00
-1.165725934061263569e+00 -3.705363054262923672e+00 1.520574731665209178e+00 4.742794558997945886e-01 -3.728803086337447059e+00 1.413149804951203903e+00
-1.165864895282249236e+00 -3.695663571897167099e+00 1.520404470496265592e+00 4.751791247106519900e-01 -3.721015605741758492e+00 1.409975124053266970e+00
-1.165993945069335291e+00 -3.685909205515852438e+00 1.520235238498736985e+00 4.761167538286213974e-01 -3.713182553637736305e+00 1.406843853829399471e+00
-1.166113150431661083e+00 -3.676100106479683660e+00 1.520067018543920678e+00 4.770924904072500472e-01 -3.705303586848860409e+00 1.403756042478064625e+00
-1.166222580591669944e+00 -3.666236429888745540e+00 1.519899795593265157e+00 4.781064804697835458e-01 -3.697378358145525734e+00 1.400711736829876486e+00
-1.166322306964324040e+00 -3.656318334580837437e+00 1.519733553301991780e+00 4.791588687246601808e-01 -3.689406516649402779e+00 1.397710982396461965e+00
-1.166412403102956796e+00 -3.646345983129686275e+00 1.519568281507414964e+00 4.802497983757791911e-01 -3.681387708218478938e+00 1.394753823418681149e+00
-1.166492944719845992e+00 -3.636319541843456626e+00 1.519403968756095624e+00 4.813794109264917243e-01 -3.673321575822460883e+00 1.391840302914226557e+00
-1.166564009633041854e+00 -3.626239180762465431e+00 1.519240597720425523e+00 4.825478459774147355e-01 -3.665207759910692253e+00 1.388970462724505861e+00
-1.166625677666202288e+00 -3.616105073656717295e+00 1.519078150584898257e+00 4.837552410205119280e-01 -3.657045898761686953e+00 1.386144343561162007e+00
-1.166678030601587368e+00 -3.605917398023918530e+00 1.518916608365109555e+00 4.850017312289051086e-01 -3.648835628820498389e+00 1.383361985051858367e+00
-1.166721152125864691e+00 -3.595676335087542252e+00 1.518755951455017739e+00 4.862874492428944095e-01 -3.640576585024041467e+00 1.380623425785398206e+00
-1.166755127781204937e+00 -3.585382069794905036e+00 1.518596158467508728e+00 4.876125249530958716e-01 -3.632268401112207723e+00 1.377928703356368079e+00
-1.166780044904243585e+00 -3.575034790815262209e+00 1.518437206129689798e+00 4.889770852803166923e-01 -3.623910709929356155e+00 1.375277854409308498e+00
-1.166795992563594009e+00 -3.564634690537982653e+00 1.518279074307310239e+00 4.903812539525303493e-01 -3.615503143716516377e+00 1.372670914682327270e+00
-1.166803061549618326e+00 -3.554181965070858595e+00 1.518121741766301103e+00 4.918251512810468684e-01 -3.607045334385945434e+00 1.370107919050294498e+00
-1.166801344320745892e+00 -3.543676814238375883e+00 1.517965188181377156e+00 4.933088939354378644e-01 -3.598536913782854452e+00 1.367588901567470261e+00
-1.166790934970969529e+00 -3.533119441579904318e+00 1.517809389650403462e+00 4.948325947156214655e-01 -3.589977513944208276e+00 1.365113895509627140e+00
-1.166771929150231868e+00 -3.522510054348003017e+00 1.517654320400680268e+00 4.963963623248031642e-01 -3.581366767338281409e+00 1.362682933415836350e+00
-1.166744424002374103e+00 -3.511848863507001539e+00 1.517499955202339823e+00 4.980003011422609038e-01 -3.572704307092253284e+00 1.360296047129835983e+00
-1.166708518128849903e+00 -3.501136083731355875e+00 1.517346266107249431e+00 4.996445109951161423e-01 -3.563989767213743054e+00 1.357953267841006229e+00
-1.166664311517923824e+00 -3.490371933404197158e+00 1.517193225810995028e+00 5.013290869301414432e-01 -3.555222782802839099e+00 1.355654626125121220e+00
-1.166611905510114511e+00 -3.479556634615939004e+00 1.517040809760333175e+00 5.030541189860781026e-01 -3.546402990254042820e+00 1.353400151984742283e+00
-1.166551402787343594e+00 -3.468690413162553554e+00 1.516888989837745783e+00 5.048196919672169880e-01 -3.537530027446310843e+00 1.351189874889265674e+00
-1.166482907294477345e+00 -3.457773498544295609e+00 1.516737738769820654e+00 5.066258852172177418e-01 -3.528603533927390679e+00 1.349023823814803125e+00
-1.166406524209006479e+00 -3.446806123964252677e+00 1.516587028889983868e+00 5.084727723928373910e-01 -3.519623151095107261e+00 1.346902027283641612e+00
-1.166322359898025240e+00 -3.435788526326931880e+00 1.516436832754916031e+00 5.103604212402623741e-01 -3.510588522364757047e+00 1.344824513403658939e+00
-1.166230521882654747e+00 -3.424720946236717189e+00 1.516287119891964075e+00 5.122888933730866956e-01 -3.501499293328365070e+00 1.342791309907339414e+00
-1.166131118767083308e+00 -3.413603627996666390e+00 1.516137858163063346e+00 5.142582440512835085e-01 -3.492355111909784871e+00 1.340802444190795306e+00
-1.166024260182865646e+00 -3.402436819607434160e+00 1.515989014487236552e+00 5.162685219618179389e-01 -3.483155628513807667e+00 1.338857943352643298e+00
-1.165910056741768397e+00 -3.391220772766018854e+00 1.515840560225922395e+00 5.183197690012788517e-01 -3.473900496168683460e+00 1.336957834232654463e+00
-1.165788620050012270e+00 -3.379955742863691270e+00 1.515692462662362905e+00 5.204120200612095681e-01 -3.464589370660173806e+00 1.335102143450316081e+00
-1.165660062628119498e+00 -3.368641988985073166e+00 1.515544690302899511e+00 5.225453028136579636e-01 -3.455221910668492491e+00 1.333290897443366374e+00
-1.165524497890942257e+00 -3.357279773906379994e+00 1.515397208240940596e+00 5.247196375000844348e-01 -3.445797777895621916e+00 1.331524122506214436e+00
-1.165382040076032855e+00 -3.345869364094150811e+00 1.515249986897945655e+00 5.269350367208031072e-01 -3.436316637195623969e+00 1.329801844828869983e+00
-1.165232804272379408e+00 -3.334411029702792462e+00 1.515102993071717030e+00 5.291915052291740196e-01 -3.426778156691144162e+00 1.328124090535435897e+00
-1.165076906348355035e+00 -3.322905044573476463e+00 1.514956193816427987e+00 5.314890397276518241e-01 -3.417182007888982298e+00 1.326490885722328317e+00
-1.164914462924532490e+00 -3.311351686232445246e+00 1.514809553014998755e+00 5.338276286644256796e-01 -3.407527865800330069e+00 1.324902256496554465e+00
-1.164745591307660311e+00 -3.299751235889729628e+00 1.514663026834541348e+00 5.362072520352401117e-01 -3.397815409047690416e+00 1.323358229014196974e+00
-1.164570409371864734e+00 -3.288103978438756236e+00 1.514516581239599091e+00 5.386278811895668373e-01 -3.388044319962779660e+00 1.321858829518714362e+00
-1.164389035644028736e+00 -3.276410202453063469e+00 1.514370182209545224e+00 5.410894786347442142e-01 -3.378214284701261061e+00 1.320404084379327880e+00
-1.164201589277681581e+00 -3.264670200184264459e+00 1.514223788891585043e+00 5.435919978448761070e-01 -3.368324993347570739e+00 1.318994020129508060e+00
-1.164008189947191907e+00 -3.252884267561152676e+00 1.514077363382591690e+00 5.461353830742494697e-01 -3.358376140011573696e+00 1.317628663505578501e+00
-1.163808957857242365e+00 -3.241052704187011635e+00 1.513930872777687897e+00 5.487195691733397496e-01 -3.348367422925151438e+00 1.316308041485439562e+00
-1.163604013778444468e+00 -3.229175813336555123e+00 1.513784278772267733e+00 5.513444814044248243e-01 -3.338298544550556191e+00 1.315032181327269845e+00
-1.163393478961028293e+00 -3.217253901954559403e+00 1.513637539748492244e+00 5.540100352618190227e-01 -3.328169211681373696e+00 1.313801110608397549e+00
-1.163177475073177147e+00 -3.205287280654161464e+00 1.513490612965070703e+00 5.567161362977595118e-01 -3.317979135532774571e+00 1.312614857264322366e+00
-1.162956124165871463e+00 -3.193276263714691421e+00 1.513343457690647709e+00 5.594626799492598002e-01 -3.307728031839423544e+00 1.311473449627988952e+00
-1.162729548676274094e+00 -3.181221169078674915e+00 1.513196035039427789e+00 5.622495513680139112e-01 -3.297415620953298987e+00 1.310376916469033981e+00
-1.162497871430570484e+00 -3.169122318348712053e+00 1.513048301375894189e+00 5.650766252539406453e-01 -3.287041627939564670e+00 1.309325287033134888e+00
-1.162261215568012096e+00 -3.156980036785653976e+00 1.512900210184829231e+00 5.679437656900830911e-01 -3.276605782679360424e+00 1.308318591081561788e+00
-1.162019704487643690e+00 -3.144794653306339782e+00 1.512751716004932190e+00 5.708508259819420338e-01 -3.266107819968206094e+00 1.307356858930884824e+00
-1.161773461843530475e+00 -3.132566500480244098e+00 1.512602777365622542e+00 5.737976485018493333e-01 -3.255547479608179806e+00 1.306440121492911999e+00
-1.161522611577346709e+00 -3.120295914525331504e+00 1.512453350479934455e+00 5.767840645326218763e-01 -3.244924506515558527e+00 1.305568410314676298e+00
-1.161267277875117410e+00 -3.107983235305155745e+00 1.512303389079346028e+00 5.798098941167222353e-01 -3.234238650820953520e+00 1.304741757618514075e+00
-1.161007585122347807e+00 -3.095628806326013116e+00 1.512152847220709528e+00 5.828749459082737117e-01 -3.223489667972112116e+00 1.303960196342610844e+00
-1.160743657894360847e+00 -3.083232974733131293e+00 1.512001678960536166e+00 5.859790170278540433e-01 -3.212677318839861407e+00 1.303223760181595248e+00
-1.160475620943543174e+00 -3.070796091306753350e+00 1.511849838061092743e+00 5.891218929227444168e-01 -3.201801369817647291e+00 1.302532483627300453e+00
-1.160203599183784462e+00 -3.058318510458224448e+00 1.511697275708502763e+00 5.923033472275640587e-01 -3.190861592933476487e+00 1.301886402009651000e+00
-1.159927717647073919e+00 -3.045800590226592774e+00 1.511543939814681714e+00 5.955231416297326330e-01 -3.179857765958191251e+00 1.301285551537940233e+00
-1.159648101431571154e+00 -3.033242692275178953e+00 1.511389776661834494e+00 5.987810257369201583e-01 -3.168789672520656797e+00 1.300729969341904990e+00
-1.159364875670608530e+00 -3.020645181887575248e+00 1.511234737008967821e+00 6.020767369507880051e-01 -3.157657102214506573e+00 1.300219693513470665e+00
-1.159078165579502384e+00 -3.008008427961772036e+00 1.511078769055795190e+00 6.054100003411886366e-01 -3.146459850717758577e+00 1.299754763148342596e+00
-1.158788096414958835e+00 -2.995332803006095279e+00 1.510921819160567114e+00 6.087805285243355069e-01 -3.135197719912808267e+00 1.299335218387789315e+00
-1.158494793443981985e+00 -2.982618683134637738e+00 1.510763836667759819e+00 6.121880215465962394e-01 -3.123870518001077734e+00 1.298961100460851226e+00
-1.158198381974912206e+00 -2.969866448061288189e+00 1.510604766913814956e+00 6.156321667685555887e-01 -3.112478059631793137e+00 1.298632451726386527e+00
-1.157898987300379545e+00 -2.957076481095427312e+00 1.510444555123183985e+00 6.191126387552718935e-01 -3.101020166023807256e+00 1.298349315715578989e+00
-1.157596734690293339e+00 -2.944249169136469391e+00 1.510283147510699697e+00 6.226290991683356424e-01 -3.089496665096458816e+00 1.298111737174499458e+00
-1.157291749399782521e+00 -2.931384902667740988e+00 1.510120487189776206e+00 6.261811966622925496e-01 -3.077907391600483322e+00 1.297919762106751751e+00
-1.156984156625236793e+00 -2.918484075751441864e+00 1.509956514439769526e+00 6.297685667856554037e-01 -3.066252187248412309e+00 1.297773437816339026e+00
-1.156674081463942239e+00 -2.905547086023474890e+00 1.509791169598878380e+00 6.333908318844084784e-01 -3.054530900852155284e+00 1.297672812950664500e+00
-1.156361648911490514e+00 -2.892574334687195936e+00 1.509624393468642412e+00 6.370476010108606646e-01 -3.042743388457818554e+00 1.297617937543647848e+00
-1.156046983865251621e+00 -2.879566226506886650e+00 1.509456130121987982e+00 6.407384698342571960e-01 -3.030889513490752751e+00 1.297608863059089845e+00
-1.155730211165304278e+00 -2.866523169800026416e+00 1.509286317147245704e+00 6.444630205555423874e-01 -3.018969146902537926e+00 1.297645642434091640e+00
-1.155411455508927210e+00 -2.853445576432414477e+00 1.509114889901810530e+00 6.482208218277804024e-01 -3.006982167314767196e+00 1.297728330122692730e+00
-1.155090841420335579e+00 -2.840333861811862981e+00 1.508941779979937614e+00 6.520114286794541636e-01 -2.994928461169770628e+00 1.297856982139469872e+00
-1.154768493200553525e+00 -2.827188444882210661e+00 1.508766924086649475e+00 6.558343824421837276e-01 -2.982807922883040863e+00 1.298031656103245002e+00
-1.154444534994423455e+00 -2.814009748114139953e+00 1.508590258227787029e+00 6.596892106822338508e-01 -2.970620454999815419e+00 1.298252411281097141e+00
-1.154119090782484536e+00 -2.800798197497842867e+00 1.508411713059945924e+00 6.635754271364627810e-01 -2.958365968353761311e+00 1.298519308632332336e+00
-1.153792284311833116e+00 -2.787554222537033333e+00 1.508231219455935301e+00 6.674925316510177398e-01 -2.946044382234053849e+00 1.298832410852486019e+00
-1.153464239100749911e+00 -2.774278256240711116e+00 1.508048707915913278e+00 6.714400101262122389e-01 -2.933655624548873853e+00 1.299191782417285390e+00
-1.153135078436333671e+00 -2.760970735114984365e+00 1.507864112010667279e+00 6.754173344664899936e-01 -2.921199631989441770e+00 1.299597489627043467e+00
-1.152804925418819071e+00 -2.747632099153749952e+00 1.507677361431379870e+00 6.794239625317545217e-01 -2.908676350208207140e+00 1.300049600650678316e+00
-1.152473902914084691e+00 -2.734262791831298056e+00 1.507488386499322264e+00 6.834593380950223507e-01 -2.896085733993744249e+00 1.300548185569947224e+00
-1.152142133566583571e+00 -2.720863260093401514e+00 1.507297111238241616e+00 6.875228908019237473e-01 -2.883427747458689794e+00 1.301093316423539648e+00
-1.151809739719792391e+00 -2.707433954350458194e+00 1.507103456328583890e+00 6.916140361392217883e-01 -2.870702364215281577e+00 1.301685067251293182e+00
-1.151476843375985659e+00 -2.693975328469233599e+00 1.506907342416986539e+00 6.957321754066324582e-01 -2.857909567559269615e+00 1.302323514138501004e+00
-1.151143566200834689e+00 -2.680487839763487923e+00 1.506708689760692277e+00 6.998766956936739447e-01 -2.845049350656301712e+00 1.303008735260245743e+00
-1.150810029523946509e+00 -2.666971948984429019e+00 1.506507422220239478e+00 7.040469698610478666e-01 -2.832121716732903138e+00 1.303740810925509086e+00
-1.150476354394239564e+00 -2.653428120309730076e+00 1.506303457939035306e+00 7.082423565253859188e-01 -2.819126679276644509e+00 1.304519823621234087e+00
-1.150142661509980346e+00 -2.639856821335327730e+00 1.506096713484039284e+00 7.124622000502480734e-01 -2.806064262235390405e+00 1.305345858056290886e+00
-1.149809071205038613e+00 -2.626258523065848394e+00 1.505887105233714385e+00 7.167058305436937449e-01 -2.792934500214705906e+00 1.306219001205577657e+00
-1.149475703454546638e+00 -2.612633699904221452e+00 1.505674548225084841e+00 7.209725638592765495e-01 -2.779737438685280004e+00 1.307139342353829781e+00
-1.149142677865508277e+00 -2.598982829641600656e+00 1.505458954868876376e+00 7.252617016004334616e-01 -2.766473134201000939e+00 1.308106973139139928e+00
-1.148810113650324816e+00 -2.585306393447514672e+00 1.505240235648893643e+00 7.295725311330446550e-01 -2.753141654610486100e+00 1.309121987596510550e+00
-1.148478129610229770e+00 -2.571604875859296424e+00 1.505018301033954842e+00 7.339043256043070729e-01 -2.739743079269150616e+00 1.310184482201457223e+00
-1.148146844145447654e+00 -2.557878764770891600e+00 1.504793058462575717e+00 7.382563439645617454e-01 -2.726277499264734061e+00 1.311294555913086191e+00
-1.147816375224550711e+00 -2.544128551422421225e+00 1.504564416477319533e+00 7.426278309966136693e-01 -2.712745017639898393e+00 1.312452310217063323e+00
-1.147486840411073628e+00 -2.530354730388300943e+00 1.504332279014652940e+00 7.470180173481819619e-01 -2.699145749628647728e+00 1.313657849168252234e+00
-1.147158356812029378e+00 -2.516557799566820908e+00 1.504096546255898170e+00 7.514261195736768872e-01 -2.685479822883794832e+00 1.314911279433107039e+00
-1.146831041038246957e+00 -2.502738260169497853e+00 1.503857115934026822e+00 7.558513401815452060e-01 -2.671747377709920990e+00 1.316212710332018476e+00
-1.146505009183012236e+00 -2.488896616709485254e+00 1.503613883006744034e+00 7.602928676870318592e-01 -2.657948567302939047e+00 1.317562253881151335e+00
-1.146180376796711142e+00 -2.475033376990062983e+00 1.503366743601806110e+00 7.647498766704345918e-01 -2.644083557996574463e+00 1.318960024833973677e+00
-1.145857258916865407e+00 -2.461149052091525569e+00 1.503115595993300468e+00 7.692215278419594071e-01 -2.630152529512088222e+00 1.320406140722516497e+00
-1.145535770112828367e+00 -2.447244156357787581e+00 1.502860332979108371e+00 7.737069681127923815e-01 -2.616155675213286624e+00 1.321900721898136899e+00
-1.145216024425312895e+00 -2.433319207384965210e+00 1.502600848684492174e+00 7.782053306723227815e-01 -2.602093202367683489e+00 1.323443891571885356e+00
-1.144898135401020589e+00 -2.419374726007649468e+00 1.502337028576592015e+00 7.827157350729547769e-01 -2.587965332408837860e+00 1.325035775854457754e+00
-1.144582215988579454e+00 -2.405411236288366617e+00 1.502068757978306079e+00 7.872372873205804034e-01 -2.573772301208054447e+00 1.326676503795646278e+00
-1.144268378553390475e+00 -2.391429265503770996e+00 1.501795919309846239e+00 7.917690799742921337e-01 -2.559514359341967804e+00 1.328366207423435696e+00
-1.143956734854583157e+00 -2.377429344131448907e+00 1.501518393186285882e+00 7.963101922523537768e-01 -2.545191772368409211e+00 1.330105021782294950e+00
-1.143647396037892339e+00 -2.363412005836207364e+00 1.501236055567432226e+00 8.008596901451561223e-01 -2.530804821108438851e+00 1.331893084971232710e+00
-1.143340472589188250e+00 -2.349377787457033406e+00 1.500948780373313918e+00 8.054166265361668575e-01 -2.516353801931279222e+00 1.333730538181097325e+00
-1.143036074325274543e+00 -2.335327228992771786e+00 1.500656439806915765e+00 8.099800413309971026e-01 -2.501839027042292773e+00 1.335617525731259247e+00
-1.142734310390121300e+00 -2.321260873587832396e+00 1.500358907868212244e+00 8.145489615916720050e-01 -2.487260824786913904e+00 1.337554195105473465e+00
-1.142435289301526824e+00 -2.307179267516328292e+00 1.500056052681978169e+00 8.191224016806106789e-01 -2.472619539953047063e+00 1.339540696987284063e+00
-1.142139118890702854e+00 -2.293082960167970086e+00 1.499747740918054628e+00 8.236993634135227893e-01 -2.457915534075854946e+00 1.341577185294669183e+00
-1.141845906304796543e+00 -2.278972504032717783e+00 1.499433838069460068e+00 8.282788362183800546e-01 -2.443149185757898856e+00 1.343663817213573974e+00
-1.141555758014159538e+00 -2.264848454684821544e+00 1.499114201296085858e+00 8.328597973049555181e-01 -2.428320890986809033e+00 1.345800753230993019e+00
-1.141268779719179172e+00 -2.250711370768825326e+00 1.498788686469147091e+00 8.374412118424331419e-01 -2.413431063461983328e+00 1.347988157167204104e+00
-1.140985076357154737e+00 -2.236561813983005464e+00 1.498457147796343980e+00 8.420220331458837526e-01 -2.398480134928150598e+00 1.350226196206891771e+00
-1.140704752104751973e+00 -2.222400349062449099e+00 1.498119433655612065e+00 8.466012028715655946e-01 -2.383468555517219034e+00 1.352515040929492596e+00
-1.140427910322275418e+00 -2.208227543763174427e+00 1.497775391023104641e+00 8.511776512224235036e-01 -2.368396794093601709e+00 1.354854865338681380e+00
-1.140154653561454623e+00 -2.194043968844469283e+00 1.497424863245658155e+00 8.557502971641495204e-01 -2.353265338602543277e+00 1.357245846890706931e+00
-1.139885083542610200e+00 -2.179850198051391796e+00 1.497067689978513805e+00 8.603180486494227397e-01 -2.338074696433567468e+00 1.359688166521720643e+00
-1.139619301131853168e+00 -2.165646808096890474e+00 1.496703706617420693e+00 8.648798028539029792e-01 -2.322825394784434838e+00 1.362182008673990419e+00
-1.139357406311189758e+00 -2.151434378643730216e+00 1.496332748042915162e+00 8.694344464231206215e-01 -2.307517981030795529e+00 1.364727561321085192e+00
-1.139099498202911009e+00 -2.137213492284833816e+00 1.495954641367122306e+00 8.739808557283895718e-01 -2.292153023111978882e+00 1.367325015991732950e+00
-1.138845674991912027e+00 -2.122984734524959283e+00 1.495569209346299333e+00 8.785178971353188038e-01 -2.276731109918072704e+00 1.369974567792674236e+00
-1.138596033897585347e+00 -2.108748693760833071e+00 1.495176272065441792e+00 8.830444272848030351e-01 -2.261252851680185305e+00 1.372676415430350128e+00
-1.138350671171020956e+00 -2.094505961260439086e+00 1.494775646297866301e+00 8.875592933837953558e-01 -2.245718880378893001e+00 1.375430761230975962e+00
-1.138109682084561314e+00 -2.080257131141858284e+00 1.494367147419150665e+00 8.920613335095888274e-01 -2.230129850154990656e+00 1.378237811159498616e+00
-1.137873160950152007e+00 -2.066002800350780877e+00 1.493950582321128318e+00 8.965493769273185087e-01 -2.214486437725696977e+00 1.381097774837260150e+00
-1.137641201038194216e+00 -2.051743568639247783e+00 1.493525758711236939e+00 9.010222444199784686e-01 -2.198789342811985570e+00 1.384010865558100711e+00
-1.137413894630533440e+00 -2.037480038541293226e+00 1.493092474696732452e+00 9.054787486323249146e-01 -2.183039288572430792e+00 1.386977300303155802e+00
-1.137191332926486442e+00 -2.023212815350442284e+00 1.492650518634061507e+00 9.099176944289469882e-01 -2.167237022044449013e+00 1.389997299753953808e+00
-1.136973605948275345e+00 -2.008942507096036056e+00 1.492199676781569728e+00 9.143378792669212274e-01 -2.151383314593194651e+00 1.393071088304432381e+00
-1.136760802557740924e+00 -1.994669724517196041e+00 1.491739727579028729e+00 9.187380935843135754e-01 -2.135478962363752231e+00 1.396198894071255747e+00
-1.136553010393832608e+00 -1.980395081036910643e+00 1.491270451745080106e+00 9.231171212028816964e-01 -2.119524786748341771e+00 1.399380948902423150e+00
-1.136350315957098678e+00 -1.966119192732993071e+00 1.490791628928680446e+00 9.274737397477791356e-01 -2.103521634856147404e+00 1.402617488384264144e+00
-1.136152804649388282e+00 -1.951842678308878032e+00 1.490303044535168153e+00 9.318067210835617731e-01 -2.087470379992462988e+00 1.405908751846902671e+00
-1.135960560913857664e+00 -1.937566159062089177e+00 1.489804487682130807e+00 9.361148317677541186e-01 -2.071371922143061983e+00 1.409254982368033149e+00
-1.135773668347895393e+00 -1.923290258852059953e+00 1.489295757423812372e+00 9.403968335222063768e-01 -2.055227188465543531e+00 1.412656426775171115e+00
-1.135592209905788463e+00 -1.909015604066117255e+00 1.488776653738488776e+00 9.446514837231092532e-01 -2.039037133785789546e+00 1.416113335646112859e+00
-1.135416267971476101e+00 -1.894742823586486935e+00 1.488246959595912466e+00 9.488775359103234219e-01 -2.022802741098786328e+00 1.419625963307705074e+00
-1.135245924171661702e+00 -1.880472548759735574e+00 1.487706392059771288e+00 9.530737403158147103e-01 -2.006525022078780918e+00 1.423194567832851476e+00
-1.135081258481447586e+00 -1.866205413374002031e+00 1.487154646068488795e+00 9.572388441166113093e-01 -1.990205019565169930e+00 1.426819411031805984e+00
-1.134922348955620164e+00 -1.851942053625711626e+00 1.486591413285221819e+00 9.613715920450082164e-01 -1.973843808006805478e+00 1.430500758441677123e+00
-1.134769271727201989e+00 -1.837683108081741068e+00 1.486016394713711275e+00 9.654707270231714933e-01 -1.957442493890267254e+00 1.434238879314299941e+00
-1.134622101092878754e+00 -1.823429217607770436e+00 1.485429297160782092e+00 9.695349905937766799e-01 -1.941002217330742408e+00 1.438034046574966140e+00
-1.134480905339823487e+00 -1.809181025401517040e+00 1.484829828612221236e+00 9.735631195189689002e-01 -1.924524153572192642e+00 1.441886536603447677e+00
-1.134345746793367304e+00 -1.794939176934001512e+00 1.484217695050561225e+00 9.775538465445756664e-01 -1.908009513186541106e+00 1.445796629012528589e+00
-1.134216681820654937e+00 -1.780704319889249376e+00 1.483592597732022789e+00 9.815059011899551766e-01 -1.891459542256388904e+00 1.449764606423749491e+00
-1.134093760796957895e+00 -1.766477104102620821e+00 1.482954236083822375e+00 9.854180105643683962e-01 -1.874875522532918115e+00 1.453790754240585459e+00
-1.133977028114619756e+00 -1.752258181496600731e+00 1.482302307153137821e+00 9.892889002090776707e-01 -1.858258771573130019e+00 1.457875360418994903e+00
-1.133866522185354109e+00 -1.738048206014926489e+00 1.481636497141186837e+00 9.931172949642104175e-01 -1.841610642862654412e+00 1.462018715235201327e+00
-1.133762275323114244e+00 -1.723847833555495868e+00 1.480956487571469804e+00 9.969019198619889499e-01 -1.824932525908588676e+00 1.466221111050957093e+00
-1.133664313715709637e+00 -1.709657721900430083e+00 1.480261952532298642e+00 1.000641501045271387e+00 -1.808225846307606410e+00 1.470482842076413776e+00
-1.133572657358173918e+00 -1.695478530644243698e+00 1.479552558566938680e+00 1.004334766710158533e+00 -1.791492065797727129e+00 1.474804204130485852e+00
-1.133487319985647446e+00 -1.681310921119592905e+00 1.478827970083969934e+00 1.007980448073456214e+00 -1.774732682283570284e+00 1.479185494398673750e+00
-1.133408309084167565e+00 -1.667155556320519594e+00 1.478087846469341216e+00 1.011577280365006049e+00 -1.757949229829755655e+00 1.483627011188408451e+00
-1.133335625861561224e+00 -1.653013100823606862e+00 1.477331835955999040e+00 1.015124003843443923e+00 -1.741143278631681834e+00 1.488129053682277769e+00
-1.133269265132808901e+00 -1.638884220707383488e+00 1.476559583360111061e+00 1.018619364835210650e+00 -1.724316434960708744e+00 1.492691921688609646e+00
-1.133209215316362428e+00 -1.624769583468653522e+00 1.475770731681491865e+00 1.022062116796287334e+00 -1.707470341084169618e+00 1.497315915389861418e+00
-1.133155458454423226e+00 -1.610669857936628979e+00 1.474964914892035850e+00 1.025451021396746043e+00 -1.690606675151764549e+00 1.502001335088828604e+00
-1.133107970132738007e+00 -1.596585714185132066e+00 1.474141762768931496e+00 1.028784849626584563e+00 -1.673727151059559493e+00 1.506748480952548430e+00
-1.133066719470041450e+00 -1.582517823442108007e+00 1.473300894842515030e+00 1.032062382922531940e+00 -1.656833518288987950e+00 1.511557652754049741e+00
-1.133031669023645716e+00 -1.568466857997127928e+00 1.472441923727521473e+00 1.035282414316168964e+00 -1.639927561705317061e+00 1.516429149611837834e+00
-1.133002774743584906e+00 -1.554433491106426146e+00 1.471564456911958141e+00 1.038443749601446031e+00 -1.623011101332223927e+00 1.521363269727376455e+00
-1.132979985953508351e+00 -1.540418396895460784e+00 1.470668094212832733e+00 1.041545208521178933e+00 -1.606085992099010706e+00 1.526360310120535857e+00
-1.132963245297507360e+00 -1.526422250259312996e+00 1.469752429741073563e+00 1.044585625972131560e+00 -1.589154123553728315e+00 1.531420566363087987e+00
-1.132952488716261863e+00 -1.512445726760696996e+00 1.468817052017981073e+00 1.047563853227988506e+00 -1.572217419536598104e+00 1.536544332310285865e+00
-1.132947645426455985e+00 -1.498489502525852668e+00 1.467861538171971514e+00 1.050478759178651078e+00 -1.555277837827091059e+00 1.541731899830515617e+00
-1.132948637820819116e+00 -1.484554254138323870e+00 1.466885460959400866e+00 1.053329231585257375e+00 -1.538337369760381268e+00 1.546983558533195247e+00
-1.132955381468065070e+00 -1.470640658530659728e+00 1.465888384855080107e+00 1.056114178350304078e+00 -1.521398039801820090e+00 1.552299595494879947e+00
-1.132967785059890486e+00 -1.456749392874139293e+00 1.464869861690610842e+00 1.058832528801540773e+00 -1.504461905083962048e+00 1.557680294984167269e+00
-1.132985750299170480e+00 -1.442881134466372117e+00 1.463829437201123351e+00 1.061483234988358504e+00 -1.487531054915244511e+00 1.563125938184586783e+00
-1.133009171881260491e+00 -1.429036560617389373e+00 1.462766651678312879e+00 1.064065272989903610e+00 -1.470607610246337238e+00 1.568636802916181017e+00
-1.133037937486075064e+00 -1.415216348533828938e+00 1.461681032876510855e+00 1.066577644233561051e+00 -1.453693723096909807e+00 1.574213163355788758e+00
-1.133071927673861667e+00 -1.401421175201389868e+00 1.460572101714185944e+00 1.069019376822506251e+00 -1.436791575945038701e+00 1.579855289756102898e+00
-1.133111015862070303e+00 -1.387651717266058515e+00 1.459439369086787286e+00 1.071389526871033393e+00 -1.419903381075568127e+00 1.585563448163593181e+00
-1.133155068260295772e+00 -1.373908650913884699e+00 1.458282337021641339e+00 1.073687179846278150e+00 -1.403031379888720398e+00 1.591337900135222361e+00
-1.133203943823434257e+00 -1.360192651749858150e+00 1.457100500569135981e+00 1.075911451914948413e+00 -1.386177842169411978e+00 1.597178902454357896e+00
-1.133257494233006923e+00 -1.346504394675978489e+00 1.455893343760736425e+00 1.078061491293504481e+00 -1.369345065311872833e+00 1.603086706845728848e+00
-1.133315563825110228e+00 -1.332844553768413931e+00 1.454660338770578543e+00 1.080136479600152910e+00 -1.352535373499342608e+00 1.609061559689842769e+00
-1.133377989509305461e+00 -1.319213802153992532e+00 1.453400948560350070e+00 1.082135633207240710e+00 -1.335751116845795394e+00 1.615103701736724906e+00
-1.133444600726099871e+00 -1.305612811886776026e+00 1.452114623237207303e+00 1.084058204591880958e+00 -1.318994670483911502e+00 1.621213367819265505e+00
-1.133515219357243087e+00 -1.292042253824492892e+00 1.450800805109803360e+00 1.085903483683753112e+00 -1.302268433619263366e+00 1.627390786566191627e+00
-1.133589659707494590e+00 -1.278502797505645550e+00 1.449458922996320398e+00 1.087670799207534955e+00 -1.285574828530585023e+00 1.633636180115094927e+00
-1.133667728411736242e+00 -1.264995111027010122e+00 1.448088395356873948e+00 1.089359520018657213e+00 -1.268916299529466496e+00 1.639949763825261142e+00
-1.133749224387582188e+00 -1.251519860922175376e+00 1.446688630138776910e+00 1.090969056430173945e+00 -1.252295311872382744e+00 1.646331745990782247e+00
-1.133833938788875617e+00 -1.238077712041587120e+00 1.445259024793054126e+00 1.092498861528433007e+00 -1.235714350621290425e+00 1.652782327553992570e+00
-1.133921654962463332e+00 -1.224669327434517729e+00 1.443798963429096860e+00 1.093948432475429611e+00 -1.219175919453903134e+00 1.659301701819164476e+00
-1.134012148370583617e+00 -1.211295368241535719e+00 1.442307818976187317e+00 1.095317311794121506e+00 -1.202682539404020812e+00 1.665890054146964561e+00
-1.134105186544971611e+00 -1.197956493581083137e+00 1.440784948638395457e+00 1.096605088637771619e+00 -1.186236747576418615e+00 1.672547561669810223e+00
-1.134200528983630996e+00 -1.184653360438580272e+00 1.439229699183262490e+00 1.097811400039364838e+00 -1.169841095812134579e+00 1.679274393008309607e+00
-1.134297927121982630e+00 -1.171386623559658613e+00 1.437641402325007256e+00 1.098935932139230243e+00 -1.153498149308576526e+00 1.686070707988853501e+00
-1.134397124246247390e+00 -1.158156935347245398e+00 1.436019374625407519e+00 1.099978421387433292e+00 -1.137210485184110720e+00 1.692936657362420050e+00
-1.134497855409829059e+00 -1.144964945763118358e+00 1.434362921567679194e+00 1.100938655719923887e+00 -1.120980691000966978e+00 1.699872382525096315e+00
-1.134599847408012563e+00 -1.131811302235211425e+00 1.432671333292121485e+00 1.101816475704588516e+00 -1.104811363233763721e+00 1.706878015240194779e+00
-1.134702818700781046e+00 -1.118696649570341872e+00 1.430943884533449006e+00 1.102611775654029458e+00 -1.088705105680904506e+00 1.713953677362453076e+00
-1.134806479339849350e+00 -1.105621629873173362e+00 1.429179836079563337e+00 1.103324504704403131e+00 -1.072664527834952253e+00 1.721099480564348916e+00
-1.134910530920110405e+00 -1.092586882472476706e+00 1.427378436092119784e+00 1.103954667856581029e+00 -1.056692243202993264e+00 1.728315526064691632e+00
-1.135014666553548990e+00 -1.079593043855242573e+00 1.425538914432936455e+00 1.104502326976958715e+00 -1.040790867577979562e+00 1.735601904359888925e+00
-1.135118570774655833e+00 -1.066640747608525341e+00 1.423660481929508226e+00 1.104967601754761386e+00 -1.024963017259299836e+00 1.742958694958006705e+00
-1.135221919442787497e+00 -1.053730624370620372e+00 1.421742335752554265e+00 1.105350670613217456e+00 -1.009211307224920251e+00 1.750385966115737713e+00
-1.135324379720791255e+00 -1.040863301792668949e+00 1.419783656123054794e+00 1.105651771571801945e+00 -9.935383492561968843e-01 1.757883774578571812e+00
-1.135425610017585685e+00 -1.028039404510581178e+00 1.417783606000856844e+00 1.105871203057535723e+00 -9.779467500208358643e-01 1.765452165324428169e+00
-1.135525259933930275e+00 -1.015259554128512764e+00 1.415741328612328154e+00 1.106009324660326421e+00 -9.624391091031845313e-01 1.773091171310890557e+00
-1.135622970184198888e+00 -1.002524369214413458e+00 1.413655950295320096e+00 1.106066557831491659e+00 -9.470180169946296189e-01 1.780800813226346424e+00
-1.135718372562768419e+00 -9.898344653090096479e-01 1.411526576810168798e+00 1.106043386520738636e+00 -9.316860530359405423e-01 1.788581099245200035e+00
-1.135811089871985091e+00 -9.771904549484640157e-01 1.409352296734416088e+00 1.105940357751665770e+00 -9.164457833275525545e-01 1.796432024787387061e+00
-1.135900735902516612e+00 -9.645929477022328058e-01 1.407132177795059613e+00 1.105758082128749820e+00 -9.012997585893640640e-01 1.804353572282436646e+00
-1.135986915376883122e+00 -9.520425502265168483e-01 1.404865265451980205e+00 1.105497234276001217e+00 -8.862505119868715475e-01 1.812345710938321641e+00
-1.136069223885788126e+00 -9.395398663341554268e-01 1.402550585805696581e+00 1.105158553202086225e+00 -8.713005569151466290e-01 1.820408396515377225e+00
-1.136147247872234534e+00 -9.270854970822495211e-01 1.400187143751384644e+00 1.104742842590417773e+00 -8.564523847491209985e-01 1.828541571105249064e+00
-1.136220564604235816e+00 -9.146800408782231884e-01 1.397773922060505658e+00 1.104250971011928595e+00 -8.417084625641875206e-01 1.836745162915330409e+00
-1.136288742148686914e+00 -9.023240936051748484e-01 1.395309881775175009e+00 1.103683872055468473e+00 -8.270712308206213947e-01 1.845019086058849789e+00
-1.136351339363434354e+00 -8.900182487675043497e-01 1.392793960585329893e+00 1.103042544374898570e+00 -8.125431010217951666e-01 1.853363240350828223e+00
-1.136407905883246805e+00 -8.777630976575570010e-01 1.390225069879507558e+00 1.102328051648788332e+00 -7.981264533436949193e-01 1.861777511109746985e+00
-1.136457982084578155e+00 -8.655592295442255946e-01 1.387602096972269328e+00 1.101541522448728605e+00 -7.838236342345870078e-01 1.870261768965885807e+00
-1.136501099093800038e+00 -8.534072318846472882e-01 1.384923902455434952e+00 1.100684150019940466e+00 -7.696369540092513617e-01 1.878815869676064176e+00
-1.136536778780057100e+00 -8.413076905595429089e-01 1.382189321591954734e+00 1.099757191964280789e+00 -7.555686844150972803e-01 1.887439653945152562e+00
-1.136564533783312347e+00 -8.292611901331685687e-01 1.379397163365535306e+00 1.098761969827203311e+00 -7.416210561873604057e-01 1.896132947254429268e+00
-1.136583867550023497e+00 -8.172683141385288508e-01 1.376546208345471589e+00 1.097699868585068517e+00 -7.277962565924505078e-01 1.904895559697005414e+00
-1.136594274363574186e+00 -8.053296453885407935e-01 1.373635209903514953e+00 1.096572336029761008e+00 -7.140964269607921189e-01 1.913727285820595592e+00
-1.136595239411090974e+00 -7.934457663139755645e-01 1.370662890977548232e+00 1.095380882049069360e+00 -7.005236602149391700e-01 1.922627904477648197e+00
-1.136586238834540019e+00 -7.816172593286272452e-01 1.367627944786834693e+00 1.094127077802542924e+00 -6.870799984015976136e-01 1.931597178683163385e+00
-1.136566739814874438e+00 -7.698447072224925414e-01 1.364529033343707010e+00 1.092812554788718638e+00 -6.737674302249296865e-01 1.940634855480229737e+00
-1.136536200664264529e+00 -7.581286935832114438e-01 1.361364786476608968e+00 1.091439003800480645e+00 -6.605878885817446644e-01 1.949740665813519680e+00
-1.136494070934065848e+00 -7.464698032463328303e-01 1.358133799261858288e+00 1.090008173771783495e+00 -6.475432481158032161e-01 1.958914324410793384e+00
-1.136439791521623555e+00 -7.348686227749370303e-01 1.354834631118748467e+00 1.088521870510342104e+00 -6.346353227847667533e-01 1.968155529672746207e+00
-1.136372794797405161e+00 -7.233257409686393302e-01 1.351465808366156374e+00 1.086981955314678006e+00 -6.218658634439924171e-01 1.977463963571209904e+00
-1.136292504794226277e+00 -7.118417494018012270e-01 1.348025819547252757e+00 1.085390343479574637e+00 -6.092365554642475978e-01 1.986839291555689169e+00
-1.136198337376468359e+00 -7.004172429913344544e-01 1.344513115846073026e+00 1.083749002682225848e+00 -5.967490163713495832e-01 1.996281162468614090e+00
-1.136089700450426232e+00 -6.890528205936288231e-01 1.340926109647692765e+00 1.082059951251937768e+00 -5.844047935215446188e-01 2.005789208469210383e+00
-1.135965994196287410e+00 -6.777490856304928535e-01 1.337263173030649011e+00 1.080325256322528737e+00 -5.722053618166293987e-01 2.015363044966140826e+00
-1.135826611323094593e+00 -6.665066467436258080e-01 1.333522636032764552e+00 1.078547031867287176e+00 -5.601521214641018709e-01 2.025002270559042028e+00
-1.135670937346341169e+00 -6.553261184770726722e-01 1.329702786275403170e+00 1.076727436614949962e+00 -5.482463957843388691e-01 2.034706466988961626e+00
-1.135498350905599807e+00 -6.442081219865753994e-01 1.325801865583753569e+00 1.074868671845130574e+00 -5.364894290668806853e-01 2.044475199097767426e+00
-1.135308224090759710e+00 -6.331532857756219101e-01 1.321818068885402209e+00 1.072972979073350208e+00 -5.248823845008718791e-01 2.054308014796533133e+00
-1.135099922804857275e+00 -6.221622464564871002e-01 1.317749541617505571e+00 1.071042637613005111e+00 -5.134263421576386044e-01 2.064204445043023473e+00
-1.134872807149454266e+00 -6.112356495352355701e-01 1.313594379921497302e+00 1.069079962020539787e+00 -5.021222970425287535e-01 2.074164003828188552e+00
-1.134626231865893953e+00 -6.003741502185691026e-01 1.309350629587114678e+00 1.067087299428206792e+00 -4.909711572274551017e-01 2.084186188171740284e+00
-1.134359546820755238e+00 -5.895784142405742223e-01 1.305016283168708213e+00 1.065067026762257507e+00 -4.799737420625618256e-01 2.094270478126567969e+00
-1.134072097518004529e+00 -5.788491187077706712e-01 1.300589276910992576e+00 1.063021547849581472e+00 -4.691307804750470822e-01 2.104416336792289233e+00
-1.133763225638563021e+00 -5.681869529605374503e-01 1.296067487741422886e+00 1.060953290413085837e+00 -4.584429093576805059e-01 2.114623210337800874e+00
-1.133432269610797238e+00 -5.575926194483535880e-01 1.291448732274292022e+00 1.058864702957344361e+00 -4.479106720515764195e-01 2.124890528032761239e+00
-1.133078565236081747e+00 -5.470668346154385908e-01 1.286730765166950841e+00 1.056758251548915117e+00 -4.375345169321009919e-01 2.135217702287877106e+00
-1.132701446364734688e+00 -5.366103297937088179e-01 1.281911276452044390e+00 1.054636416498037965e+00 -4.273147961094112546e-01 2.145604128703934688e+00
-1.132300245613804490e+00 -5.262238520999602542e-01 1.276987887038030234e+00 1.052501688939445845e+00 -4.172517642398076987e-01 2.156049186129419315e+00
-1.131874295110109063e+00 -5.159081653344568252e-01 1.271958147272761241e+00 1.050356567314906009e+00 -4.073455774523022654e-01 2.166552236726698055e+00
-1.131422927293062264e+00 -5.056640508758638575e-01 1.266819534094050237e+00 1.048203553759897932e+00 -3.975962923941400717e-01 2.177112626046616928e+00
-1.130945475764557395e+00 -4.954923085687861217e-01 1.261569447477741912e+00 1.046045150404010915e+00 -3.880038654091082506e-01 2.187729683111391488e+00
-1.130441276180793153e+00 -4.853937575998257259e-01 1.256205207609598418e+00 1.043883855585488352e+00 -3.785681518476602392e-01 2.198402720505495012e+00
-1.129909667195322376e+00 -4.753692373570039820e-01 1.250724050057914427e+00 1.041722159984192819e+00 -3.692889055135983867e-01 2.209131034474459909e+00
-1.129349991434808409e+00 -4.654196082687231950e-01 1.245123122114060621e+00 1.039562542679475676e+00 -3.601657782544966935e-01 2.219913905031435597e+00
-1.128761596521197674e+00 -4.555457526167678850e-01 1.239399479735837195e+00 1.037407467138389272e+00 -3.511983197007788604e-01 2.230750596071257252e+00
-1.128143836147493140e+00 -4.457485753171335219e-01 1.233550084591353402e+00 1.035259377135523184e+00 -3.423859771523929396e-01 2.241640355491844261e+00
-1.127496071208855977e+00 -4.360290046628767513e-01 1.227571798659034208e+00 1.033120692612139457e+00 -3.337280956203887428e-01 2.252582415322643250e+00
-1.126817670965422291e+00 -4.263879930246687877e-01 1.221461377974098150e+00 1.030993805481379422e+00 -3.252239180286062847e-01 2.263575991859911429e+00
-1.126108014229237897e+00 -4.168265175040577475e-01 1.215215469056379227e+00 1.028881075386970378e+00 -3.168725855807323910e-01 2.274620285808452991e+00
-1.125366490601392044e+00 -4.073455805316195111e-01 1.208830603554166272e+00 1.026784825416540148e+00 -3.086731382897935916e-01 2.285714482429779704e+00
-1.124592501741361827e+00 -3.979462104049096283e-01 1.202303192473744620e+00 1.024707337779620753e+00 -3.006245156779341343e-01 2.296857751696259609e+00
-1.123785462663859036e+00 -3.886294617606509405e-01 1.195629521008640728e+00 1.022650849456021138e+00 -2.927255576481533339e-01 2.308049248450914082e+00
-1.122944803067407404e+00 -3.793964159745204512e-01 1.188805742625988149e+00 1.020617547825732885e+00 -2.849750055354220990e-01 2.319288112572603033e+00
-1.122069968685478925e+00 -3.702481814829772233e-01 1.181827871625236837e+00 1.018609566279631728e+00 -2.773715033305323985e-01 2.330573469146345555e+00
-1.121160422643582288e+00 -3.611858940227703485e-01 1.174691776728512993e+00 1.016628979823566370e+00 -2.699135990849237388e-01 2.341904428638403424e+00
-1.120215646828970568e+00 -3.522107167819008566e-01 1.167393174866892425e+00 1.014677800682805664e+00 -2.625997464975506901e-01 2.353280087075822369e+00
-1.119235143270740584e+00 -3.433238404562786172e-01 1.159927623602896141e+00 1.012757973915923149e+00 -2.554283066865821183e-01 2.364699526230018112e+00
-1.118218435513458564e+00 -3.345264832086209950e-01 1.152290513413935402e+00 1.010871373043850552e+00 -2.483975501447215350e-01 2.376161813804148260e+00
-1.117165069977834158e+00 -3.258198905252847055e-01 1.144477058439827388e+00 1.009019795703210987e+00 -2.415056588800590376e-01 2.387666003623849509e+00
-1.116074617289254611e+00 -3.172053349692935953e-01 1.136482287902228494e+00 1.007204959330156857e+00 -2.347507287410168786e-01 2.399211135831010644e+00
-1.114946673574055191e+00 -3.086841158260513751e-01 1.128301039546909301e+00 1.005428496891921375e+00 -2.281307719338379059e-01 2.410796237080204740e+00
-1.113780861733739691e+00 -3.002575586369324867e-01 1.119927948309598964e+00 1.003691952664856224e+00 -2.216437197227856259e-01 2.422420320737476818e+00
-1.112576832648479286e+00 -2.919270146249761666e-01 1.111357437913880419e+00 1.001996778071531091e+00 -2.152874253162639917e-01 2.434082387081034415e+00
-1.111334266327327125e+00 -2.836938600090679330e-01 1.102583710872072409e+00 1.000344327587733728e+00 -2.090596669395603513e-01 2.445781423503593732e+00
-1.110052872983360306e+00 -2.755594952092037531e-01 1.093600738545828399e+00 9.987358547268837539e-01 -2.029581510914066911e-01 2.457516404715853753e+00
-1.108732394026089363e+00 -2.675253439445937076e-01 1.084402251965512320e+00 9.971725081141369351e-01 -1.969805159851665266e-01 2.469286292950945150e+00
-1.107372602968981656e+00 -2.595928522263974969e-01 1.074981730181008732e+00 9.956553276553482545e-01 -1.911243351689124736e-01 2.481090038169359246e+00
-1.105973306223979380e+00 -2.517634872519476374e-01 1.065332389849570127e+00 9.941852408183753376e-01 -1.853871213283602160e-01 2.492926578264018200e+00
-1.104534343785683603e+00 -2.440387362007410132e-01 1.055447173889359380e+00 9.927630590316887105e-01 -1.797663302673884189e-01 2.504794839265194639e+00
-1.103055589794558866e+00 -2.364201049476815086e-01 1.045318739247310447e+00 9.913894742060047616e-01 -1.742593650559731699e-01 2.516693735544989874e+00
-1.101536958827364021e+00 -2.289091195201873319e-01 1.034939446966467669e+00 9.900650706918691091e-01 -1.688635883954558992e-01 2.528622170079365183e+00
-1.099978406373627315e+00 -2.215073245813492520e-01 1.024301350561594770e+00 9.887903227322615285e-01 -1.635763266570018359e-01 2.540579034706670569e+00
-1.098379929205932637e+00 -2.142162818408657188e-01 1.013396189660089819e+00 9.875655921526704795e-01 -1.583948741055678511e-01 2.552563210382592374e+00
-1.096741565684408837e+00 -2.070375683927334620e-01 1.002215380597838656e+00 9.863911262940188163e-01 -1.533164972931553294e-01 2.564573567431562395e+00
-1.095063396507643727e+00 -1.999727756949036817e-01 9.907500040203196523e-01 9.852670661544226105e-01 -1.483384460441223851e-01 2.576608965802909434e+00
-1.093345544854454676e+00 -1.930235077939270738e-01 9.789907961091810495e-01 9.841934452872792560e-01 -1.434579577604928602e-01 2.588668255322979839e+00
-1.091588176435489999e+00 -1.861913795048266707e-01 9.669281412936847619e-01 9.831701889511396120e-01 -1.386722618300808563e-01 2.600750275942995682e+00
-1.089791499463536706e+00 -1.794780145605034960e-01 9.545520654792016835e-01 9.821971135171514433e-01 -1.339785841234100161e-01 2.612853857982630146e+00
-1.087955764544663362e+00 -1.728850437492042147e-01 9.418522318793601800e-01 9.812739261442265937e-01 -1.293741515680499887e-01 2.624977822369203739e+00
-1.086081264506832289e+00 -1.664141030574048941e-01 9.288179376513436836e-01 9.804002247323292396e-01 -1.248561967886638868e-01 2.637120980872415199e+00
-1.084168334170496184e+00 -1.600668318413207558e-01 9.154381111668198345e-01 9.795754981600661715e-01 -1.204219627982574536e-01 2.649282136334576432e+00
-1.082217350065891814e+00 -1.538448710533648622e-01 9.017013130029840617e-01 9.787991268118727550e-01 -1.160687077256126187e-01 2.661460082896297319e+00
-1.080228730123429459e+00 -1.477498615464893916e-01 8.875957421343174669e-01 9.780703834053273704e-01 -1.117937095666130531e-01 2.673653606217578194e+00
-1.078202933372913952e+00 -1.417834424774095936e-01 8.731092463108683921e-01 9.773884341201789505e-01 -1.075942709420978360e-01 2.685861483694252705e+00
-1.076140459680558381e+00 -1.359472498336673496e-01 8.582293418667638063e-01 9.767523400340398787e-01 -1.034677238468617588e-01 2.698082484669849901e+00
-1.074041849581736985e+00 -1.302429151017987508e-01 8.429432486571423189e-01 9.761610588704409119e-01 -9.941143437474675437e-02 2.710315370642812471e+00
-1.071907684382168213e+00 -1.246720641870542323e-01 8.272378860854138205e-01 9.756134527109620036e-01 -9.542281000115337974e-02 2.722558895470197804e+00
-1.069738586108202938e+00 -1.192363165249474832e-01 8.110998878412530866e-01 9.751082904981792643e-01 -9.149930393176752830e-02 2.734811805566691678e+00
-1.067535217492034727e+00 -1.139372845247415000e-01 7.945156311006428274e-01 9.746442507719045301e-01 -8.763841933984561905e-02 2.747072840099044733e+00
-1.065298282060648472e+00 -1.087765733958576675e-01 7.774712803323889920e-01 9.742199246360947473e-01 -8.383771348071089591e-02 2.759340731175978334e+00
-1.063028524395337016e+00 -1.037557814089762331e-01 7.599528429816811981e-01 9.738338189553465973e-01 -8.009480167301052944e-02 2.771614204033574946e+00
-1.060726730614297564e+00 -9.887650064987596465e-02 7.419462380790340372e-01 9.734843597795429515e-01 -7.640736113625745674e-02 2.783891977216257807e+00
-1.058393729139448292e+00 -9.414031832064839733e-02 7.234373776775171461e-01 9.731698959954180328e-01 -7.277313467435764238e-02 2.796172762753487806e+00
-1.056030391813796987e+00 -8.954881863892794058e-02 7.044122628220564897e-01 9.728887032058829432e-01 -6.918993419564500869e-02 2.808455266332237965e+00
-1.053637635455556554e+00 -8.510358537038964499e-02 6.848570976417328593e-01 9.726389878358521202e-01 -6.565564405906609835e-02 2.820738187465468894e+00
-1.051216423972145542e+00 -8.080620499384227884e-02 6.647584276498617051e-01 9.724188914688755014e-01 -6.216822423803769482e-02 2.833020219656694039e+00
-1.048767771218334088e+00 -7.665827042828343707e-02 6.441033091859651449e-01 9.722264954158654771e-01 -5.872571329202447288e-02 2.845300050560843008e+00
-1.046292744864239621e+00 -7.266138513388753495e-02 6.228795278328230767e-01 9.720598255235568530e-01 -5.532623113760415379e-02 2.857576362141621029e+00
-1.043792471685370371e+00 -6.881716718750396922e-02 6.010758884025242388e-01 9.719168572299452524e-01 -5.196798160982130099e-02 2.869847830825585699e+00
-1.041268144859421207e+00 -6.512725262345231414e-02 5.786826135300684459e-01 9.717955208779932574e-01 -4.864925480499859844e-02 2.882113127653205709e+00
-1.038721034063537330e+00 -6.159329689458115098e-02 5.556918957161189887e-01 9.716937073037484884e-01 -4.536842919628725213e-02 2.894370918427152883e+00
-1.036152499322626319e+00 -5.821697280884929881e-02 5.320986406671376345e-01 9.716092737200319185e-01 -4.212397351294594472e-02 2.906619863858170838e+00
-1.033564009509790660e+00 -5.499996291411868299e-02 5.079014073715613087e-01 9.715400499234702059e-01 -3.891444837391411227e-02 2.918858619708854185e+00
-1.030957165925464603e+00 -5.194394441114358330e-02 4.831034749359156000e-01 9.714838448626667011e-01 -3.573850766596642359e-02 2.931085836935695355e+00
-1.028333730209390229e+00 -4.905056591575007729e-02 4.577138172230862390e-01 9.714384536152923522e-01 -3.259489965546435997e-02 2.943300161829876860e+00
-1.025695653690841258e+00 -4.632141872299833096e-02 4.317475707518949601e-01 9.714016648387564512e-01 -2.948246782192587290e-02 2.955500236157275751e+00
-1.023045102223023139e+00 -4.375801159326719869e-02 4.052253852764752806e-01 9.713712687797598777e-01 -2.640015139991724880e-02 2.967684697298235807e+00
-1.020384467224720870e+00 -4.136176781822875625e-02 3.781710198333473327e-01 9.713450659557055777e-01 -2.334698561338655054e-02 2.979852178387776274e+00
-1.017716351830457722e+00 -3.913407463208873338e-02 3.506070140126259504e-01 9.713208766609975342e-01 -2.032210158363056962e-02 2.992001308457015618e+00
-1.015043523958548688e+00 -3.707642139893962963e-02 3.225497082622659217e-01 9.712965515094174052e-01 -1.732472588819700121e-02 3.004130712576722928e+00
-1.012368840205449594e+00 -3.519064957333384314e-02 2.940078960390987151e-01 9.712699833072131472e-01 -1.435417974235519978e-02 3.016239012004168440e+00
-1.009695169978057860e+00 -3.347927706960440730e-02 2.649943032555380218e-01 9.712391206830693902e-01 -1.140987776767499184e-02 3.028324824334719612e+00
-1.007025388156230328e+00 -3.194571217203989733e-02 2.355652343434495866e-01 9.712019841103537443e-01 -8.491326302357826705e-03 3.040386763660103409e+00
-1.004362545384936078e+00 -3.059389496183317902e-02 2.059081102925255369e-01 9.711566853091564422e-01 -5.598121194543281831e-03 3.052423440735935856e+00
-1.001710336573317983e+00 -2.942649548595355213e-02 1.764925217462849916e-01 9.711014516477896041e-01 -2.729945002014844135e-03 3.064433463162242077e+00
-9.990739185016913604e-01 -2.844041992199741742e-02 1.482766340747372902e-01 9.710346583820379518e-01 1.134365006931759012e-04 3.076415435582634750e+00
-9.964609196119347256e-01 -2.761868693668922958e-02 1.229014008646254208e-01 9.709548741709685959e-01 2.932178626324777326e-03 3.088367959911495930e+00
-9.938820596844240018e-01 -2.692077534788239745e-02 1.026848227548897569e-01 9.708609316564259517e-01 5.726362978769827805e-03 3.100289635606437777e+00
-9.913498664453463949e-01 -2.628506957989440451e-02 9.000923908768301840e-02 9.707520537562114304e-01 8.496003267556950789e-03 3.112179060023847033e+00
