-8.533162109464020872e-01 -6.781095002725056947e-04 -5.606754443142408784e-02 9.263125486963756927e-01 -4.632315531666866132e-02 -3.200299193067261516e+00
-8.533162109464020872e-01 -6.781095002725056947e-04 -5.606754443142408784e-02 9.263125486963756927e-01 -4.632315531666866132e-02 -3.200299193067261516e+00
-8.532963235055204265e-01 -6.881012020626025346e-04 -5.764063843079481747e-02 9.264100543420228373e-01 -4.632979530953119235e-02 -3.200239682553974951e+00
-8.532559337632181773e-01 -7.081642451804759158e-04 -6.071539656487496411e-02 9.266028676274761233e-01 -4.634292711821805938e-02 -3.200120809925208309e+00
-8.531944865287418578e-01 -7.384725752615685238e-04 -6.522204136123448126e-02 9.268887894577563236e-01 -4.636238585511888444e-02 -3.199942723804924061e+00
-8.531114848464981248e-01 -7.792934592729896691e-04 -7.109244465770131471e-02 9.272656197528436062e-01 -4.638799077151083139e-02 -3.199705573048492901e+00
-8.530064892175345248e-01 -8.309857790583915962e-04 -7.826012299415170681e-02 9.277311575470760241e-01 -4.641954610464980174e-02 -3.199409506747829202e+00
-8.528791173969014761e-01 -8.939976735049752054e-04 -8.666023155206771522e-02 9.282832010842791970e-01 -4.645684192236827770e-02 -3.199054674236404328e+00
-8.527290446833145632e-01 -9.688635911293808339e-04 -9.622955671394020638e-02 9.289195479090467389e-01 -4.649965496505695239e-02 -3.198641225094143614e+00
-8.525560046160658434e-01 -1.056200808127875359e-03 -1.069065073126729826e-01 9.296379949545907628e-01 -4.654774948490939673e-02 -3.198169309152205209e+00
-8.523597899942624290e-01 -1.156705461780592990e-03 -1.186311046392282825e-01 9.304363386275761316e-01 -4.660087808231074685e-02 -3.197639076497640787e+00
-8.521402541349498705e-01 -1.271148145349819143e-03 -1.313449712748485931e-01 9.313123748903491261e-01 -4.665878253925294372e-02 -3.197050677477939917e+00
-8.518973122892959937e-01 -1.400369108066750476e-03 -1.449913188122986252e-01 9.322638993409667618e-01 -4.672119464966000002e-02 -3.196404262705458521e+00
-8.516309431395915341e-01 -1.545273102254502394e-03 -1.595149345286962506e-01 9.332887072914272109e-01 -4.678783704650816416e-02 -3.195699983061730087e+00
-8.513411903042145124e-01 -1.706823918884978631e-03 -1.748621670706459186e-01 9.343845938444992338e-01 -4.685842402562624687e-02 -3.194937989701661429e+00
-8.510281637827646906e-01 -1.886038652719216387e-03 -1.909809112105544104e-01 9.355493539695430849e-01 -4.693266236606209729e-02 -3.194118434057614309e+00
-8.506920412791957320e-01 -2.083981738452510453e-03 -2.078205917311988782e-01 9.367807825777100250e-01 -4.701025214690134763e-02 -3.193241467843370263e+00
-8.503330693468246215e-01 -2.301758799809389827e-03 -2.253321464938332908e-01 9.380766745969043585e-01 -4.709088756042483642e-02 -3.192307243057982635e+00
-8.499515643055023384e-01 -2.540510354158720743e-03 -2.434680087433629125e-01 9.394348250468855799e-01 -4.717425772149072549e-02 -3.191315911989511811e+00
-8.495479128878679065e-01 -2.801405415813533212e-03 -2.621820887023897373e-01 9.408530291148844427e-01 -4.726004747302715858e-02 -3.190267627218648983e+00
-8.491225725784010692e-01 -3.085635041630542530e-03 -2.814297545042344639e-01 9.423290822320994353e-01 -4.734793818752058847e-02 -3.189162541622224012e+00
-8.486760716158445739e-01 -3.394405862737284469e-03 -3.011678125133763206e-01 9.438607801514388163e-01 -4.743760856438435092e-02 -3.188000808376598716e+00
-8.482090086363927028e-01 -3.728933646116198552e-03 -3.213544870801186004e-01 9.454459190268642566e-01 -4.752873542309086347e-02 -3.186782580960950018e+00
-8.477220519417719702e-01 -4.090436929309897510e-03 -3.419493997746896330e-01 9.470822954946888084e-01 -4.762099449194999445e-02 -3.185508013160435414e+00
-8.472159383828787860e-01 -4.480130770643343113e-03 -3.629135481444225597e-01 9.487677067571779199e-01 -4.771406119241457938e-02 -3.184177259069247423e+00
-8.466914718559243047e-01 -4.899220656066953505e-03 -3.842092840361270301e-01 9.504999506687908939e-01 -4.780761141879259768e-02 -3.182790473093554340e+00
-8.461495214140060117e-01 -5.348896602005806869e-03 -4.058002915242689967e-01 9.522768258253990759e-01 -4.790132231324399636e-02 -3.181347809954326866e+00
-8.455910190026043605e-01 -5.830327491464234492e-03 -4.276515644841127894e-01 9.540961316568125072e-01 -4.799487303593828746e-02 -3.179849424690051940e+00
-8.450169568326542091e-01 -6.344655678105019445e-03 -4.497293838475525107e-01 9.559556685229371187e-01 -4.808794553024708235e-02 -3.178295472659333321e+00
-8.444283844095128444e-01 -6.892991890131548553e-03 -4.720012945779666902e-01 9.578532378138822079e-01 -4.818022528284364447e-02 -3.176686109543378045e+00
-8.438264052403002813e-01 -7.476410462591960571e-03 -4.944360823990707199e-01 9.597866420543269550e-01 -4.827140207857914117e-02 -3.175021491348370972e+00
-8.432121732457059649e-01 -8.095944923245931846e-03 -5.170037503114172095e-01 9.617536850124532855e-01 -4.836117075000304771e-02 -3.173301774407733866e+00
-8.425868889054107802e-01 -8.752583953441597786e-03 -5.396754949289001013e-01 9.637521718137602722e-01 -4.844923192139310997e-02 -3.171527115384271234e+00
-8.419517951687631729e-01 -9.447267741600021487e-03 -5.624236826663611133e-01 9.657799090600200920e-01 -4.853529274715601832e-02 -3.169697671272203809e+00
-8.413081731642684247e-01 -1.018088474295684304e-02 -5.852218258081672841e-01 9.678347049536787372e-01 -4.861906764445880075e-02 -3.167813599399086133e+00
-8.406573377428149252e-01 -1.095426885522462340e-02 -6.080445584864314634e-01 9.699143694279807049e-01 -4.870027901994771619e-02 -3.165875057427609995e+00
-8.400006328903816266e-01 -1.176819701587272261e-02 -6.308676125963827985e-01 9.720167142830897777e-01 -4.877865799040818906e-02 -3.163882203357295531e+00
-8.393394270462708473e-01 -1.262338722282955322e-02 -6.536677936752555151e-01 9.741395533284726849e-01 -4.885394509721655010e-02 -3.161835195526065068e+00
-8.386751083627282943e-01 -1.352049697664598968e-02 -6.764229567699570067e-01 9.762807025318058773e-01 -4.892589101443101801e-02 -3.159734192611702408e+00
-8.380090799411723523e-01 -1.446012213856524842e-02 -6.991119823176968895e-01 9.784379801746555527e-01 -4.899425725036624796e-02 -3.157579353633198860e+00
-8.373427550792028606e-01 -1.544279619556496001e-02 -7.217147520627040791e-01 9.806092070151777307e-01 -4.905881684249240038e-02 -3.155370837951980700e+00
-8.366775525611438447e-01 -1.646898992030671610e-02 -7.442121250311349856e-01 9.827922064580744133e-01 -4.911935504549639481e-02 -3.153108805273022508e+00
-8.360148920231280645e-01 -1.753911141107625943e-02 -7.665859135852725048e-01 9.849848047320364230e-01 -4.917567001233964091e-02 -3.150793415645844142e+00
-8.353561894217189643e-01 -1.865350649424653978e-02 -7.888188595771422618e-01 9.871848310748969624e-01 -4.922757346814293777e-02 -3.148424829465389152e+00
-8.347028526328186260e-01 -1.981245946956226162e-02 -8.108946106207194360e-01 9.893901179267090562e-01 -4.927489137672588781e-02 -3.146003207472789054e+00
-8.340562772051897111e-01 -2.101619417663890335e-02 -8.327976965009729060e-01 9.915985011309580432e-01 -4.931746459962457751e-02 -3.143528710756007261e+00
-8.334178422903628647e-01 -2.226487535949563459e-02 -8.545135057370876197e-01 9.938078201441049586e-01 -4.935514954740765486e-02 -3.141001500750365327e+00
-8.327889067680601665e-01 -2.355861030469894729e-02 -8.760282623163243576e-01 9.960159182536756362e-01 -4.938781882310734617e-02 -3.138421739238952846e+00
-8.321708055841722240e-01 -2.489745072669486553e-02 -8.973290026141446107e-01 9.982206460295302008e-01 -4.941536184794786957e-02 -3.135789588056027810e+00
-8.315648463137909063e-01 -2.628139487647173506e-02 -9.184035525153300128e-01 1.000419861562062973e+00 -4.943768545387169228e-02 -3.133105209087187593e+00
-8.309723059610326645e-01 -2.771038984630490309e-02 -9.392405047500403947e-01 1.002611430705343087e+00 -4.945471446593578679e-02 -3.130368764269420900e+00
-8.303944280041385406e-01 -2.918433404431350006e-02 -9.598291964579541702e-01 1.004793227329076277e+00 -4.946639227442067160e-02 -3.127580415591041163e+00
-8.298324196918320794e-01 -3.070307981279869411e-02 -9.801596869928598244e-01 1.006963133579506398e+00 -4.947268139647535007e-02 -3.124740325091496906e+00
-8.292874495945207203e-01 -3.226643616481065374e-02 -1.000222735979310107e+00 1.009119040149365487e+00 -4.947356402711829138e-02 -3.121848654861061334e+00
-8.287606454116728250e-01 -3.387417161408372984e-02 -1.020009781632212897e+00 1.011258846556974733e+00 -4.946904257941134309e-02 -3.118905567040402449e+00
-8.282530920345981817e-01 -3.552601707436119083e-02 -1.039512919349515840e+00 1.013380461434582935e+00 -4.945914021362060597e-02 -3.115911223820027942e+00
-8.277658298619233745e-01 -3.722166880517663312e-02 -1.058724880587443851e+00 1.015481802826026403e+00 -4.944390135517529039e-02 -3.112865787439608845e+00
-8.272998533632928142e-01 -3.896079138234331135e-02 -1.077639012027068466e+00 1.017560798493782004e+00 -4.942339220123269372e-02 -3.109769420187182831e+00
-8.268561098852439395e-01 -4.074302067270029609e-02 -1.096249255040327775e+00 1.019615386235475096e+00 -4.939770121565471850e-02 -3.106622284398229628e+00
-8.264354986918103219e-01 -4.256796679405117079e-02 -1.114550125462975494e+00 1.021643514209896519e+00 -4.936693961219859594e-02 -3.103424542454627844e+00
-8.260388702311914910e-01 -4.443521704268389022e-02 -1.132536693681313267e+00 1.023643141272571278e+00 -4.933124182572178745e-02 -3.100176356783484799e+00
-8.256670256187974566e-01 -4.634433877235754479e-02 -1.150204565038956961e+00 1.025612237320910003e+00 -4.929076597119881609e-02 -3.096877889855842891e+00
-8.253207163261190304e-01 -4.829488221016296767e-02 -1.167549860569299769e+00 1.027548783648972508e+00 -4.924569429034498375e-02 -3.093529304185261619e+00
-8.250006440641886041e-01 -5.028638319619095631e-02 -1.184569198058770256e+00 1.029450773311854084e+00 -4.919623358563979254e-02 -3.090130762326273928e+00
-8.247074608498713433e-01 -5.231836583545722980e-02 -1.201259673445429499e+00 1.031316211499699431e+00 -4.914261564154094597e-02 -3.086682426872718210e+00
-8.244417692424507171e-01 -5.439034505340614722e-02 -1.217618842556911440e+00 1.033143115929303857e+00 -4.908509763181645447e-02 -3.083184460461909637e+00
-8.242041227390179969e-01 -5.650182904365103065e-02 -1.233644703191220326e+00 1.034929517238224239e+00 -4.902396251435273133e-02 -3.079637025772710590e+00
-8.239950263157174160e-01 -5.865232160208201651e-02 -1.249335677543388812e+00 1.036673459388484320e+00 -4.895951941249161027e-02 -3.076040285523475859e+00
-8.238149371023911760e-01 -6.084132434147032642e-02 -1.264690594980522942e+00 1.038373000079838793e+00 -4.889210398267867380e-02 -3.072394402469869945e+00
-8.236642651782902780e-01 -6.306833878197069809e-02 -1.279708675167295473e+00 1.040026211172545789e+00 -4.882207876820367914e-02 -3.068699539402557352e+00
-8.235433744767314268e-01 -6.533286831412274398e-02 -1.294389511543507565e+00 1.041631179119598904e+00 -4.874983353881216785e-02 -3.064955859144763650e+00
-8.234525837868802434e-01 -6.763442003207295605e-02 -1.308733055154911451e+00 1.043186005408343053e+00 -4.867578561596692943e-02 -3.061163524549710413e+00
-8.233921678412102763e-01 -6.997250643577915263e-02 -1.322739598838072350e+00 1.044688807011401988e+00 -4.860038018353646239e-02 -3.057322698497920044e+00
-8.233623584776122994e-01 -7.234664700191581477e-02 -1.336409761759658643e+00 1.046137716846826660e+00 -4.852409058368697958e-02 -3.053433543894392255e+00
-8.233633458656141046e-01 -7.475636962407199160e-02 -1.349744474310168529e+00 1.047530884247370953e+00 -4.844741859775364423e-02 -3.049496223665650874e+00
-8.233952797866809226e-01 -7.720121192362308649e-02 -1.362744963351741223e+00 1.048866475438780199e+00 -4.837089471186682699e-02 -3.045510900756662309e+00
-8.234582709591204974e-01 -7.968072243336540850e-02 -1.375412737819354136e+00 1.050142674026978362e+00 -4.829507836710836971e-02 -3.041477738127624786e+00
-8.235523923986823869e-01 -8.219446165662977477e-02 -1.387749574674378206e+00 1.051357681494021534e+00 -4.822055819397315368e-02 -3.037396898750624796e+00
-8.236776808065263689e-01 -8.474200300514002360e-02 -1.399757505209148212e+00 1.052509717702680092e+00 -4.814795223091129089e-02 -3.033268545606168320e+00
-8.238341379768243655e-01 -8.732293361935790366e-02 -1.411438801700906520e+00 1.053597021409494960e+00 -4.807790812672691622e-02 -3.029092841679576598e+00
-8.240217322168483793e-01 -8.993685507546003710e-02 -1.422795964413192005e+00 1.054617850786149669e+00 -4.801110332660980112e-02 -3.024869949957256221e+00
-8.242403997729842446e-01 -9.258338398343039788e-02 -1.433831708942475913e+00 1.055570483948989446e+00 -4.794824524157677986e-02 -3.020600033422835562e+00
-8.244900462566837618e-01 -9.526215248102649913e-02 -1.444548953907593303e+00 1.056453219496495954e+00 -4.789007140110192878e-02 -3.016283255053171963e+00
-8.247705480649279997e-01 -9.797280862859376882e-02 -1.454950808979270871e+00 1.057264377054532467e+00 -4.783734958871465465e-02 -3.011919777814228372e+00
-8.250817537903175625e-01 -1.007150167098647131e-01 -1.465040563246827521e+00 1.058002297829152782e+00 -4.779087796034670738e-02 -3.007509764656818074e+00
-8.254234856164253120e-01 -1.034884574439920574e-01 -1.474821673918907949e+00 1.058665345166760030e+00 -4.775148514521134618e-02 -3.003053378512219762e+00
-8.257955406945457488e-01 -1.062928281141320430e-01 -1.484297755354902826e+00 1.059251905121390891e+00 -4.772003032899932440e-02 -2.998550782287662475e+00
-8.261976924984486548e-01 -1.091278426179201483e-01 -1.493472568423526159e+00 1.059760387028889417e+00 -4.769740331917901588e-02 -2.994002138861677764e+00
-8.266296921541886888e-01 -1.119932314451708016e-01 -1.502350010184834161e+00 1.060189224087725091e+00 -4.768452459219019168e-02 -2.989407611079323068e+00
-8.270912697424437354e-01 -1.148887415880886359e-01 -1.510934103891810709e+00 1.060536873946198444e+00 -4.768234532232414752e-02 -2.984767361747273640e+00
-8.275821355712454919e-01 -1.178141363892063059e-01 -1.519228989307485289e+00 1.060801819295768444e+00 -4.769184739208546381e-02 -2.980081553628785240e+00
-8.281019814173263827e-01 -1.207691953321656242e-01 -1.527238913333408110e+00 1.060982568470221432e+00 -4.771404338383452431e-02 -2.975350349438524500e+00
-8.286504817346445062e-01 -1.237537137803384896e-01 -1.534968220945174266e+00 1.061077656050396723e+00 -4.774997655251311118e-02 -2.970573911837271819e+00
-8.292272948289545198e-01 -1.267675026681453487e-01 -1.542421346430565388e+00 1.061085643474170670e+00 -4.780072077925913432e-02 -2.965752403426492378e+00
-8.298320639975719226e-01 -1.298103881497739975e-01 -1.549602804925765520e+00 1.061005119651389883e+00 -4.786738050572100084e-02 -2.960885986742779696e+00
-8.304644186337326595e-01 -1.328822112098340669e-01 -1.556517184245008067e+00 1.060834701583437401e+00 -4.795109064888632144e-02 -2.955974824252168176e+00
-8.311239752951806725e-01 -1.359828272403039440e-01 -1.563169136998913800e+00 1.060573034987098762e+00 -4.805301649624465349e-02 -2.951019078344318203e+00
-8.318103387368164237e-01 -1.391121055879409041e-01 -1.569563372996700013e+00 1.060218794922396013e+00 -4.817435358110811611e-02 -2.946018911326572898e+00
-8.325231029074267042e-01 -1.422699290761325897e-01 -1.575704651927362976e+00 1.059770686424033936e+00 -4.831632753792029084e-02 -2.940974485417886086e+00
-8.332618519106707033e-01 -1.454561935049712984e-01 -1.581597776314873194e+00 1.059227445136106338e+00 -4.848019393738804694e-02 -2.935885962742624145e+00
-8.340261609306414137e-01 -1.486708071331338255e-01 -1.587247584742360607e+00 1.058587837949689581e+00 -4.866723810127734223e-02 -2.930753505324240393e+00
-8.348155971224383576e-01 -1.519136901449492649e-01 -1.592658945340218901e+00 1.057850663642948996e+00 -4.887877489672009385e-02 -2.925577275078823369e+00
-8.356297204682942015e-01 -1.551847741058377805e-01 -1.597836749533016132e+00 1.057014753523369377e+00 -4.911614850988585412e-02 -2.920357433808518977e+00
-8.364680845998798686e-01 -1.584840014091052629e-01 -1.602785906040061104e+00 1.056078972071712307e+00 -4.938073219887792464e-02 -2.915094143194830068e+00
-8.373302375874891457e-01 -1.618113247168835866e-01 -1.607511335124447216e+00 1.055042217587297326e+00 -4.967392802572130617e-02 -2.909787564791788572e+00
-8.382157226968575126e-01 -1.651667063978138061e-01 -1.612017963085374372e+00 1.053903422834188586e+00 -4.999716656731679337e-02 -2.904437860019007278e+00
-8.391240791144172206e-01 -1.685501179638824731e-01 -1.616310716988533347e+00 1.052661555687863348e+00 -5.035190660524331563e-02 -2.899045190154607710e+00
-8.400548426418247283e-01 -1.719615395086379339e-01 -1.620394519629326568e+00 1.051315619781932886e+00 -5.073963479429792478e-02 -2.893609716328026771e+00
-8.410075463606188073e-01 -1.754009591488362996e-01 -1.624274284723697059e+00 1.049864655154471471e+00 -5.116186530967109514e-02 -2.888131599512702596e+00
-8.419817212678855078e-01 -1.788683724713949208e-01 -1.627954912321339043e+00 1.048307738893505370e+00 -5.162013947266398672e-02 -2.882611000518641831e+00
-8.429768968838102783e-01 -1.823637819873661081e-01 -1.631441284436069727e+00 1.046643985781200881e+00 -5.211602535486260096e-02 -2.877048079984866558e+00
-8.439926018319996448e-01 -1.858871965944841054e-01 -1.634738260888153771e+00 1.044872548936289558e+00 -5.265111736069263970e-02 -2.871442998371746214e+00
-8.450283643934485278e-01 -1.894386310496863901e-01 -1.637850675353393015e+00 1.042992620454250119e+00 -5.322703578828845428e-02 -2.865795915953211370e+00
-8.460837130350178370e-01 -1.930181054528645468e-01 -1.640783331613808516e+00 1.041003432044774080e+00 -5.384542636861826964e-02 -2.860106992808852500e+00
-8.471581769132726647e-01 -1.966256447429605148e-01 -1.643541000004774322e+00 1.038904255666018850e+00 -5.450795978281867959e-02 -2.854376388815907717e+00
-8.482512863545113024e-01 -2.002612782073927844e-01 -1.646128414053489974e+00 1.036694404155153126e+00 -5.521633115770124833e-02 -2.848604263641135059e+00
-8.493625733117946552e-01 -2.039250390056706885e-01 -1.648550267303710015e+00 1.034373231854692987e+00 -5.597225953940409421e-02 -2.842790776732574631e+00
-8.504915717997620916e-01 -2.076169637079373631e-01 -1.650811210321691869e+00 1.031940135234118427e+00 -5.677748734517162194e-02 -2.836936087311203281e+00
-8.516378183079902353e-01 -2.113370918490694861e-01 -1.652915847878359212e+00 1.029394553506251642e+00 -5.763377979325760847e-02 -2.831040354362479139e+00
-8.528008521936305542e-01 -2.150854654988566261e-01 -1.654868736302725019e+00 1.026735969237876134e+00 -5.854292431095722837e-02 -2.825103736627780027e+00
-8.539802160540269638e-01 -2.188621288486844452e-01 -1.656674381001665530e+00 1.023963908954065749e+00 -5.950672992078522017e-02 -2.819126392595739716e+00
-8.551754560799916804e-01 -2.226671278150528233e-01 -1.658337234141185501e+00 1.021077943735689830e+00 -6.052702660482912889e-02 -2.813108480493477170e+00
-8.563861223903852515e-01 -2.265005096601741819e-01 -1.659861692484368101e+00 1.018077689809556707e+00 -6.160566464731791897e-02 -2.807050158277728524e+00
-8.576117693486225990e-01 -2.303623226298160409e-01 -1.661252095381261285e+00 1.014962809130645072e+00 -6.274451395546012944e-02 -2.800951583625877372e+00
-8.588519558616946048e-01 -2.342526156084773215e-01 -1.662512722906004159e+00 1.011733009955877227e+00 -6.394546335861561737e-02 -2.794812913926889131e+00
-8.601062456622720065e-01 -2.381714377919188219e-01 -1.663647794136563496e+00 1.008388047408985244e+00 -6.521041988584200255e-02 -2.788634306272148589e+00
-8.613742075744308391e-01 -2.421188383770040420e-01 -1.664661465572506938e+00 1.004927724035694858e+00 -6.654130802198017502e-02 -2.782415917446205533e+00
-8.626554157635117903e-01 -2.460948662687480193e-01 -1.665557829686307834e+00 1.001351890348774809e+00 -6.794006894234685956e-02 -2.776157903917427561e+00
-8.639494499706058539e-01 -2.500995698044178872e-01 -1.666340913603737706e+00 9.976604453623867386e-01 -6.940865972615194168e-02 -2.769860421828565844e+00
-8.652558957321325739e-01 -2.541329964944800124e-01 -1.667014677908973841e+00 9.938533371151606621e-01 -7.094905254877170719e-02 -2.763523626987231641e+00
-8.665743445849579674e-01 -2.581951927801437452e-01 -1.667583015570115235e+00 9.899305631814266926e-01 -7.256323385302310136e-02 -2.757147674856290642e+00
-8.679043942574787840e-01 -2.622862038072122925e-01 -1.668049750980870272e+00 9.858921711700276980e-01 -7.425320349959695088e-02 -2.750732720544172949e+00
-8.692456488470801101e-01 -2.664060732159139189e-01 -1.668418639114251700e+00 9.817382592101363548e-01 -7.602097389682295481e-02 -2.744278918795104882e+00
-8.705977189843592257e-01 -2.705548429463561222e-01 -1.668693364784186173e+00 9.774689764234973932e-01 -7.786856910995371139e-02 -2.737786423979263084e+00
-8.719602219844887481e-01 -2.747325530592157894e-01 -1.668877542011017567e+00 9.730845233825137219e-01 -7.979802395016938332e-02 -2.731255390082854007e+00
-8.733327819860805530e-01 -2.789392415712541040e-01 -1.668974713486958139e+00 9.685851525535956741e-01 -8.181138304351900925e-02 -2.724685970698120130e+00
-8.747150300778984144e-01 -2.831749443052234971e-01 -1.668988350137617260e+00 9.639711687251912853e-01 -8.391069988002991531e-02 -2.718078319013279120e+00
-8.761066044137549857e-01 -2.874396947537150027e-01 -1.668921850775809013e+00 9.592429294199149581e-01 -8.609803584323039161e-02 -2.711432587802394156e+00
-8.775071503159176389e-01 -2.917335239564798899e-01 -1.668778541843920271e+00 9.544008452901922013e-01 -8.837545922034766022e-02 -2.704748929415181635e+00
-8.789163203673385771e-01 -2.960564603907460124e-01 -1.668561677241192420e+00 9.494453804968380206e-01 -9.074504419345676143e-02 -2.698027495766758932e+00
-8.803337744930179731e-01 -3.004085298740401533e-01 -1.668274438232351331e+00 9.443770530699907573e-01 -9.320886981187181952e-02 -2.691268438327331314e+00
-8.817591800307981176e-01 -3.047897554790194863e-01 -1.667919933434089508e+00 9.391964352518193948e-01 -9.576901894608647048e-02 -2.684471908111826455e+00
-8.831922117918817872e-01 -3.092001574598107760e-01 -1.667501198875990021e+00 9.339041538204266857e-01 -9.842757722358785877e-02 -2.677638055669476991e+00
-8.846325521113652668e-01 -3.136397531893519441e-01 -1.667021198132550897e+00 9.285008903943737790e-01 -1.011866319468797126e-01 -2.670767031073353337e+00
-8.860798908890645809e-01 -3.181085571072310159e-01 -1.666482822523050134e+00 9.229873817172545847e-01 -1.040482709940702133e-01 -2.663858983909851208e+00
-8.875339256209175964e-01 -3.226065806775166300e-01 -1.665888891376064551e+00 9.173644199217466655e-01 -1.070145817023938628e-01 -2.656914063268137838e+00
-8.889943614212353351e-01 -3.271338323560779582e-01 -1.665242152355536742e+00 9.116328527725768849e-01 -1.100876497350523064e-01 -2.649932417729558232e+00
-8.904609110360751645e-01 -3.316903175668956538e-01 -1.664545281845355440e+00 9.057935838878362622e-01 -1.132695579317765378e-01 -2.642914195357006779e+00
-8.919332948480065415e-01 -3.362760386868705043e-01 -1.663800885389494333e+00 8.998475729380858157e-01 -1.165623851435275415e-01 -2.635859543684267337e+00
-8.934112408725364274e-01 -3.408909950386437293e-01 -1.663011498184828518e+00 8.937958358227048317e-01 -1.199682050517678344e-01 -2.628768609705323112e+00
-8.948944847464622709e-01 -3.455351828909504763e-01 -1.662179585623822620e+00 8.876394448229283363e-01 -1.234890849727541540e-01 -2.621641539863643455e+00
-8.963827697084163493e-01 -3.502085954660377198e-01 -1.661307543884358973e+00 8.813795287310348670e-01 -1.271270846473165073e-01 -2.614478480041448449e+00
-8.978758465718659210e-01 -3.549112229536865448e-01 -1.660397700564049783e+00 8.750172729551491946e-01 -1.308842550166038898e-01 -2.607279575548955730e+00
-8.993734736908329808e-01 -3.596430525313910609e-01 -1.659452315356449770e+00 8.685539195991299755e-01 -1.347626369842942207e-01 -2.600044971113615322e+00
-9.008754169185956284e-01 -3.644040683902564637e-01 -1.658473580766657740e+00 8.619907675170208616e-01 -1.387642601657816666e-01 -2.592774810869332036e+00
-9.023814495596329532e-01 -3.691942517661917500e-01 -1.657463622863868835e+00 8.553291723415509251e-01 -1.428911416248702937e-01 -2.585469238345683873e+00
-9.038913523150737817e-01 -3.740135809759853047e-01 -1.656424502068511551e+00 8.485705464861785785e-01 -1.471452845985175006e-01 -2.578128396457135985e+00
-9.054049132219109675e-01 -3.788620314578640680e-01 -1.655358213971670933e+00 8.417163591201812789e-01 -1.515286772101893942e-01 -2.570752427492259518e+00
-9.069219275862404617e-01 -3.837395758161519232e-01 -1.654266690184573285e+00 8.347681361163044045e-01 -1.560432911724014549e-01 -2.563341473102954016e+00
-9.084421979107839551e-01 -3.886461838696551596e-01 -1.653151799215973439e+00 8.277274599704876890e-01 -1.606910804790381564e-01 -2.555895674293680031e+00
-9.099655338169524432e-01 -3.935818227034187378e-01 -1.652015347375356047e+00 8.205959696932004777e-01 -1.654739800880585254e-01 -2.548415171410705948e+00
-9.114917519617103947e-01 -3.985464567235101341e-01 -1.650859079699928067e+00 8.133753606719305029e-01 -1.703939045952078679e-01 -2.540900104131373904e+00
-9.130206759494930990e-01 -4.035400477145024700e-01 -1.649684680903447775e+00 8.060673845043749841e-01 -1.754527468993747896e-01 -2.533350611453387025e+00
-9.145521362394337661e-01 -4.085625548993431222e-01 -1.648493776344996942e+00 7.986738488018999549e-01 -1.806523768602450730e-01 -2.525766831684124192e+00
-9.160859700481536194e-01 -4.136139350013084415e-01 -1.647287933015873618e+00 7.911966169628426027e-01 -1.859946399489205704e-01 -2.518148902429985014e+00
-9.176220212483650052e-01 -4.186941423077591429e-01 -1.646068660542840290e+00 7.836376079152455043e-01 -1.914813558921836800e-01 -2.510496960585771209e+00
-9.191601402635377616e-01 -4.238031287354262489e-01 -1.644837412206027194e+00 7.759987958286216347e-01 -1.971143173111054858e-01 -2.502811142324106175e+00
-9.207001839588755399e-01 -4.289408438969701254e-01 -1.643595585969852779e+00 7.682822097943678985e-01 -2.028952883547066599e-01 -2.495091583084901643e+00
-9.222420155288477694e-01 -4.341072351685707487e-01 -1.642344525525380572e+00 7.604899334744521511e-01 -2.088260033293962703e-01 -2.487338417564870063e+00
-9.237855043815181855e-01 -4.393022477583192753e-01 -1.641085521342594333e+00 7.526241047180168842e-01 -2.149081653249280688e-01 -2.479551779707091175e+00
-9.253305260199105042e-01 -4.445258247751960878e-01 -1.639819811731128896e+00 7.446869151455537406e-01 -2.211434448376263795e-01 -2.471731802690637192e+00
-9.268769619206463917e-01 -4.497779072984325888e-01 -1.638548583908052247e+00 7.366806097003255616e-01 -2.275334783916466430e-01 -2.463878618920259722e+00
-9.284246994100898709e-01 -4.550584344470671172e-01 -1.637272975071349723e+00 7.286074861667161118e-01 -2.340798671590507973e-01 -2.455992360016143294e+00
-9.299736315382264307e-01 -4.603673434495179073e-01 -1.635994073477815780e+00 7.204698946552186012e-01 -2.407841755794865035e-01 -2.448073156803730832e+00
-9.315236569505035424e-01 -4.657045697130083872e-01 -1.634712919524114572e+00 7.122702370537774552e-01 -2.476479299802768208e-01 -2.440121139303625952e+00
-9.330746797578540752e-01 -4.710700468926914963e-01 -1.633430506829818274e+00 7.040109664452214311e-01 -2.546726171977348185e-01 -2.432136436721574757e+00
-9.346266094051205453e-01 -4.764637069603313013e-01 -1.632147783321289625e+00 6.956945864905402788e-01 -2.618596832005348207e-01 -2.424119177438534223e+00
-9.361793605380923644e-01 -4.818854802724110153e-01 -1.630865652315319991e+00 6.873236507777775728e-01 -2.692105317159767530e-01 -2.416069489000831183e+00
-9.377328528693674725e-01 -4.873352956375475720e-01 -1.629584973601487130e+00 6.789007621363291056e-01 -2.767265228599966598e-01 -2.407987498110415459e+00
-9.392870110432404163e-01 -4.928130803831024531e-01 -1.628306564522240762e+00 6.704285719164564394e-01 -2.844089717717842025e-01 -2.399873330615214240e+00
-9.408417644998168239e-01 -4.983187604208887400e-01 -1.627031201049776055e+00 6.619097792338400899e-01 -2.922591472538797475e-01 -2.391727111499589942e+00
-9.423970473385498980e-01 -5.038522603118832377e-01 -1.625759618858796607e+00 6.533471301790184649e-01 -3.002782704186372498e-01 -2.383548964874907750e+00
-9.439527981813873314e-01 -5.094135033298621273e-01 -1.624492514394310971e+00 6.447434169968682127e-01 -3.084675133369353950e-01 -2.375339013970217295e+00
-9.455089600357131641e-01 -5.150024115238859279e-01 -1.623230545933657565e+00 6.361014772252435723e-01 -3.168279976999051062e-01 -2.367097381123054234e+00
-9.470654801572645498e-01 -5.206189057795691522e-01 -1.621974334641990145e+00 6.274241927981554223e-01 -3.253607934897318477e-01 -2.358824187770364844e+00
-9.486223099561824634e-01 -5.262629059111580965e-01 -1.620724465593081920e+00 6.187145002899694379e-01 -3.340669065878311139e-01 -2.350519554442536130e+00
-9.501794048603884324e-01 -5.319343307199729809e-01 -1.619481488781681744e+00 6.099753895101982515e-01 -3.429472771668772291e-01 -2.342183600757723028e+00
-9.517367241792835664e-01 -5.376330980515020563e-01 -1.618245920126766491e+00 6.012099020495247359e-01 -3.520027781067794348e-01 -2.333816445416485585e+00
-9.532942309679236503e-01 -5.433591248511109306e-01 -1.617018242465076749e+00 5.924211297771905249e-01 -3.612342134362783730e-01 -2.325418206196739224e+00
-9.548518918918110776e-01 -5.491123272183345838e-01 -1.615798906534355206e+00 5.836122132899261850e-01 -3.706423168018635472e-01 -2.316988999949036288e+00
-9.564096770924451762e-01 -5.548926204597273149e-01 -1.614588331945746580e+00 5.747863403126520776e-01 -3.802277499657208404e-01 -2.308528942592181998e+00
-9.579675600537619351e-01 -5.606999191402491922e-01 -1.613386908144847531e+00 5.659467440512195857e-01 -3.899911013344453670e-01 -2.300038149109196794e+00
-9.595255174695912492e-01 -5.665341371331741316e-01 -1.612194995360936023e+00 5.570967014975221065e-01 -3.999328845202616001e-01 -2.291516733543635720e+00
-9.610835291122512558e-01 -5.723951876685083873e-01 -1.611012925543934049e+00 5.482395316873525104e-01 -4.100535369365095884e-01 -2.282964808996271078e+00
-9.626415777023981102e-01 -5.782829833799132402e-01 -1.609841003288686956e+00 5.393785939219117864e-01 -4.203534184170374388e-01 -2.274382487622150784e+00
-9.641996487802378946e-01 -5.841974363501281076e-01 -1.608679506746187649e+00 5.305172859319899903e-01 -4.308328098853055899e-01 -2.265769880628040855e+00
-9.657577305782066857e-01 -5.901384581548966279e-01 -1.607528688521393301e+00 5.216590419969793224e-01 -4.414919120623537752e-01 -2.257127098270258259e+00
-9.673158138952173690e-01 -5.961059599053988300e-01 -1.606388776557316156e+00 5.128073310180003563e-01 -4.523308442169619581e-01 -2.248454249852906539e+00
-9.688738919725642385e-01 -6.020998522891972682e-01 -1.605259975005091322e+00 5.039656545464721304e-01 -4.633496429590581167e-01 -2.239751443726520463e+00
-9.704319603715751974e-01 -6.081200456097074492e-01 -1.604142465079757107e+00 4.951375447688444176e-01 -4.745482610781888710e-01 -2.231018787287129879e+00
-9.719900168530921647e-01 -6.141664498242054293e-01 -1.603036405901504979e+00 4.863265624482758231e-01 -4.859265664288656694e-01 -2.222256386975748566e+00
-9.735480612588559568e-01 -6.202389745803871257e-01 -1.601941935322183541e+00 4.775362948240974847e-01 -4.974843408646036913e-01 -2.213464348278298743e+00
-9.751060953948679222e-01 -6.263375292514973269e-01 -1.600859170736864900e+00 4.687703534699712016e-01 -5.092212792224701801e-01 -2.204642775725975667e+00
-9.766641229167944971e-01 -6.324620229700466112e-01 -1.599788209880302681e+00 4.600323721117182685e-01 -5.211369883599480390e-01 -2.195791772896063865e+00
-9.782221492174746347e-01 -6.386123646601378212e-01 -1.598729131608137566e+00 4.513260044058547971e-01 -5.332309862459230221e-01 -2.186911442413208118e+00
-9.797801813165871732e-01 -6.447884630684234120e-01 -1.597681996662723813e+00 4.426549216799486319e-01 -5.455027011075829213e-01 -2.178001885951148076e+00
-9.813382277525284358e-01 -6.509902267937176523e-01 -1.596646848423471710e+00 4.340228106359764748e-01 -5.579514706350072739e-01 -2.169063204234922715e+00
-9.828962984765483579e-01 -6.572175643152882163e-01 -1.595623713641623587e+00 4.254333710179307726e-01 -5.705765412452131757e-01 -2.160095497043549528e+00
-9.844544047491836647e-01 -6.634703840198521441e-01 -1.594612603159396347e+00 4.168903132449973681e-01 -5.833770674074033602e-01 -2.151098863213187329e+00
-9.860125590390286243e-01 -6.697485942273034842e-01 -1.593613512613444083e+00 4.083973560117017954e-01 -5.963521110311333917e-01 -2.142073400640783110e+00
-9.875707749238735733e-01 -6.760521032151989296e-01 -1.592626423122612156e+00 3.999582238564917125e-01 -6.095006409190958374e-01 -2.133019206288213621e+00
-9.891290669942416347e-01 -6.823808192420289798e-01 -1.591651301959969178e+00 3.915766447003007356e-01 -6.228215322861805348e-01 -2.123936376186919439e+00
-9.906874507593459445e-01 -6.887346505693032750e-01 -1.590688103209121351e+00 3.832563473567144330e-01 -6.363135663464387637e-01 -2.114825005443042638e+00
-9.922459425554897017e-01 -6.951135054824778559e-01 -1.589736768404826917e+00 3.750010590154284618e-01 -6.499754299695472692e-01 -2.105685188243065387e+00
-9.938045594569238084e-01 -7.015172923107532155e-01 -1.588797227157946912e+00 3.668145027007749803e-01 -6.638057154083080169e-01 -2.096517017859957921e+00
-9.953633191891743115e-01 -7.079459194457715654e-01 -1.587869397764777979e+00 3.587003947071639720e-01 -6.778029200986835923e-01 -2.087320586659833221e+00
-9.969222400448510824e-01 -7.143992953592429584e-01 -1.586953187800830500e+00 3.506624420133608311e-01 -6.919654465338128668e-01 -2.078095986109113724e+00
-9.984813408019390657e-01 -7.208773286195282459e-01 -1.586048494699125122e+00 3.427043396776016104e-01 -7.062916022133888250e-01 -2.068843306782211400e+00
-1.000040640644577872e+00 -7.273799279072080681e-01 -1.585155206313094034e+00 3.348297682156186061e-01 -7.207795996697237140e-01 -2.059562638369720311e+00
-1.001600159086325048e+00 -7.339070020296785124e-01 -1.584273201464187153e+00 3.270423909642308224e-01 -7.354275565707992790e-01 -2.050254069687157177e+00
-1.003159915895901699e+00 -7.404584599347785456e-01 -1.583402350474291120e+00 3.193458514316988017e-01 -7.502334959033265527e-01 -2.040917688684180220e+00
-1.004719931025402024e+00 -7.470342107227376793e-01 -1.582542515683052375e+00 3.117437706108916462e-01 -7.651953462889036217e-01 -2.031553582452338969e+00
-1.006280224540975210e+00 -7.536341636579700909e-01 -1.581693551950261512e+00 3.042397443107257571e-01 -7.803109423344439799e-01 -2.022161837235286530e+00
-1.007840816555955810e+00 -7.602582281799967756e-01 -1.580855307143437916e+00 2.968373404822940431e-01 -7.955780250647359608e-01 -2.012742538439502127e+00
-1.009401727166428397e+00 -7.669063139135352536e-01 -1.580027622610762794e+00 2.895400965444269170e-01 -8.109942424332122757e-01 -2.003295770645589613e+00
-1.010962976389206958e+00 -7.735783306777714863e-01 -1.579210333639520236e+00 2.823515167087622402e-01 -8.265571499163163471e-01 -1.993821617620073594e+00
-1.012524584102207692e+00 -7.802741884948424245e-01 -1.578403269900205963e+00 2.752750693069444532e-01 -8.422642111920782826e-01 -1.984320162327693149e+00
-1.014086569987196151e+00 -7.869937975975538347e-01 -1.577606255876478736e+00 2.683141841226284185e-01 -8.581127989034044168e-01 -1.974791486944185381e+00
-1.015648953474877603e+00 -7.937370684363616036e-01 -1.576819111281131836e+00 2.614722497310220106e-01 -8.741001955064534590e-01 -1.965235672869552808e+00
-1.017211753692308207e+00 -8.005039116856413894e-01 -1.576041651458268689e+00 2.547526108487431218e-01 -8.902235942043645878e-01 -1.955652800741809250e+00
-1.018774989412598142e+00 -8.072942382492727109e-01 -1.575273687771874931e+00 2.481585656967879583e-01 -9.064800999665330039e-01 -1.946042950451194686e+00
-1.020338679006871363e+00 -8.141079592655622310e-01 -1.574515027980980975e+00 2.416933633795271819e-01 -9.228667306333022680e-01 -1.936406201154852180e+00
-1.021902840398456247e+00 -8.209449861115323266e-01 -1.573765476601619806e+00 2.353602012825970480e-01 -9.393804181060000369e-01 -1.926742631291957775e+00
-1.023467491019266928e+00 -8.278052304065982581e-01 -1.573024835255784515e+00 2.291622224926047613e-01 -9.560180096220495249e-01 -1.917052318599292260e+00
-1.025032647768345573e+00 -8.346886040156588082e-01 -1.572292903007596276e+00 2.231025132415951351e-01 -9.727762691147289198e-01 -1.907335340127246148e+00
-1.026598326972524067e+00 -8.415950190516243712e-01 -1.571569476686899058e+00 2.171841003792337466e-01 -9.896518786570268622e-01 -1.897591772256245424e+00
-1.028164544349170706e+00 -8.485243878774058057e-01 -1.570854351200497989e+00 2.114099488756726597e-01 -1.006641439988887221e+00 -1.887821690713585632e+00
-1.029731314970982581e+00 -8.554766231073873683e-01 -1.570147319831264765e+00 2.057829593580723371e-01 -1.023741476126967198e+00 -1.878025170590662762e+00
-1.031298653232781026e+00 -8.624516376084063740e-01 -1.569448174525333917e+00 2.003059656837341551e-01 -1.040948433055923106e+00 -1.868202286360586717e+00
-1.032866572820273277e+00 -8.694493445002623444e-01 -1.568756706167616644e+00 1.949817325527939404e-01 -1.058258681500059639e+00 -1.858353111896162702e+00
-1.034435086680736138e+00 -8.764696571557774041e-01 -1.568072704845862919e+00 1.898129531634009659e-01 -1.075668518774045790e+00 -1.848477720488227671e+00
-1.036004206995578381e+00 -8.835124892004304620e-01 -1.567395960103501906e+00 1.848022469122763134e-01 -1.093174170711251447e+00 -1.838576184864324503e+00
-1.037573945154743216e+00 -8.905777545115851623e-01 -1.566726261181494273e+00 1.799521571435120926e-01 -1.110771793668111629e+00 -1.828648577207698356e+00
-1.039144311732901560e+00 -8.976653672173343645e-01 -1.566063397249431777e+00 1.752651489484262637e-01 -1.128457476602776177e+00 -1.818694969176598564e+00
-1.040715316467398344e+00 -9.047752416949803589e-01 -1.565407157626116819e+00 1.707436070192301925e-01 -1.146227243226193959e+00 -1.808715431923870298e+00
-1.042286968237900124e+00 -9.119072925691720233e-01 -1.564757331989860001e+00 1.663898335592169930e-01 -1.164077054223594976e+00 -1.798710036116816235e+00
-1.043859275047708479e+00 -9.190614347097182391e-01 -1.564113710578730165e+00 1.622060462520980018e-01 -1.182002809544270061e+00 -1.788678851957311577e+00
-1.045432244006684552e+00 -9.262375832290968836e-01 -1.563476084380995390e+00 1.581943762930473341e-01 -1.200000350757378653e+00 -1.778621949202153107e+00
-1.047005881315748343e+00 -9.334356534796796057e-01 -1.562844245315988090e+00 1.543568664839334303e-01 -1.218065463471416088e+00 -1.768539397183623851e+00
-1.048580192252901666e+00 -9.406555610506889264e-01 -1.562217986405632919e+00 1.506954693951261248e-01 -1.236193879814853736e+00 -1.758431264830254248e+00
-1.050155181160732587e+00 -9.478972217649079823e-01 -1.561597101936869736e+00 1.472120455961706265e-01 -1.254381280975393365e+00 -1.748297620687759402e+00
-1.051730851435355829e+00 -9.551605516751591196e-01 -1.560981387615207439e+00 1.439083619575272088e-01 -1.272623299795139884e+00 -1.738138532940134207e+00
-1.053307205516743617e+00 -9.624454670605692153e-01 -1.560370640709640710e+00 1.407860900254646053e-01 -1.290915523418944666e+00 -1.727954069430884365e+00
-1.054884244880402333e+00 -9.697518844226379331e-01 -1.559764660189160379e+00 1.378468044720879693e-01 -1.309253495993083938e+00 -1.717744297684375310e+00
-1.056461970030350361e+00 -9.770797204811262349e-01 -1.559163246851088980e+00 1.350919816223674630e-01 -1.327632721411374339e+00 -1.707509284927276605e+00
-1.058040380493354471e+00 -9.844288921697792460e-01 -1.558566203441466458e+00 1.325229980599211821e-01 -1.346048666105753355e+00 -1.697249098110083843e+00
-1.059619474814375684e+00 -9.917993166319003517e-01 -1.557973334767714269e+00 1.301411293131813363e-01 -1.364496761878311482e+00 -1.686963803928696048e+00
-1.061199250553188644e+00 -9.991909112157899564e-01 -1.557384447803799699e+00 1.279475486234503689e-01 -1.382972408771754536e+00 -1.676653468846028838e+00
-1.062779704282122317e+00 -1.006603593470063895e+00 -1.556799351788121788e+00 1.259433257962373487e-01 -1.401470977975179499e+00 -1.666318159113644004e+00
-1.064360831584887590e+00 -1.014037281138864044e+00 -1.556217858314337121e+00 1.241294261371329588e-01 -1.419987814762082579e+00 -1.655957940793374217e+00
-1.065942627056442049e+00 -1.021491892156976222e+00 -1.555639781415341760e+00 1.225067094733619522e-01 -1.438518241457464431e+00 -1.645572879778924635e+00
-1.067525084303855065e+00 -1.028967344644865278e+00 -1.555064937640620926e+00 1.210759292620252614e-01 -1.457057560430917054e+00 -1.635163041817429663e+00
-1.069108195948127893e+00 -1.036463556903641114e+00 -1.554493146127175374e+00 1.198377317859216085e-01 -1.475601057112547299e+00 -1.624728492530948420e+00
-1.070691953626931037e+00 -1.043980447409966761e+00 -1.553924228664232299e+00 1.187926554377132238e-01 -1.494144003028655243e+00 -1.614269297437877171e+00
-1.072276347998216028e+00 -1.051517934810918709e+00 -1.553358009751942159e+00 1.179411300930826023e-01 -1.512681658854054367e+00 -1.603785521974261608e+00
-1.073861368744662537e+00 -1.059075937918811050e+00 -1.552794316654261708e+00 1.172834765734086515e-01 -1.531209277477941777e+00 -1.593277231514990344e+00
-1.075447004578920840e+00 -1.066654375705991420e+00 -1.552232979446218630e+00 1.168199061983732356e-01 -1.549722107080290234e+00 -1.582744491394852071e+00
-1.077033243249612582e+00 -1.074253167299620060e+00 -1.551673831055749408e+00 1.165505204287964336e-01 -1.568215394215738412e+00 -1.572187366929438390e+00
-1.078620071548049619e+00 -1.081872231976439336e+00 -1.551116707300300268e+00 1.164753105998890259e-01 -1.586684386901993093e+00 -1.561605923435875232e+00
-1.080207475315634547e+00 -1.089511489157542146e+00 -1.550561446918373942e+00 1.165941577450048117e-01 -1.605124337709818327e+00 -1.551000226253366865e+00
-1.081795439451905372e+00 -1.097170858403147653e+00 -1.550007891596203669e+00 1.169068325098712169e-01 -1.623530506851730948e+00 -1.540370340763537182e+00
-1.083383947923189927e+00 -1.104850259407390789e+00 -1.549455885989732273e+00 1.174129951571787345e-01 -1.641898165266548748e+00 -1.529716332410550494e+00
-1.084972983771830046e+00 -1.112549611993133070e+00 -1.548905277742067099e+00 1.181121956613135904e-01 -1.660222597696996205e+00 -1.519038266720999175e+00
-1.086562529125946197e+00 -1.120268836106800725e+00 -1.548355917496579970e+00 1.190038738929269924e-01 -1.678499105757649046e+00 -1.508336209323543065e+00
-1.088152565209703049e+00 -1.128007851813255913e+00 -1.547807658905819173e+00 1.200873598929459440e-01 -1.696723010990524916e+00 -1.497610225968286635e+00
-1.089743072354046438e+00 -1.135766579290706568e+00 -1.547260358636389777e+00 1.213618742355487834e-01 -1.714889657905702025e+00 -1.486860382545880155e+00
-1.091334030007875100e+00 -1.143544938825661328e+00 -1.546713876369962826e+00 1.228265284795482248e-01 -1.732994417004412036e+00 -1.476086745106333753e+00
-1.092925416749617185e+00 -1.151342850807932194e+00 -1.546168074800563952e+00 1.244803257075458580e-01 -1.751032687782062558e+00 -1.465289379877530385e+00
-1.094517210299178922e+00 -1.159160235725691157e+00 -1.545622819628289735e+00 1.263221611521546661e-01 -1.768999901708770528e+00 -1.454468353283427939e+00
-1.096109387530234791e+00 -1.166997014160582991e+00 -1.545077979549597025e+00 1.283508229085157382e-01 -1.786891525185013263e+00 -1.443623731961938272e+00
-1.097701924482826996e+00 -1.174853106782901113e+00 -1.544533426244303564e+00 1.305649927322674042e-01 -1.804703062470038866e+00 -1.432755582782473613e+00
-1.099294796376246941e+00 -1.182728434346826285e+00 -1.543989034359439128e+00 1.329632469220649593e-01 -1.822430058580760015e+00 -1.421863972863150360e+00
-1.100887977622168279e+00 -1.190622917685734139e+00 -1.543444681490076187e+00 1.355440572856918546e-01 -1.840068102158912700e+00 -1.410948969587640489e+00
-1.102481441838002008e+00 -1.198536477707573544e+00 -1.542900248157270893e+00 1.383057921887419495e-01 -1.857612828304295416e+00 -1.400010640621663693e+00
-1.104075161860447185e+00 -1.206469035390317801e+00 -1.542355617783237154e+00 1.412467176848049011e-01 -1.875059921371975413e+00 -1.389049053929109823e+00
-1.105669109759209068e+00 -1.214420511777492884e+00 -1.541810676663874835e+00 1.443649987260304801e-01 -1.892405117731386976e+00 -1.378064277787786729e+00
-1.107263256850859134e+00 -1.222390827973783400e+00 -1.541265313938767978e+00 1.476587004529030800e-01 -1.909644208485310468e+00 -1.367056380804783755e+00
-1.108857573712808131e+00 -1.230379905140719377e+00 -1.540719421558767399e+00 1.511257895620072844e-01 -1.926773042146752823e+00 -1.356025431931447311e+00
-1.110452030197370377e+00 -1.238387664492445417e+00 -1.540172894251264246e+00 1.547641357505247228e-01 -1.943787527271817472e+00 -1.344971500477961213e+00
-1.112046595445890906e+00 -1.246414027291573801e+00 -1.539625629483262426e+00 1.585715132361533719e-01 -1.960683635046670314e+00 -1.333894656127525558e+00
-1.113641237902912806e+00 -1.254458914845123951e+00 -1.539077527422348712e+00 1.625456023511070436e-01 -1.977457401826787198e+00 -1.322794968950131933e+00
-1.115235925330362532e+00 -1.262522248500548727e+00 -1.538528490895662015e+00 1.666839912088042830e-01 -1.994104931626677679e+00 -1.311672509415927612e+00
-1.116830624821725015e+00 -1.270603949641849972e+00 -1.537978425346953060e+00 1.709841774418234817e-01 -2.010622398558350898e+00 -1.300527348408167638e+00
-1.118425302816191902e+00 -1.278703939685783109e+00 -1.537427238791827966e+00 1.754435700096609319e-01 -2.027006049216813821e+00 -1.289359557235749243e+00
-1.120019925112756276e+00 -1.286822140078154098e+00 -1.536874841771263211e+00 1.800594910747873589e-01 -2.043252205010925859e+00 -1.278169207645327043e+00
-1.121614456884234556e+00 -1.294958472290207441e+00 -1.536321147303474133e+00 1.848291779454701578e-01 -2.059357264437993162e+00 -1.266956371833005690e+00
-1.123208862691194021e+00 -1.303112857815107439e+00 -1.535766070834222008e+00 1.897497850837913669e-01 -2.075317705300528281e+00 -1.255721122455609073e+00
-1.124803106495763760e+00 -1.311285218164514488e+00 -1.535209530185634108e+00 1.948183861772546654e-01 -2.091130086863612014e+00 -1.244463532641523429e+00
-1.126397151675313291e+00 -1.319475474865255071e+00 -1.534651445503613765e+00 2.000319762723361539e-01 -2.106791051951339977e+00 -1.233183676001113449e+00
-1.127990961035972406e+00 -1.327683549456087464e+00 -1.534091739203911731e+00 2.053874739683126949e-01 -2.122297328980898179e+00 -1.221881626636710738e+00
-1.129584496825981166e+00 -1.335909363484564238e+00 -1.533530335916927667e+00 2.108817236696531872e-01 -2.137645733932808323e+00 -1.210557459152174609e+00
-1.131177720748844262e+00 -1.344152838503990921e+00 -1.532967162431308150e+00 2.165114978952434877e-01 -2.152833172255973260e+00 -1.199211248662024332e+00
-1.132770593976276885e+00 -1.352413896070482791e+00 -1.532402147636404033e+00 2.222734996426601883e-01 -2.167856640706121496e+00 -1.187843070800144396e+00
-1.134363077160920108e+00 -1.360692457740118932e+00 -1.531835222463648005e+00 2.281643648056985718e-01 -2.182713229116351794e+00 -1.176453001728062331e+00
-1.135955130448812245e+00 -1.368988445066195547e+00 -1.531266319826910305e+00 2.341806646433125527e-01 -2.197400122098473574e+00 -1.165041118142800647e+00
-1.137546713491597306e+00 -1.377301779596576958e+00 -1.530695374561887645e+00 2.403189082981022073e-01 -2.211914600673897002e+00 -1.153607497284304895e+00
-1.139137785419640503e+00 -1.385632382972614041e+00 -1.530122323398923401e+00 2.465755398590953051e-01 -2.226254031491206042e+00 -1.142152216938993048e+00
-1.140728304853947161e+00 -1.393980176929187742e+00 -1.529547104940517155e+00 2.529469393628078766e-01 -2.240415866274291012e+00 -1.130675355442838370e+00
-1.142318229918276362e+00 -1.402345083291423711e+00 -1.528969659637774425e+00 2.594294247359125727e-01 -2.254397643449572275e+00 -1.119176991684238676e+00
-1.143907518251261024e+00 -1.410727023971426908e+00 -1.528389929765834099e+00 2.660192537904735310e-01 -2.268196989743643588e+00 -1.107657205106669096e+00
-1.145496127018520216e+00 -1.419125920965040644e+00 -1.527807859398323309e+00 2.727126262631076603e-01 -2.281811621732189099e+00 -1.096116075711119242e+00
-1.147084012924752594e+00 -1.427541696348629374e+00 -1.527223394380880395e+00 2.795056859014114492e-01 -2.295239347347846071e+00 -1.084553684058312539e+00
-1.148671132225798308e+00 -1.435974272275889696e+00 -1.526636482303788567e+00 2.863945225944122264e-01 -2.308478067340602458e+00 -1.072970111270706628e+00
-1.150257440740653836e+00 -1.444423570974691096e+00 -1.526047072473759147e+00 2.933751745459413085e-01 -2.321525776689282505e+00 -1.061365439034274383e+00
-1.151842893863433304e+00 -1.452889514743948451e+00 -1.525455115884903678e+00 3.004436304899031907e-01 -2.334380565962927978e+00 -1.049739749600065331e+00
-1.153427446575259863e+00 -1.461372025950528064e+00 -1.524860565188930206e+00 3.075958319462519519e-01 -2.347040622630665485e+00 -1.038093125785544801e+00
-1.155011053456078463e+00 -1.469871027026190102e+00 -1.524263374664597936e+00 3.148276755164872709e-01 -2.359504232318774264e+00 -1.026425650975713699e+00
-1.156593668696377142e+00 -1.478386440464568352e+00 -1.523663500186462239e+00 3.221350152174241588e-01 -2.371769780013655460e+00 -1.014737409124005341e+00
-1.158175246108807288e+00 -1.486918188818189268e+00 -1.523060899192938855e+00 3.295136648519644273e-01 -2.383835751209474996e+00 -1.003028484752961358e+00
-1.159755739139691100e+00 -1.495466194695532991e+00 -1.522455530653717970e+00 3.369594004155500588e-01 -2.395700732999260119e+00 -9.912989629546847814e-01
-1.161335100880407145e+00 -1.504030380758137220e+00 -1.521847355036551885e+00 3.444679625369376774e-01 -2.407363415108265681e+00 -9.795489293910729645e-01
-1.162913284078640919e+00 -1.512610669717745937e+00 -1.521236334273440960e+00 3.520350589518890239e-01 -2.418822590868451528e+00 -9.677784702938275752e-01
-1.164490241149493732e+00 -1.521206984333503653e+00 -1.520622431726242008e+00 3.596563670083416930e-01 -2.430077158132960768e+00 -9.559876724642445422e-01
-1.166065924186437730e+00 -1.529819247409199168e+00 -1.520005612151718921e+00 3.673275362015823164e-01 -2.441126120129518462e+00 -9.441766232727826225e-01
-1.167640284972108145e+00 -1.538447381790557511e+00 -1.519385841666053505e+00 3.750441907379001849e-01 -2.451968586251695559e+00 -9.323454106584124768e-01
-1.169213274988922135e+00 -1.547091310362582739e+00 -1.518763087708835169e+00 3.828019321251697749e-01 -2.462603772787036238e+00 -9.204941231277463665e-01
-1.170784845429517107e+00 -1.555750956046953792e+00 -1.518137319006545694e+00 3.905963417877534871e-01 -2.473031003579740261e+00 -9.086228497539495796e-01
-1.172354947206995845e+00 -1.564426241799473649e+00 -1.517508505535550833e+00 3.984229837060684343e-01 -2.483249710629691798e+00 -8.967316801754345867e-01
-1.173923530964972706e+00 -1.573117090607573099e+00 -1.516876618484612527e+00 4.062774070782145808e-01 -2.493259434625580084e+00 -8.848207045943391469e-01
-1.175490547087408189e+00 -1.581823425487870693e+00 -1.516241630216932812e+00 4.141551490019603765e-01 -2.503059825411251271e+00 -8.728900137747899191e-01
-1.177055945708227025e+00 -1.590545169483790211e+00 -1.515603514231737670e+00 4.220517371753793601e-01 -2.512650642384516964e+00 -8.609396990409522443e-01
-1.178619676720706666e+00 -1.599282245663237401e+00 -1.514962245125409002e+00 4.299626926143796934e-01 -2.522031754827658734e+00 -8.489698522748687637e-01
-1.180181689786629962e+00 -1.608034577116334463e+00 -1.514317798552171634e+00 4.378835323853428330e-01 -2.531203142168923836e+00 -8.369805659140877596e-01
-1.181741934345193368e+00 -1.616802086953217366e+00 -1.513670151184339785e+00 4.458097723510611732e-01 -2.540164894174354426e+00 -8.249719329490835529e-01
-1.183300359621659803e+00 -1.625584698301892894e+00 -1.513019280672125211e+00 4.537369299281441282e-01 -2.548917211069348543e+00 -8.129440469204703978e-01
-1.184856914635749714e+00 -1.634382334306160089e+00 -1.512365165603011707e+00 4.616605268540325269e-01 -2.557460403589399078e+00 -8.008970019160127629e-01
-1.186411548209760802e+00 -1.643194918123593862e+00 -1.511707785460694620e+00 4.695760919617362195e-01 -2.565794892959498696e+00 -7.888308925674338834e-01
-1.187964208976407310e+00 -1.652022372923594107e+00 -1.511047120583586700e+00 4.774791639603918614e-01 -2.573921210801764836e+00 -7.767458140470243633e-01
-1.189514845386371533e+00 -1.660864621885499215e+00 -1.510383152122887207e+00 4.853652942197101972e-01 -2.581839998970878014e+00 -7.646418620640543784e-01
-1.191063405715557355e+00 -1.669721588196767081e+00 -1.509715862000212683e+00 4.932300495563781140e-01 -2.589552009316996806e+00 -7.525191328609914798e-01
-1.192609838072038686e+00 -1.678593195051220954e+00 -1.509045232864784980e+00 5.010690150204333282e-01 -2.597058103375838645e+00 -7.403777232095266614e-01
-1.194154090402693269e+00 -1.687479365647365226e+00 -1.508371248050171864e+00 5.088777966796622643e-01 -2.604359251985718604e+00 -7.282177304064122447e-01
-1.195696110499513409e+00 -1.696380023186767394e+00 -1.507693891530573094e+00 5.166520244000305517e-01 -2.611456534831365861e+00 -7.160392522691134687e-01
-1.197235846005585636e+00 -1.705295090872510633e+00 -1.507013147876647308e+00 5.243873546201303082e-01 -2.618351139914381065e+00 -7.038423871312778912e-01
-1.198773244420728412e+00 -1.714224491907714754e+00 -1.506329002210868406e+00 5.320794731176414771e-01 -2.625044362950279542e+00 -6.916272338380254903e-01
-1.200308253106782352e+00 -1.723168149494127777e+00 -1.505641440162406530e+00 5.397240977657848937e-01 -2.631537606692111009e+00 -6.793938917410624612e-01
-1.201840819292541385e+00 -1.732125986830788111e+00 -1.504950447821520099e+00 5.473169812777332055e-01 -2.637832380180704650e+00 -6.671424606936228185e-01
-1.203370890078317101e+00 -1.741097927112757793e+00 -1.504256011693451134e+00 5.548539139369554896e-01 -2.643930297921653683e+00 -6.548730410452406892e-01
-1.204898412440127409e+00 -1.750083893529927659e+00 -1.503558118651810993e+00 5.623307263114529775e-01 -2.649833078989205504e+00 -6.425857336363571815e-01
-1.206423333233499484e+00 -1.759083809265893139e+00 -1.502856755891445406e+00 5.697432919498524040e-01 -2.655542546057287456e+00 -6.302806397927659399e-01
-1.207945599196880382e+00 -1.768097597496904427e+00 -1.502151910880764385e+00 5.770875300573168332e-01 -2.661060624357955540e+00 -6.179578613199007142e-01
-1.209465156954641296e+00 -1.777125181390887709e+00 -1.501443571313525904e+00 5.843594081492412551e-01 -2.666389340567616006e+00 -6.056175004969693854e-01
-1.210981953019671709e+00 -1.786166484106539887e+00 -1.500731725060058697e+00 5.915549446807031320e-01 -2.671530821621424856e+00 -5.932596600709379997e-01
-1.212495933795550318e+00 -1.795221428792496798e+00 -1.500016360117907954e+00 5.986702116496418480e-01 -2.676487293456335959e+00 -5.808844432503691424e-01
-1.214007045578283650e+00 -1.804289938586574271e+00 -1.499297464561891280e+00 6.057013371717425709e-01 -2.681261079683318727e+00 -5.684919536991193123e-01
-1.215515234557604796e+00 -1.813371936615083335e+00 -1.498575026493548457e+00 6.126445080250219055e-01 -2.685854600189332420e+00 -5.560822955298988512e-01
-1.217020446817818513e+00 -1.822467345992218712e+00 -1.497849033989969714e+00 6.194959721621189352e-01 -2.690270369669711670e+00 -5.436555732976994237e-01
-1.218522628338187586e+00 -1.831576089819521247e+00 -1.497119475051984505e+00 6.262520411882993576e-01 -2.694510996091655119e+00 -5.312118919930933769e-01
-1.220021724992846890e+00 -1.840698091185414276e+00 -1.496386337551697032e+00 6.329090928032135022e-01 -2.698579179089592106e+00 -5.187513570354089776e-01
-1.221517682550235184e+00 -1.849833273164813274e+00 -1.495649609179350747e+00 6.394635732044411380e-01 -2.702477708293242742e+00 -5.062740742657871884e-01
-1.223010446672037288e+00 -1.858981558818810109e+00 -1.494909277389504298e+00 6.459119994508989437e-01 -2.706209461589257348e+00 -4.937801499401239802e-01
-1.224499962911621553e+00 -1.868142871194430121e+00 -1.494165329346503368e+00 6.522509617841865115e-01 -2.709777403317367828e+00 -4.812696907219028986e-01
-1.225986176711967079e+00 -1.877317133324463150e+00 -1.493417751869229759e+00 6.584771259059780668e-01 -2.713184582402052847e+00 -4.687428036749230476e-01
-1.227469033403065346e+00 -1.886504268227367165e+00 -1.492666531375112182e+00 6.645872352095874014e-01 -2.716434130420762649e+00 -4.561995962559269868e-01
-1.228948478198789385e+00 -1.895704198907246063e+00 -1.491911653823381423e+00 6.705781129638714866e-01 -2.719529259609823058e+00 -4.436401763071341486e-01
-1.230424456193215610e+00 -1.904916848353898962e+00 -1.491153104657551909e+00 6.764466644476352375e-01 -2.722473260809171514e+00 -4.310646520486838829e-01
-1.231896912356390761e+00 -1.914142139542942544e+00 -1.490390868747114350e+00 6.821898790327513007e-01 -2.725269501347149070e+00 -4.184731320709936808e-01
-1.233365791529530853e+00 -1.923379995436004242e+00 -1.489624930328422137e+00 6.878048322142393811e-01 -2.727921422866623757e+00 -4.058657253270376852e-01
-1.234831038419640814e+00 -1.932630338980988460e+00 -1.488855272944754837e+00 6.932886875855716058e-01 -2.730432539093770039e+00 -3.932425411245504265e-01
-1.236292597593542819e+00 -1.941893093112411872e+00 -1.488081879385544370e+00 6.986386987574988439e-01 -2.732806433550881930e+00 -3.806036891181610038e-01
-1.237750413471303768e+00 -1.951168180751809977e+00 -1.487304731624747189e+00 7.038522112187530766e-01 -2.735046757214658619e+00 -3.679492793014630392e-01
-1.239204430319047034e+00 -1.960455524808212058e+00 -1.486523810758346942e+00 7.089266641369873501e-01 -2.737157226121436970e+00 -3.552794219990251801e-01
-1.240654592241140275e+00 -1.969755048178685852e+00 -1.485739096940974058e+00 7.138595920983608067e-01 -2.739141618920903021e+00 -3.425942278583480882e-01
-1.242100843171743074e+00 -1.979066673748949956e+00 -1.484950569321640490e+00 7.186486267667192562e-01 -2.741003774373623525e+00 -3.298938078417726349e-01
-1.243543126821251565e+00 -1.988390324474990756e+00 -1.484158206021755966e+00 7.232914813600964665e-01 -2.742747582938306117e+00 -3.171782732183527909e-01
-1.244981386666389023e+00 -1.997725923384728874e+00 -1.483361984115919130e+00 7.277859504132541124e-01 -2.744376984564469879e+00 -3.044477355557257403e-01
-1.246415565940209413e+00 -2.007073393578303389e+00 -1.482561879612053657e+00 7.321299109318264442e-01 -2.745895967006553917e+00 -2.917023067119803303e-01
-1.247845607621864028e+00 -2.016432658228333175e+00 -1.481757867430874676e+00 7.363213235158918568e-01 -2.747308564111808238e+00 -2.789420988275232993e-01
-1.249271454426126082e+00 -2.025803640580159382e+00 -1.480949921384663970e+00 7.403582334526132014e-01 -2.748618854082430119e+00 -2.661672243169437291e-01
-1.250693048792668405e+00 -2.035186263952063257e+00 -1.480138014155340409e+00 7.442387717760585719e-01 -2.749830957711968171e+00 -2.533777958608752767e-01
-1.252110332875083776e+00 -2.044580451735464877e+00 -1.479322117271807402e+00 7.479611562962257265e-01 -2.750949036597178932e+00 -2.405739263978561027e-01
-1.253523248529643919e+00 -2.053986127395098560e+00 -1.478502201086560497e+00 7.515236925954930092e-01 -2.751977291325343522e+00 -2.277557291161868003e-01
-1.254931737303788264e+00 -2.063403214469166524e+00 -1.477678234751542474e+00 7.549247749919441031e-01 -2.752919959637463165e+00 -2.149233174457855777e-01
-1.256335740424335601e+00 -2.072831636569470781e+00 -1.476850186193230607e+00 7.581628874690415909e-01 -2.753781314567772309e+00 -2.020768050500410529e-01
-1.257735198785409736e+00 -2.082271317381522824e+00 -1.476018022086941661e+00 7.612366045711211893e-01 -2.754565662560010786e+00 -1.892163058176622170e-01
-1.259130052936073163e+00 -2.091722180664629782e+00 -1.475181707830343303e+00 7.641445922641443289e-01 -2.755277341560900872e+00 -1.763419338545253734e-01
-1.260520243067661195e+00 -2.101184150251958815e+00 -1.474341207516159713e+00 7.668856087611769512e-01 -2.755920719091291105e+00 -1.634538034755180502e-01
-1.261905709000804787e+00 -2.110657150050577524e+00 -1.473496483904060517e+00 7.694585053120439611e-01 -2.756500190295432695e+00 -1.505520291963794166e-01
-1.263286390172137397e+00 -2.120141104041472158e+00 -1.472647498391722598e+00 7.718622269566091099e-01 -2.757020175968869946e+00 -1.376367257255373122e-01
-1.264662225620678093e+00 -2.129635936279540509e+00 -1.471794210985061468e+00 7.740958132327055985e-01 -2.757485120564267422e+00 -1.247080079559413079e-01
-1.266033153973878500e+00 -2.139141570893560829e+00 -1.470936580267618643e+00 7.761583988549227708e-01 -2.757899490178439716e+00 -1.117659909568919918e-01
-1.267399113433327784e+00 -2.148657932086136757e+00 -1.470074563369096809e+00 7.780492143553550122e-01 -2.758267770519503781e+00 -9.881078996586585561e-02
-1.268760041760108370e+00 -2.158184944133615168e+00 -1.469208115933039016e+00 7.797675866857368687e-01 -2.758594464854678296e+00 -8.584252038033583776e-02
-1.270115876259790166e+00 -2.167722531385979146e+00 -1.468337192083644105e+00 7.813129397803804110e-01 -2.758884091939268757e+00 -7.286129774958728655e-02
-1.271466553767056640e+00 -2.177270618266713864e+00 -1.467461744391716394e+00 7.826847950793512920e-01 -2.759141183927398711e+00 -5.986723776652914247e-02
-1.272812010629953861e+00 -2.186829129272644057e+00 -1.466581723839746276e+00 7.838827720112970798e-01 -2.759370284265056039e+00 -4.686045625950018001e-02
-1.274152182693752078e+00 -2.196397988973743054e+00 -1.465697079786118628e+00 7.849065884353553235e-01 -2.759575945566044464e+00 -3.384106918407008002e-02
-1.275487005284414277e+00 -2.205977122012913849e+00 -1.464807759928450359e+00 7.857560610415501579e-01 -2.759762727471445132e+00 -2.080919261483535343e-02
-1.276816413191657285e+00 -2.215566453105736411e+00 -1.463913710266057322e+00 7.864311057090991319e-01 -2.759935194493212229e+00 -7.764942737209859502e-03
-1.278140340651601869e+00 -2.225165907040185242e+00 -1.463014875061551701e+00 7.869317378220410664e-01 -2.760097913842543882e+00 5.291564160790058688e-03
-1.279458721328999626e+00 -2.234775408676313635e+00 -1.462111196801574753e+00 7.872580725416076231e-01 -2.760255453243693147e+00 1.836021169676584075e-02
-1.280771488299029093e+00 -2.244394882945901948e+00 -1.461202616156667577e+00 7.874103250347517235e-01 -2.760412378733899441e+00 3.144088340216240340e-02
-1.282078574028650220e+00 -2.254024254852070808e+00 -1.460289071940288119e+00 7.873888106582421775e-01 -2.760573252450140291e+00 4.453346273049933746e-02
-1.283379910357512532e+00 -2.263663449468856115e+00 -1.459370501066979298e+00 7.871939450977499808e-01 -2.760742630403433040e+00 5.763783306560740782e-02
-1.284675428478402104e+00 -2.273312391940743638e+00 -1.458446838509700916e+00 7.868262444613445261e-01 -2.760925060241430362e+00 7.075387772987029589e-02
-1.285965058917224235e+00 -2.282971007482162751e+00 -1.457518017256334009e+00 7.862863253247898143e-01 -2.761125079000219973e+00 8.388147999247140552e-02
-1.287248731512510069e+00 -2.292639221376936209e+00 -1.456583968265362738e+00 7.855749047402915686e-01 -2.761347210845259692e+00 9.702052307764566508e-02
-1.288526375394439150e+00 -2.302316958977683736e+00 -1.455644620420754265e+00 7.846928001897083282e-01 -2.761595964803243319e+00 1.101708901729358397e-01
-1.289797918963370371e+00 -2.312004145705176317e+00 -1.454699900486053021e+00 7.836409294898862843e-01 -2.761875832485483961e+00 1.233324644374532847e-01
-1.291063289867871999e+00 -2.321700707047641643e+00 -1.453749733057704718e+00 7.824203106495697391e-01 -2.762191285803675012e+00 1.365051290101426396e-01
-1.292322414982243650e+00 -2.331406568560013159e+00 -1.452794040517629170e+00 7.810320616773374081e-01 -2.762546774678923622e+00 1.496887670180500896e-01
-1.293575220383521351e+00 -2.341121655863124040e+00 -1.451832742985063929e+00 7.794774003400399831e-01 -2.762946724744969718e+00 1.628832615845948184e-01
-1.294821631327959688e+00 -2.350845894642840772e+00 -1.450865758267698480e+00 7.777576438712112683e-01 -2.763395535046529350e+00 1.760884958378428622e-01
-1.296061572226982150e+00 -2.360579210649133231e+00 -1.449893001812126325e+00 7.758742086289385220e-01 -2.763897575733735401e+00 1.893043529187831697e-01
-1.297294966622592138e+00 -2.370321529695079033e+00 -1.448914386653639141e+00 7.738286097027006205e-01 -2.764457185753662394e+00 2.025307159896047871e-01
-1.298521737162241507e+00 -2.380072777655795946e+00 -1.447929823365392110e+00 7.716224604686807709e-01 -2.765078670539957706e+00 2.157674682419748469e-01
-1.299741805573143560e+00 -2.389832880467301912e+00 -1.446939220006969506e+00 7.692574720930871468e-01 -2.765766299701625019e+00 2.290144929053162248e-01
-1.300955092636031152e+00 -2.399601764125293801e+00 -1.445942482072384294e+00 7.667354529830316956e-01 -2.766524304712030258e+00 2.422716732550842522e-01
-1.302161518158349907e+00 -2.409379354683845786e+00 -1.444939512437545925e+00 7.640583081845246927e-01 -2.767356876599229576e+00 2.555388926210416245e-01
-1.303361000998986219e+00 -2.419165578188851917e+00 -1.443930211272458575e+00 7.612280501159774948e-01 -2.768268160685409374e+00 2.688160343951572218e-01
-1.304553459034503149e+00 -2.428960360691629905e+00 -1.442914475941559305e+00 7.582468021665890179e-01 -2.769262252449296469e+00 2.821029820393123333e-01
-1.305738809129993516e+00 -2.438763628247284210e+00 -1.441892200900122933e+00 7.551167987588165431e-01 -2.770343194080728821e+00 2.953996190929034094e-01
-1.306916967108721073e+00 -2.448575306913886696e+00 -1.440863277590372249e+00 7.518403840000693616e-01 -2.771514971374438030e+00 3.087058291803529975e-01
-1.308087847720676544e+00 -2.458395322751596446e+00 -1.439827594337347305e+00 7.484200102456075587e-01 -2.772781510657727821e+00 3.220214960185237008e-01
-1.309251364610048540e+00 -2.468223601821709856e+00 -1.438785036244589532e+00 7.448582365746685419e-01 -2.774146675754279201e+00 3.353465034240299958e-01
-1.310407430281602004e+00 -2.478060070185633457e+00 -1.437735485089696397e+00 7.411577271807032741e-01 -2.775614264986582924e+00 3.486807353204424142e-01
-1.311555956065962647e+00 -2.487904653903766583e+00 -1.436678819219809222e+00 7.373212496766777813e-01 -2.777188008219495963e+00 3.620240757453793146e-01
-1.312696852083806043e+00 -2.497757279034286793e+00 -1.435614913447096352e+00 7.333516733164584522e-01 -2.778871563947383994e+00 3.753764088574812474e-01
-1.313830027208948703e+00 -2.507617871631826922e+00 -1.434543638944283384e+00 7.292519671485262478e-01 -2.780668516421325176e+00 3.887376189432625861e-01
-1.314955389030339594e+00 -2.517486357746031800e+00 -1.433464863140314183e+00 7.250251980723597667e-01 -2.782582372830009199e+00 4.021075904238361476e-01
-1.316072843812956972e+00 -2.527362663419986610e+00 -1.432378449616214189e+00 7.206745288144030814e-01 -2.784616560531484541e+00 4.154862078615055299e-01
-1.317182296457604096e+00 -2.537246714688501381e+00 -1.431284258001229714e+00 7.162032158249354019e-01 -2.786774424338107625e+00 4.288733559662204486e-01
-1.318283650459615153e+00 -2.547138437576241810e+00 -1.430182143869323408e+00 7.116146070972348969e-01 -2.789059223857009773e+00 4.422689196018909641e-01
-1.319376807866465162e+00 -2.557037758095695335e+00 -1.429071958636105366e+00 7.069121399105005032e-01 -2.791474130888362382e+00 4.556727837925554359e-01
-1.320461669234295421e+00 -2.566944602244956020e+00 -1.427953549456286941e+00 7.020993384980593888e-01 -2.794022226883678961e+00 4.690848337283981540e-01
-1.321538133583356034e+00 -2.576858896005318034e+00 -1.426826759121744059e+00 6.971798116424597902e-01 -2.796706500466353607e+00 4.825049547716123155e-01
-1.322606098352373083e+00 -2.586780565338660853e+00 -1.425691425960282421e+00 6.921572501991132276e-01 -2.799529845016595520e+00 4.959330324621037400e-01
-1.323665459351845319e+00 -2.596709536184617306e+00 -1.424547383735200956e+00 6.870354245502193757e-01 -2.802495056322864109e+00 5.093689525230319370e-01
-1.324716110716283701e+00 -2.606645734457501362e+00 -1.423394461545752998e+00 6.818181819907704888e-01 -2.805604830301870578e+00 5.228126008661838631e-01
-1.325757944855399550e+00 -2.616589086042989010e+00 -1.422232483728607333e+00 6.765094440484920035e-01 -2.808861760789157724e+00 5.362638635971765932e-01
-1.326790852404252874e+00 -2.626539516794529128e+00 -1.421061269760417467e+00 6.711132037396414507e-01 -2.812268337402220375e+00 5.497226270204854659e-01
-1.327814722172376616e+00 -2.636496952529474580e+00 -1.419880634161611255e+00 6.656335227626435369e-01 -2.815826943478073385e+00 5.631887776442936477e-01
-1.328829441091885055e+00 -2.646461319024909997e+00 -1.418690386401513903e+00 6.600745286316043181e-01 -2.819539854087119490e+00 5.766622021851601776e-01
-1.329834894164587222e+00 -2.656432542013164255e+00 -1.417490330804926257e+00 6.544404117518010100e-01 -2.823409234125108913e+00 5.901427875725020478e-01
-1.330830964408118433e+00 -2.666410547176985890e+00 -1.416280266460281823e+00 6.487354224392960500e-01 -2.827437136484932001e+00 6.036304209528883247e-01
-1.331817532801108150e+00 -2.676395260144365462e+00 -1.415059987129510199e+00 6.429638678868715429e-01 -2.831625500309920884e+00 6.171249896941424229e-01
-1.332794478227405932e+00 -2.686386606482985329e+00 -1.413829281159740159e+00 6.371301090785621568e-01 -2.835976149330263762e+00 6.306263813892493131e-01
-1.333761677419385006e+00 -2.696384511694274178e+00 -1.412587931396979357e+00 6.312385576550841870e-01 -2.840490790284077693e+00 6.441344838600657763e-01
-1.334719004900347450e+00 -2.706388901207049891e+00 -1.411335715101913024e+00 6.252936727325133504e-01 -2.845171011424632912e+00 6.576491851608297079e-01
-1.335666332926055189e+00 -2.716399700370728532e+00 -1.410072403867967061e+00 6.192999576766136105e-01 -2.850018281115130225e+00 6.711703735814671390e-01
-1.336603531425413216e+00 -2.726416834448075477e+00 -1.408797763541787651e+00 6.132619568352642991e-01 -2.855033946512386400e+00 6.846979376506937554e-01
-1.337530467940334145e+00 -2.736440228607480485e+00 -1.407511554146293253e+00 6.071842522314703228e-01 -2.860219232340695861e+00 6.982317661389090269e-01
-1.338447007564812719e+00 -2.746469807914732719e+00 -1.406213529806459528e+00 6.010714602194826561e-01 -2.865575239757073511e+00 7.117717480608799496e-01
-1.339353012883245375e+00 -2.756505497324269527e+00 -1.404903438678002159e+00 5.949282281065968458e-01 -2.871102945309010668e+00 7.253177726782144008e-01
-1.340248343908024609e+00 -2.766547221669877654e+00 -1.403581022879129891e+00 5.887592307432245597e-01 -2.876803199985795700e+00 7.388697295016196653e-01
-1.341132858016450324e+00 -2.776594905654824252e+00 -1.402246018425541196e+00 5.825691670838784031e-01 -2.882676728364383933e+00 7.524275082929466896e-01
-1.342006409886988605e+00 -2.786648473841387474e+00 -1.400898155168846415e+00 5.763627567217306513e-01 -2.888724127850716528e+00 7.659909990670173974e-01
-1.342868851434928512e+00 -2.796707850639763571e+00 -1.399537156738601240e+00 5.701447363994394113e-01 -2.894945868017318347e+00 7.795600920932340694e-01
-1.343720031747469790e+00 -2.806772960296325614e+00 -1.398162740488141154e+00 5.639198564998848529e-01 -2.901342290037010052e+00 7.931346778969690092e-01
-1.344559797018292091e+00 -2.816843726881203658e+00 -1.396774617444412891e+00 5.576928775176549502e-01 -2.907913606215189350e+00 8.067146472607348295e-01
-1.345387990481654361e+00 -2.826920074275160566e+00 -1.395372492262004549e+00 5.514685665150160787e-01 -2.914659899620407391e+00 8.202998912251329156e-01
-1.346204452346069669e+00 -2.837001926155734211e+00 -1.393956063181580163e+00 5.452516935651716690e-01 -2.921581123813738134e+00 8.338903010895803991e-01
-1.347009019727610557e+00 -2.847089205982619387e+00 -1.392525021992929268e+00 5.390470281855987977e-01 -2.928677102677372357e+00 8.474857684128147550e-01
-1.347801526582900866e+00 -2.857181836982256584e+00 -1.391079054002849258e+00 5.328593357642913420e-01 -2.935947530342774225e+00 8.610861850131755757e-01
-1.348581803641850207e+00 -2.867279742131600084e+00 -1.389617838008080364e+00 5.266933739817305504e-01 -2.943391971218665581e+00 8.746914429686634129e-01
-1.349349678340189707e+00 -2.877382844141036511e+00 -1.388141046273522194e+00 5.205538892314216515e-01 -2.951009860119019557e+00 8.883014346167756869e-01
-1.350104974751876519e+00 -2.887491065436417426e+00 -1.386648344515961417e+00 5.144456130418411099e-01 -2.958800502491157225e+00 9.019160525541197737e-01
-1.350847513521429288e+00 -2.897604328140181096e+00 -1.385139391893549510e+00 5.083732585026459194e-01 -2.966763074743957507e+00 9.155351896358032704e-01
-1.351577111796264052e+00 -2.907722554051526132e+00 -1.383613841001270828e+00 5.023415166979903201e-01 -2.974896624676115486e+00 9.291587389746024384e-01
-1.352293583159102308e+00 -2.917845664625608570e+00 -1.382071337872650796e+00 4.963550531498023832e-01 -2.983200072004292824e+00 9.427865939399091566e-01
-1.352996737560528295e+00 -2.927973580951727772e+00 -1.380511521987953349e+00 4.904185042738677391e-01 -2.991672208990919124e+00 9.564186481564569409e-01
-1.353686381251768545e+00 -2.938106223730468258e+00 -1.378934026289126979e+00 4.845364738515584024e-01 -3.000311701171325840e+00 9.700547955028272495e-01
-1.354362316717778736e+00 -2.948243513249765080e+00 -1.377338477201760725e+00 4.787135295200424245e-01 -3.009117088179806832e+00 9.836949301097376308e-01
-1.355024342610720467e+00 -2.958385369359858075e+00 -1.375724494664316788e+00 4.729541992837932307e-01 -3.018086784674113954e+00 9.973389463581119330e-01
-1.355672253683914530e+00 -2.968531711447103039e+00 -1.374091692164911782e+00 4.672629680502064509e-01 -3.027219081357823693e+00 1.010986738876935132e+00
-1.356305840726363066e+00 -2.978682458406603395e+00 -1.372439676785922824e+00 4.616442741921181203e-01 -3.036512146099913156e+00 1.024638202540893550e+00
-1.356924890497932301e+00 -2.988837528613631722e+00 -1.370768049256698484e+00 4.561025061399945901e-01 -3.045964025150817545e+00 1.038293232467802918e+00
-1.357529185665295346e+00 -2.998996839893804722e+00 -1.369076404014661241e+00 4.506419990065502201e-01 -3.055572644454146225e+00 1.051951724015825818e+00
-1.358118504738736299e+00 -3.009160309491977880e+00 -1.367364329275090995e+00 4.452670312465203950e-01 -3.065335811053160775e+00 1.065613572780480967e+00
-1.358692622009917805e+00 -3.019327854039829173e+00 -1.365631407109881623e+00 4.399818213542943113e-01 -3.075251214591035787e+00 1.079278674591445331e+00
-1.359251307490721539e+00 -3.029499389522094077e+00 -1.363877213535571231e+00 4.347905246020808412e-01 -3.085316428903849495e+00 1.092946925509154399e+00
-1.359794326853275503e+00 -3.039674831241424346e+00 -1.362101318610945411e+00 4.296972298212550223e-01 -3.095528913705159368e+00 1.106618221821199510e+00
-1.360321441371278528e+00 -3.049854093781831921e+00 -1.360303286544520596e+00 4.247059562294953627e-01 -3.105886016360953850e+00 1.120292460038528004e+00
-1.360832407862746507e+00 -3.060037090970691320e+00 -1.358482675812214824e+00 4.198206503062865691e-01 -3.116384973753691501e+00 1.133969536891447083e+00
-1.361326978634300522e+00 -3.070223735839265888e+00 -1.356639039285521209e+00 4.150451827193283316e-01 -3.127022914234056206e+00 1.147649349325435608e+00
-1.361804901427122960e+00 -3.080413940581730792e+00 -1.354771924370496539e+00 4.103833453043475021e-01 -3.137796859658990911e+00 1.161331794496766934e+00
-1.362265919364716416e+00 -3.090607616512659028e+00 -1.352880873157885189e+00 4.058388481007708659e-01 -3.148703727514493789e+00 1.175016769767945224e+00
-1.362709770902593931e+00 -3.100804674022946461e+00 -1.350965422584699205e+00 4.014153164456694123e-01 -3.159740333121590083e+00 1.188704172702959472e+00
-1.363136189780045360e+00 -3.111005022534145681e+00 -1.349025104607578074e+00 3.971162881283387680e-01 -3.170903391923828529e+00 1.202393901062358994e+00
-1.363544904974117511e+00 -3.121208570451185604e+00 -1.347059446388252812e+00 3.929452106078341611e-01 -3.182189521854566383e+00 1.216085852798153510e+00
-1.363935640655958181e+00 -3.131415225113450163e+00 -1.345067970491444109e+00 3.889054382957237710e-01 -3.193595245782257397e+00 1.229779926048542027e+00
-1.364308116149672401e+00 -3.141624892744196096e+00 -1.343050195095521815e+00 3.850002299062731392e-01 -3.205116994031880218e+00 1.243476019132475408e+00
-1.364662045893845210e+00 -3.151837478398288539e+00 -1.341005634216256404e+00 3.812327458762195809e-01 -3.216751106980578978e+00 1.257174030544054411e+00
-1.364997139405893289e+00 -3.162052885908235300e+00 -1.338933797943995252e+00 3.776060458562371380e-01 -3.228493837725530557e+00 1.270873858946770962e+00
-1.365313101249402195e+00 -3.172271017828506512e+00 -1.336834192694593471e+00 3.741230862761335541e-01 -3.240341354821991260e+00 1.284575403167593111e+00
-1.365609631004620406e+00 -3.182491775378124110e+00 -1.334706321474431689e+00 3.707867179857613493e-01 -3.252289745089408157e+00 1.298278562190901875e+00
-1.365886423242281378e+00 -3.192715058381512261e+00 -1.332549684159854309e+00 3.675996839735629074e-01 -3.264335016483435492e+00 1.311983235152282434e+00
-1.366143167500922795e+00 -3.202940765207599849e+00 -1.330363777791356616e+00 3.645646171646031997e-01 -3.276473101031626367e+00 1.325689321332174542e+00
-1.366379548267889099e+00 -3.213168792707173260e+00 -1.328148096882853846e+00 3.616840382998810499e-01 -3.288699857830527762e+00 1.339396720149388376e+00
-1.366595244964192934e+00 -3.223399036148477226e+00 -1.325902133746358569e+00 3.589603538986400055e-01 -3.301011076101849184e+00 1.353105331154488944e+00
-1.366789931933428015e+00 -3.233631389151067292e+00 -1.323625378832393062e+00 3.563958543053311612e-01 -3.313402478305326415e+00 1.366815054023056142e+00
-1.366963278434919493e+00 -3.243865743617924124e+00 -1.321317321086462826e+00 3.539927118228117786e-01 -3.325869723305853398e+00 1.380525788548823796e+00
-1.367114948641307226e+00 -3.254101989665836303e+00 -1.318977448321910106e+00 3.517529789332886070e-01 -3.338408409592409587e+00 1.394237434636704132e+00
-1.367244601640761781e+00 -3.264340015554074270e+00 -1.316605247609465401e+00 3.496785866084440864e-01 -3.351014078546269648e+00 1.407949892295702776e+00
-1.367351891444031242e+00 -3.274579707611372736e+00 -1.314200205683810241e+00 3.477713427101074561e-01 -3.363682217755934012e+00 1.421663061631729397e+00
-1.367436466996525546e+00 -3.284820950161252195e+00 -1.311761809367461895e+00 3.460329304827577390e-01 -3.376408264376184576e+00 1.435376842840310418e+00
-1.367497972195648837e+00 -3.295063625445709299e+00 -1.309289546012279315e+00 3.444649071390675221e-01 -3.389187608528633433e+00 1.449091136199207597e+00
-1.367536045913585019e+00 -3.305307613547318724e+00 -1.306782903958891406e+00 3.430687025396188528e-01 -3.402015596741098769e+00 1.462805842060951100e+00
-1.367550322025759879e+00 -3.315552792309786945e+00 -1.304241373014335847e+00 3.418456179678427409e-01 -3.414887535423106080e+00 1.476520860845289551e+00
-1.367540429445190941e+00 -3.325799037257014756e+00 -1.301664444948192889e+00 3.407968250011557121e-01 -3.427798694374780908e+00 1.490236093031565234e+00
-1.367505992162948214e+00 -3.336046221510727605e+00 -1.299051614007489475e+00 3.399233644791795905e-01 -3.440744310326413036e+00 1.503951439151019143e+00
-1.367446629294949645e+00 -3.346294215706735464e+00 -1.296402377450638355e+00 3.392261455698609707e-01 -3.453719590505837989e+00 1.517666799779033404e+00
-1.367361955135314666e+00 -3.356542887909905293e+00 -1.293716236100671324e+00 3.387059449342120221e-01 -3.466719716230865611e+00 1.531382075527313980e+00
-1.367251579216506752e+00 -3.366792103527922020e+00 -1.290992694918010608e+00 3.383634059903136704e-01 -3.479739846523927760e+00 1.545097167036023178e+00
-1.367115106376492806e+00 -3.377041725223933533e+00 -1.288231263593014653e+00 3.381990382771399295e-01 -3.492775121746106493e+00 1.558811974965865765e+00
-1.366952136833150533e+00 -3.387291612828180920e+00 -1.285431457158522139e+00 3.382132169186766735e-01 -3.505820667247675715e+00 1.572526399990136214e+00
-1.366762266266159376e+00 -3.397541623248724107e+00 -1.282592796622600728e+00 3.384061821887222044e-01 -3.518871597032292797e+00 1.586240342786731539e+00
-1.366545085906605284e+00 -3.407791610381381897e+00 -1.279714809621700811e+00 3.387780391766729293e-01 -3.531923017431949585e+00 1.599953704030137924e+00
-1.366300182634539340e+00 -3.418041425019020529e+00 -1.276797031094391022e+00 3.393287575545094192e-01 -3.544970030789798443e+00 1.613666384383395602e+00
-1.366027139084719622e+00 -3.428290914760329766e+00 -1.273839003975842710e+00 3.400581714451134108e-01 -3.558007739147961868e+00 1.627378284490049953e+00
-1.365725533760776322e+00 -3.438539923918243257e+00 -1.270840279913211246e+00 3.409659793919596060e-01 -3.571031247937415998e+00 1.641089304966092621e+00
-1.365394941158035058e+00 -3.448788293428161289e+00 -1.267800420002042516e+00 3.420517444301371945e-01 -3.584035669667062329e+00 1.654799346391902182e+00
-1.365034931895228398e+00 -3.459035860756161540e+00 -1.264718995543816504e+00 3.433148942585728669e-01 -3.597016127609083291e+00 1.668508309304186810e+00
-1.364645072855335428e+00 -3.469282459807378594e+00 -1.261595588824718783e+00 3.447547215132373832e-01 -3.609967759477703098e+00 1.682216094187938937e+00
-1.364224927335774717e+00 -3.479527920834760479e+00 -1.258429793915706973e+00 3.463703841410324946e-01 -3.622885721098461520e+00 1.695922601468405011e+00
-1.363774055208184954e+00 -3.489772070348413191e+00 -1.255221217493919017e+00 3.481609058739668638e-01 -3.635765190065133101e+00 1.709627731503079007e+00
-1.363292013088016619e+00 -3.500014731025764991e+00 -1.251969479685447029e+00 3.501251768031454770e-01 -3.648601369381427428e+00 1.723331384573723923e+00
-1.362778354514159851e+00 -3.510255721622790315e+00 -1.248674214929470061e+00 3.522619540520081083e-01 -3.661389491084633629e+00 1.737033460878428803e+00
-1.362232630138828338e+00 -3.520494856886553503e+00 -1.245335072863720027e+00 3.545698625481683575e-01 -3.674124819848376688e+00 1.750733860523707053e+00
-1.361654387927913046e+00 -3.530731947469341492e+00 -1.241951719231219942e+00 3.570473958931182912e-01 -3.686802656561676272e+00 1.764432483516641614e+00
-1.361043173372017634e+00 -3.540966799844670998e+00 -1.238523836808209655e+00 3.596929173289780124e-01 -3.699418341881530736e+00 1.778129229757083873e+00
-1.360398529708379378e+00 -3.551199216225475297e+00 -1.235051126353138295e+00 3.625046608013875460e-01 -3.711967259756268067e+00 1.791823999029912517e+00
-1.359719998153870790e+00 -3.561428994484783672e+00 -1.231533307576576197e+00 3.654807321175501666e-01 -3.724444840916927735e+00 1.805516690997356566e+00
-1.359007118149278437e+00 -3.571655928079227049e+00 -1.227970120131859577e+00 3.686191101983572471e-01 -3.736846566333981823e+00 1.819207205191391230e+00
-1.358259427615035708e+00 -3.581879805975719311e+00 -1.224361324626249914e+00 3.719176484234385516e-01 -3.749167970636724245e+00 1.832895441006209714e+00
-1.357476463218587615e+00 -3.592100412581674895e+00 -1.220706703652350678e+00 3.753740760678994093e-01 -3.761404645492686605e+00 1.846581297690778722e+00
-1.356657760653547928e+00 -3.602317527679145037e+00 -1.217006062839484537e+00 3.789859998294285992e-01 -3.773552242944501423e+00 1.860264674341483460e+00
-1.355802854930808543e+00 -3.612530926363268335e+00 -1.213259231924697312e+00 3.827509054443745118e-01 -3.785606478701639244e+00 1.873945469894864990e+00
-1.354911280681736496e+00 -3.622740378985442433e+00 -1.209466065843007199e+00 3.866661593913141015e-01 -3.797563135384525168e+00 1.887623583120460191e+00
-1.353982572473595436e+00 -3.632945651101650686e+00 -1.205626445836479377e+00 3.907290106805531016e-01 -3.809418065718548352e+00 1.901298912613745173e+00
-1.353016265137303886e+00 -3.643146503426382576e+00 -1.201740280581654385e+00 3.949365927279240296e-01 -3.821167195675557071e+00 1.914971356789190837e+00
-1.352011894107636447e+00 -3.653342691792604846e+00 -1.197807507334816890e+00 3.992859253111690210e-01 -3.832806527560458587e+00 1.928640813873433890e+00
-1.350968995775955417e+00 -3.663533967118260293e+00 -1.193828093094534637e+00 4.037739166071164787e-01 -3.844332143040603444e+00 1.942307181898569768e+00
-1.349887107855543888e+00 -3.673720075379779626e+00 -1.189802035780852751e+00 4.083973653077888066e-01 -3.855740206115682689e+00 1.955970358695572342e+00
-1.348765769759595612e+00 -3.683900757593109088e+00 -1.185729365430467253e+00 4.131529628135047760e-01 -3.867026966025935319e+00 1.969630241887844191e+00
-1.347604522991899367e+00 -3.694075749802771647e+00 -1.181610145407151702e+00 4.180372955009619140e-01 -3.878188760096496601e+00 1.983286728884904093e+00
-1.346402911550235393e+00 -3.704244783079488013e+00 -1.177444473626648280e+00 4.230468470642193557e-01 -3.889222016515802238e+00 1.996939716876215520e+00
-1.345160482342479646e+00 -3.714407583526903256e+00 -1.173232483795176195e+00 4.281780009264281039e-01 -3.900123257046015812e+00 2.010589102825160346e+00
-1.343876785615392366e+00 -3.724563872297976364e+00 -1.168974346660644592e+00 4.334270427197748909e-01 -3.910889099662843815e+00 2.024234783463131127e+00
-1.342551375396049185e+00 -3.734713365621583403e+00 -1.164670271275595859e+00 4.387901628319159086e-01 -3.921516261124145419e+00 2.037876655283809235e+00
-1.341183809945839522e+00 -3.744855774839916496e+00 -1.160320506270834162e+00 4.442634590163103137e-01 -3.932001559464912255e+00 2.051514614537602643e+00
-1.339773652226946110e+00 -3.754990806457261243e+00 -1.155925341138624329e+00 4.498429390640052983e-01 -3.942341916416799208e+00 2.065148557226247128e+00
-1.338320470381178406e+00 -3.765118162200741914e+00 -1.151485107524274465e+00 4.555245235343827193e-01 -3.952534359750508930e+00 2.078778379097573126e+00
-1.336823838221019356e+00 -3.775237539093629913e+00 -1.147000180524837987e+00 4.613040485423148263e-01 -3.962576025539418012e+00 2.092403975640443115e+00
-1.335283335732713406e+00 -3.785348629541818610e+00 -1.142470979993593039e+00 4.671772685991121832e-01 -3.972464160342899842e+00 2.106025242079864412e+00
-1.333698549591188387e+00 -3.795451121434067598e+00 -1.137897971848877532e+00 4.731398595045869793e-01 -3.982196123307879532e+00 2.119642073372277835e+00
-1.332069073686588778e+00 -3.805544698256618119e+00 -1.133281669385771462e+00 4.791874212874924210e-01 -3.991769388187238476e+00 2.133254364201026654e+00
-1.330394509662151226e+00 -3.815629039222789398e+00 -1.128622634589031337e+00 4.853154811915415534e-01 -4.001181545273765572e+00 2.146862008972011182e+00
-1.328674467463136999e+00 -3.825703819418153184e+00 -1.123921479445592952e+00 4.915194967041507379e-01 -4.010430303248437411e+00 2.160464901809527660e+00
-1.326908565896492531e+00 -3.835768709961885570e+00 -1.119178867254863707e+00 4.977948586249711371e-01 -4.019513490941866607e+00 2.174062936552296765e+00
-1.325096433200881885e+00 -3.845823378184883179e+00 -1.114395513934927084e+00 5.041368941712794927e-01 -4.028429059007931023e+00 2.187656006749683968e+00
-1.323237707626703230e+00 -3.855867487825229922e+00 -1.109572189322687086e+00 5.105408701171867403e-01 -4.037175081508602048e+00 2.201244005658114844e+00
-1.321332038025661015e+00 -3.865900699241573868e+00 -1.104709718465867851e+00 5.170019959635852036e-01 -4.045749757409116576e+00 2.214826826237682678e+00
-1.319379084449436412e+00 -3.875922669644976004e+00 -1.099808982904685539e+00 5.235154271357046474e-01 -4.054151411982717335e+00 2.228404361148956792e+00
-1.317378518756960659e+00 -3.885933053349759358e+00 -1.094870921940890751e+00 5.300762682050935704e-01 -4.062378498124294524e+00 2.241976502749989830e+00
-1.315330025229760169e+00 -3.895931502043879835e+00 -1.089896533891767882e+00 5.366795761327913805e-01 -4.070429597572361224e+00 2.255543143093522662e+00
-1.313233301194808744e+00 -3.905917665079305046e+00 -1.084886877326556753e+00 5.433203635304098000e-01 -4.078303422038885628e+00 2.269104173924393564e+00
-1.311088057654280936e+00 -3.915891189782865656e+00 -1.079843072282638650e+00 5.499936019357921646e-01 -4.085998814246620370e+00 2.282659486677149463e+00
-1.308894019921567953e+00 -3.925851721788016668e+00 -1.074766301458701445e+00 5.566942250998706543e-01 -4.093514748873666953e+00 2.296208972473858356e+00
-1.306650928262881983e+00 -3.935798905387903446e+00 -1.069657811381962365e+00 5.634171322812997484e-01 -4.100850333405127834e+00 2.309752522122126894e+00
-1.304358538543731072e+00 -3.945732383910094399e+00 -1.064518913546393053e+00 5.701571915453973460e-01 -4.108004808891807080e+00 2.323290026113320028e+00
-1.302016622879520469e+00 -3.955651800113303196e+00 -1.059350985518743737e+00 5.769092430638831370e-01 -4.114977550616036872e+00 2.336821374620984049e+00
-1.299624970289491088e+00 -3.965556796606370948e+00 -1.054155472009020045e+00 5.836681024118675065e-01 -4.121768068664831475e+00 2.350346457499472574e+00
-1.297183387353172623e+00 -3.975447016289736180e+00 -1.048933885901905061e+00 5.904285638584990670e-01 -4.128376008410684861e+00 2.363865164282773712e+00
-1.294691698868496221e+00 -3.985322102819559564e+00 -1.043687809245466891e+00 5.971854036476551553e-01 -4.134801150900458744e+00 2.377377384183538389e+00
-1.292149748510671881e+00 -3.995181701094620230e+00 -1.038418894193318787e+00 6.039333832650178868e-01 -4.141043413152937447e+00 2.390883006092306751e+00
-1.289557399490903311e+00 -4.005025457766030250e+00 -1.033128863896229932e+00 6.106672526878608176e-01 -4.147102848365765482e+00 2.404381918576932620e+00
-1.286914535213980137e+00 -4.014853021769750008e+00 -1.027819513339001789e+00 6.173817536138412887e-01 -4.152979646032612493e+00 2.417874009882204689e+00
-1.284221059933748244e+00 -4.024664044881823166e+00 -1.022492710118241055e+00 6.240716226650826481e-01 -4.158674131971562105e+00 2.431359167929657783e+00
-1.281476899405437964e+00 -4.034458182296157602e+00 -1.017150395156459552e+00 6.307315945638181098e-01 -4.164186768265874861e+00 2.444837280317576855e+00
-1.278682001533784085e+00 -4.044235093224611610e+00 -1.011794583347732202e+00 6.373564052758631249e-01 -4.169518153118414006e+00 2.458308234321186614e+00
-1.275836337015850308e+00 -4.053994441519058967e+00 -1.006427364129928392e+00 6.439407951181972400e-01 -4.174669020621200488e+00 2.471771916893026777e+00
-1.272939899977439060e+00 -4.063735896315005647e+00 -1.001050901978307817e+00 6.504795118269459664e-01 -4.179640240441716337e+00 2.485228214663504076e+00
-1.269992708601935139e+00 -4.073459132696246598e+00 -9.956674368150424392e-01 6.569673135820901511e-01 -4.184432817427757634e+00 2.498677013941623670e+00
-1.266994805750403907e+00 -4.083163832379951508e+00 -9.902792843289803804e-01 6.633989719843584876e-01 -4.189047891132123169e+00 2.512118200715889760e+00
-1.263946259571739228e+00 -4.092849684421451251e+00 -9.848888361997061303e-01 6.697692749825008285e-01 -4.193486735260695930e+00 2.525551660655372732e+00
-1.260847164101626561e+00 -4.102516385937907906e+00 -9.794985602196907282e-01 6.760730297466035488e-01 -4.197750757045549008e+00 2.538977279110938845e+00
-1.257697639849057580e+00 -4.112163642849919754e+00 -9.741110003080355462e-01 6.823050654840556728e-01 -4.201841496545618782e+00 2.552394941116634453e+00
-1.254497834369107556e+00 -4.121791170639998114e+00 -9.687287764090166675e-01 6.884602361949107019e-01 -4.205760625877671188e+00 2.565804531391221666e+00
-1.251247922820659886e+00 -4.131398695126742737e+00 -9.633545842683213234e-01 6.945334233635309662e-01 -4.209509948380509847e+00 2.579205934339857009e+00
-1.247948108507729081e+00 -4.140985953253387919e+00 -9.579911950795342301e-01 7.005195385835933930e-01 -4.213091397715555964e+00 2.592599034055906415e+00
-1.244598623403008641e+00 -4.150552693889286715e+00 -9.526414549930815046e-01 7.064135261137494126e-01 -4.216507036907151118e+00 2.605983714322892553e+00
-1.241199728652236711e+00 -4.160098678642741632e+00 -9.473082844794582513e-01 7.122103653614757501e-01 -4.219759057326125884e+00 2.619359858616565617e+00
-1.237751715057936464e+00 -4.169623682683456067e+00 -9.419946775381752291e-01 7.179050732929515011e-01 -4.222849777620382383e+00 2.632727350107088693e+00
-1.234254903541056825e+00 -4.179127495572728890e+00 -9.367037007434320106e-01 7.234927067671190759e-01 -4.225781642596423637e+00 2.646086071661334582e+00
-1.230709645578992983e+00 -4.188609922099362670e+00 -9.314384921170720810e-01 7.289683647924137810e-01 -4.228557222055927767e+00 2.659435905845282111e+00
-1.227116323618421712e+00 -4.198070783119093541e+00 -9.262022598188901501e-01 7.343271907051898140e-01 -4.231179209591703128e+00 2.672776734926506581e+00
-1.223475351461336125e+00 -4.207509916395186345e+00 -9.209982806438463676e-01 7.395643742691939693e-01 -4.233650421347437742e+00 2.686108440876756820e+00
-1.219787174622604997e+00 -4.216927177437656660e+00 -9.158298983151810235e-01 7.446751536959762552e-01 -4.235973794745807375e+00 2.699430905374611722e+00
-1.216052270657310030e+00 -4.226322440338411646e+00 -9.107005215618223515e-01 7.496548175866535324e-01 -4.238152387189606962e+00 2.712744009808204737e+00
-1.212271149456040309e+00 -4.235695598599395595e+00 -9.056136219678327937e-01 7.544987067960137184e-01 -4.240189374740641171e+00 2.726047635278014525e+00
