-8.533162109464020872e-01 -6.781095002725056947e-04 -5.606754443142408784e-02 9.263125486963756927e-01 -4.632315531666866132e-02 -3.200299193067261516e+00
-8.533162109464020872e-01 -6.781095002725056947e-04 -5.606754443142408784e-02 9.263125486963756927e-01 -4.632315531666866132e-02 -3.200299193067261516e+00
-8.534645539178660201e-01 -6.678771159059189661e-04 -4.903479253909073798e-01 9.263530950469610614e-01 -4.634567736966787449e-02 -3.200132829129803458e+00
-8.536240529603122962e-01 -5.775520544282528685e-04 -9.670554304705660797e-01 9.264324840904285541e-01 -4.639040608757544204e-02 -3.199801360267386929e+00
-8.537119951370786275e-01 -4.245828314806473092e-04 -1.326085061974254797e+00 9.265490214274788583e-01 -4.645700758527004925e-02 -3.199306047855468904e+00
-8.537258904233762102e-01 -2.595983214510493627e-04 -1.539894249928406733e+00 9.267010218514379893e-01 -4.654513135151060882e-02 -3.198648155646285129e+00
-8.536952719317968397e-01 -1.055194260178810104e-04 -1.638803465780090063e+00 9.268868092733342223e-01 -4.665441209516076743e-02 -3.197828949781742036e+00
-8.536460520016192488e-01 3.451546666935554741e-05 -1.666512124628891423e+00 9.271047166387925698e-01 -4.678447156096299936e-02 -3.196849698805394713e+00
-8.535936685519343037e-01 1.623111481362598217e-04 -1.659521045801467753e+00 9.273530858398340015e-01 -4.693492031660360941e-02 -3.195711673673531372e+00
-8.535453925172619138e-01 2.789707005642090955e-04 -1.641369150458045434e+00 9.276302676240019141e-01 -4.710535951085475376e-02 -3.194416147765382075e+00
-8.535036098308348418e-01 3.843614080632787528e-04 -1.624089813606112154e+00 9.279346215031664125e-01 -4.729538260265541555e-02 -3.192964396892468137e+00
-8.534683553736275297e-01 4.777726406376829908e-04 -1.611989233560701340e+00 9.282645156642621576e-01 -4.750457706096485044e-02 -3.191357699307108664e+00
-8.534388873963316691e-01 5.584004604152777553e-04 -1.605243100524706312e+00 9.286183268841019522e-01 -4.773252603517064846e-02 -3.189597335710099291e+00
-8.534144648895383156e-01 6.255296192567381128e-04 -1.602415599994223783e+00 9.289944404503156505e-01 -4.797880999579312578e-02 -3.187684589257576473e+00
-8.533946090270552176e-01 6.785560145199373084e-04 -1.601864194901643890e+00 9.293912500903667162e-01 -4.824300834520218323e-02 -3.185620745567083745e+00
-8.533791061069923023e-01 7.169568537448040577e-04 -1.602328923547920336e+00 9.298071579105052775e-01 -4.852470099804613579e-02 -3.183407092722849718e+00
-8.533679229485773288e-01 7.402553490151447943e-04 -1.603047960159886820e+00 9.302405743464325916e-01 -4.882346993107899297e-02 -3.181044921280293369e+00
-8.533611208318284680e-01 7.479947422966813511e-04 -1.603661584407341634e+00 9.306899181273544652e-01 -4.913890070205932659e-02 -3.178535524269764601e+00
-8.533587971758169743e-01 7.397234996697332884e-04 -1.604063062735124001e+00 9.311536162550198004e-01 -4.947058393737995691e-02 -3.175880197199533406e+00
-8.533610554926154279e-01 7.149889668247060752e-04 -1.604271281726028509e+00 9.316301039992436195e-01 -4.981811678807090971e-02 -3.173080238058037850e+00
-8.533679944189755950e-01 6.733359196868224155e-04 -1.604347337205336288e+00 9.321178249113296621e-01 -5.018110435380033346e-02 -3.170136947315397524e+00
-8.533797064327447446e-01 6.143071886585282785e-04 -1.604351146406500561e+00 9.326152308567112748e-01 -5.055916107447811642e-02 -3.167051627924205359e+00
-8.533962799290533141e-01 5.374447000059122707e-04 -1.604325368562934395e+00 9.331207820680409437e-01 -5.095191208904638336e-02 -3.163825585319602673e+00
-8.534178014802175083e-01 4.422902396664156422e-04 -1.604294164550524204e+00 9.336329472198694468e-01 -5.135899456101928467e-02 -3.160460127418647236e+00
-8.534443572274186263e-01 3.283858151686796763e-04 -1.604267916848858722e+00 9.341502035259655612e-01 -5.178005897031259797e-02 -3.156956564618980110e+00
-8.534760334129473103e-01 1.952737291633278470e-04 -1.604248879767782965e+00 9.346710368602304531e-01 -5.221477037088181200e-02 -3.153316209796800162e+00
-8.535129164008425917e-01 4.249651749677052764e-05 -1.604235596548489129e+00 9.351939419020770528e-01 -5.266280961366521379e-02 -3.149540378304148458e+00
-8.535550925121551114e-01 -1.304031385857483101e-04 -1.604225611018401887e+00 9.357174223070512387e-01 -5.312387453430728046e-02 -3.145630387965512753e+00
-8.536026478664464623e-01 -3.238824733857546953e-04 -1.604216773550362296e+00 9.362399909033812806e-01 -5.359768110511588246e-02 -3.141587559073754310e+00
-8.536556682980620536e-01 -5.383986592913427016e-04 -1.604207649036831995e+00 9.367601699150439609e-01 -5.408396455068738284e-02 -3.137413214385363691e+00
-8.537142393011256658e-01 -7.744074891468601292e-04 -1.604197470743120135e+00 9.372764935826715105e-01 -5.458248084640161812e-02 -3.133108318847344975e+00
-8.537784460570649880e-01 -1.032363359928550623e-03 -1.604185935396207352e+00 9.377875085930005294e-01 -5.509300753483101221e-02 -3.128673834332516446e+00
-8.538483734728624652e-01 -1.312719252485296077e-03 -1.604172995664747470e+00 9.382917743713516945e-01 -5.561534469275428855e-02 -3.124110719644183742e+00
-8.539241062118981818e-01 -1.615926713707147803e-03 -1.604158709881836620e+00 9.387878634010414780e-01 -5.614931586261979329e-02 -3.119419930520431983e+00
-8.540057287108612227e-01 -1.942435843221659332e-03 -1.604143155555903810e+00 9.392743615700077653e-01 -5.669476894797517014e-02 -3.114602419638019537e+00
-8.540933251837622420e-01 -2.292695284164783260e-03 -1.604126391295797038e+00 9.397498685448575362e-01 -5.725157707236124688e-02 -3.109659136615873898e+00
-8.541869796172942841e-01 -2.667152216573402766e-03 -1.604108447700685947e+00 9.402129981724756114e-01 -5.781963940114825951e-02 -3.104591028018178989e+00
-8.542867757619850844e-01 -3.066252351938410052e-03 -1.604089331770716997e+00 9.406623789092616317e-01 -5.839888192577268738e-02 -3.099399037357044584e+00
-8.543927971223713724e-01 -3.490439927875323579e-03 -1.604069035193078641e+00 9.410966542779873878e-01 -5.898925820981854723e-02 -3.094084105094754289e+00
-8.545051269479339018e-01 -3.940157702356087040e-03 -1.604047541774743513e+00 9.415144833521983392e-01 -5.959075009636921605e-02 -3.088647168645578756e+00
-8.546238482253617486e-01 -4.415846947317828529e-03 -1.604024832422564772e+00 9.419145412680092200e-01 -6.020336837604314123e-02 -3.083089162377149695e+00
-8.547490436720004414e-01 -4.917947441682731825e-03 -1.604000887874660553e+00 9.422955197630679125e-01 -6.082715341511355650e-02 -3.077411017611383137e+00
-8.548807957301193250e-01 -5.446897463894955459e-03 -1.603975689784735037e+00 9.426561277424126972e-01 -6.146217574310142151e-02 -3.071613662624948393e+00
-8.550191865615841547e-01 -6.003133784095429117e-03 -1.603949220857504354e+00 9.429950918708458474e-01 -6.210853659922284387e-02 -3.065698022649272936e+00
-8.551642980426173990e-01 -6.587091656025729179e-03 -1.603921464578816236e+00 9.433111571914102322e-01 -6.276636843706301372e-02 -3.059665019870072111e+00
-8.553162117584596214e-01 -7.199204808714117221e-03 -1.603892404925576720e+00 9.436030877694701058e-01 -6.343583538684474665e-02 -3.053515573426401009e+00
-8.554750089978939709e-01 -7.839905437956828232e-03 -1.603862026089888371e+00 9.438696673618123256e-01 -6.411713367465765590e-02 -3.047250599409218275e+00
-8.556407707476032520e-01 -8.509624197602885798e-03 -1.603830312327978014e+00 9.441097001101420583e-01 -6.481049199801081073e-02 -3.040871010859454771e+00
-8.558135776864007616e-01 -9.208790190631492914e-03 -1.603797247860007102e+00 9.443220112582855208e-01 -6.551617185707304947e-02 -3.034377717765583071e+00
-8.559935101793424428e-01 -9.937830960021343599e-03 -1.603762816850347273e+00 9.445054478923003982e-01 -6.623446784097128393e-02 -3.027771627060674486e+00
-8.561806482717646549e-01 -1.069717247939678054e-02 -1.603727003405739371e+00 9.446588797026829187e-01 -6.696570786851957502e-02 -3.021053642618945823e+00
-8.563750716832551069e-01 -1.148723914345127495e-02 -1.603689791600678261e+00 9.447811997677624252e-01 -6.771025338276072392e-02 -3.014224665251784785e+00
-8.565768598015787161e-01 -1.230845375814259776e-02 -1.603651165469650808e+00 9.448713253573133297e-01 -6.846849949871386398e-02 -3.007285592703250465e+00
-8.567860916765354107e-01 -1.316123753066355921e-02 -1.603611109030272264e+00 9.449281987553446172e-01 -6.924087510373497234e-02 -3.000237319645044920e+00
-8.570028460137750770e-01 -1.404601005918668273e-02 -1.603569606262390312e+00 9.449507881009979737e-01 -7.002784290990836380e-02 -2.993080737670947844e+00
-8.572272011685356796e-01 -1.496318932238735987e-02 -1.603526641113938611e+00 9.449380882463770392e-01 -7.082989945791146047e-02 -2.985816735290713897e+00
-8.574592351393240941e-01 -1.591319166874552785e-02 -1.603482197497314354e+00 9.448891216301122942e-01 -7.164757507181057639e-02 -2.978446197923427352e+00
-8.576990255615359882e-01 -1.689643180562274208e-02 -1.603436259321692869e+00 9.448029391653682829e-01 -7.248143376427282347e-02 -2.970970007890310960e+00
-8.579466497010483916e-01 -1.791332278811184203e-02 -1.603388810456083613e+00 9.446786211409641254e-01 -7.333207309170305943e-02 -2.963389044406992578e+00
-8.582021844477218941e-01 -1.896427600767080016e-02 -1.603339834782289808e+00 9.445152781342178727e-01 -7.420012395884389989e-02 -2.955704183575220689e+00
-8.584657063089006224e-01 -2.004970118052420980e-02 -1.603289316118194918e+00 9.443120519340838515e-01 -7.508625037240407307e-02 -2.947916298374032795e+00
-8.587372914027796567e-01 -2.117000633586422001e-02 -1.603237238263301778e+00 9.440681164730601038e-01 -7.599114914332175119e-02 -2.940026258650371371e+00
-8.590170154517632328e-01 -2.232559780382025252e-02 -1.603183584984986254e+00 9.437826787663093908e-01 -7.691554953730386779e-02 -2.932034931109159359e+00
-8.593049537757532219e-01 -2.351688020321544836e-02 -1.603128340006524821e+00 9.434549798564213496e-01 -7.786021287331201801e-02 -2.923943179302820994e+00
-8.596011812853696643e-01 -2.474425642910861936e-02 -1.603071487028349784e+00 9.430842957621285993e-01 -7.882593206972343669e-02 -2.915751863620267059e+00
-8.599057724751412168e-01 -2.600812764011851963e-02 -1.603013009691598212e+00 9.426699384292831496e-01 -7.981353113793052123e-02 -2.907461841275332137e+00
-8.602188014165984553e-01 -2.730889324554039432e-02 -1.602952891626640675e+00 9.422112566823644952e-01 -8.082386462318574827e-02 -2.899073966294678950e+00
-8.605403417513740605e-01 -2.864695089223860333e-02 -1.602891116384006054e+00 9.417076371747202801e-01 -8.185781699255637034e-02 -2.890589089505167575e+00
-8.608704666841602293e-01 -3.002269645134950787e-02 -1.602827667540251522e+00 9.411585053357282016e-01 -8.291630196989635548e-02 -2.882008058520704186e+00
-8.612092489757581237e-01 -3.143652400473857106e-02 -1.602762528611283210e+00 9.405633263129735688e-01 -8.400026181781423962e-02 -2.873331717728570212e+00
-8.615567609359610080e-01 -3.288882583127966663e-02 -1.602695683050024744e+00 9.399216059076036522e-01 -8.511066656664159624e-02 -2.864560908275239015e+00
-8.619130744163822078e-01 -3.437999239292658521e-02 -1.602627114264142616e+00 9.392328915008442136e-01 -8.624851319050609588e-02 -2.855696468051694303e+00
-8.622782608032532048e-01 -3.591041232057584631e-02 -1.602556805625105385e+00 9.384967729697797356e-01 -8.741482473063648395e-02 -2.846739231678248050e+00
-8.626523910101866477e-01 -3.748047239972313038e-02 -1.602484740487879034e+00 9.377128835903837389e-01 -8.861064936610871245e-02 -2.837690030488881909e+00
-8.630355354709255966e-01 -3.909055755591164111e-02 -1.602410902113044155e+00 9.368809009257448306e-01 -8.983705943231895530e-02 -2.828549692515122338e+00
-8.634277641319195729e-01 -4.074105084001194282e-02 -1.602335273696833484e+00 9.360005476974909699e-01 -9.109515038750792826e-02 -2.819319042469456083e+00
-8.638291464448951684e-01 -4.243233341329198660e-02 -1.602257838447298965e+00 9.350715926383140753e-01 -9.238603972775770445e-02 -2.809998901728301579e+00
-8.642397513595069247e-01 -4.416478453226359985e-02 -1.602178579472889552e+00 9.340938513235529372e-01 -9.371086585092996968e-02 -2.800590088314550030e+00
-8.646596473157577289e-01 -4.593878153338133014e-02 -1.602097479847805594e+00 9.330671869797222406e-01 -9.507078687010668550e-02 -2.791093416879701028e+00
-8.650889022364828262e-01 -4.775469981752348408e-02 -1.602014522616903802e+00 9.319915112679009184e-01 -9.646697937715582871e-02 -2.781509698685598053e+00
-8.655275835198009693e-01 -4.961291283428457405e-02 -1.601929690759511749e+00 9.308667850398441024e-01 -9.790063715713434589e-02 -2.771839741585795380e+00
-8.659757580314574321e-01 -5.151379206609248140e-02 -1.601842967187112610e+00 9.296930190647302306e-01 -9.937296985430385532e-02 -2.762084350006561717e+00
-8.664334920971150655e-01 -5.345770701214518777e-02 -1.601754334721256390e+00 9.284702747244052423e-01 -1.008852015906259447e-01 -2.752244324927552999e+00
-8.669008514945556465e-01 -5.544502517218256876e-02 -1.601663776153871011e+00 9.271986646750873806e-01 -1.024385695376513472e-01 -2.742320463862164104e+00
-8.673779014459540582e-01 -5.747611203004584363e-02 -1.601571274215702223e+00 9.258783534733439069e-01 -1.040343224428559171e-01 -2.732313560837592803e+00
-8.678647066100489971e-01 -5.955133103707871411e-02 -1.601476811537717593e+00 9.245095581643301141e-01 -1.056737191114933416e-01 -2.722224406374639472e+00
-8.683613310741917779e-01 -6.167104359537201735e-02 -1.601380370643776807e+00 9.230925488301662263e-01 -1.073580268451678477e-01 -2.712053787467255006e+00
-8.688678383463303012e-01 -6.383560904084517595e-02 -1.601281934097994020e+00 9.216276490964059320e-01 -1.090885198383887145e-01 -2.701802487561879129e+00
-8.693842913472683565e-01 -6.604538462608372518e-02 -1.601181484415784118e+00 9.201152365945926004e-01 -1.108664775344405939e-01 -2.691471286536584184e+00
-8.699107524027126503e-01 -6.830072550305560375e-02 -1.601079004011516149e+00 9.185557433788783532e-01 -1.126931829420096953e-01 -2.681060960680058169e+00
-8.704472832351620726e-01 -7.060198470568834761e-02 -1.600974475206956793e+00 9.169496562947613283e-01 -1.145699209140634001e-01 -2.670572282670460318e+00
-8.709939449557719815e-01 -7.294951313228278944e-02 -1.600867880239773555e+00 9.152975172979246343e-01 -1.164979763906165422e-01 -2.660006021554170097e+00
-8.715507980561943979e-01 -7.534365952776347908e-02 -1.600759201238131313e+00 9.135999237213521251e-01 -1.184786326070240980e-01 -2.649362942724466929e+00
-8.721179024003158364e-01 -7.778477046579804211e-02 -1.600648420262426930e+00 9.118575284887959764e-01 -1.205131692695926016e-01 -2.638643807900173499e+00
-8.726953172160536454e-01 -8.027319033073732069e-02 -1.600535519319727706e+00 9.100710402728189319e-01 -1.226028607003347703e-01 -2.627849375104285290e+00
-8.732831010871568989e-01 -8.280926129939877867e-02 -1.600420480316510741e+00 9.082412235957024738e-01 -1.247489739527577191e-01 -2.616980398642632544e+00
-8.738813119448568534e-01 -8.539332332273019688e-02 -1.600303285101328132e+00 9.063688988714200256e-01 -1.269527669007333714e-01 -2.606037629082609275e+00
-8.744900070595914565e-01 -8.802571410730829216e-02 -1.600183915493138764e+00 9.044549423870459348e-01 -1.292154863025172518e-01 -2.595021813231997765e+00
-8.751092430327785943e-01 -9.070676909668398680e-02 -1.600062353220568001e+00 9.025002862220244948e-01 -1.315383658420645752e-01 -2.583933694117932944e+00
-8.757390757884072618e-01 -9.343682145261827943e-02 -1.599938579836469588e+00 9.005059181037041727e-01 -1.339226241499191228e-01 -2.572774010966043079e+00
-8.763795605643539544e-01 -9.621620203624269008e-02 -1.599812576813494758e+00 8.984728811978316410e-01 -1.363694628058837455e-01 -2.561543499179796957e+00
-8.770307519039162170e-01 -9.904523938903371516e-02 -1.599684325584591393e+00 8.964022738325250206e-01 -1.388800643259087142e-01 -2.550242890320112199e+00
-8.776927036474378996e-01 -1.019242597136283401e-01 -1.599553807450796894e+00 8.942952491543483262e-01 -1.414555901356921164e-01 -2.538872912085261113e+00
-8.783654689236461977e-01 -1.048535868545765609e-01 -1.599421003621420923e+00 8.921530147153966528e-01 -1.440971785334193844e-01 -2.527434288291100728e+00
-8.790491001410709604e-01 -1.078335422789467313e-01 -1.599285895199139551e+00 8.899768319902148228e-01 -1.468059426442366033e-01 -2.515927738851670536e+00
-8.797436489793908354e-01 -1.108644450568249257e-01 -1.599148463191363057e+00 8.877680158214482642e-01 -1.495829683691335954e-01 -2.504353979760217896e+00
-8.804491663807884061e-01 -1.139466118416868345e-01 -1.599008688583831717e+00 8.855279337932883132e-01 -1.524293123309150566e-01 -2.492713723070681731e+00
-8.811657025415083888e-01 -1.170803568506054299e-01 -1.598866552192115709e+00 8.832580055318531853e-01 -1.553459998200084902e-01 -2.481007676879677604e+00
-8.818933069029413208e-01 -1.202659918444607817e-01 -1.598722034699600725e+00 8.809597019317038091e-01 -1.583340227429386460e-01 -2.469236545309030806e+00
-8.826320281427870729e-01 -1.235038261080142891e-01 -1.598575116691768105e+00 8.786345443078318329e-01 -1.613943375763219334e-01 -2.457401028488902295e+00
-8.833819141663034058e-01 -1.267941664298589122e-01 -1.598425778718187695e+00 8.762841034725947775e-01 -1.645278633292482917e-01 -2.445501822541546133e+00
-8.841430120977427087e-01 -1.301373170822148762e-01 -1.598274001181826387e+00 8.739099987370507749e-01 -1.677354795170695467e-01 -2.433539619565739720e+00
-8.849153682714098190e-01 -1.335335798007201702e-01 -1.598119764356165096e+00 8.715138968363809191e-01 -1.710180241495458664e-01 -2.421515107621941887e+00
-8.856990282227478195e-01 -1.369832537641161030e-01 -1.597963048365528937e+00 8.690975107791708565e-01 -1.743762917363657905e-01 -2.409428970718234808e+00
-8.864940366793350179e-01 -1.404866355738514094e-01 -1.597803833194811451e+00 8.666625986204026244e-01 -1.778110313131074094e-01 -2.397281888797066607e+00
-8.873004375518884768e-01 -1.440440192336014946e-01 -1.597642098732830584e+00 8.642109621581515189e-01 -1.813229444907187293e-01 -2.385074537722862154e+00
-8.881182739254005476e-01 -1.476556961286591418e-01 -1.597477824843119176e+00 8.617444455541074522e-01 -1.849126835316045603e-01 -2.372807589270530926e+00
-8.889475880505305350e-01 -1.513219550051990714e-01 -1.597310991303757755e+00 8.592649338781120916e-01 -1.885808494554729597e-01 -2.360481711114928771e+00
-8.897884213347828641e-01 -1.550430819495059453e-01 -1.597141577636281617e+00 8.567743515770555041e-01 -1.923279901780843848e-01 -2.348097566821320203e+00
-8.906408143330335481e-01 -1.588193603672628518e-01 -1.596969563145615112e+00 8.542746608687075138e-01 -1.961545986859472568e-01 -2.335655815836883864e+00
-8.915048067381622365e-01 -1.626510709627566609e-01 -1.596794927086170990e+00 8.517678600609298600e-01 -2.000611112502457822e-01 -2.323157113483281577e+00
-8.923804373722956651e-01 -1.665384917178608093e-01 -1.596617648653985588e+00 8.492559817970578573e-01 -2.040479056830932503e-01 -2.310602110950374488e+00
-8.932677441780333405e-01 -1.704818978709596866e-01 -1.596437706877966489e+00 8.467410912282695712e-01 -2.081152996392815480e-01 -2.297991455291119589e+00
-8.941667642092521184e-01 -1.744815618959048020e-01 -1.596255080703223417e+00 8.442252841139327169e-01 -2.122635489666494235e-01 -2.285325789417670173e+00
-8.950775336222297485e-01 -1.785377534808433031e-01 -1.596069748824895829e+00 8.417106848510672590e-01 -2.164928461081483679e-01 -2.272605752098733056e+00
-8.960000876660962899e-01 -1.826507395071336193e-01 -1.595881689853202223e+00 8.391994444341110970e-01 -2.208033185587527092e-01 -2.259831977958246529e+00
-8.969344606739380055e-01 -1.868207840280584064e-01 -1.595690882229845009e+00 8.366937383463639577e-01 -2.251950273802726110e-01 -2.247005097475383906e+00
-8.978806860535554213e-01 -1.910481482475764325e-01 -1.595497304176394016e+00 8.341957643845757664e-01 -2.296679657771371064e-01 -2.234125736985944854e+00
-8.988387962779970097e-01 -1.953330904990652483e-01 -1.595300933826271583e+00 8.317077404182894318e-01 -2.342220577361724954e-01 -2.221194518685171815e+00
-8.998088228766425445e-01 -1.996758662239020432e-01 -1.595101749233201804e+00 8.292319020857777945e-01 -2.388571567332158363e-01 -2.208212060632025686e+00
-9.007907964263452971e-01 -2.040767279499904330e-01 -1.594899728234880243e+00 8.267705004283028014e-01 -2.435730445096687402e-01 -2.195178976754967426e+00
-9.017847465419827069e-01 -2.085359252703848643e-01 -1.594694848404328180e+00 8.243257994648054421e-01 -2.483694299217176216e-01 -2.182095876859260208e+00
-9.027907018667766792e-01 -2.130537048219260654e-01 -1.594487087359883093e+00 8.219000737090587094e-01 -2.532459478651578610e-01 -2.168963366635860535e+00
-9.038086900640089905e-01 -2.176303102635359088e-01 -1.594276422507889812e+00 8.194956056315844117e-01 -2.582021582785046787e-01 -2.155782047671918278e+00
-9.048387378076074850e-01 -2.222659822547434216e-01 -1.594062830977261980e+00 8.171146830687636697e-01 -2.632375452269781757e-01 -2.142552517462912309e+00
-9.058808707724206322e-01 -2.269609584342463238e-01 -1.593846289734533572e+00 8.147595965814951047e-01 -2.683515160701704372e-01 -2.129275369426463893e+00
-9.069351136250097811e-01 -2.317154733983420867e-01 -1.593626775664509720e+00 8.124326367661414139e-01 -2.735434007157327985e-01 -2.115951192917824297e+00
-9.080014900148444257e-01 -2.365297586792497742e-01 -1.593404265375403472e+00 8.101360915203937862e-01 -2.788124509616722868e-01 -2.102580573247113449e+00
-9.090800225645857546e-01 -2.414040427236113229e-01 -1.593178735395027745e+00 8.078722432668835607e-01 -2.841578399296411650e-01 -2.089164091698324288e+00
-9.101707328613246606e-01 -2.463385508707792715e-01 -1.592950162043420992e+00 8.056433661375290711e-01 -2.895786615914329176e-01 -2.075702325550105254e+00
-9.112736414472221158e-01 -2.513335053312233947e-01 -1.592718521413218902e+00 8.034517231217370714e-01 -2.950739303907429778e-01 -2.062195848098336892e+00
-9.123887678100605081e-01 -2.563891251649459968e-01 -1.592483789352439505e+00 8.012995631815063025e-01 -3.006425809624593826e-01 -2.048645228680543884e+00
-9.135161303737059368e-01 -2.615056262599345094e-01 -1.592245941743307691e+00 7.991891183367483276e-01 -3.062834679513600777e-01 -2.035051032702150042e+00
-9.146557464900250123e-01 -2.666832213102703908e-01 -1.592004954160371133e+00 7.971226007241782874e-01 -3.119953659320878758e-01 -2.021413821664603816e+00
-9.158076324290905790e-01 -2.719221197946364299e-01 -1.591760801752664545e+00 7.951021996332803266e-01 -3.177769694320403127e-01 -2.007734153195376070e+00
-9.169718033687511705e-01 -2.772225279549568322e-01 -1.591513459698688182e+00 7.931300785227908268e-01 -3.236268930589901172e-01 -1.994012581079875446e+00
-9.181482733865925505e-01 -2.825846487745312663e-01 -1.591262902895782982e+00 7.912083720214541094e-01 -3.295436717346828526e-01 -1.980249655295231115e+00
-9.193370554503141889e-01 -2.880086819565294554e-01 -1.591009106085857994e+00 7.893391829166522822e-01 -3.355257610360068976e-01 -1.966445922046027084e+00
-9.205381614088017361e-01 -2.934948239023390526e-01 -1.590752043774115831e+00 7.875245791347704749e-01 -3.415715376448216767e-01 -1.952601923801951189e+00
-9.217516019827909357e-01 -2.990432676900351971e-01 -1.590491690496685484e+00 7.857665907171458297e-01 -3.476792999075649648e-01 -1.938718199337361003e+00
-9.229773867570594259e-01 -3.046542030525246081e-01 -1.590228020332992376e+00 7.840672067955549718e-01 -3.538472685055454314e-01 -1.924795283772781529e+00
-9.242155241699538948e-01 -3.103278163563091274e-01 -1.589961007107414614e+00 7.824283725711792536e-01 -3.600735872368566182e-01 -1.910833708618333127e+00
-9.254660215040324545e-01 -3.160642905800426505e-01 -1.589690624468877767e+00 7.808519863011689210e-01 -3.663563239104156155e-01 -1.896834001819087678e+00
-9.267288848771885190e-01 -3.218638052929954085e-01 -1.589416845760509789e+00 7.793398962968476340e-01 -3.726934713527996768e-01 -1.882796687802346547e+00
-9.280041192330614752e-01 -3.277265366337073216e-01 -1.589139644090074466e+00 7.778938979377727492e-01 -3.790829485280695077e-01 -1.868722287526823456e+00
-9.292917283318762323e-01 -3.336526572885959441e-01 -1.588858992419079241e+00 7.765157307057941605e-01 -3.855226017709315611e-01 -1.854611318533747388e+00
-9.305917147418547586e-01 -3.396423364704783676e-01 -1.588574863354861977e+00 7.752070752433990464e-01 -3.920102061331064980e-01 -1.840464294999843320e+00
-9.319040798294426775e-01 -3.456957398973954931e-01 -1.588287229418142710e+00 7.739695504405484927e-01 -3.985434668429561622e-01 -1.826281727792196774e+00
-9.332288237511808804e-01 -3.518130297711287158e-01 -1.587996062748925574e+00 7.728047105543262019e-01 -4.051200208779577872e-01 -1.812064124524964903e+00
-9.345659454438525193e-01 -3.579943647561329434e-01 -1.587701335537019975e+00 7.717140423656736470e-01 -4.117374386496721050e-01 -1.797811989617916995e+00
-9.359154426173288410e-01 -3.642398999579460339e-01 -1.587403019535320592e+00 7.706989623775322151e-01 -4.183932258005656490e-01 -1.783525824356788414e+00
-9.372773117444829216e-01 -3.705497869022800206e-01 -1.587101086097614688e+00 7.697608140587286485e-01 -4.250848251118405363e-01 -1.769206126955419345e+00
-9.386515480513349940e-01 -3.769241735141355965e-01 -1.586795506304861547e+00 7.689008651378967940e-01 -4.318096185213968763e-01 -1.754853392619643904e+00
-9.400381455080180082e-01 -3.833632040967977495e-01 -1.586486251086820287e+00 7.681203049517459913e-01 -4.385649292507909913e-01 -1.740468113612907652e+00
-9.414370968205818535e-01 -3.898670193107034998e-01 -1.586173291066448776e+00 7.674202418519773250e-01 -4.453480240398713930e-01 -1.726050779323552220e+00
-9.428483934218668816e-01 -3.964357561525936879e-01 -1.585856596559728660e+00 7.668017006751202125e-01 -4.521561154875831656e-01 -1.711601876333774364e+00
-9.442720254624250575e-01 -4.030695479347295440e-01 -1.585536137842120441e+00 7.662656202795024019e-01 -4.589863644975066270e-01 -1.697121888490171315e+00
-9.457079818032747554e-01 -4.097685242637832403e-01 -1.585211884759132328e+00 7.658128511536068661e-01 -4.658358828260463769e-01 -1.682611296975845327e+00
-9.471562500061584400e-01 -4.165328110203552203e-01 -1.584883806654185712e+00 7.654441530999389620e-01 -4.727017357315424495e-01 -1.668070580384034995e+00
-9.486168163233164030e-01 -4.233625303386658878e-01 -1.584551872649592630e+00 7.651601929985625272e-01 -4.795809447218808419e-01 -1.653500214793185652e+00
-9.500896656891942849e-01 -4.302578005859211685e-01 -1.584216051528401170e+00 7.649615426543088237e-01 -4.864704903986764029e-01 -1.638900673843460387e+00
-9.515747817114146301e-01 -4.372187363419210993e-01 -1.583876311961462724e+00 7.648486767317176360e-01 -4.933673153951259605e-01 -1.624272428814590219e+00
-9.530721466634054506e-01 -4.442454483784218922e-01 -1.583532622564008951e+00 7.648219707815969715e-01 -5.002683274052077689e-01 -1.609615948705022337e+00
-9.545817414775620291e-01 -4.513380436384711869e-01 -1.583184951214884562e+00 7.648816993630784822e-01 -5.071704023012187923e-01 -1.594931700312315348e+00
-9.561035457336819476e-01 -4.584966252168466982e-01 -1.582833265521928379e+00 7.650280342649247167e-01 -5.140703873367359344e-01 -1.580220148314681605e+00
-9.576375376506951476e-01 -4.657212923399025040e-01 -1.582477532730510061e+00 7.652610428297778045e-01 -5.209651044319296709e-01 -1.565481755353665960e+00
-9.591836940778171172e-01 -4.730121403456448714e-01 -1.582117719662930355e+00 7.655806863849328181e-01 -5.278513535376633259e-01 -1.550716982117825049e+00
-9.607419904853191639e-01 -4.803692606640022622e-01 -1.581753793085961979e+00 7.659868187831092579e-01 -5.347259160753091711e-01 -1.535926287427399561e+00
-9.623124009580745764e-01 -4.877927407966146101e-01 -1.581385719518031641e+00 7.664791850565959574e-01 -5.415855584484208229e-01 -1.521110128319888677e+00
-9.638948981878323607e-01 -4.952826642970200033e-01 -1.581013464849485572e+00 7.670574201880210330e-01 -5.484270356224615339e-01 -1.506268960136403434e+00
-9.654894534627301850e-01 -5.028391107515467473e-01 -1.580636994742791845e+00 7.677210480008804794e-01 -5.552470947689799319e-01 -1.491403236608783489e+00
-9.670960366598441160e-01 -5.104621557596817905e-01 -1.580256274425548169e+00 7.684694801728225722e-01 -5.620424789698422741e-01 -1.476513409947335820e+00
-9.687146162362751944e-01 -5.181518709148759116e-01 -1.579871268793009875e+00 7.693020153745584455e-01 -5.688099309775854762e-01 -1.461599930929168734e+00
-9.703451592210837751e-01 -5.259083237853077186e-01 -1.579481942352649604e+00 7.702178385371261093e-01 -5.755461970275130845e-01 -1.446663248986996386e+00
-9.719876312068852497e-01 -5.337315778948588108e-01 -1.579088259262483973e+00 7.712160202500796258e-01 -5.822480306970623243e-01 -1.431703812298322553e+00
-9.736419963418309065e-01 -5.416216927041451745e-01 -1.578690183228122823e+00 7.722955162930359441e-01 -5.889121968079411573e-01 -1.416722067874945923e+00
-9.753082173208700301e-01 -5.495787235918285774e-01 -1.578287677557135060e+00 7.734551673028373653e-01 -5.955354753663090195e-01 -1.401718461652660341e+00
-9.769862553775128244e-01 -5.576027218359902449e-01 -1.577880705412500362e+00 7.746936985784086405e-01 -6.021146655360778421e-01 -1.386693438581072746e+00
-9.786760702777369536e-01 -5.656937345951974505e-01 -1.577469229489731894e+00 7.760097200252872307e-01 -6.086465896407631249e-01 -1.371647442713458842e+00
-9.803776203114372700e-01 -5.738518048902530033e-01 -1.577053211752534434e+00 7.774017262415267027e-01 -6.151280971885355608e-01 -1.356580917296510425e+00
-9.820908622817646760e-01 -5.820769715865313776e-01 -1.576632613803137462e+00 7.788680967465851923e-01 -6.215560689156233165e-01 -1.341494304859921494e+00
-9.838157514975323092e-01 -5.903692693758182397e-01 -1.576207397056065274e+00 7.804070963546035911e-01 -6.279274208429054260e-01 -1.326388047305676166e+00
-9.855522417671893631e-01 -5.987287287580186357e-01 -1.575777522556684351e+00 7.820168756932170950e-01 -6.342391083401832663e-01 -1.311262585996962660e+00
-9.873002853914467636e-01 -6.071553760233071584e-01 -1.575342950860001867e+00 7.836954718689603805e-01 -6.404881301930295256e-01 -1.296118361846598566e+00
-9.890598331549960154e-01 -6.156492332346423790e-01 -1.574903641986041380e+00 7.854408092800472252e-01 -6.466715326667166197e-01 -1.280955815404847487e+00
-9.908308343179279554e-01 -6.242103182105052106e-01 -1.574459555642769404e+00 7.872507005771612887e-01 -6.527864135618468566e-01 -1.265775386946560221e+00
-9.926132366091430237e-01 -6.328386445074303257e-01 -1.574010650842792236e+00 7.891228477726197621e-01 -6.588299262560313174e-01 -1.250577516557487945e+00
-9.944069862165744178e-01 -6.415342214033658008e-01 -1.573556886311947123e+00 7.910548434981699017e-01 -6.647992837262521881e-01 -1.235362644219694994e+00
-9.962120277810200264e-01 -6.502970538804703216e-01 -1.573098220154262705e+00 7.930441724113348467e-01 -6.706917625461303878e-01 -1.220131209895929603e+00
-9.980283043871736037e-01 -6.591271426086821039e-01 -1.572634610009401079e+00 7.950882127501190944e-01 -6.765047068525940066e-01 -1.204883653612871530e+00
-9.998557575561172195e-01 -6.680244839291689107e-01 -1.572166012992360251e+00 7.971842380356618518e-01 -6.822355322763965502e-01 -1.189620415543133358e+00
-1.001694327237393267e+00 -6.769890698380613969e-01 -1.571692385910693712e+00 7.993294189221273882e-01 -6.878817298306663108e-01 -1.174341936085927518e+00
-1.003543951803133716e+00 -6.860208879699796203e-01 -1.571213685058695519e+00 8.015208251929553107e-01 -6.934408697518723574e-01 -1.159048655946210760e+00
-1.005404568040488833e+00 -6.951199215821026733e-01 -1.570729866463886903e+00 8.037554279023936266e-01 -6.989106052876296049e-01 -1.143741016212284967e+00
-1.007276111146430786e+00 -7.042861495379399983e-01 -1.570240885352140792e+00 8.060301016610148528e-01 -7.042886764257583199e-01 -1.128419458431697331e+00
-1.009158514717807931e+00 -7.135195462922928611e-01 -1.569746696242739992e+00 8.083416270636819556e-01 -7.095729135590083114e-01 -1.113084424685379048e+00
-1.011051710742291387e+00 -7.228200818762336999e-01 -1.569247253220162230e+00 8.106866932581298091e-01 -7.147612410797108407e-01 -1.097736357659838902e+00
-1.012955629591575590e+00 -7.321877220572028389e-01 -1.568742509875508118e+00 8.130619004164240105e-01 -7.198516803828279853e-01 -1.082375701043429617e+00
-1.014870200014094781e+00 -7.416224283212835555e-01 -1.568232419138249067e+00 8.154637625542426882e-01 -7.248423533339510838e-01 -1.067002899590600240e+00
-1.016795349126262238e+00 -7.511241578560277077e-01 -1.567716933466516860e+00 8.178887104859283719e-01 -7.297314856515051407e-01 -1.051618399183983588e+00
-1.018731002405610875e+00 -7.606928635331537958e-01 -1.567196004666364217e+00 8.203330949127002336e-01 -7.345174101977595127e-01 -1.036222646894231936e+00
-1.020677083682334674e+00 -7.703284938918166791e-01 -1.566669584161342499e+00 8.227931896412563617e-01 -7.391985701734450354e-01 -1.020816091037465068e+00
-1.022633515133536397e+00 -7.800309931216043990e-01 -1.566137622844889110e+00 8.252651949294907974e-01 -7.437735222103232235e-01 -1.005399181230246741e+00
-1.024600217276205871e+00 -7.898003010460558082e-01 -1.565600070601712801e+00 8.277452409563128555e-01 -7.482409393570466083e-01 -9.899723684419655667e-01
-1.026577108955626150e+00 -7.996363531073442665e-01 -1.565056876714100875e+00 8.302293914119044382e-01 -7.525996139529422813e-01 -9.745361050445313644e-01
-1.028564107337781808e+00 -8.095390803504253219e-01 -1.564507989971636093e+00 8.327136472048120019e-01 -7.568484603849637837e-01 -9.590908448592717628e-01
-1.030561127902982266e+00 -8.195084094071783953e-01 -1.563953358548102024e+00 8.351939502819030192e-01 -7.609865177228845035e-01 -9.436370432009381082e-01
-1.032568084438416633e+00 -8.295442624810285270e-01 -1.563392930033300265e+00 8.376661875570683424e-01 -7.650129522280588734e-01 -9.281751569187312034e-01
-1.034584889031158417e+00 -8.396465573317167808e-01 -1.562826651600501160e+00 8.401261949444358557e-01 -7.689270597313204725e-01 -9.127056444342137587e-01
-1.036611452063018746e+00 -8.498152072599675089e-01 -1.562254469686963576e+00 8.425697614914864353e-01 -7.727282678754908707e-01 -8.972289657760578185e-01
-1.038647682202321398e+00 -8.600501210930173723e-01 -1.561676329641612959e+00 8.449926336074391475e-01 -7.764161382183615290e-01 -8.817455826115130346e-01
-1.040693486392143541e+00 -8.703512031710857189e-01 -1.561092176298280343e+00 8.473905193820792103e-01 -7.799903681921475096e-01 -8.662559582745147368e-01
-1.042748769844474177e+00 -8.807183533328998282e-01 -1.560501953919971818e+00 8.497590929899377921e-01 -7.834507929154901351e-01 -8.507605577903391003e-01
-1.044813436033975140e+00 -8.911514669015366819e-01 -1.559905605997787159e+00 8.520939991745963837e-01 -7.867973868543031157e-01 -8.352598478967373508e-01
-1.046887386689781652e+00 -9.016504346708862361e-01 -1.559303075091443391e+00 8.543908578077845650e-01 -7.900302653280053544e-01 -8.197542970614614122e-01
-1.048970521785721033e+00 -9.122151428926257299e-01 -1.558694303131866743e+00 8.566452685177363691e-01 -7.931496858578580555e-01 -8.042443754961031699e-01
-1.051062739533796364e+00 -9.228454732627706658e-01 -1.558079231400237408e+00 8.588528153810984778e-01 -7.961560493542826356e-01 -7.887305551661815128e-01
-1.053163936377607302e+00 -9.335413029084519421e-01 -1.557457800145034543e+00 8.610090716726228610e-01 -7.990499011403320306e-01 -7.732133097973910019e-01
-1.055274006981792967e+00 -9.443025043756735348e-01 -1.556829949336234975e+00 8.631096046666821842e-01 -8.018319318086488678e-01 -7.576931148779758596e-01
-1.057392844229682938e+00 -9.551289456156535351e-01 -1.556195617883114002e+00 8.651499804845599328e-01 -8.045029779095128619e-01 -7.421704476571545639e-01
-1.059520339212709050e+00 -9.660204899729555317e-01 -1.555554744061848682e+00 8.671257689813344216e-01 -8.070640224677769758e-01 -7.266457871395385348e-01
-1.061656381224536316e+00 -9.769769961728674845e-01 -1.554907265016905571e+00 8.690325486660622767e-01 -8.095161953267339117e-01 -7.111196140754869610e-01
-1.063800857749860329e+00 -9.879983183099839694e-01 -1.554253117094841707e+00 8.708659116489346763e-01 -8.118607733172472640e-01 -6.955924109473484718e-01
-1.065953654456910593e+00 -9.990843058362081086e-01 -1.553592235765672847e+00 8.726214686089123207e-01 -8.140991802506499786e-01 -6.800646619515694491e-01
-1.068114655189212892e+00 -1.010234803549036053e+00 -1.552924555697796416e+00 8.742948537754136051e-01 -8.162329867343116607e-01 -6.645368529765997012e-01
-1.070283741958296453e+00 -1.021449651579754425e+00 -1.552250010713388528e+00 8.758817299173548010e-01 -8.182639098088168028e-01 -6.490094715765853950e-01
-1.072460794936046735e+00 -1.032728685381832712e+00 -1.551568533889627233e+00 8.773777933329383050e-01 -8.201938124061077806e-01 -6.334830069408035058e-01
-1.074645692448328971e+00 -1.044071735719177330e+00 -1.550880057284591995e+00 8.787787788335597039e-01 -8.220247026282145875e-01 -6.179579498588169129e-01
-1.076838310965648748e+00 -1.055478628655012630e+00 -1.550184512017868554e+00 8.800804647150949345e-01 -8.237587328463916725e-01 -6.024347926813422571e-01
-1.079038525094822676e+00 -1.066949185540630785e+00 -1.549481828179247067e+00 8.812786777098383650e-01 -8.253981986207769017e-01 -5.869140292768185718e-01
-1.081246207569703355e+00 -1.078483223004350844e+00 -1.548771935095102581e+00 8.823692979124159175e-01 -8.269455374409909743e-01 -5.713961549836367171e-01
-1.083461229245082258e+00 -1.090080552939883374e+00 -1.548054760881226288e+00 8.833482636729206305e-01 -8.284033272883151167e-01 -5.558816665580701422e-01
-1.085683459085555747e+00 -1.101740982495677423e+00 -1.547330232732413213e+00 8.842115764504996367e-01 -8.297742850203370102e-01 -5.403710621178716700e-01
-1.087912764157824785e+00 -1.113464314063585148e+00 -1.546598276887958479e+00 8.849553056208366852e-01 -8.310612645793423736e-01 -5.248648410815680565e-01
-1.090149009622736642e+00 -1.125250345267514218e+00 -1.545858818521776312e+00 8.855755932308654321e-01 -8.322672550258982671e-01 -5.093635041034643152e-01
-1.092392058726158188e+00 -1.137098868952230779e+00 -1.545111781854626054e+00 8.860686586939973131e-01 -8.333953783992902320e-01 -4.938675530043807882e-01
-1.094641772791294265e+00 -1.149009673171814905e+00 -1.544357089863142685e+00 8.864308034194774422e-01 -8.344488874069088125e-01 -4.783774906981083652e-01
-1.096898011207658508e+00 -1.160982541178614769e+00 -1.543594664512931702e+00 8.866584153693537473e-01 -8.354311629448019083e-01 -4.628938211136796599e-01
-1.099160631422927636e+00 -1.173017251411517137e+00 -1.542824426593919052e+00 8.867479735367461702e-01 -8.363457114519657898e-01 -4.474170491134590311e-01
-1.101429488932952339e+00 -1.185113577484378400e+00 -1.542046295904017095e+00 8.866960523390965410e-01 -8.371961621011381194e-01 -4.319476804070779274e-01
-1.103704437274105388e+00 -1.197271288173824111e+00 -1.541260191087242326e+00 8.864993259202300635e-01 -8.379862638291225574e-01 -4.164862214612968239e-01
-1.105985328013816993e+00 -1.209490147407159544e+00 -1.540466029709270490e+00 8.861545723553045928e-01 -8.387198822099986018e-01 -4.010331794058279442e-01
-1.108272010742172631e+00 -1.221769914249807965e+00 -1.539663727914326818e+00 8.856586777525934373e-01 -8.394009961746965454e-01 -3.855890619351991511e-01
-1.110564333059433473e+00 -1.234110342893207424e+00 -1.538853200515516884e+00 8.850086402464054647e-01 -8.400336945807399536e-01 -3.701543772067238391e-01
-1.112862140564739200e+00 -1.246511182642160875e+00 -1.538034361441852349e+00 8.842015738754652743e-01 -8.406221726361591262e-01 -3.547296337346434458e-01
-1.115165276850493825e+00 -1.258972177900754996e+00 -1.537207123307334555e+00 8.832347123414023837e-01 -8.411707281818489035e-01 -3.393153402805401120e-01
-1.117473583491608080e+00 -1.271493068158836115e+00 -1.536371397412551909e+00 8.821054126418762520e-01 -8.416837578367651895e-01 -3.239120057400859398e-01
-1.119786900034894783e+00 -1.284073587978024955e+00 -1.535527093828886080e+00 8.808111585734075266e-01 -8.421657530107102829e-01 -3.085201390262393706e-01
-1.122105063989673246e+00 -1.296713466977035267e+00 -1.534674121344218767e+00 8.793495640989634765e-01 -8.426212957895652389e-01 -2.931402489489889907e-01
-1.124427910817866305e+00 -1.309412429816576573e+00 -1.533812387421924495e+00 8.777183765754384970e-01 -8.430550546980092319e-01 -2.777728440917458519e-01
-1.126755273923746747e+00 -1.322170196183762636e+00 -1.532941798266686195e+00 8.759154798366702854e-01 -8.434717803450418883e-01 -2.624184326845129811e-01
-1.129086984644699587e+00 -1.334986480775751883e+00 -1.532062258941873312e+00 8.739388971276678131e-01 -8.438763009577462393e-01 -2.470775224739298892e-01
-1.131422872243684097e+00 -1.347860993282433029e+00 -1.531173673283604764e+00 8.717867938858523402e-01 -8.442735178088721648e-01 -2.317506205903488159e-01
-1.133762763900820980e+00 -1.360793438368597119e+00 -1.530275943509088687e+00 8.694574803655669148e-01 -8.446684005440596721e-01 -2.164382334120459606e-01
-1.136106484700091901e+00 -1.373783515656270104e+00 -1.529368969689721913e+00 8.669494141022008327e-01 -8.450659824146139476e-01 -2.011408664267257118e-01
-1.138453857609249997e+00 -1.386830919707509047e+00 -1.528452649086081028e+00 8.642612022124704918e-01 -8.454713554218800109e-01 -1.858590240904598456e-01
-1.140804703450974511e+00 -1.399935340007928852e+00 -1.527526876104896569e+00 8.613916035278650352e-01 -8.458896653794563125e-01 -1.705932096842180945e-01
-1.143158840873291782e+00 -1.413096460949462285e+00 -1.526591541676096231e+00 8.583395305582852686e-01 -8.463261068995350245e-01 -1.553439251681472677e-01
-1.145516086311702653e+00 -1.426313961813687525e+00 -1.525646534844963709e+00 8.551040512832124296e-01 -8.467859183097906639e-01 -1.401116710337635407e-01
-1.147876253972389460e+00 -1.439587516750455265e+00 -1.524691744761489831e+00 8.516843907681612702e-01 -8.472743765073642574e-01 -1.248969461542277920e-01
-1.150239155842511352e+00 -1.452916794750815255e+00 -1.523727064508622719e+00 8.480799326041476016e-01 -8.477967917565181200e-01 -1.097002476328817477e-01
-1.152604601753004943e+00 -1.466301459609841151e+00 -1.522752395159852501e+00 8.442902201682949137e-01 -8.483585024366514515e-01 -9.452207065024156862e-02
-1.154972399498199298e+00 -1.479741169878692864e+00 -1.521767648715142585e+00 8.403149577042740015e-01 -8.489648697474415640e-01 -7.936290830962487719e-02
-1.157342354998049716e+00 -1.493235578808487896e+00 -1.520772746013963062e+00 8.361540112210129605e-01 -8.496212723778787668e-01 -6.422325148159088726e-02
-1.159714272435083959e+00 -1.506784334297801564e+00 -1.519767607659870512e+00 8.318074092087159865e-01 -8.503331011460409927e-01 -4.910358864741879575e-02
-1.162087954269137580e+00 -1.520387078860347074e+00 -1.518752137653686329e+00 8.272753431713633088e-01 -8.511057536164666759e-01 -3.400440574183004327e-02
-1.164463201026116668e+00 -1.534043449630182243e+00 -1.517726208428453516e+00 8.225581679752674846e-01 -8.519446287020020492e-01 -1.892618599514184902e-02
-1.166839810874024996e+00 -1.547753078401141069e+00 -1.516689672871635919e+00 8.176564020029963853e-01 -8.528551212568068474e-01 -3.869409775089538428e-03
-1.169217575329162706e+00 -1.561515588068506766e+00 -1.515642381831856067e+00 8.125706858706515101e-01 -8.538426178766255203e-01 1.116544556241489544e-02
-1.171596279236418736e+00 -1.575330592524561535e+00 -1.514584190992851020e+00 8.073017818855963146e-01 -8.549124938938652551e-01 2.617790582237275454e-02
-1.173975700844518411e+00 -1.589197696536282844e+00 -1.513514962356445004e+00 8.018505734298869703e-01 -8.560701104022452324e-01 4.116750011960978312e-02
-1.176355611904065457e+00 -1.603116495618116977e+00 -1.512434563141008548e+00 7.962180642709262290e-01 -8.573208113127863683e-01 5.613376102743425355e-02
-1.178735777753219693e+00 -1.617086575905986257e+00 -1.511342864158805588e+00 7.904053778006254749e-01 -8.586699204428724919e-01 7.107622472602576069e-02
-1.181115957383668036e+00 -1.631107514033900419e+00 -1.510239738583274205e+00 7.844137562043200784e-01 -8.601227386400632779e-01 8.599443115049923425e-02
-1.183495903492060020e+00 -1.645178877012237084e+00 -1.509125060276747643e+00 7.782445595609784883e-01 -8.616845409422752011e-01 1.008879241386037851e-01
-1.185875362510427244e+00 -1.659300222108830658e+00 -1.507998703495714521e+00 7.718992648758020714e-01 -8.633605737759554311e-01 1.157562515780048429e-01
-1.188254074634661928e+00 -1.673471096729632013e+00 -1.506860542294286898e+00 7.653794650470011618e-01 -8.651560521937474713e-01 1.305989655530987725e-01
-1.190631773846737129e+00 -1.687691038299696134e+00 -1.505710450038640458e+00 7.586868677678335615e-01 -8.670761571531889755e-01 1.454156224913112638e-01
-1.193008187932102171e+00 -1.701959574144320309e+00 -1.504548299845943404e+00 7.518232943655632772e-01 -8.691260328378799249e-01 1.602057833088337269e-01
-1.195383038505392292e+00 -1.716276221368175481e+00 -1.503373964127090678e+00 7.447906785786178041e-01 -8.713107840225622347e-01 1.749690135557385173e-01
-1.197756041031750263e+00 -1.730640486734650541e+00 -1.502187314969705811e+00 7.375910652736784590e-01 -8.736354734834462787e-01 1.897048835604185912e-01
-1.200126904855795651e+00 -1.745051866543477326e+00 -1.500988223853511050e+00 7.302266091042974860e-01 -8.761051194551008336e-01 2.044129685733041824e-01
-1.202495333228732699e+00 -1.759509846508325204e+00 -1.499776561653897833e+00 7.226995731121159672e-01 -8.787246931352652446e-01 2.190928489098015186e-01
-1.204861023337755466e+00 -1.774013901633769041e+00 -1.498552198347210984e+00 7.150123272725310564e-01 -8.814991162387948442e-01 2.337441100923953741e-01
-1.207223666333461676e+00 -1.788563496092454130e+00 -1.497315003103975251e+00 7.071673469862577166e-01 -8.844332586019804099e-01 2.483663429918889498e-01
-1.209582947360939409e+00 -1.803158083101651155e+00 -1.496064844760862877e+00 6.991672115182256952e-01 -8.875319358384432533e-01 2.629591439677162468e-01
-1.211938545600173667e+00 -1.817797104798444030e+00 -1.494801591258415385e+00 6.910146023853979136e-01 -8.907999070477713444e-01 2.775221150072870735e-01
-1.214290134300794799e+00 -1.832479992116144318e+00 -1.493525110179892090e+00 6.827123016952201251e-01 -8.942418725779627264e-01 2.920548638643095107e-01
-1.216637380827349846e+00 -1.847206164659473737e+00 -1.492235268740429222e+00 6.742631904361501283e-01 -8.978624718428099838e-01 3.065570041960473668e-01
-1.218979946707202222e+00 -1.861975030580036661e+00 -1.490931933888924421e+00 6.656702467219789421e-01 -9.016662811952372847e-01 3.210281556994966645e-01
-1.221317487682821001e+00 -1.876785986451958266e+00 -1.489614972768443346e+00 6.569365439915186844e-01 -9.056578118576129599e-01 3.354679442464437167e-01
-1.223649653773914547e+00 -1.891638417147116114e+00 -1.488284252834735533e+00 6.480652491648783986e-01 -9.098415079101712655e-01 3.498760020173710683e-01
-1.225976089344490649e+00 -1.906531695710971253e+00 -1.486939642535436423e+00 6.390596207585239608e-01 -9.142217443383080511e-01 3.642519676341908763e-01
-1.228296433183273972e+00 -1.921465183237936580e+00 -1.485581010310141004e+00 6.299230069605699089e-01 -9.188028251397348800e-01 3.785954862917927377e-01
-1.230610318572494588e+00 -1.936438228750450907e+00 -1.484208222671759003e+00 6.206588436678017739e-01 -9.235889814924715946e-01 3.929062098884145149e-01
-1.232917373330978172e+00 -1.951450169084139930e+00 -1.482821140963911155e+00 6.112706524859365942e-01 -9.285843699845837129e-01 4.071837971548428192e-01
-1.235217219811207690e+00 -1.966500328782294860e+00 -1.481419616803992145e+00 6.017620386954455336e-01 -9.337930709062681744e-01 4.214279137824385457e-01
-1.237509474830001732e+00 -1.981588020002893469e+00 -1.480003489007457151e+00 5.921366891840120772e-01 -9.392190866053305998e-01 4.356382325500366970e-01
-1.239793749554857660e+00 -1.996712542434894377e+00 -1.478572585216294977e+00 5.823983703478781138e-01 -9.448663399066059565e-01 4.498144334497465313e-01
-1.242069649417764321e+00 -2.011873183213367167e+00 -1.477126731887285827e+00 5.725509259635832571e-01 -9.507386725961436413e-01 4.639562038117129861e-01
-1.244336774185519356e+00 -2.027069216815077457e+00 -1.475665778390124583e+00 5.625982750316336212e-01 -9.568398439709540071e-01 4.780632384279024927e-01
-1.246594718405251490e+00 -2.042299904903717600e+00 -1.474189610449455179e+00 5.525444095945790668e-01 -9.631735294546345250e-01 4.921352396749988367e-01
-1.248843091770324598e+00 -2.057564580668697296e+00 -1.472698121999108434e+00 5.423933255735706727e-01 -9.697432872262264913e-01 5.061719196798490916e-01
-1.251081502760730491e+00 -2.072862569871642524e+00 -1.471191200110992137e+00 5.321491297867049219e-01 -9.765525673615176316e-01 5.201730004745650504e-01
-1.253309558614152497e+00 -2.088193190911221020e+00 -1.469668719873751028e+00 5.218160362518268203e-01 -9.836047084426891018e-01 5.341382141502878378e-01
-1.255526865220317756e+00 -2.103555754901488495e+00 -1.468130544774513657e+00 5.113983624105704617e-01 -9.909029343105933973e-01 5.480673030095664089e-01
-1.257733027021414207e+00 -2.118949565750822828e+00 -1.466576529113153837e+00 5.009005252801820296e-01 -9.984503509605595628e-01 5.619600197172851530e-01
-1.259927646949447588e+00 -2.134373920236510180e+00 -1.465006519730808643e+00 4.903270375393716796e-01 -1.006249943582504969e+00 5.758161274500920301e-01
-1.262110326390090576e+00 -2.149828108076210498e+00 -1.463420358503911389e+00 4.796825035539431514e-01 -1.014304573746136251e+00 5.896354000442094456e-01
-1.264280665185050223e+00 -2.165311411994465196e+00 -1.461817883564943799e+00 4.689716153483543537e-01 -1.022616976731479665e+00 6.034176221415727959e-01
-1.266438261653605846e+00 -2.180823107786845405e+00 -1.460198929605305951e+00 4.581991485288502974e-01 -1.031189759005035178e+00 6.171625893342049807e-01
-1.268582712619268138e+00 -2.196362464383533109e+00 -1.458563328401219605e+00 4.473699581639721812e-01 -1.040025395841449818e+00 6.308701083067207449e-01
-1.270713613445110246e+00 -2.211928743911669937e+00 -1.456910909317436609e+00 4.364889746277166305e-01 -1.049126229090717954e+00 6.445399969768800252e-01
-1.272830558077592267e+00 -2.227521201756307079e+00 -1.455241499272574845e+00 4.255611994109512741e-01 -1.058494465090423775e+00 6.581720846340685105e-01
-1.274933139090583811e+00 -2.243139086620971057e+00 -1.453554923000383248e+00 4.145917009062443093e-01 -1.068132172722585205e+00 6.717662120756179300e-01
-1.277020947734272882e+00 -2.258781640587047779e+00 -1.451851002526731937e+00 4.035856101713315436e-01 -1.078041281614365854e+00 6.853222317408402819e-01
-1.279093573976755271e+00 -2.274448099173494775e+00 -1.450129557136613956e+00 3.925481166761412011e-01 -1.088223580481911812e+00 6.988400078426615369e-01
-1.281150606545986337e+00 -2.290137691395671915e+00 -1.448390403602877630e+00 3.814844640383293628e-01 -1.098680715616298320e+00 7.123194164967301401e-01
-1.283191632976250496e+00 -2.305849639822621366e+00 -1.446633356177339014e+00 3.703999457519240313e-01 -1.109414189510607995e+00 7.257603458478986136e-01
-1.285216239655518677e+00 -2.321583160633217791e+00 -1.444858226584108563e+00 3.592999009139894451e-01 -1.120425359626679995e+00 7.391626961939494755e-01
-1.287224011873773666e+00 -2.337337463671092852e+00 -1.443064823661054152e+00 3.481897099537483165e-01 -1.131715437300200078e+00 7.525263801064434599e-01
-1.289214533866810175e+00 -2.353111752498942444e+00 -1.441252953525024028e+00 3.370747903686327485e-01 -1.143285486782557259e+00 7.658513225485491516e-01
-1.291187388863808128e+00 -2.368905224451056224e+00 -1.439422419725061575e+00 3.259605924713258052e-01 -1.155136424418014895e+00 7.791374609897322445e-01
-1.293142159138534586e+00 -2.384717070684118312e+00 -1.437573022903259723e+00 3.148525951521975452e-01 -1.167269017954193355e+00 7.923847455171970644e-01
-1.295078426056474719e+00 -2.400546476227133130e+00 -1.435704560890849857e+00 3.037563016610768107e-01 -1.179683885984076142e+00 8.055931389439405788e-01
-1.296995770124778069e+00 -2.416392620029602867e+00 -1.433816828708326607e+00 2.926772354122052500e-01 -1.192381497517585487e+00 8.187626169132731224e-01
-1.298893771043553969e+00 -2.432254675008117317e+00 -1.431909618228621062e+00 2.816209358162754528e-01 -1.205362171680505856e+00 8.318931679997074724e-01
-1.300772007753200565e+00 -2.448131808091946304e+00 -1.429982717877059439e+00 2.705929541431356666e-01 -1.218626077538604635e+00 8.449847938060787156e-01
-1.302630058478341013e+00 -2.464023180267523205e+00 -1.428035913066387552e+00 2.595988494186620699e-01 -1.232173234044668053e+00 8.580375090567654572e-01
-1.304467500780095213e+00 -2.479927946620436696e+00 -1.426068986106694414e+00 2.486441843591801204e-01 -1.246003510106056478e+00 8.710513416868884695e-01
-1.306283911608390857e+00 -2.495845256375920584e+00 -1.424081716035009215e+00 2.377345213467217944e-01 -1.260116624770250660e+00 8.840263329273638782e-01
-1.308078867353068553e+00 -2.511774252937985175e+00 -1.422073878390524460e+00 2.268754184482909553e-01 -1.274512147525759920e+00 8.969625373856812134e-01
-1.309851943892934134e+00 -2.527714073927244787e+00 -1.420045245325554095e+00 2.160724254820216572e-01 -1.289189498715844984e+00 9.098600231223062940e-01
-1.311602716648113454e+00 -2.543663851216908522e+00 -1.417995585389527857e+00 2.053310801331145186e-01 -1.304147950062283901e+00 9.227188717225793813e-01
-1.313330760630569083e+00 -2.559622710967447201e+00 -1.415924663494561919e+00 1.946569041221843932e-01 -1.319386625296489424e+00 9.355391783639931402e-01
-1.315035650495665509e+00 -2.575589773659694881e+00 -1.413832240979687072e+00 1.840553994286759920e-01 -1.334904500895009782e+00 9.483210518787422716e-01
-1.316716960596430841e+00 -2.591564154126172692e+00 -1.411718075563888730e+00 1.735320445717356552e-01 -1.350700406916546248e+00 9.610646148114236897e-01
-1.318374265038756654e+00 -2.607544961580910314e+00 -1.409581921207562871e+00 1.630922909507886986e-01 -1.366773027937577378e+00 9.737700034717872155e-01
-1.320007137736123104e+00 -2.623531299647900550e+00 -1.407423528015736558e+00 1.527415592478799100e-01 -1.383120904083708247e+00 9.864373679824490759e-01
-1.321615152464524989e+00 -2.639522266388151461e+00 -1.405242641935085413e+00 1.424852358938750729e-01 -1.399742432153576521e+00 9.990668723214471969e-01
-1.323197882914339374e+00 -2.655516954325698897e+00 -1.403039004716646776e+00 1.323286696003154184e-01 -1.416635866832334667e+00 1.011658694359554911e+00
-1.324754902743422891e+00 -2.671514450472125990e+00 -1.400812354347436228e+00 1.222771679587084659e-01 -1.433799321991508613e+00 1.024213025892256823e+00
-1.326285785639007342e+00 -2.687513836348944807e+00 -1.398562424737331611e+00 1.123359941086830016e-01 -1.451230772072317210e+00 1.036730072666291580e+00
-1.327790105376517982e+00 -2.703514188009028540e+00 -1.396288945599536202e+00 1.025103634764557015e-01 -1.468928053549317658e+00 1.049210054400698144e+00
-1.329267435878442649e+00 -2.719514576056848654e+00 -1.393991642258975538e+00 9.280544058493667148e-02 -1.486888866471170356e+00 1.061653204802248007e+00
-1.330717351272150850e+00 -2.735514065667595140e+00 -1.391670235672042955e+00 8.322633593654715778e-02 -1.505110776075509804e+00 1.074059771575238020e+00
-1.332139425950087386e+00 -2.751511716604933877e+00 -1.389324442405133420e+00 7.377810296974474102e-02 -1.523591214474805833e+00 1.086430016425545153e+00
-1.333533234631716358e+00 -2.767506583237484552e+00 -1.386953974442699300e+00 6.446573509016650938e-02 -1.542327482410025929e+00 1.098764215058858573e+00
-1.334898352424553458e+00 -2.783497714554306945e+00 -1.384558539188821324e+00 5.529416277697707383e-02 -1.561316751069254716e+00 1.111062657173070622e+00
-1.336234354887427589e+00 -2.799484154179142870e+00 -1.382137839512199040e+00 4.626825076513296775e-02 -1.580556063968001634e+00 1.123325646444740311e+00
-1.337540818096711659e+00 -2.815464940383415104e+00 -1.379691573512743297e+00 3.739279530394923334e-02 -1.600042338888286730e+00 1.135553500509588032e+00
-1.338817318711123194e+00 -2.831439106098381675e+00 -1.377219434348526228e+00 2.867252149229959635e-02 -1.619772369873507589e+00 1.147746550936972865e+00
-1.340063434036111278e+00 -2.847405678926380190e+00 -1.374721110440612071e+00 2.011208069068914916e-02 -1.639742829276059188e+00 1.159905143198314503e+00
-1.341278742093917176e+00 -2.863363681150729256e+00 -1.372196284993964843e+00 1.171604801019043851e-02 -1.659950269854961080e+00 1.172029636629427607e+00
-1.342462821688441332e+00 -2.879312129745170257e+00 -1.369644636444885322e+00 3.488919878277374487e-03 -1.680391126920493194e+00 1.184120404386717507e+00
-1.343615252479758659e+00 -2.895250036381739722e+00 -1.367065837890621749e+00 -4.564888318636439735e-03 -1.701061720523094456e+00 1.196177833397248147e+00
-1.344735615052094158e+00 -2.911176407438350378e+00 -1.364459557357228459e+00 -1.244104451621630414e-02 -1.721958257683753324e+00 1.208202324302636521e+00
-1.345823490988682147e+00 -2.927090244005081221e+00 -1.361825457235054770e+00 -2.013530217716241744e-02 -1.743076834663201957e+00 1.220194291396760722e+00
-1.346878462940295451e+00 -2.942990541890183831e+00 -1.359163194621198389e+00 -2.764350242058266627e-02 -1.764413439267269679e+00 1.232154162557281163e+00
-1.347900114701955809e+00 -2.958876291624798593e+00 -1.356472420994431438e+00 -3.496157607637173648e-02 -1.785963953185869535e+00 1.244082379170972974e+00
-1.348888031287262201e+00 -2.974746478467156230e+00 -1.353752782318252468e+00 -4.208554566527378249e-02 -1.807724154363112179e+00 1.255979396052868680e+00
-1.349841799007219123e+00 -2.990600082405817428e+00 -1.351003919136896991e+00 -4.901152730538727020e-02 -1.829689719396108361e+00 1.267845681359227150e+00
-1.350761005553497540e+00 -3.006436078162031844e+00 -1.348225466072968670e+00 -5.573573254596897453e-02 -1.851856225960103242e+00 1.279681716494322608e+00
-1.351645240076693621e+00 -3.022253435191835980e+00 -1.345417051804993269e+00 -6.225447012951002002e-02 -1.874219155257798253e+00 1.291487996011098094e+00
-1.352494093267276876e+00 -3.038051117687393443e+00 -1.342578298911166756e+00 -6.856414768305574281e-02 -1.896773894490551005e+00 1.303265027505700946e+00
-1.353307157437179331e+00 -3.053828084577715263e+00 -1.339708823747620903e+00 -7.466127333983396674e-02 -1.919515739349266781e+00 1.315013331505916705e+00
-1.354084026602658586e+00 -3.069583289528780679e+00 -1.336808237015749690e+00 -8.054245729241249485e-02 -1.942439896523159959e+00 1.326733441353557863e+00
-1.354824296579379084e+00 -3.085315680942543271e+00 -1.333876143733710773e+00 -8.620441327855621338e-02 -1.965541486224303691e+00 1.338425903080840529e+00
-1.355527565080327346e+00 -3.101024201955418391e+00 -1.330912143331945741e+00 -9.164396000107033480e-02 -1.988815544726146856e+00 1.350091275280798309e+00
-1.356193431818529360e+00 -3.116707790436191949e+00 -1.327915829627667188e+00 -9.685802248295871664e-02 -2.012257026914210822e+00 1.361730128971785359e+00
-1.356821498612629684e+00 -3.132365378983476223e+00 -1.324886790905399625e+00 -1.018436333592900311e-01 -2.035860808847344661e+00 1.373343047456133004e+00
-1.357411369496895226e+00 -3.147995894922649196e+00 -1.321824609170136444e+00 -1.065979341071732200e-01 -2.059621690327874788e+00 1.384930626173021206e+00
-1.357962650822570616e+00 -3.163598260302752596e+00 -1.318728859117624053e+00 -1.111181762153130581e-01 -2.083534397479134270e+00 1.396493472545636827e+00
-1.358474951346102966e+00 -3.179171391893302445e+00 -1.315599105835460136e+00 -1.154017222946293053e-01 -2.107593585328919161e+00 1.408032205822681071e+00
-1.358947882284564646e+00 -3.194714201181337643e+00 -1.312434900642547531e+00 -1.194460471314855443e-01 -2.131793840397579576e+00 1.419547456914322936e+00
-1.359381057309879681e+00 -3.210225594369004565e+00 -1.309235776709181343e+00 -1.232487386850722455e-01 -2.156129683289433885e+00 1.431039868222675482e+00
-1.359774092479836716e+00 -3.225704472370900966e+00 -1.306001246585321018e+00 -1.268074990305101402e-01 -2.180595571286275014e+00 1.442510093466883303e+00
-1.360126606137685989e+00 -3.241149730809794072e+00 -1.302730806460437041e+00 -1.301201452493006006e-01 -2.205185900942051358e+00 1.453958797502928224e+00
-1.360438218887102479e+00 -3.256560260008648733e+00 -1.299423953572192758e+00 -1.331846102687042066e-01 -2.229895010677524159e+00 1.465386656138237820e+00
-1.360708553847116864e+00 -3.271934944977317627e+00 -1.296080221538095767e+00 -1.359989436516788608e-01 -2.254717183374030931e+00 1.476794355941210890e+00
-1.360937237459784122e+00 -3.287272665402320992e+00 -1.292699155837297997e+00 -1.385613126232421166e-01 -2.279646652125738804e+00 1.488182594037140261e+00
-1.361123902433261534e+00 -3.302572301546940814e+00 -1.289280292045037690e+00 -1.408699969640458960e-01 -2.304677568734203152e+00 1.499552077687896778e+00
-1.361268187845114275e+00 -3.317832734231011660e+00 -1.285823147344683504e+00 -1.429233910177722944e-01 -2.329804006604600630e+00 1.510903523858376563e+00
-1.361369739126133460e+00 -3.333052844808679804e+00 -1.282327219351973469e+00 -1.447200056334141394e-01 -2.355019963707316144e+00 1.522237658769856949e+00
-1.361428208036429499e+00 -3.348231515141063319e+00 -1.278791987833335586e+00 -1.462584700420843653e-01 -2.380319365604534720e+00 1.533555217440403684e+00
-1.361443252677267512e+00 -3.363367627563120799e+00 -1.275216917025475016e+00 -1.475375336679443095e-01 -2.405696068541495869e+00 1.544856943212517653e+00
-1.361414537547065429e+00 -3.378460064845013378e+00 -1.271601456830639965e+00 -1.485560678727599893e-01 -2.431143862602104466e+00 1.556143587268195905e+00
-1.361341733624072958e+00 -3.393507710148344625e+00 -1.267945043831780749e+00 -1.493130676335130413e-01 -2.456656474928596623e+00 1.567415908131632785e+00
-1.361224518472847755e+00 -3.408509446977551871e+00 -1.264247101482170788e+00 -1.498076531524257238e-01 -2.482227573005037602e+00 1.578674671159790766e+00
-1.361062576362113363e+00 -3.423464159126550665e+00 -1.260507039992627476e+00 -1.500390713986579083e-01 -2.507850768004182829e+00 1.589920648021085681e+00
-1.360855598389633769e+00 -3.438370730620629701e+00 -1.256724256108009419e+00 -1.500066975808591607e-01 -2.533519618197554557e+00 1.601154616162465016e+00
-1.360603282612695031e+00 -3.453228045653589984e+00 -1.252898132303268630e+00 -1.497100365496533136e-01 -2.559227632428263011e+00 1.612377358265172145e+00
-1.360305334175847758e+00 -3.468034988519919537e+00 -1.249028036407457742e+00 -1.491487241290494481e-01 -2.584968273646263803e+00 1.623589661689510910e+00
-1.359961465442687700e+00 -3.482790443541996073e+00 -1.245113321318740862e+00 -1.483225283756781643e-01 -2.610734962505458334e+00 1.634792317908941417e+00
-1.359571396133361088e+00 -3.497493294992318980e+00 -1.241153324568300853e+00 -1.472313507646576536e-01 -2.636521081022304980e+00 1.645986121933876944e+00
-1.359134853465900239e+00 -3.512142427010759960e+00 -1.237147367926356933e+00 -1.458752273007928313e-01 -2.662319976295229651e+00 1.657171871725552581e+00
-1.358651572302386645e+00 -3.526736723516841199e+00 -1.233094756902196165e+00 -1.442543295537355164e-01 -2.688124964284112295e+00 1.668350367600370365e+00
-1.358121295298787778e+00 -3.541275068117019309e+00 -1.228994780290805000e+00 -1.423689656156281735e-01 -2.713929333649101938e+00 1.679522411625153033e+00
-1.357543773059527448e+00 -3.555756344007039882e+00 -1.224846709551304258e+00 -1.402195809796691339e-01 -2.739726349647862769e+00 1.690688807003746019e+00
-1.356918764294769542e+00 -3.570179433869316465e+00 -1.220649798268720998e+00 -1.378067593379697087e-01 -2.765509258090129929e+00 1.701850357455437779e+00
-1.356246035982045628e+00 -3.584543219765449873e+00 -1.216403281556028393e+00 -1.351312232969739124e-01 -2.791271289348487450e+00 1.713007866585695149e+00
-1.355525363531821181e+00 -3.598846583023918022e+00 -1.212106375771784705e+00 -1.321938350086713232e-01 -2.817005662423860635e+00 1.724162137249716009e+00
-1.354756530961942040e+00 -3.613088404123276920e+00 -1.207758277410664549e+00 -1.289955967157092598e-01 -2.842705589064528748e+00 1.735313970909355685e+00
-1.353939331069562879e+00 -3.627267562570410497e+00 -1.203358162818557453e+00 -1.255376512085262242e-01 -2.868364277936693352e+00 1.746464166983957123e+00
-1.353073565612854079e+00 -3.641382936774562484e+00 -1.198905187404215589e+00 -1.218212821925166445e-01 -2.893974938844981359e+00 1.757613522195686784e+00
-1.352159045495755718e+00 -3.655433403916950041e+00 -1.194398485035301105e+00 -1.178479145632149727e-01 -2.919530787000813810e+00 1.768762829909958478e+00
-1.351195590958892856e+00 -3.669417839816316196e+00 -1.189837167338296364e+00 -1.136191145874558828e-01 -2.945025047336424784e+00 1.779912879471570841e+00
-1.350183031775799902e+00 -3.683335118790534324e+00 -1.185220322964599671e+00 -1.091365899884406687e-01 -2.970450958862110635e+00 1.791064455537179079e+00
-1.349121207454487825e+00 -3.697184113514504045e+00 -1.180547016849154085e+00 -1.044021899325997538e-01 -2.995801779064215076e+00 1.802218337404761783e+00
-1.348009967444787849e+00 -3.710963694874574337e+00 -1.175816289344396637e+00 -9.941790491615498659e-02 -3.021070788341016389e+00 1.813375298340747177e+00
-1.346849171350309682e+00 -3.724672731819621330e+00 -1.171027155506437323e+00 -9.418586654927585400e-02 -3.046251294473571569e+00 1.824536104905490452e+00
-1.345638689147670153e+00 -3.738310091209293695e+00 -1.166178604109148420e+00 -8.870834723576304093e-02 -3.071336637128227576e+00 1.835701516277778556e+00
-1.344378401409856982e+00 -3.751874637659416756e+00 -1.161269597036048040e+00 -8.298775974616257045e-02 -3.096320192387529868e+00 1.846872283579092500e+00
-1.343068199539506846e+00 -3.765365233385371102e+00 -1.156299068169629463e+00 -7.702665668230235241e-02 -3.121195377305866714e+00 1.858049149198329308e+00
-1.341707986005845399e+00 -3.778780738043239662e+00 -1.151265922694572508e+00 -7.082772983123131194e-02 -3.145955654486121134e+00 1.869232846117718339e+00
-1.340297674591571564e+00 -3.792120008569635825e+00 -1.146169035951620563e+00 -6.439380940664085617e-02 -3.170594536673333685e+00 1.880424097240667392e+00
-1.338837190644279307e+00 -3.805381899020050529e+00 -1.141007252596959676e+00 -5.772786317583389337e-02 -3.195105591361368624e+00 1.891623614722285796e+00
-1.337326471337209055e+00 -3.818565260406584283e+00 -1.135779385504479766e+00 -5.083299547048469869e-02 -3.219482445408060833e+00 1.902832099303318092e+00
-1.335765465936616048e+00 -3.831668940535145396e+00 -1.130484214691256373e+00 -4.371244607943758353e-02 -3.243718789654431500e+00 1.914050239648246832e+00
-1.334154136076786790e+00 -3.844691783842654420e+00 -1.125120486135899878e+00 -3.636958902185738474e-02 -3.267808383543405082e+00 1.925278711688300559e+00
-1.332492456042100315e+00 -3.857632631234541698e+00 -1.119686910710108396e+00 -2.880793119919933254e-02 -3.291745059733181655e+00 1.936518177970132593e+00
-1.330780413058416434e+00 -3.870490319923237887e+00 -1.114182163028869743e+00 -2.103111092459442055e-02 -3.315522728700172728e+00 1.947769287010891359e+00
-1.329018007593528505e+00 -3.883263683268089572e+00 -1.108604880380294366e+00 -1.304289632823008027e-02 -3.339135383326648387e+00 1.959032672660435015e+00
-1.327205253668535034e+00 -3.895951550617410053e+00 -1.102953661249230111e+00 -4.847183637502805453e-03 -3.362577103467871975e+00 1.970308953471422653e+00
-1.325342179175796886e+00 -3.908552747152512552e+00 -1.097227064084338233e+00 3.552004669083341781e-03 -3.385842060493240879e+00 1.981598732077989755e+00
-1.323428826207539988e+00 -3.921066093734728142e+00 -1.091423605875314617e+00 1.215052183533738006e-02 -3.408924521796258933e+00 1.992902594583738418e+00
-1.321465251393651563e+00 -3.933490406755642432e+00 -1.085541760866484795e+00 2.094409892883719593e-02 -3.431818855267564139e+00 2.004221109959720692e+00
-1.319451526251351980e+00 -3.945824497991462732e+00 -1.079579959295688285e+00 2.992834707121727611e-02 -3.454519533725693758e+00 2.015554829453114483e+00
-1.317387737548028515e+00 -3.958067174462205795e+00 -1.073536585609636163e+00 3.909875979782617694e-02 -3.477021139299919739e+00 2.026904286007252143e+00
-1.315273987671778944e+00 -3.970217238295325135e+00 -1.067409976922648829e+00 4.845071554705038253e-02 -3.499318367759261861e+00 2.038269993693653248e+00
-1.313110395013825871e+00 -3.982273486594871681e+00 -1.061198421562853156e+00 5.797948027960087014e-02 -3.521406032782080864e+00 2.049652447156693480e+00
-1.310897094364974702e+00 -3.994234711317074193e+00 -1.054900157436879260e+00 6.768021022785009055e-02 -3.543279070160505029e+00 2.061052121071524912e+00
-1.308634237325036143e+00 -4.006099699152676941e+00 -1.048513370244739784e+00 7.754795477505982415e-02 -3.564932541933779397e+00 2.072469469615835447e+00
-1.306321992724613912e+00 -4.017867231416444085e+00 -1.042036191886427376e+00 8.757765946424644898e-02 -3.586361640444744925e+00 2.083904925956009624e+00
-1.303960547062774866e+00 -4.029536083944996960e+00 -1.035466698569554422e+00 9.776416913624486060e-02 -3.607561692313651758e+00 2.095358901748236580e+00
-1.301550104958310472e+00 -4.041105027003091266e+00 -1.028802908916353731e+00 1.081022311962909210e-01 -3.628528162323394479e+00 2.106831786655080307e+00
-1.299090889615901911e+00 -4.052572825199117545e+00 -1.022042782143462780e+00 1.185864990083140835e-01 -3.649256657210384613e+00 2.118323947878005598e+00
-1.296583143309365749e+00 -4.063938237410829935e+00 -1.015184215948629731e+00 1.292115354159282248e-01 -3.669742929355267691e+00 2.129835729706321956e+00
-1.294027127879966210e+00 -4.075200016721441720e+00 -1.008225044666156256e+00 1.399718163888649114e-01 -3.689982880367633555e+00 2.141367453082980710e+00
-1.291423125254267612e+00 -4.086356910367667794e+00 -1.001163037095803565e+00 1.508617347934487762e-01 -3.709972564559023134e+00 2.152919415187635188e+00
-1.288771437979190804e+00 -4.097407659699844551e+00 -9.939958942643274398e-01 1.618756042854541111e-01 -3.729708192298466063e+00 2.164491889037348127e+00
-1.286072389775023028e+00 -4.108351000154908839e+00 -9.867212473508468751e-01 1.730076633235055894e-01 -3.749186133244907904e+00 2.176085123105292229e+00
-1.283326326109684778e+00 -4.119185661243697005e+00 -9.793366553566427157e-01 1.842520793008962654e-01 -3.768402919450839494e+00 2.187699340957763638e+00
-1.280533614792892516e+00 -4.129910366552980605e+00 -9.718396027856841535e-01 1.956029527935811974e-01 -3.787355248331655488e+00 2.199334740909803632e+00
-1.277694646591880367e+00 -4.140523833763412931e+00 -9.642274972545750167e-01 2.070543219217806374e-01 -3.806039985495211386e+00 2.210991495699690113e+00
-1.274809835869457730e+00 -4.151024774684401564e+00 -9.564976671754644721e-01 2.186001668224349936e-01 -3.824454167426192264e+00 2.222669752182535152e+00
-1.271879621246704506e+00 -4.161411895307450592e+00 -9.486473588636986642e-01 2.302344142295006391e-01 -3.842595004019962346e+00 2.234369631043185311e+00
-1.268904466285865729e+00 -4.171683895877658976e+00 -9.406737344204583184e-01 2.419509421588672549e-01 -3.860459880960720458e+00 2.246091226528606821e+00
-1.265884860203213780e+00 -4.181839470987150698e+00 -9.325738693019125503e-01 2.537435846942851514e-01 -3.878046361938705111e+00 2.257834606199890626e+00
-1.262821318610073185e+00 -4.191877309691228071e+00 -9.243447504848308904e-01 2.656061368706242876e-01 -3.895352190701543815e+00 2.269599810704000742e+00
-1.259714384289406297e+00 -4.201796095650920826e+00 -9.159832754910439689e-01 2.775323596504779555e-01 -3.912375292934906046e+00 2.281386853565348094e+00
-1.256564628017267982e+00 -4.211594507306591240e+00 -9.074862527255830313e-01 2.895159849897582793e-01 -3.929113777967606413e+00 2.293195720997255993e+00
-1.253372649441533815e+00 -4.221271218088790356e+00 -8.988504022599752563e-01 3.015507209877564820e-01 -3.945565940296578145e+00 2.305026371733342128e+00
-1.250139078019757433e+00 -4.230824896669353130e+00 -8.900723558116647727e-01 3.136302571169036213e-01 -3.961730260927316394e+00 2.316878736878819289e+00
-1.246864574003871073e+00 -4.240254207250318430e+00 -8.811486509961780067e-01 3.257482695270994544e-01 -3.977605408525437980e+00 2.328752719781695735e+00
-1.243549829411657814e+00 -4.249557809869571656e+00 -8.720757129241921701e-01 3.378984264193330977e-01 -3.993190240375330990e+00 2.340648195923827224e+00
-1.240195568861281128e+00 -4.258734360680812792e+00 -8.628498138403450923e-01 3.500743934727583717e-01 -4.008483803129400336e+00 2.352565012831675073e+00
-1.236802543179774450e+00 -4.267782514411194050e+00 -8.534671008355091404e-01 3.622698193647125864e-01 -4.023485317884626156e+00 2.364502990218607437e+00
-1.233371530076398770e+00 -4.276700924573706430e+00 -8.439235941957332621e-01 3.744783400659784656e-01 -4.038194180857355597e+00 2.376461920137539874e+00
-1.229903334851611518e+00 -4.285488243691216503e+00 -8.342153126678628627e-01 3.866935831939271040e-01 -4.052609963925926095e+00 2.388441567143851696e+00
-1.226398792254555170e+00 -4.294143123991683630e+00 -8.243381497701195437e-01 3.989091724192769250e-01 -4.066732415037350279e+00 2.400441668468491940e+00
-1.222858767260221136e+00 -4.302664217717568462e+00 -8.142878897410944505e-01 4.111187319220479530e-01 -4.080561458474520897e+00 2.412461934201202585e+00
-1.219284156032660160e+00 -4.311050177523214622e+00 -8.040602175540699781e-01 4.233158908919648633e-01 -4.094097194980533594e+00 2.424502047483762190e+00
-1.215675887011402390e+00 -4.319299656945656096e+00 -7.936507227308154944e-01 4.354942880683043138e-01 -4.107339901736877685e+00 2.436561664713158493e+00
-1.212034922060962971e+00 -4.327411310931607247e+00 -7.830549000029028983e-01 4.476475763139764474e-01 -4.120290032192504448e+00 2.448640415754583799e+00
-1.208362257652216831e+00 -4.335383796412259017e+00 -7.722681494439388450e-01 4.597694272183202591e-01 -4.132948215740926301e+00 2.460737904164144396e+00
-1.204658926066915603e+00 -4.343215772925599794e+00 -7.612857778979468248e-01 4.718535357229469152e-01 -4.145315257242799589e+00 2.472853707421165836e+00
-1.200925996630454629e+00 -4.350905903292232146e+00 -7.501030020395845765e-01 4.838936247646306588e-01 -4.157392136391613313e+00 2.484987377169968870e+00
-1.197164576978863693e+00 -4.358452854351931194e+00 -7.387149532605884472e-01 4.958834499290991626e-01 -4.169180006920401915e+00 2.497138439470985460e+00
-1.193375814365571497e+00 -4.365855297769222432e+00 -7.271166842055712953e-01 5.078168041093247265e-01 -4.180680195647654251e+00 2.509306395061080774e+00
-1.189560897010126794e+00 -4.373111910915849165e+00 -7.153031768419626513e-01 5.196875221617438534e-01 -4.191894201360888417e+00 2.521490719622936361e+00
-1.185721055488232478e+00 -4.380221377837697716e+00 -7.032693521382676893e-01 5.314894855535783336e-01 -4.202823693536606342e+00 2.533690864063345760e+00
-1.181857564160919694e+00 -4.387182390313989266e+00 -6.910100813320163571e-01 5.432166269943015102e-01 -4.213470510895705345e+00 2.545906254800264001e+00
-1.177971742638356911e+00 -4.393993649016265657e+00 -6.785201995971541500e-01 5.548629350440638097e-01 -4.223836659793687609e+00 2.558136294058453775e+00
-1.174064957276941490e+00 -4.400653864777555491e+00 -6.657945219330896336e-01 5.664224586917645521e-01 -4.233924312445385141e+00 2.570380360173556866e+00
-1.170138622704001818e+00 -4.407161759981115701e+00 -6.528278621025074280e-01 5.778893118952266317e-01 -4.243735804984190452e+00 2.582637807904419880e+00
-1.166194203366746285e+00 -4.413516070080944154e+00 -6.396150550339333440e-01 5.892576780758578270e-01 -4.253273635356213056e+00 2.594907968753500604e+00
-1.162233215100813233e+00 -4.419715545267529855e+00 -6.261509829696070284e-01 6.005218145599273694e-01 -4.262540461050043028e+00 2.607190151295164515e+00
-1.158257226711146837e+00 -4.425758952292875748e+00 -6.124306061369367837e-01 6.116760569585203422e-01 -4.271539096663253154e+00 2.619483641511689331e+00
-1.154267861557864983e+00 -4.431645076471339983e+00 -5.984489985499130693e-01 6.227148234780512936e-01 -4.280272511307098071e+00 2.631787703136779122e+00
-1.150266799137793283e+00 -4.437372723874581482e+00 -5.842013896893422098e-01 6.336326191531215235e-01 -4.288743825851294211e+00 2.644101578006400111e+00
-1.146255776650388691e+00 -4.442940723741098275e+00 -5.696832129170716907e-01 6.444240399932925634e-01 -4.296956310011111668e+00 2.656424486416730790e+00
-1.142236590534452478e+00 -4.448347931123365129e+00 -5.548901616288973715e-01 6.550837770352913036e-01 -4.304913379279462937e+00 2.668755627489025617e+00
-1.138211097959475726e+00 -4.453593229798580744e+00 -5.398182542852493215e-01 6.656066202919578290e-01 -4.312618591707047422e+00 2.681094179541189337e+00
-1.134181218252366286e+00 -4.458675535472441886e+00 -5.244639096300124370e-01 6.759874625891169053e-01 -4.320075644534057346e+00 2.693439300465848785e+00
-1.130148934236723468e+00 -4.463593799309403032e+00 -5.088240337574505556e-01 6.862213032813880842e-01 -4.327288370677370821e+00 2.705790128114711646e+00
-1.126116293458382156e+00 -4.468347011828259774e+00 -4.928961205309804749e-01 6.963032518377918478e-01 -4.334260735077627658e+00 2.718145780689005697e+00
-1.122085409264877098e+00 -4.472934207206660240e+00 -4.766783677808894559e-01 7.062285312877489840e-01 -4.340996830911000082e+00 2.730505357135778244e+00
-1.118058461702876816e+00 -4.477354468046845781e+00 -4.601698114071668400e-01 7.159924815178699831e-01 -4.347500875670972320e+00 2.742867937549850144e+00
-1.114037698190041059e+00 -4.481606930662728416e+00 -4.433704802898496555e-01 7.255905624096269380e-01 -4.353777207125910209e+00 2.755232583581208594e+00
-1.110025433911123738e+00 -4.485690790959977470e+00 -4.262815753068702196e-01 7.350183568076709140e-01 -4.359830279158723343e+00 2.767598338847630846e+00
-1.106024051880022174e+00 -4.489605310995107068e+00 -4.089056761527294914e-01 7.442715733081481932e-01 -4.365664657495431200e+00 2.779964229352331007e+00
-1.102036002599468656e+00 -4.493349826317122542e+00 -3.912469806370537651e-01 7.533460488558516577e-01 -4.371285015330011348e+00 2.792329263906429659e+00
-1.098063803239962555e+00 -4.496923754219553260e+00 -3.733115816345087268e-01 7.622377511384478277e-01 -4.376696128853486023e+00 2.804692434556042446e+00
-1.094110036246443762e+00 -4.500326603060852193e+00 -3.551077877765752566e-01 7.709427807652433629e-01 -4.381902872695830453e+00 2.817052717013804219e+00
-1.090177347266195085e+00 -4.503557982850747266e+00 -3.366464951909828307e-01 7.794573732170353431e-01 -4.386910215289977266e+00 2.829409071094638239e+00
-1.086268442274393564e+00 -4.506617617352934424e+00 -3.179416185483180946e-01 7.877779005524012668e-01 -4.391723214167911671e+00 2.841760441155606554e+00
-1.082386083752631123e+00 -4.509505358023095489e+00 -2.990105915354693278e-01 7.959008728543357503e-01 -4.396347011199690513e+00 2.854105756539678573e+00
-1.078533085752255039e+00 -4.512221200194361792e+00 -2.798749481374420145e-01 8.038229393992958327e-01 -4.400786827787132260e+00 2.866443932023278407e+00
-1.074712307644928977e+00 -4.514765302044646766e+00 -2.605609986653992238e-01 8.115408895284010882e-01 -4.405047960024967679e+00 2.878773868267487046e+00
-1.070926646329457332e+00 -4.517138007046501258e+00 -2.411006167097848318e-01 8.190516531976107517e-01 -4.409135773843483541e+00 2.891094452272805260e+00
-1.067179026622907756e+00 -4.519339870821262650e+00 -2.215321560000747536e-01 8.263523011799479567e-01 -4.413055700148088789e+00 2.903404557837410138e+00
-1.063472389513973049e+00 -4.521371693612025844e+00 -2.019015190894464518e-01 8.334400448880270318e-01 -4.416813229972972543e+00 2.915703046018876865e+00
-1.059809677893862379e+00 -4.523234559969736779e+00 -1.822634014407758796e-01 8.403122357789107877e-01 -4.420413909668082120e+00 2.927988765599383925e+00
-1.056193819298715475e+00 -4.524929887718573518e+00 -1.626827327406179524e-01 8.469663642951630322e-01 -4.423863336141232061e+00 2.940260553554480349e+00
-1.052627705090944943e+00 -4.526459488813375565e+00 -1.432363272713382263e-01 8.534000582851808403e-01 -4.427167152180379261e+00 2.952517235525572215e+00
-1.049114165370377050e+00 -4.527825645257500753e+00 -1.240147299992940266e-01 8.596110808314368912e-01 -4.430331041885243515e+00 2.964757626296375737e+00
-1.045655938748031311e+00 -4.529031203672591488e+00 -1.051241930822414683e-01 8.655973273955942515e-01 -4.433360726242852934e+00 2.976980530273713121e+00
-1.042255635972984207e+00 -4.530079692150401627e+00 -8.668862612019828662e-02 8.713568221622783883e-01 -4.436261958888782608e+00 2.989184741973197834e+00
-1.038915696371977893e+00 -4.530975462313640456e+00 -6.885122285748336568e-02 8.768877134249013494e-01 -4.439040522105655917e+00 3.001369046510579341e+00
-1.035638336328126741e+00 -4.531723857699234692e+00 -5.177527899249993737e-02 8.821882678014727475e-01 -4.441702223124154969e+00 3.013532220099827352e+00
-1.032425489877653257e+00 -4.532331406572355448e+00 -3.564351318553174441e-02 8.872568629859500788e-01 -4.444252890811418055e+00 3.025673030559478782e+00
-1.029278743289889997e+00 -4.532806034000413042e+00 -2.065507016653663624e-02 8.920919786142251784e-01 -4.446698372860864445e+00 3.037790237829413265e+00
-1.026199268459901948e+00 -4.533157287747950015e+00 -7.019470146612895312e-03 8.966921846219196857e-01 -4.449044533642524613e+00 3.049882594501190258e+00
-1.023187763909646719e+00 -4.533396583138570968e+00 5.052744714301130036e-03 9.010561261327161287e-01 -4.451297252945907168e+00 3.061948846366621346e+00
-1.020244416207338523e+00 -4.533537507979232828e+00 1.536199046332737718e-02 9.051825033134325293e-01 -4.453462425973020444e+00 3.073987732991800392e+00
-1.017368897132098660e+00 -4.533596306645307550e+00 2.373285382811527594e-02 9.090700434729018786e-01 -4.455545965172709622e+00 3.085997988328402108e+00
-1.014560413732303878e+00 -4.533592756002906121e+00 3.002920629787954321e-02 9.127174602093924838e-01 -4.457553804989533575e+00 3.097978341383068379e+00
-1.011817846771636331e+00 -4.533551419367616298e+00 3.418355554586531564e-02 9.161233883161722380e-01 -4.459491911754041915e+00 3.109927516985990348e+00
-1.009140153307591659e+00 -4.533500531962109115e+00 3.629128600375305935e-02 9.192862644160957331e-01 -4.461366304412408113e+00 3.121844236756189606e+00
